0 0.6188523597140543
1 0.6188523597140543
2 0.6188523597140543
3 0.6332981511969994
4 0.6332981511969994
5 0.6332981511969994
6 0.6332981511969994
7 0.6381985982425525
8 0.6381985982425525
9 0.6381985982425525
10 0.6628882587158222
11 0.6628882587158222
12 0.6698502434101963
13 0.6698502434101963
14 0.6698502434101963
15 0.6698502434101963
16 0.6698502434101963
17 0.6698502434101963
18 0.6698502434101963
19 0.6698502434101963
20 0.6698502434101963
21 0.6698502434101963
22 0.6698502434101963
23 0.6698502434101963
24 0.6698502434101963
25 0.6698502434101963
26 0.6698502434101963
27 0.6698502434101963
28 0.6698502434101963
29 0.6698502434101963
30 0.6698502434101963
31 0.6698502434101963
32 0.6698502434101963
33 0.6698502434101963
34 0.6698502434101963
35 0.6698502434101963
36 0.6698502434101963
37 0.6698502434101963
38 0.6698502434101963
39 0.6698502434101963
40 0.6698502434101963
41 0.6698502434101963
42 0.6698502434101963
43 0.6698502434101963
44 0.6698502434101963
45 0.6698502434101963
46 0.6698502434101963
47 0.6698502434101963
48 0.6698502434101963
49 0.6698502434101963
50 0.6698502434101963
51 0.6698502434101963
52 0.6698502434101963
53 0.6698502434101963
54 0.6698502434101963
55 0.6698502434101963
56 0.6698502434101963
57 0.6698502434101963
58 0.6698502434101963
59 0.6698502434101963
60 0.6698502434101963
61 0.6698502434101963
62 0.6698502434101963
63 0.6698502434101963
64 0.6698502434101963
65 0.6698502434101963
66 0.6698502434101963
67 0.6698502434101963
68 0.6698502434101963
69 0.6698502434101963
70 0.6698502434101963
71 0.6698502434101963
72 0.6698502434101963
73 0.6698502434101963
74 0.6698502434101963
75 0.6698502434101963
76 0.6698502434101963
77 0.6698502434101963
78 0.6698502434101963
79 0.6698502434101963
80 0.6698502434101963
81 0.6698502434101963
82 0.6698502434101963
83 0.6698502434101963
84 0.6698502434101963
85 0.6698502434101963
86 0.6698502434101963
87 0.6698502434101963
88 0.6698502434101963
89 0.6698502434101963
90 0.6698502434101963
91 0.6698502434101963
92 0.6698502434101963
93 0.6698502434101963
94 0.6698502434101963
95 0.6698502434101963
96 0.6698502434101963
97 0.6698502434101963
98 0.6698502434101963
99 0.6698502434101963
100 0.6698502434101963
101 0.6698502434101963
102 0.6698502434101963
103 0.6698502434101963
104 0.6698502434101963
105 0.6698502434101963
106 0.6698502434101963
107 0.6698502434101963
108 0.6698502434101963
109 0.6698502434101963
110 0.6698502434101963
111 0.6698502434101963
112 0.6698502434101963
113 0.6698502434101963
114 0.6698502434101963
115 0.6698502434101963
116 0.6698502434101963
117 0.6698502434101963
118 0.6698502434101963
119 0.6698502434101963
120 0.770907778821537
121 0.770907778821537
122 0.770907778821537
123 0.770907778821537
124 0.770907778821537
125 0.770907778821537
126 0.770907778821537
127 0.770907778821537
128 0.770907778821537
129 0.770907778821537
130 0.770907778821537
131 0.770907778821537
132 0.770907778821537
133 0.770907778821537
134 0.770907778821537
135 0.770907778821537
136 0.770907778821537
137 0.770907778821537
138 0.770907778821537
139 0.770907778821537
140 0.770907778821537
141 0.770907778821537
142 0.770907778821537
143 0.770907778821537
144 0.770907778821537
145 0.770907778821537
146 0.770907778821537
147 0.770907778821537
148 0.770907778821537
149 0.770907778821537
150 0.770907778821537
151 0.770907778821537
152 0.770907778821537
153 0.770907778821537
154 0.770907778821537
155 0.770907778821537
156 0.770907778821537
157 0.770907778821537
158 0.770907778821537
159 0.770907778821537
160 0.770907778821537
161 0.770907778821537
162 0.770907778821537
163 0.770907778821537
164 0.770907778821537
165 0.770907778821537
166 0.770907778821537
167 0.770907778821537
168 0.770907778821537
169 0.770907778821537
170 0.770907778821537
171 0.770907778821537
172 0.770907778821537
173 0.770907778821537
174 0.770907778821537
175 0.770907778821537
176 0.770907778821537
177 0.770907778821537
178 0.770907778821537
179 0.770907778821537
180 0.770907778821537
181 0.770907778821537
182 0.770907778821537
183 0.770907778821537
184 0.770907778821537
185 0.770907778821537
186 0.770907778821537
187 0.770907778821537
188 0.770907778821537
189 0.770907778821537
190 0.770907778821537
191 0.770907778821537
192 0.770907778821537
193 0.770907778821537
194 0.770907778821537
195 0.770907778821537
196 0.770907778821537
197 0.770907778821537
198 0.770907778821537
199 0.770907778821537
200 0.770907778821537
201 0.770907778821537
202 0.770907778821537
203 0.770907778821537
204 0.770907778821537
205 0.770907778821537
206 0.770907778821537
207 0.770907778821537
208 0.770907778821537
209 0.770907778821537
210 0.770907778821537
211 0.770907778821537
212 0.770907778821537
213 0.770907778821537
214 0.770907778821537
215 0.770907778821537
216 0.770907778821537
217 0.770907778821537
218 0.770907778821537
219 0.770907778821537
220 0.770907778821537
221 0.770907778821537
222 0.770907778821537
223 0.770907778821537
224 0.770907778821537
225 0.770907778821537
226 0.770907778821537
227 0.770907778821537
228 0.770907778821537
229 0.770907778821537
230 0.770907778821537
231 0.770907778821537
232 0.770907778821537
233 0.770907778821537
234 0.770907778821537
235 0.770907778821537
236 0.770907778821537
237 0.770907778821537
238 0.770907778821537
239 0.770907778821537
240 0.770907778821537
241 0.770907778821537
242 0.770907778821537
243 0.770907778821537
244 0.770907778821537
245 0.770907778821537
246 0.770907778821537
247 0.770907778821537
248 0.770907778821537
249 0.770907778821537
250 0.770907778821537
251 0.770907778821537
252 0.770907778821537
253 0.770907778821537
254 0.770907778821537
255 0.770907778821537
256 0.770907778821537
257 0.770907778821537
258 0.770907778821537
259 0.770907778821537
260 0.770907778821537
261 0.770907778821537
262 0.770907778821537
263 0.770907778821537
264 0.770907778821537
265 0.770907778821537
266 0.770907778821537
267 0.770907778821537
268 0.770907778821537
269 0.770907778821537
270 0.770907778821537
271 0.770907778821537
272 0.770907778821537
273 0.770907778821537
274 0.770907778821537
275 0.770907778821537
276 0.770907778821537
277 0.770907778821537
278 0.770907778821537
279 0.770907778821537
280 0.770907778821537
281 0.770907778821537
282 0.770907778821537
283 0.770907778821537
284 0.770907778821537
285 0.770907778821537
286 0.770907778821537
287 0.770907778821537
288 0.770907778821537
289 0.770907778821537
290 0.770907778821537
291 0.770907778821537
292 0.770907778821537
293 0.770907778821537
294 0.770907778821537
295 0.770907778821537
296 0.770907778821537
297 0.770907778821537
298 0.770907778821537
299 0.770907778821537
300 0.770907778821537
301 0.770907778821537
302 0.770907778821537
303 0.770907778821537
304 0.770907778821537
305 0.770907778821537
306 0.770907778821537
307 0.770907778821537
308 0.770907778821537
309 0.770907778821537
310 0.770907778821537
311 0.770907778821537
312 0.770907778821537
313 0.770907778821537
314 0.770907778821537
315 0.770907778821537
316 0.770907778821537
317 0.770907778821537
318 0.770907778821537
319 0.770907778821537
320 0.770907778821537
321 0.770907778821537
322 0.770907778821537
323 0.770907778821537
324 0.770907778821537
325 0.770907778821537
326 0.770907778821537
327 0.770907778821537
328 0.770907778821537
329 0.770907778821537
330 0.770907778821537
331 0.770907778821537
332 0.770907778821537
333 0.770907778821537
334 0.770907778821537
335 0.770907778821537
336 0.770907778821537
337 0.770907778821537
338 0.770907778821537
339 0.770907778821537
340 0.770907778821537
341 0.770907778821537
342 0.770907778821537
343 0.770907778821537
344 0.770907778821537
345 0.770907778821537
346 0.770907778821537
347 0.770907778821537
348 0.770907778821537
349 0.770907778821537
350 0.770907778821537
351 0.770907778821537
352 0.770907778821537
353 0.770907778821537
354 0.770907778821537
355 0.770907778821537
356 0.770907778821537
357 0.770907778821537
358 0.770907778821537
359 0.770907778821537
360 0.770907778821537
361 0.770907778821537
362 0.770907778821537
363 0.770907778821537
364 0.770907778821537
365 0.770907778821537
366 0.770907778821537
367 0.770907778821537
368 0.770907778821537
369 0.770907778821537
370 0.770907778821537
371 0.770907778821537
372 0.770907778821537
373 0.770907778821537
374 0.770907778821537
375 0.770907778821537
376 0.770907778821537
377 0.770907778821537
378 0.770907778821537
379 0.770907778821537
380 0.770907778821537
381 0.770907778821537
382 0.770907778821537
383 0.770907778821537
384 0.770907778821537
385 0.770907778821537
386 0.770907778821537
387 0.770907778821537
388 0.770907778821537
389 0.770907778821537
390 0.770907778821537
391 0.770907778821537
392 0.770907778821537
393 0.770907778821537
394 0.770907778821537
395 0.770907778821537
396 0.770907778821537
397 0.770907778821537
398 0.770907778821537
399 0.770907778821537
400 0.770907778821537
401 0.770907778821537
402 0.770907778821537
403 0.770907778821537
404 0.770907778821537
405 0.770907778821537
406 0.770907778821537
407 0.770907778821537
408 0.770907778821537
409 0.770907778821537
410 0.770907778821537
411 0.770907778821537
412 0.770907778821537
413 0.770907778821537
414 0.770907778821537
415 0.770907778821537
416 0.770907778821537
417 0.770907778821537
418 0.770907778821537
419 0.770907778821537
420 0.770907778821537
421 0.770907778821537
422 0.770907778821537
423 0.770907778821537
424 0.770907778821537
425 0.770907778821537
426 0.770907778821537
427 0.770907778821537
428 0.770907778821537
429 0.770907778821537
430 0.770907778821537
431 0.770907778821537
432 0.770907778821537
433 0.770907778821537
434 0.770907778821537
435 0.770907778821537
436 0.770907778821537
437 0.770907778821537
438 0.770907778821537
439 0.770907778821537
440 0.770907778821537
441 0.770907778821537
442 0.770907778821537
443 0.770907778821537
444 0.770907778821537
445 0.770907778821537
446 0.770907778821537
447 0.770907778821537
448 0.770907778821537
449 0.770907778821537
450 0.770907778821537
451 0.770907778821537
452 0.770907778821537
453 0.770907778821537
454 0.770907778821537
455 0.770907778821537
456 0.770907778821537
457 0.770907778821537
458 0.770907778821537
459 0.770907778821537
460 0.770907778821537
461 0.770907778821537
462 0.770907778821537
463 0.770907778821537
464 0.770907778821537
465 0.770907778821537
466 0.770907778821537
467 0.770907778821537
468 0.770907778821537
469 0.770907778821537
470 0.770907778821537
471 0.770907778821537
472 0.770907778821537
473 0.770907778821537
474 0.770907778821537
475 0.770907778821537
476 0.770907778821537
477 0.770907778821537
478 0.770907778821537
479 0.770907778821537
480 0.770907778821537
481 0.770907778821537
482 0.770907778821537
483 0.770907778821537
484 0.770907778821537
485 0.770907778821537
486 0.770907778821537
487 0.770907778821537
488 0.770907778821537
489 0.770907778821537
490 0.770907778821537
491 0.770907778821537
492 0.770907778821537
493 0.770907778821537
494 0.770907778821537
495 0.770907778821537
496 0.770907778821537
497 0.770907778821537
498 0.770907778821537
499 0.770907778821537
500 0.770907778821537
501 0.770907778821537
502 0.770907778821537
503 0.770907778821537
504 0.770907778821537
505 0.770907778821537
506 0.770907778821537
507 0.770907778821537
508 0.770907778821537
509 0.770907778821537
510 0.770907778821537
511 0.770907778821537
512 0.770907778821537
513 0.770907778821537
514 0.770907778821537
515 0.770907778821537
516 0.770907778821537
517 0.770907778821537
518 0.770907778821537
519 0.770907778821537
520 0.770907778821537
521 0.770907778821537
522 0.770907778821537
523 0.770907778821537
524 0.770907778821537
525 0.770907778821537
526 0.770907778821537
527 0.770907778821537
528 0.770907778821537
529 0.770907778821537
530 0.770907778821537
531 0.770907778821537
532 0.770907778821537
533 0.770907778821537
534 0.770907778821537
535 0.770907778821537
536 0.770907778821537
537 0.770907778821537
538 0.770907778821537
539 0.770907778821537
540 0.770907778821537
541 0.770907778821537
542 0.770907778821537
543 0.770907778821537
544 0.770907778821537
545 0.770907778821537
546 0.770907778821537
547 0.770907778821537
548 0.770907778821537
549 0.770907778821537
550 0.770907778821537
551 0.770907778821537
552 0.770907778821537
553 0.770907778821537
554 0.770907778821537
555 0.770907778821537
556 0.770907778821537
557 0.770907778821537
558 0.770907778821537
559 0.770907778821537
560 0.770907778821537
561 0.770907778821537
562 0.770907778821537
563 0.770907778821537
564 0.770907778821537
565 0.770907778821537
566 0.770907778821537
567 0.770907778821537
568 0.770907778821537
569 0.770907778821537
570 0.770907778821537
571 0.770907778821537
572 0.770907778821537
573 0.770907778821537
574 0.770907778821537
575 0.770907778821537
576 0.770907778821537
577 0.770907778821537
578 0.770907778821537
579 0.770907778821537
580 0.770907778821537
581 0.770907778821537
582 0.770907778821537
583 0.770907778821537
584 0.770907778821537
585 0.770907778821537
586 0.770907778821537
587 0.770907778821537
588 0.770907778821537
589 0.770907778821537
590 0.770907778821537
591 0.770907778821537
592 0.770907778821537
593 0.770907778821537
594 0.770907778821537
595 0.770907778821537
596 0.770907778821537
597 0.770907778821537
598 0.770907778821537
599 0.770907778821537
600 0.770907778821537
601 0.770907778821537
602 0.770907778821537
603 0.770907778821537
604 0.770907778821537
605 0.770907778821537
606 0.770907778821537
607 0.770907778821537
608 0.770907778821537
609 0.770907778821537
610 0.770907778821537
611 0.770907778821537
612 0.770907778821537
613 0.770907778821537
614 0.770907778821537
615 0.770907778821537
616 0.770907778821537
617 0.770907778821537
618 0.770907778821537
619 0.770907778821537
620 0.770907778821537
621 0.770907778821537
622 0.770907778821537
623 0.770907778821537
624 0.770907778821537
625 0.770907778821537
626 0.770907778821537
627 0.770907778821537
628 0.770907778821537
629 0.770907778821537
630 0.770907778821537
631 0.770907778821537
632 0.770907778821537
633 0.770907778821537
634 0.770907778821537
635 0.770907778821537
636 0.770907778821537
637 0.770907778821537
638 0.770907778821537
639 0.770907778821537
640 0.770907778821537
641 0.770907778821537
642 0.770907778821537
643 0.770907778821537
644 0.770907778821537
645 0.770907778821537
646 0.770907778821537
647 0.770907778821537
648 0.770907778821537
649 0.770907778821537
650 0.770907778821537
651 0.770907778821537
652 0.770907778821537
653 0.770907778821537
654 0.770907778821537
655 0.770907778821537
656 0.770907778821537
657 0.770907778821537
658 0.770907778821537
659 0.770907778821537
660 0.770907778821537
661 0.770907778821537
662 0.770907778821537
663 0.770907778821537
664 0.770907778821537
665 0.770907778821537
666 0.770907778821537
667 0.770907778821537
668 0.770907778821537
669 0.770907778821537
670 0.770907778821537
671 0.770907778821537
672 0.770907778821537
673 0.770907778821537
674 0.770907778821537
675 0.770907778821537
676 0.770907778821537
677 0.770907778821537
678 0.770907778821537
679 0.770907778821537
680 0.770907778821537
681 0.770907778821537
682 0.770907778821537
683 0.770907778821537
684 0.770907778821537
685 0.770907778821537
686 0.770907778821537
687 0.770907778821537
688 0.770907778821537
689 0.770907778821537
690 0.770907778821537
691 0.770907778821537
692 0.770907778821537
693 0.770907778821537
694 0.770907778821537
695 0.770907778821537
696 0.770907778821537
697 0.770907778821537
698 0.770907778821537
699 0.770907778821537
700 0.770907778821537
701 0.770907778821537
702 0.770907778821537
703 0.770907778821537
704 0.770907778821537
705 0.770907778821537
706 0.770907778821537
707 0.770907778821537
708 0.770907778821537
709 0.770907778821537
710 0.770907778821537
711 0.770907778821537
712 0.770907778821537
713 0.770907778821537
714 0.770907778821537
715 0.770907778821537
716 0.770907778821537
717 0.770907778821537
718 0.770907778821537
719 0.770907778821537
720 0.770907778821537
721 0.770907778821537
722 0.770907778821537
723 0.770907778821537
724 0.770907778821537
725 0.770907778821537
726 0.770907778821537
727 0.770907778821537
728 0.770907778821537
729 0.770907778821537
730 0.770907778821537
731 0.770907778821537
732 0.770907778821537
733 0.770907778821537
734 0.770907778821537
735 0.770907778821537
736 0.770907778821537
737 0.770907778821537
738 0.770907778821537
739 0.770907778821537
740 0.770907778821537
741 0.770907778821537
742 0.770907778821537
743 0.770907778821537
744 0.770907778821537
745 0.770907778821537
746 0.770907778821537
747 0.770907778821537
748 0.770907778821537
749 0.770907778821537
750 0.770907778821537
751 0.770907778821537
752 0.770907778821537
753 0.770907778821537
754 0.770907778821537
755 0.770907778821537
756 0.770907778821537
757 0.770907778821537
758 0.770907778821537
759 0.770907778821537
760 0.770907778821537
761 0.770907778821537
762 0.770907778821537
763 0.770907778821537
764 0.770907778821537
765 0.770907778821537
766 0.770907778821537
767 0.770907778821537
768 0.770907778821537
769 0.770907778821537
770 0.770907778821537
771 0.770907778821537
772 0.770907778821537
773 0.770907778821537
774 0.770907778821537
775 0.770907778821537
776 0.770907778821537
777 0.770907778821537
778 0.770907778821537
779 0.770907778821537
780 0.770907778821537
781 0.770907778821537
782 0.770907778821537
783 0.770907778821537
784 0.770907778821537
785 0.770907778821537
786 0.770907778821537
787 0.770907778821537
788 0.770907778821537
789 0.770907778821537
790 0.770907778821537
791 0.770907778821537
792 0.770907778821537
793 0.770907778821537
794 0.770907778821537
795 0.770907778821537
796 0.770907778821537
797 0.770907778821537
798 0.770907778821537
799 0.770907778821537
800 0.770907778821537
801 0.770907778821537
802 0.770907778821537
803 0.770907778821537
804 0.770907778821537
805 0.770907778821537
806 0.770907778821537
807 0.770907778821537
808 0.770907778821537
809 0.770907778821537
810 0.770907778821537
811 0.770907778821537
812 0.770907778821537
813 0.770907778821537
814 0.770907778821537
815 0.770907778821537
816 0.770907778821537
817 0.770907778821537
818 0.770907778821537
819 0.770907778821537
820 0.770907778821537
821 0.770907778821537
822 0.770907778821537
823 0.770907778821537
824 0.770907778821537
825 0.770907778821537
826 0.770907778821537
827 0.770907778821537
828 0.770907778821537
829 0.770907778821537
830 0.770907778821537
831 0.770907778821537
832 0.770907778821537
833 0.770907778821537
834 0.770907778821537
835 0.770907778821537
836 0.770907778821537
837 0.770907778821537
838 0.770907778821537
839 0.770907778821537
840 0.770907778821537
841 0.770907778821537
842 0.770907778821537
843 0.770907778821537
844 0.770907778821537
845 0.770907778821537
846 0.770907778821537
847 0.770907778821537
848 0.770907778821537
849 0.770907778821537
850 0.770907778821537
851 0.770907778821537
852 0.770907778821537
853 0.770907778821537
854 0.770907778821537
855 0.770907778821537
856 0.770907778821537
857 0.770907778821537
858 0.770907778821537
859 0.770907778821537
860 0.770907778821537
861 0.770907778821537
862 0.770907778821537
863 0.770907778821537
864 0.770907778821537
865 0.770907778821537
866 0.770907778821537
867 0.770907778821537
868 0.770907778821537
869 0.770907778821537
870 0.770907778821537
871 0.770907778821537
872 0.770907778821537
873 0.770907778821537
874 0.770907778821537
875 0.770907778821537
876 0.770907778821537
877 0.770907778821537
878 0.770907778821537
879 0.770907778821537
880 0.770907778821537
881 0.770907778821537
882 0.770907778821537
883 0.770907778821537
884 0.770907778821537
885 0.770907778821537
886 0.770907778821537
887 0.770907778821537
888 0.770907778821537
889 0.770907778821537
890 0.770907778821537
891 0.770907778821537
892 0.770907778821537
893 0.770907778821537
894 0.770907778821537
895 0.770907778821537
896 0.770907778821537
897 0.770907778821537
898 0.770907778821537
899 0.770907778821537
900 0.770907778821537
901 0.770907778821537
902 0.770907778821537
903 0.770907778821537
904 0.770907778821537
905 0.770907778821537
906 0.770907778821537
907 0.770907778821537
908 0.770907778821537
909 0.770907778821537
910 0.770907778821537
911 0.770907778821537
912 0.770907778821537
913 0.770907778821537
914 0.770907778821537
915 0.770907778821537
916 0.770907778821537
917 0.770907778821537
918 0.770907778821537
919 0.770907778821537
920 0.770907778821537
921 0.770907778821537
922 0.770907778821537
923 0.770907778821537
924 0.770907778821537
925 0.770907778821537
926 0.770907778821537
927 0.770907778821537
928 0.770907778821537
929 0.770907778821537
930 0.770907778821537
931 0.770907778821537
932 0.770907778821537
933 0.770907778821537
934 0.770907778821537
935 0.770907778821537
936 0.770907778821537
937 0.770907778821537
938 0.770907778821537
939 0.770907778821537
940 0.770907778821537
941 0.770907778821537
942 0.770907778821537
943 0.770907778821537
944 0.770907778821537
945 0.770907778821537
946 0.770907778821537
947 0.770907778821537
948 0.770907778821537
949 0.770907778821537
950 0.770907778821537
951 0.770907778821537
952 0.770907778821537
953 0.770907778821537
954 0.770907778821537
955 0.770907778821537
956 0.770907778821537
957 0.770907778821537
958 0.770907778821537
959 0.770907778821537
960 0.770907778821537
961 0.770907778821537
962 0.770907778821537
963 0.770907778821537
964 0.770907778821537
965 0.770907778821537
966 0.770907778821537
967 0.770907778821537
968 0.770907778821537
969 0.770907778821537
970 0.770907778821537
971 0.770907778821537
972 0.770907778821537
973 0.770907778821537
974 0.770907778821537
975 0.770907778821537
976 0.770907778821537
977 0.770907778821537
978 0.770907778821537
979 0.770907778821537
980 0.770907778821537
981 0.770907778821537
982 0.770907778821537
983 0.770907778821537
984 0.770907778821537
985 0.770907778821537
986 0.770907778821537
987 0.770907778821537
988 0.770907778821537
989 0.770907778821537
990 0.770907778821537
991 0.770907778821537
992 0.770907778821537
993 0.770907778821537
994 0.770907778821537
995 0.770907778821537
996 0.770907778821537
997 0.770907778821537
998 0.770907778821537
999 0.770907778821537
