0 0.4691358024691358
1 0.4691358024691358
2 0.4691358024691358
3 0.4691358024691358
4 0.5015432098765432
5 0.5516975308641976
6 0.5516975308641976
7 0.5516975308641976
8 0.5516975308641976
9 0.5516975308641976
10 0.5516975308641976
11 0.5516975308641976
12 0.5516975308641976
13 0.5825617283950617
14 0.5825617283950617
15 0.5825617283950617
16 0.5864197530864197
17 0.5871913580246914
18 0.5871913580246914
19 0.5871913580246914
20 0.6003086419753086
21 0.6003086419753086
22 0.6628086419753086
23 0.6628086419753086
24 0.6628086419753086
25 0.6628086419753086
26 0.6628086419753086
27 0.6875
28 0.7029320987654322
29 0.7029320987654322
30 0.7029320987654322
31 0.7029320987654322
32 0.7029320987654322
33 0.7029320987654322
34 0.7029320987654322
35 0.7029320987654322
36 0.7083333333333333
37 0.7083333333333333
38 0.7083333333333333
39 0.7083333333333333
40 0.7083333333333333
41 0.7083333333333333
42 0.7083333333333333
43 0.7337962962962963
44 0.7337962962962963
45 0.7430555555555556
46 0.7430555555555556
47 0.7430555555555556
48 0.7430555555555556
49 0.7430555555555556
50 0.7430555555555556
51 0.7430555555555556
52 0.7430555555555556
53 0.7445987654320987
54 0.7445987654320987
55 0.7445987654320987
56 0.7445987654320987
57 0.7445987654320987
58 0.7445987654320987
59 0.7445987654320987
60 0.7445987654320987
61 0.7484567901234568
62 0.7484567901234568
63 0.7484567901234568
64 0.7484567901234568
65 0.7484567901234568
66 0.7484567901234568
67 0.7484567901234568
68 0.7669753086419753
69 0.783179012345679
70 0.783179012345679
71 0.783179012345679
72 0.783179012345679
73 0.7908950617283951
74 0.7908950617283951
75 0.7908950617283951
76 0.7908950617283951
77 0.7908950617283951
78 0.7908950617283951
79 0.7908950617283951
80 0.7908950617283951
81 0.7908950617283951
82 0.7908950617283951
83 0.7908950617283951
84 0.7908950617283951
85 0.7908950617283951
86 0.7908950617283951
87 0.7908950617283951
88 0.7908950617283951
89 0.7908950617283951
90 0.7908950617283951
91 0.7908950617283951
92 0.7908950617283951
93 0.7908950617283951
94 0.7908950617283951
95 0.7908950617283951
96 0.7908950617283951
97 0.7908950617283951
98 0.7908950617283951
99 0.7908950617283951
100 0.7908950617283951
101 0.7908950617283951
102 0.7908950617283951
103 0.7908950617283951
104 0.7908950617283951
105 0.7908950617283951
106 0.7908950617283951
107 0.7908950617283951
108 0.7908950617283951
109 0.7908950617283951
110 0.7908950617283951
111 0.7908950617283951
112 0.7908950617283951
113 0.7908950617283951
114 0.7908950617283951
115 0.7908950617283951
116 0.7908950617283951
117 0.7908950617283951
118 0.7908950617283951
119 0.7908950617283951
120 0.7908950617283951
121 0.8047839506172839
122 0.8047839506172839
123 0.8047839506172839
124 0.8047839506172839
125 0.8047839506172839
126 0.8047839506172839
127 0.8047839506172839
128 0.8047839506172839
129 0.8047839506172839
130 0.8047839506172839
131 0.8047839506172839
132 0.8047839506172839
133 0.8047839506172839
134 0.8047839506172839
135 0.8047839506172839
136 0.8047839506172839
137 0.8063271604938271
138 0.8063271604938271
139 0.8217592592592593
140 0.8217592592592593
141 0.8217592592592593
142 0.8217592592592593
143 0.8217592592592593
144 0.8217592592592593
145 0.8217592592592593
146 0.8217592592592593
147 0.8217592592592593
148 0.8217592592592593
149 0.8217592592592593
150 0.8217592592592593
151 0.8217592592592593
152 0.8217592592592593
153 0.8217592592592593
154 0.8217592592592593
155 0.8217592592592593
156 0.8217592592592593
157 0.8217592592592593
158 0.8217592592592593
159 0.8217592592592593
160 0.8217592592592593
161 0.8217592592592593
162 0.8217592592592593
163 0.8217592592592593
164 0.8217592592592593
165 0.8217592592592593
166 0.8217592592592593
167 0.8217592592592593
168 0.8217592592592593
169 0.8217592592592593
170 0.8217592592592593
171 0.8217592592592593
172 0.8217592592592593
173 0.8217592592592593
174 0.8395061728395061
175 0.8395061728395061
176 0.8395061728395061
177 0.8395061728395061
178 0.8395061728395061
179 0.8395061728395061
180 0.8395061728395061
181 0.8395061728395061
182 0.8395061728395061
183 0.8395061728395061
184 0.8395061728395061
185 0.8395061728395061
186 0.8395061728395061
187 0.8395061728395061
188 0.8395061728395061
189 0.8433641975308642
190 0.8433641975308642
191 0.8433641975308642
192 0.8433641975308642
193 0.8433641975308642
194 0.8433641975308642
195 0.8433641975308642
196 0.8433641975308642
197 0.8433641975308642
198 0.8433641975308642
199 0.8433641975308642
200 0.8433641975308642
201 0.8433641975308642
202 0.8433641975308642
203 0.8433641975308642
204 0.8433641975308642
205 0.8433641975308642
206 0.8433641975308642
207 0.8433641975308642
208 0.8433641975308642
209 0.8433641975308642
210 0.8433641975308642
211 0.8479938271604939
212 0.8479938271604939
213 0.8479938271604939
214 0.8479938271604939
215 0.8479938271604939
216 0.8549382716049383
217 0.8549382716049383
218 0.8549382716049383
219 0.8549382716049383
220 0.8549382716049383
221 0.8549382716049383
222 0.8549382716049383
223 0.8549382716049383
224 0.8549382716049383
225 0.8549382716049383
226 0.8549382716049383
227 0.8549382716049383
228 0.8549382716049383
229 0.8549382716049383
230 0.8549382716049383
231 0.8549382716049383
232 0.8549382716049383
233 0.8549382716049383
234 0.8549382716049383
235 0.8549382716049383
236 0.8549382716049383
237 0.8549382716049383
238 0.8549382716049383
239 0.8549382716049383
240 0.8549382716049383
241 0.8549382716049383
242 0.8549382716049383
243 0.8549382716049383
244 0.8549382716049383
245 0.8549382716049383
246 0.8549382716049383
247 0.8549382716049383
248 0.8549382716049383
249 0.8549382716049383
250 0.8549382716049383
251 0.8549382716049383
252 0.8549382716049383
253 0.8549382716049383
254 0.8549382716049383
255 0.8549382716049383
256 0.8549382716049383
257 0.8549382716049383
258 0.8549382716049383
259 0.8549382716049383
260 0.8549382716049383
261 0.8549382716049383
262 0.8549382716049383
263 0.8549382716049383
264 0.8549382716049383
265 0.8549382716049383
266 0.8549382716049383
267 0.8549382716049383
268 0.8549382716049383
269 0.8549382716049383
270 0.8549382716049383
271 0.8549382716049383
272 0.8549382716049383
273 0.8549382716049383
274 0.8572530864197531
275 0.8572530864197531
276 0.8572530864197531
277 0.8572530864197531
278 0.8572530864197531
279 0.8572530864197531
280 0.8572530864197531
281 0.8572530864197531
282 0.8572530864197531
283 0.8572530864197531
284 0.8572530864197531
285 0.8572530864197531
286 0.8572530864197531
287 0.8572530864197531
288 0.8572530864197531
289 0.8572530864197531
290 0.8572530864197531
291 0.8572530864197531
292 0.8572530864197531
293 0.8572530864197531
294 0.8572530864197531
295 0.8572530864197531
296 0.8572530864197531
297 0.8572530864197531
298 0.8572530864197531
299 0.8572530864197531
300 0.8572530864197531
301 0.8572530864197531
302 0.8572530864197531
303 0.8572530864197531
304 0.8572530864197531
305 0.8572530864197531
306 0.8572530864197531
307 0.8572530864197531
308 0.8572530864197531
309 0.8572530864197531
310 0.8572530864197531
311 0.8572530864197531
312 0.8572530864197531
313 0.8572530864197531
314 0.8572530864197531
315 0.8572530864197531
316 0.8572530864197531
317 0.8572530864197531
318 0.8572530864197531
319 0.8572530864197531
320 0.8572530864197531
321 0.8572530864197531
322 0.8572530864197531
323 0.8572530864197531
324 0.8572530864197531
325 0.8572530864197531
326 0.8572530864197531
327 0.8572530864197531
328 0.8572530864197531
329 0.8572530864197531
330 0.8572530864197531
331 0.8572530864197531
332 0.8572530864197531
333 0.8572530864197531
334 0.8572530864197531
335 0.8572530864197531
336 0.8572530864197531
337 0.8572530864197531
338 0.8572530864197531
339 0.8572530864197531
340 0.8572530864197531
341 0.8572530864197531
342 0.8572530864197531
343 0.8572530864197531
344 0.8572530864197531
345 0.8572530864197531
346 0.8572530864197531
347 0.8572530864197531
348 0.8572530864197531
349 0.8572530864197531
350 0.8572530864197531
351 0.8572530864197531
352 0.8572530864197531
353 0.8572530864197531
354 0.8572530864197531
355 0.8572530864197531
356 0.8572530864197531
357 0.8572530864197531
358 0.8572530864197531
359 0.8572530864197531
360 0.8572530864197531
361 0.8572530864197531
362 0.8572530864197531
363 0.8572530864197531
364 0.8572530864197531
365 0.8572530864197531
366 0.8572530864197531
367 0.8572530864197531
368 0.8572530864197531
369 0.8572530864197531
370 0.8572530864197531
371 0.8572530864197531
372 0.8572530864197531
373 0.8572530864197531
374 0.8572530864197531
375 0.8572530864197531
376 0.8572530864197531
377 0.8572530864197531
378 0.8572530864197531
379 0.8572530864197531
380 0.8572530864197531
381 0.8618827160493827
382 0.8618827160493827
383 0.8618827160493827
384 0.8618827160493827
385 0.8618827160493827
386 0.8618827160493827
387 0.8618827160493827
388 0.8618827160493827
389 0.8618827160493827
390 0.8618827160493827
391 0.8618827160493827
392 0.8618827160493827
393 0.8618827160493827
394 0.8618827160493827
395 0.8618827160493827
396 0.8618827160493827
397 0.8618827160493827
398 0.8618827160493827
399 0.8618827160493827
400 0.8618827160493827
401 0.8618827160493827
402 0.8618827160493827
403 0.8618827160493827
404 0.8618827160493827
405 0.8626543209876543
406 0.8626543209876543
407 0.8626543209876543
408 0.8626543209876543
409 0.8626543209876543
410 0.8626543209876543
411 0.8626543209876543
412 0.8626543209876543
413 0.8626543209876543
414 0.8626543209876543
415 0.8626543209876543
416 0.8626543209876543
417 0.8626543209876543
418 0.8626543209876543
419 0.8626543209876543
420 0.8626543209876543
421 0.8626543209876543
422 0.8626543209876543
423 0.8626543209876543
424 0.8626543209876543
425 0.8626543209876543
426 0.8626543209876543
427 0.8626543209876543
428 0.8626543209876543
429 0.8626543209876543
430 0.8626543209876543
431 0.8626543209876543
432 0.8626543209876543
433 0.8626543209876543
434 0.8626543209876543
435 0.8626543209876543
436 0.8626543209876543
437 0.8626543209876543
438 0.8626543209876543
439 0.8626543209876543
440 0.8626543209876543
441 0.8626543209876543
442 0.8626543209876543
443 0.8626543209876543
444 0.8626543209876543
445 0.8626543209876543
446 0.8626543209876543
447 0.8626543209876543
448 0.8626543209876543
449 0.8626543209876543
450 0.8626543209876543
451 0.8626543209876543
452 0.8626543209876543
453 0.8626543209876543
454 0.8626543209876543
455 0.8626543209876543
456 0.8626543209876543
457 0.8626543209876543
458 0.8626543209876543
459 0.8626543209876543
460 0.8626543209876543
461 0.8626543209876543
462 0.8626543209876543
463 0.8626543209876543
464 0.8626543209876543
465 0.8626543209876543
466 0.8626543209876543
467 0.8626543209876543
468 0.8626543209876543
469 0.8672839506172839
470 0.8672839506172839
471 0.8672839506172839
472 0.8672839506172839
473 0.8672839506172839
474 0.8672839506172839
475 0.8672839506172839
476 0.8672839506172839
477 0.8672839506172839
478 0.8672839506172839
479 0.8672839506172839
480 0.8672839506172839
481 0.8672839506172839
482 0.8688271604938271
483 0.8688271604938271
484 0.8688271604938271
485 0.8688271604938271
486 0.8688271604938271
487 0.8688271604938271
488 0.8688271604938271
489 0.8688271604938271
490 0.8688271604938271
491 0.8688271604938271
492 0.8688271604938271
493 0.8688271604938271
494 0.8757716049382716
495 0.8757716049382716
496 0.8757716049382716
497 0.8757716049382716
498 0.8757716049382716
499 0.8757716049382716
500 0.8757716049382716
501 0.8757716049382716
502 0.8757716049382716
503 0.8757716049382716
504 0.8757716049382716
505 0.8757716049382716
506 0.8757716049382716
507 0.8757716049382716
508 0.8757716049382716
509 0.8757716049382716
510 0.8757716049382716
511 0.8757716049382716
512 0.8757716049382716
513 0.8757716049382716
514 0.8757716049382716
515 0.8757716049382716
516 0.8757716049382716
517 0.8757716049382716
518 0.8757716049382716
519 0.8757716049382716
520 0.8757716049382716
521 0.8757716049382716
522 0.8757716049382716
523 0.8757716049382716
524 0.8757716049382716
525 0.8757716049382716
526 0.8757716049382716
527 0.8757716049382716
528 0.8757716049382716
529 0.8757716049382716
530 0.8757716049382716
531 0.8757716049382716
532 0.8757716049382716
533 0.8757716049382716
534 0.8757716049382716
535 0.8757716049382716
536 0.8757716049382716
537 0.8757716049382716
538 0.8757716049382716
539 0.8757716049382716
540 0.8757716049382716
541 0.8757716049382716
542 0.8757716049382716
543 0.8757716049382716
544 0.8757716049382716
545 0.8757716049382716
546 0.8757716049382716
547 0.8757716049382716
548 0.8757716049382716
549 0.8757716049382716
550 0.8757716049382716
551 0.8757716049382716
552 0.8757716049382716
553 0.8757716049382716
554 0.8757716049382716
555 0.8757716049382716
556 0.8757716049382716
557 0.8757716049382716
558 0.8757716049382716
559 0.8757716049382716
560 0.8757716049382716
561 0.8757716049382716
562 0.8757716049382716
563 0.8757716049382716
564 0.8757716049382716
565 0.8757716049382716
566 0.8757716049382716
567 0.8757716049382716
568 0.8757716049382716
569 0.8757716049382716
570 0.8757716049382716
571 0.8757716049382716
572 0.8757716049382716
573 0.8757716049382716
574 0.8757716049382716
575 0.8757716049382716
576 0.8757716049382716
577 0.8757716049382716
578 0.8757716049382716
579 0.8757716049382716
580 0.8757716049382716
581 0.8757716049382716
582 0.8757716049382716
583 0.8757716049382716
584 0.8757716049382716
585 0.8757716049382716
586 0.8757716049382716
587 0.8757716049382716
588 0.8757716049382716
589 0.8757716049382716
590 0.8757716049382716
591 0.8757716049382716
592 0.8757716049382716
593 0.8757716049382716
594 0.8757716049382716
595 0.8757716049382716
596 0.8757716049382716
597 0.8757716049382716
598 0.8757716049382716
599 0.8757716049382716
600 0.8757716049382716
601 0.8757716049382716
602 0.8757716049382716
603 0.8757716049382716
604 0.8757716049382716
605 0.8757716049382716
606 0.8757716049382716
607 0.8757716049382716
608 0.8757716049382716
609 0.8757716049382716
610 0.8757716049382716
611 0.8757716049382716
612 0.8757716049382716
613 0.8757716049382716
614 0.8757716049382716
615 0.8757716049382716
616 0.8757716049382716
617 0.8757716049382716
618 0.8757716049382716
619 0.8757716049382716
620 0.8757716049382716
621 0.8757716049382716
622 0.8757716049382716
623 0.8757716049382716
624 0.8757716049382716
625 0.8757716049382716
626 0.8757716049382716
627 0.8757716049382716
628 0.8757716049382716
629 0.8757716049382716
630 0.8757716049382716
631 0.8757716049382716
632 0.8757716049382716
633 0.8757716049382716
634 0.8757716049382716
635 0.8757716049382716
636 0.8757716049382716
637 0.8757716049382716
638 0.8757716049382716
639 0.8757716049382716
640 0.8757716049382716
641 0.8757716049382716
642 0.8757716049382716
643 0.8804012345679012
644 0.8804012345679012
645 0.8804012345679012
646 0.8804012345679012
647 0.8804012345679012
648 0.8804012345679012
649 0.8804012345679012
650 0.8804012345679012
651 0.8804012345679012
652 0.8804012345679012
653 0.8804012345679012
654 0.8804012345679012
655 0.8804012345679012
656 0.8804012345679012
657 0.8804012345679012
658 0.8804012345679012
659 0.8804012345679012
660 0.8804012345679012
661 0.8904320987654321
662 0.8904320987654321
663 0.8904320987654321
664 0.8904320987654321
665 0.8904320987654321
666 0.8904320987654321
667 0.8904320987654321
668 0.8904320987654321
669 0.8904320987654321
670 0.8904320987654321
671 0.8904320987654321
672 0.8904320987654321
673 0.8904320987654321
674 0.8904320987654321
675 0.8904320987654321
676 0.8904320987654321
677 0.8904320987654321
678 0.8904320987654321
679 0.8904320987654321
680 0.8904320987654321
681 0.8904320987654321
682 0.8904320987654321
683 0.8904320987654321
684 0.8904320987654321
685 0.8904320987654321
686 0.8904320987654321
687 0.8904320987654321
688 0.8904320987654321
689 0.8904320987654321
690 0.8904320987654321
691 0.8904320987654321
692 0.8904320987654321
693 0.8904320987654321
694 0.8904320987654321
695 0.8904320987654321
696 0.8904320987654321
697 0.8904320987654321
698 0.8904320987654321
699 0.8904320987654321
700 0.8904320987654321
701 0.8904320987654321
702 0.8904320987654321
703 0.8904320987654321
704 0.8904320987654321
705 0.8904320987654321
706 0.8904320987654321
707 0.8904320987654321
708 0.8904320987654321
709 0.8904320987654321
710 0.8904320987654321
711 0.8904320987654321
712 0.8904320987654321
713 0.8904320987654321
714 0.8904320987654321
715 0.8904320987654321
716 0.8904320987654321
717 0.8904320987654321
718 0.8904320987654321
719 0.8904320987654321
720 0.8904320987654321
721 0.8904320987654321
722 0.8904320987654321
723 0.8904320987654321
724 0.8904320987654321
725 0.8904320987654321
726 0.8904320987654321
727 0.8904320987654321
728 0.8904320987654321
729 0.8904320987654321
730 0.8904320987654321
731 0.8904320987654321
732 0.8904320987654321
733 0.8904320987654321
734 0.8904320987654321
735 0.8904320987654321
736 0.8904320987654321
737 0.8904320987654321
738 0.8904320987654321
739 0.8904320987654321
740 0.8904320987654321
741 0.8904320987654321
742 0.8904320987654321
743 0.8904320987654321
744 0.8904320987654321
745 0.8904320987654321
746 0.8904320987654321
747 0.8904320987654321
748 0.8904320987654321
749 0.8904320987654321
750 0.8904320987654321
751 0.8904320987654321
752 0.8904320987654321
753 0.8904320987654321
754 0.8904320987654321
755 0.8904320987654321
756 0.8904320987654321
757 0.8904320987654321
758 0.8904320987654321
759 0.8904320987654321
760 0.8904320987654321
761 0.8904320987654321
762 0.8904320987654321
763 0.8904320987654321
764 0.8904320987654321
765 0.8904320987654321
766 0.8904320987654321
767 0.8904320987654321
768 0.8904320987654321
769 0.8904320987654321
770 0.8904320987654321
771 0.8904320987654321
772 0.8904320987654321
773 0.8904320987654321
774 0.8904320987654321
775 0.8904320987654321
776 0.8904320987654321
777 0.8904320987654321
778 0.8904320987654321
779 0.8904320987654321
780 0.8904320987654321
781 0.8904320987654321
782 0.8904320987654321
783 0.8904320987654321
784 0.8904320987654321
785 0.8904320987654321
786 0.8904320987654321
787 0.8904320987654321
788 0.8904320987654321
789 0.8904320987654321
790 0.8904320987654321
791 0.8904320987654321
792 0.8904320987654321
793 0.8904320987654321
794 0.8904320987654321
795 0.8904320987654321
796 0.8904320987654321
797 0.8904320987654321
798 0.8904320987654321
799 0.8904320987654321
800 0.8904320987654321
801 0.8904320987654321
802 0.8904320987654321
803 0.8904320987654321
804 0.8904320987654321
805 0.8904320987654321
806 0.8904320987654321
807 0.8904320987654321
808 0.8904320987654321
809 0.8904320987654321
810 0.8904320987654321
811 0.8904320987654321
812 0.8904320987654321
813 0.8904320987654321
814 0.8904320987654321
815 0.8904320987654321
816 0.8904320987654321
817 0.8904320987654321
818 0.8904320987654321
819 0.8904320987654321
820 0.8904320987654321
821 0.8904320987654321
822 0.8904320987654321
823 0.8904320987654321
824 0.8904320987654321
825 0.8904320987654321
826 0.8904320987654321
827 0.8904320987654321
828 0.8904320987654321
829 0.8904320987654321
830 0.8904320987654321
831 0.8904320987654321
832 0.8904320987654321
833 0.8904320987654321
834 0.8904320987654321
835 0.8904320987654321
836 0.8904320987654321
837 0.8904320987654321
838 0.8904320987654321
839 0.8904320987654321
840 0.8904320987654321
841 0.8904320987654321
842 0.8904320987654321
843 0.8904320987654321
844 0.8904320987654321
845 0.8904320987654321
846 0.8904320987654321
847 0.8904320987654321
848 0.8904320987654321
849 0.8904320987654321
850 0.8904320987654321
851 0.8904320987654321
852 0.8904320987654321
853 0.8904320987654321
854 0.8904320987654321
855 0.8904320987654321
856 0.8904320987654321
857 0.8904320987654321
858 0.8904320987654321
859 0.8904320987654321
860 0.8904320987654321
861 0.8904320987654321
862 0.8904320987654321
863 0.8904320987654321
864 0.8904320987654321
865 0.8904320987654321
866 0.8904320987654321
867 0.8904320987654321
868 0.8904320987654321
869 0.8904320987654321
870 0.8904320987654321
871 0.8904320987654321
872 0.8904320987654321
873 0.8904320987654321
874 0.8904320987654321
875 0.8904320987654321
876 0.8904320987654321
877 0.8904320987654321
878 0.8904320987654321
879 0.8904320987654321
880 0.8904320987654321
881 0.8904320987654321
882 0.8904320987654321
883 0.8904320987654321
884 0.8904320987654321
885 0.8904320987654321
886 0.8904320987654321
887 0.8904320987654321
888 0.8904320987654321
889 0.8904320987654321
890 0.8904320987654321
891 0.8904320987654321
892 0.8904320987654321
893 0.8904320987654321
894 0.8904320987654321
895 0.8904320987654321
896 0.8904320987654321
897 0.8904320987654321
898 0.8904320987654321
899 0.8904320987654321
900 0.8904320987654321
901 0.8904320987654321
902 0.8904320987654321
903 0.8904320987654321
904 0.8904320987654321
905 0.8904320987654321
906 0.8904320987654321
907 0.8904320987654321
908 0.8904320987654321
909 0.8904320987654321
910 0.8904320987654321
911 0.8904320987654321
912 0.8904320987654321
913 0.8904320987654321
914 0.8904320987654321
915 0.8904320987654321
916 0.8904320987654321
917 0.8904320987654321
918 0.8904320987654321
919 0.8904320987654321
920 0.8904320987654321
921 0.8904320987654321
922 0.8904320987654321
923 0.8904320987654321
924 0.8904320987654321
925 0.8904320987654321
926 0.8904320987654321
927 0.8904320987654321
928 0.8904320987654321
929 0.8904320987654321
930 0.8904320987654321
931 0.8904320987654321
932 0.8904320987654321
933 0.8904320987654321
934 0.8904320987654321
935 0.8904320987654321
936 0.8904320987654321
937 0.8904320987654321
938 0.8904320987654321
939 0.8904320987654321
940 0.8904320987654321
941 0.8904320987654321
942 0.8904320987654321
943 0.8904320987654321
944 0.8904320987654321
945 0.8904320987654321
946 0.8904320987654321
947 0.8904320987654321
948 0.8904320987654321
949 0.8904320987654321
950 0.8904320987654321
951 0.8904320987654321
952 0.8904320987654321
953 0.8904320987654321
954 0.8904320987654321
955 0.8904320987654321
956 0.8904320987654321
957 0.8904320987654321
958 0.8904320987654321
959 0.8904320987654321
960 0.8904320987654321
961 0.8904320987654321
962 0.8904320987654321
963 0.8904320987654321
964 0.8904320987654321
965 0.8904320987654321
966 0.8904320987654321
967 0.8904320987654321
968 0.8904320987654321
969 0.8904320987654321
970 0.8904320987654321
971 0.8904320987654321
972 0.8904320987654321
973 0.8904320987654321
974 0.8904320987654321
975 0.8904320987654321
976 0.8904320987654321
977 0.8904320987654321
978 0.8904320987654321
979 0.8904320987654321
980 0.8904320987654321
981 0.8904320987654321
982 0.8904320987654321
983 0.8904320987654321
984 0.8904320987654321
985 0.8904320987654321
986 0.8904320987654321
987 0.8904320987654321
988 0.8904320987654321
989 0.8904320987654321
990 0.8904320987654321
991 0.8904320987654321
992 0.8904320987654321
993 0.8904320987654321
994 0.8904320987654321
995 0.8904320987654321
996 0.8904320987654321
997 0.8904320987654321
998 0.8904320987654321
999 0.8904320987654321
