0 0.43828506796828565
1 0.43828506796828565
2 0.43828506796828565
3 0.43828506796828565
4 0.43828506796828565
5 0.5187434141923621
6 0.5187434141923621
7 0.5187434141923621
8 0.6867105162176103
9 0.6867105162176103
10 0.6867105162176103
11 0.6867105162176103
12 0.6867105162176103
13 0.6867105162176103
14 0.6867105162176103
15 0.6867105162176103
16 0.6867105162176103
17 0.6867105162176103
18 0.6867105162176103
19 0.6867105162176103
20 0.6867105162176103
21 0.6867105162176103
22 0.6867105162176103
23 0.6867105162176103
24 0.6867105162176103
25 0.6867105162176103
26 0.6867105162176103
27 0.6867105162176103
28 0.6867105162176103
29 0.6867105162176103
30 0.6867105162176103
31 0.6867105162176103
32 0.6867105162176103
33 0.6867105162176103
34 0.6867105162176103
35 0.6867105162176103
36 0.6867105162176103
37 0.6867105162176103
38 0.6867105162176103
39 0.6867105162176103
40 0.6867105162176103
41 0.6867105162176103
42 0.6867105162176103
43 0.6867105162176103
44 0.6867105162176103
45 0.6867105162176103
46 0.6867105162176103
47 0.6867105162176103
48 0.6867105162176103
49 0.6867105162176103
50 0.6867105162176103
51 0.6867105162176103
52 0.6867105162176103
53 0.6867105162176103
54 0.6867105162176103
55 0.6867105162176103
56 0.6867105162176103
57 0.6867105162176103
58 0.6867105162176103
59 0.6867105162176103
60 0.6867105162176103
61 0.6867105162176103
62 0.6867105162176103
63 0.6867105162176103
64 0.6867105162176103
65 0.6867105162176103
66 0.6867105162176103
67 0.6867105162176103
68 0.6867105162176103
69 0.6867105162176103
70 0.6867105162176103
71 0.6867105162176103
72 0.6867105162176103
73 0.6867105162176103
74 0.6867105162176103
75 0.6867105162176103
76 0.6867105162176103
77 0.6867105162176103
78 0.6867105162176103
79 0.6867105162176103
80 0.6867105162176103
81 0.6867105162176103
82 0.6867105162176103
83 0.6867105162176103
84 0.6867105162176103
85 0.6867105162176103
86 0.6867105162176103
87 0.6867105162176103
88 0.6867105162176103
89 0.6867105162176103
90 0.6867105162176103
91 0.6867105162176103
92 0.6867105162176103
93 0.6867105162176103
94 0.6867105162176103
95 0.6867105162176103
96 0.6867105162176103
97 0.6867105162176103
98 0.6867105162176103
99 0.6867105162176103
100 0.6867105162176103
101 0.6867105162176103
102 0.6867105162176103
103 0.6867105162176103
104 0.6867105162176103
105 0.6867105162176103
106 0.6867105162176103
107 0.6867105162176103
108 0.6867105162176103
109 0.6867105162176103
110 0.6867105162176103
111 0.6867105162176103
112 0.6867105162176103
113 0.6867105162176103
114 0.6867105162176103
115 0.6867105162176103
116 0.6867105162176103
117 0.6867105162176103
118 0.6867105162176103
119 0.6867105162176103
120 0.6867105162176103
121 0.6867105162176103
122 0.6867105162176103
123 0.6867105162176103
124 0.6867105162176103
125 0.6867105162176103
126 0.6867105162176103
127 0.6867105162176103
128 0.6867105162176103
129 0.6867105162176103
130 0.6867105162176103
131 0.6867105162176103
132 0.6867105162176103
133 0.6867105162176103
134 0.6867105162176103
135 0.6867105162176103
136 0.6867105162176103
137 0.6867105162176103
138 0.6867105162176103
139 0.6867105162176103
140 0.6867105162176103
141 0.6867105162176103
142 0.6867105162176103
143 0.6867105162176103
144 0.6867105162176103
145 0.7049048988238228
146 0.7049048988238228
147 0.7049048988238228
148 0.7049048988238228
149 0.7049048988238228
150 0.7049048988238228
151 0.7049048988238228
152 0.7049048988238228
153 0.7049048988238228
154 0.7049048988238228
155 0.7049048988238228
156 0.7049048988238228
157 0.7049048988238228
158 0.7049048988238228
159 0.7049048988238228
160 0.7049048988238228
161 0.7049048988238228
162 0.7049048988238228
163 0.7049048988238228
164 0.7049048988238228
165 0.7049048988238228
166 0.7049048988238228
167 0.7049048988238228
168 0.7049048988238228
169 0.7049048988238228
170 0.7049048988238228
171 0.7049048988238228
172 0.7049048988238228
173 0.7049048988238228
174 0.7049048988238228
175 0.7049048988238228
176 0.7049048988238228
177 0.7049048988238228
178 0.7049048988238228
179 0.7049048988238228
180 0.7049048988238228
181 0.7049048988238228
182 0.7049048988238228
183 0.7049048988238228
184 0.7049048988238228
185 0.7049048988238228
186 0.7049048988238228
187 0.7049048988238228
188 0.7049048988238228
189 0.7049048988238228
190 0.7049048988238228
191 0.7049048988238228
192 0.7049048988238228
193 0.7049048988238228
194 0.7049048988238228
195 0.7049048988238228
196 0.7049048988238228
197 0.7049048988238228
198 0.7049048988238228
199 0.7049048988238228
200 0.7049048988238228
201 0.7049048988238228
202 0.7049048988238228
203 0.7049048988238228
204 0.7049048988238228
205 0.7049048988238228
206 0.7049048988238228
207 0.7049048988238228
208 0.7049048988238228
209 0.7049048988238228
210 0.7049048988238228
211 0.7049048988238228
212 0.7049048988238228
213 0.7049048988238228
214 0.7049048988238228
215 0.7049048988238228
216 0.7049048988238228
217 0.7049048988238228
218 0.7049048988238228
219 0.7049048988238228
220 0.7049048988238228
221 0.7049048988238228
222 0.7049048988238228
223 0.7049048988238228
224 0.7049048988238228
225 0.7049048988238228
226 0.7049048988238228
227 0.7049048988238228
228 0.7049048988238228
229 0.7049048988238228
230 0.7049048988238228
231 0.7049048988238228
232 0.7049048988238228
233 0.7049048988238228
234 0.7049048988238228
235 0.7049048988238228
236 0.7049048988238228
237 0.7049048988238228
238 0.7049048988238228
239 0.7049048988238228
240 0.7049048988238228
241 0.7049048988238228
242 0.7049048988238228
243 0.7049048988238228
244 0.7049048988238228
245 0.7049048988238228
246 0.7049048988238228
247 0.7049048988238228
248 0.7049048988238228
249 0.7049048988238228
250 0.7049048988238228
251 0.7049048988238228
252 0.7049048988238228
253 0.7049048988238228
254 0.7049048988238228
255 0.7049048988238228
256 0.7049048988238228
257 0.7049048988238228
258 0.7049048988238228
259 0.7049048988238228
260 0.7049048988238228
261 0.7049048988238228
262 0.7049048988238228
263 0.7049048988238228
264 0.7049048988238228
265 0.7049048988238228
266 0.7049048988238228
267 0.7049048988238228
268 0.7049048988238228
269 0.7049048988238228
270 0.7049048988238228
271 0.7049048988238228
272 0.7049048988238228
273 0.7049048988238228
274 0.7049048988238228
275 0.7049048988238228
276 0.7049048988238228
277 0.7049048988238228
278 0.7049048988238228
279 0.7049048988238228
280 0.7049048988238228
281 0.7049048988238228
282 0.7049048988238228
283 0.7049048988238228
284 0.7049048988238228
285 0.7049048988238228
286 0.7049048988238228
287 0.7049048988238228
288 0.7049048988238228
289 0.7049048988238228
290 0.7049048988238228
291 0.7049048988238228
292 0.7049048988238228
293 0.7049048988238228
294 0.7049048988238228
295 0.7049048988238228
296 0.7049048988238228
297 0.7049048988238228
298 0.7049048988238228
299 0.7049048988238228
300 0.7049048988238228
301 0.7049048988238228
302 0.7049048988238228
303 0.7049048988238228
304 0.7049048988238228
305 0.7049048988238228
306 0.7049048988238228
307 0.7049048988238228
308 0.7049048988238228
309 0.7049048988238228
310 0.7049048988238228
311 0.7049048988238228
312 0.7049048988238228
313 0.7049048988238228
314 0.7049048988238228
315 0.7049048988238228
316 0.7049048988238228
317 0.7049048988238228
318 0.7049048988238228
319 0.7049048988238228
320 0.7049048988238228
321 0.7049048988238228
322 0.7049048988238228
323 0.7049048988238228
324 0.7049048988238228
325 0.7049048988238228
326 0.7049048988238228
327 0.7049048988238228
328 0.7049048988238228
329 0.7049048988238228
330 0.7049048988238228
331 0.7049048988238228
332 0.7049048988238228
333 0.7049048988238228
334 0.7049048988238228
335 0.7049048988238228
336 0.7049048988238228
337 0.7049048988238228
338 0.7049048988238228
339 0.7049048988238228
340 0.7049048988238228
341 0.7049048988238228
342 0.7049048988238228
343 0.7049048988238228
344 0.7049048988238228
345 0.7049048988238228
346 0.7049048988238228
347 0.7049048988238228
348 0.7049048988238228
349 0.7049048988238228
350 0.7049048988238228
351 0.7049048988238228
352 0.7049048988238228
353 0.7049048988238228
354 0.7049048988238228
355 0.7049048988238228
356 0.7049048988238228
357 0.7049048988238228
358 0.7049048988238228
359 0.7049048988238228
360 0.7049048988238228
361 0.7049048988238228
362 0.7049048988238228
363 0.7049048988238228
364 0.7049048988238228
365 0.7049048988238228
366 0.7049048988238228
367 0.7049048988238228
368 0.7049048988238228
369 0.7049048988238228
370 0.7049048988238228
371 0.7049048988238228
372 0.7049048988238228
373 0.7049048988238228
374 0.7049048988238228
375 0.7049048988238228
376 0.7049048988238228
377 0.7049048988238228
378 0.7049048988238228
379 0.7049048988238228
380 0.7049048988238228
381 0.7049048988238228
382 0.7049048988238228
383 0.7049048988238228
384 0.7049048988238228
385 0.7049048988238228
386 0.7049048988238228
387 0.7049048988238228
388 0.7049048988238228
389 0.7049048988238228
390 0.7049048988238228
391 0.7049048988238228
392 0.7049048988238228
393 0.7049048988238228
394 0.7049048988238228
395 0.7049048988238228
396 0.7049048988238228
397 0.7049048988238228
398 0.7049048988238228
399 0.7049048988238228
400 0.7049048988238228
401 0.7049048988238228
402 0.7049048988238228
403 0.7049048988238228
404 0.7049048988238228
405 0.7049048988238228
406 0.7049048988238228
407 0.7049048988238228
408 0.7049048988238228
409 0.7049048988238228
410 0.7049048988238228
411 0.7049048988238228
412 0.7049048988238228
413 0.7049048988238228
414 0.7049048988238228
415 0.7049048988238228
416 0.7049048988238228
417 0.7049048988238228
418 0.7049048988238228
419 0.7049048988238228
420 0.7049048988238228
421 0.7049048988238228
422 0.7049048988238228
423 0.7049048988238228
424 0.7049048988238228
425 0.7049048988238228
426 0.7049048988238228
427 0.7049048988238228
428 0.7049048988238228
429 0.7049048988238228
430 0.7049048988238228
431 0.7049048988238228
432 0.7049048988238228
433 0.7049048988238228
434 0.7049048988238228
435 0.7049048988238228
436 0.7049048988238228
437 0.7049048988238228
438 0.7049048988238228
439 0.7049048988238228
440 0.7049048988238228
441 0.7049048988238228
442 0.7049048988238228
443 0.7049048988238228
444 0.7049048988238228
445 0.7049048988238228
446 0.7049048988238228
447 0.7049048988238228
448 0.7049048988238228
449 0.7049048988238228
450 0.7049048988238228
451 0.7049048988238228
452 0.7049048988238228
453 0.7049048988238228
454 0.7049048988238228
455 0.7049048988238228
456 0.7049048988238228
457 0.7049048988238228
458 0.7049048988238228
459 0.7049048988238228
460 0.7049048988238228
461 0.7049048988238228
462 0.7049048988238228
463 0.7049048988238228
464 0.7049048988238228
465 0.7049048988238228
466 0.7049048988238228
467 0.7049048988238228
468 0.7049048988238228
469 0.7049048988238228
470 0.7049048988238228
471 0.7049048988238228
472 0.7049048988238228
473 0.7049048988238228
474 0.7049048988238228
475 0.7049048988238228
476 0.7049048988238228
477 0.7049048988238228
478 0.7049048988238228
479 0.7049048988238228
480 0.7049048988238228
481 0.7049048988238228
482 0.7049048988238228
483 0.7049048988238228
484 0.7049048988238228
485 0.7049048988238228
486 0.7049048988238228
487 0.7049048988238228
488 0.7049048988238228
489 0.7049048988238228
490 0.7049048988238228
491 0.7049048988238228
492 0.7049048988238228
493 0.7049048988238228
494 0.7049048988238228
495 0.7049048988238228
496 0.7049048988238228
497 0.7049048988238228
498 0.7049048988238228
499 0.7049048988238228
500 0.7049048988238228
501 0.7049048988238228
502 0.7049048988238228
503 0.7049048988238228
504 0.7049048988238228
505 0.7049048988238228
506 0.7049048988238228
507 0.7049048988238228
508 0.7049048988238228
509 0.7049048988238228
510 0.7049048988238228
511 0.7049048988238228
512 0.7049048988238228
513 0.7049048988238228
514 0.7049048988238228
515 0.7049048988238228
516 0.7049048988238228
517 0.7049048988238228
518 0.7049048988238228
519 0.7049048988238228
520 0.7049048988238228
521 0.7049048988238228
522 0.7049048988238228
523 0.7049048988238228
524 0.7049048988238228
525 0.7049048988238228
526 0.7049048988238228
527 0.7049048988238228
528 0.7049048988238228
529 0.7049048988238228
530 0.7049048988238228
531 0.7049048988238228
532 0.7049048988238228
533 0.7049048988238228
534 0.7049048988238228
535 0.7049048988238228
536 0.7049048988238228
537 0.7049048988238228
538 0.7049048988238228
539 0.7049048988238228
540 0.7049048988238228
541 0.7049048988238228
542 0.7049048988238228
543 0.7049048988238228
544 0.7049048988238228
545 0.7049048988238228
546 0.7049048988238228
547 0.7049048988238228
548 0.7049048988238228
549 0.7049048988238228
550 0.7049048988238228
551 0.7049048988238228
552 0.7049048988238228
553 0.7049048988238228
554 0.7049048988238228
555 0.7049048988238228
556 0.7049048988238228
557 0.7049048988238228
558 0.7049048988238228
559 0.7049048988238228
560 0.7049048988238228
561 0.7049048988238228
562 0.7049048988238228
563 0.7049048988238228
564 0.7049048988238228
565 0.7049048988238228
566 0.7049048988238228
567 0.7049048988238228
568 0.7049048988238228
569 0.7049048988238228
570 0.7049048988238228
571 0.7049048988238228
572 0.7049048988238228
573 0.7049048988238228
574 0.7049048988238228
575 0.7049048988238228
576 0.7049048988238228
577 0.7049048988238228
578 0.7049048988238228
579 0.7049048988238228
580 0.7049048988238228
581 0.7049048988238228
582 0.7049048988238228
583 0.7049048988238228
584 0.7049048988238228
585 0.7049048988238228
586 0.7049048988238228
587 0.7049048988238228
588 0.7049048988238228
589 0.7049048988238228
590 0.7049048988238228
591 0.7049048988238228
592 0.7049048988238228
593 0.7049048988238228
594 0.7049048988238228
595 0.7049048988238228
596 0.7049048988238228
597 0.7049048988238228
598 0.7049048988238228
599 0.7049048988238228
600 0.7049048988238228
601 0.7049048988238228
602 0.7049048988238228
603 0.7049048988238228
604 0.7049048988238228
605 0.7049048988238228
606 0.7049048988238228
607 0.7049048988238228
608 0.7049048988238228
609 0.7049048988238228
610 0.7049048988238228
611 0.7049048988238228
612 0.7049048988238228
613 0.7049048988238228
614 0.7049048988238228
615 0.7049048988238228
616 0.7049048988238228
617 0.7049048988238228
618 0.7049048988238228
619 0.7049048988238228
620 0.7049048988238228
621 0.7049048988238228
622 0.7049048988238228
623 0.7049048988238228
624 0.7049048988238228
625 0.7049048988238228
626 0.7049048988238228
627 0.7049048988238228
628 0.7049048988238228
629 0.7049048988238228
630 0.7049048988238228
631 0.7049048988238228
632 0.7049048988238228
633 0.7049048988238228
634 0.7049048988238228
635 0.7049048988238228
636 0.7049048988238228
637 0.7049048988238228
638 0.7049048988238228
639 0.7049048988238228
640 0.7049048988238228
641 0.7049048988238228
642 0.7049048988238228
643 0.7049048988238228
644 0.7049048988238228
645 0.7049048988238228
646 0.7049048988238228
647 0.7049048988238228
648 0.7049048988238228
649 0.7049048988238228
650 0.7049048988238228
651 0.7049048988238228
652 0.7049048988238228
653 0.7049048988238228
654 0.7049048988238228
655 0.7049048988238228
656 0.7049048988238228
657 0.7049048988238228
658 0.7049048988238228
659 0.7049048988238228
660 0.7049048988238228
661 0.7049048988238228
662 0.7049048988238228
663 0.7049048988238228
664 0.7049048988238228
665 0.7049048988238228
666 0.7049048988238228
667 0.7049048988238228
668 0.7049048988238228
669 0.7049048988238228
670 0.7049048988238228
671 0.7049048988238228
672 0.7049048988238228
673 0.7049048988238228
674 0.7049048988238228
675 0.7049048988238228
676 0.7049048988238228
677 0.7049048988238228
678 0.7049048988238228
679 0.7049048988238228
680 0.7049048988238228
681 0.7049048988238228
682 0.7049048988238228
683 0.7049048988238228
684 0.7049048988238228
685 0.7049048988238228
686 0.7049048988238228
687 0.7049048988238228
688 0.7049048988238228
689 0.7049048988238228
690 0.7049048988238228
691 0.7049048988238228
692 0.7049048988238228
693 0.7049048988238228
694 0.7049048988238228
695 0.7049048988238228
696 0.7049048988238228
697 0.7049048988238228
698 0.7049048988238228
699 0.7049048988238228
700 0.7049048988238228
701 0.7049048988238228
702 0.7049048988238228
703 0.7049048988238228
704 0.7049048988238228
705 0.7049048988238228
706 0.7049048988238228
707 0.7049048988238228
708 0.7049048988238228
709 0.7049048988238228
710 0.7049048988238228
711 0.7049048988238228
712 0.7049048988238228
713 0.7049048988238228
714 0.7049048988238228
715 0.7049048988238228
716 0.7049048988238228
717 0.7049048988238228
718 0.7049048988238228
719 0.7049048988238228
720 0.7049048988238228
721 0.7049048988238228
722 0.7049048988238228
723 0.7049048988238228
724 0.7049048988238228
725 0.7049048988238228
726 0.7049048988238228
727 0.7049048988238228
728 0.7049048988238228
729 0.7049048988238228
730 0.7049048988238228
731 0.7049048988238228
732 0.7049048988238228
733 0.7049048988238228
734 0.7049048988238228
735 0.7049048988238228
736 0.7049048988238228
737 0.7049048988238228
738 0.7049048988238228
739 0.7049048988238228
740 0.7049048988238228
741 0.7049048988238228
742 0.7049048988238228
743 0.7049048988238228
744 0.7049048988238228
745 0.7049048988238228
746 0.7049048988238228
747 0.7049048988238228
748 0.7049048988238228
749 0.7049048988238228
750 0.7049048988238228
751 0.7049048988238228
752 0.7049048988238228
753 0.7049048988238228
754 0.7049048988238228
755 0.7049048988238228
756 0.7049048988238228
757 0.7049048988238228
758 0.7049048988238228
759 0.7049048988238228
760 0.7049048988238228
761 0.7049048988238228
762 0.7049048988238228
763 0.7049048988238228
764 0.7049048988238228
765 0.7049048988238228
766 0.7049048988238228
767 0.7049048988238228
768 0.7049048988238228
769 0.7049048988238228
770 0.7049048988238228
771 0.7049048988238228
772 0.7049048988238228
773 0.7049048988238228
774 0.7049048988238228
775 0.7049048988238228
776 0.7049048988238228
777 0.7049048988238228
778 0.7049048988238228
779 0.7049048988238228
780 0.7049048988238228
781 0.7049048988238228
782 0.7049048988238228
783 0.7049048988238228
784 0.7049048988238228
785 0.7049048988238228
786 0.7049048988238228
787 0.7049048988238228
788 0.7049048988238228
789 0.7049048988238228
790 0.7049048988238228
791 0.7049048988238228
792 0.7049048988238228
793 0.7049048988238228
794 0.7049048988238228
795 0.7049048988238228
796 0.7049048988238228
797 0.7049048988238228
798 0.7049048988238228
799 0.7049048988238228
800 0.7049048988238228
801 0.7049048988238228
802 0.7049048988238228
803 0.7049048988238228
804 0.7049048988238228
805 0.7049048988238228
806 0.7049048988238228
807 0.7049048988238228
808 0.7049048988238228
809 0.7049048988238228
810 0.7049048988238228
811 0.7049048988238228
812 0.7049048988238228
813 0.7049048988238228
814 0.7049048988238228
815 0.7049048988238228
816 0.7049048988238228
817 0.7049048988238228
818 0.7049048988238228
819 0.7049048988238228
820 0.7049048988238228
821 0.7049048988238228
822 0.7049048988238228
823 0.7049048988238228
824 0.7049048988238228
825 0.7049048988238228
826 0.7049048988238228
827 0.7049048988238228
828 0.7049048988238228
829 0.7049048988238228
830 0.7049048988238228
831 0.7049048988238228
832 0.7049048988238228
833 0.7049048988238228
834 0.7049048988238228
835 0.7049048988238228
836 0.7049048988238228
837 0.7049048988238228
838 0.7049048988238228
839 0.7049048988238228
840 0.7049048988238228
841 0.7049048988238228
842 0.7049048988238228
843 0.7049048988238228
844 0.7049048988238228
845 0.7049048988238228
846 0.7049048988238228
847 0.7049048988238228
848 0.7049048988238228
849 0.7049048988238228
850 0.7049048988238228
851 0.7049048988238228
852 0.7049048988238228
853 0.7049048988238228
854 0.7049048988238228
855 0.7049048988238228
856 0.7049048988238228
857 0.7049048988238228
858 0.7049048988238228
859 0.7049048988238228
860 0.7049048988238228
861 0.7049048988238228
862 0.7049048988238228
863 0.7049048988238228
864 0.7049048988238228
865 0.7049048988238228
866 0.7049048988238228
867 0.7049048988238228
868 0.7049048988238228
869 0.7049048988238228
870 0.7049048988238228
871 0.7049048988238228
872 0.7049048988238228
873 0.7049048988238228
874 0.7049048988238228
875 0.7049048988238228
876 0.7049048988238228
877 0.7049048988238228
878 0.7049048988238228
879 0.7049048988238228
880 0.7049048988238228
881 0.7049048988238228
882 0.7049048988238228
883 0.7049048988238228
884 0.7049048988238228
885 0.7049048988238228
886 0.7049048988238228
887 0.7049048988238228
888 0.7049048988238228
889 0.7049048988238228
890 0.7049048988238228
891 0.7049048988238228
892 0.7049048988238228
893 0.7049048988238228
894 0.7049048988238228
895 0.7049048988238228
896 0.7049048988238228
897 0.7049048988238228
898 0.7049048988238228
899 0.7049048988238228
900 0.7049048988238228
901 0.7049048988238228
902 0.7049048988238228
903 0.7049048988238228
904 0.7049048988238228
905 0.7049048988238228
906 0.7049048988238228
907 0.7049048988238228
908 0.7049048988238228
909 0.7049048988238228
910 0.7049048988238228
911 0.7049048988238228
912 0.7049048988238228
913 0.7049048988238228
914 0.7049048988238228
915 0.7049048988238228
916 0.7049048988238228
917 0.7049048988238228
918 0.7049048988238228
919 0.7049048988238228
920 0.7049048988238228
921 0.7049048988238228
922 0.7049048988238228
923 0.7049048988238228
924 0.7049048988238228
925 0.7049048988238228
926 0.7049048988238228
927 0.7049048988238228
928 0.7049048988238228
929 0.7049048988238228
930 0.7049048988238228
931 0.7049048988238228
932 0.7049048988238228
933 0.7049048988238228
934 0.7049048988238228
935 0.7049048988238228
936 0.7049048988238228
937 0.7049048988238228
938 0.7049048988238228
939 0.7049048988238228
940 0.7049048988238228
941 0.7049048988238228
942 0.7049048988238228
943 0.7049048988238228
944 0.7049048988238228
945 0.7049048988238228
946 0.7049048988238228
947 0.7049048988238228
948 0.7049048988238228
949 0.7049048988238228
950 0.7049048988238228
951 0.7049048988238228
952 0.7049048988238228
953 0.7049048988238228
954 0.7049048988238228
955 0.7049048988238228
956 0.7049048988238228
957 0.7049048988238228
958 0.7049048988238228
959 0.7049048988238228
960 0.7049048988238228
961 0.7049048988238228
962 0.7049048988238228
963 0.7049048988238228
964 0.7049048988238228
965 0.7049048988238228
966 0.7049048988238228
967 0.7049048988238228
968 0.7049048988238228
969 0.7049048988238228
970 0.7049048988238228
971 0.7049048988238228
972 0.7049048988238228
973 0.7049048988238228
974 0.7049048988238228
975 0.7049048988238228
976 0.7049048988238228
977 0.7049048988238228
978 0.7049048988238228
979 0.7049048988238228
980 0.7049048988238228
981 0.7049048988238228
982 0.7049048988238228
983 0.7049048988238228
984 0.7049048988238228
985 0.7049048988238228
986 0.7049048988238228
987 0.7049048988238228
988 0.7049048988238228
989 0.7049048988238228
990 0.7049048988238228
991 0.7049048988238228
992 0.7049048988238228
993 0.7049048988238228
994 0.7049048988238228
995 0.7049048988238228
996 0.7049048988238228
997 0.7049048988238228
998 0.7049048988238228
999 0.7049048988238228
