0 0.2786737281598197
1 0.29830609927195123
2 0.30748529056147605
3 0.3172370234070769
4 0.3193703071994322
5 0.3034180787586299
6 0.3035712279702885
7 0.2890745457794202
8 0.2804732824707275
9 0.2691081131588666
10 0.2687419564869474
11 0.2505043252963659
12 0.25244078291146443
13 0.25302263581979423
14 0.24456594896027947
15 0.24057493504240976
16 0.24136894601203016
17 0.24308483656090524
18 0.24383082288282795
19 0.2439943019847834
20 0.2445127525063628
21 0.2448741217513035
22 0.24551702290079852
23 0.24639490501783926
24 0.2468913112139659
25 0.2468913112139659
26 0.2468913112139659
27 0.2490562372870778
28 0.2490562372870778
29 0.2490623434340962
30 0.2492622972773199
31 0.2492622972773199
32 0.24528002040822305
33 0.246062145236882
34 0.246062145236882
35 0.246062145236882
36 0.24309323942121538
37 0.24309323942121538
38 0.24351395265752004
39 0.24272057288746904
40 0.2432157216573072
41 0.2432157216573072
42 0.2428404616210964
43 0.24285778799959723
44 0.2433418181869192
45 0.24414101944412583
46 0.24414101944412583
47 0.24480455002666654
48 0.24532939194540135
49 0.24425094868425742
50 0.2372758402247976
51 0.2382648118760763
52 0.2382648118760763
53 0.2382648118760763
54 0.2382648118760763
55 0.23898781853653997
56 0.23892831797331449
57 0.2392443381268151
58 0.2393622791350865
59 0.2400561457763579
60 0.24078967832831438
61 0.24284203248161215
62 0.24343947930348178
63 0.24724217404592025
64 0.24849021240444719
65 0.2484359112894695
66 0.24832351289656734
67 0.24901839625888522
68 0.24901839625888522
69 0.24954527329620804
70 0.25250183306239543
71 0.2526204099695888
72 0.25202464666385643
73 0.25097113489861805
74 0.2512395161749983
75 0.2457642538999695
76 0.23738550328556057
77 0.23643297289663956
78 0.2501277288724064
79 0.23781948797268906
80 0.23863954306828952
81 0.24176784458200423
82 0.2428594913885571
83 0.24457504267074315
84 0.24512362382264627
85 0.24666581024846046
86 0.24666581024846046
87 0.24666581024846046
88 0.2476551943655209
89 0.2476551943655209
90 0.2476551943655209
91 0.24849347508829753
92 0.24849347508829753
93 0.24960890089721974
94 0.24960890089721974
95 0.25017685259388944
96 0.25082196688324687
97 0.2517798728724768
98 0.2528300858290944
99 0.2528300858290944
100 0.2528300858290944
101 0.25508704600913523
102 0.25508704600913523
103 0.25508704600913523
104 0.25508704600913523
105 0.25732530381715674
106 0.2583626022985777
107 0.258744030738731
108 0.2598909224235424
109 0.2598909224235424
110 0.26084927738684244
111 0.26084927738684244
112 0.26084927738684244
113 0.26084927738684244
114 0.26318043966170723
115 0.26318043966170723
116 0.26318043966170723
117 0.26318043966170723
118 0.26318043966170723
119 0.26318043966170723
120 0.26318043966170723
121 0.26318043966170723
122 0.26320819440593135
123 0.26320819440593135
124 0.26320819440593135
125 0.26320819440593135
126 0.26320819440593135
127 0.26438254792260846
128 0.26438254792260846
129 0.26438254792260846
130 0.2644705868291275
131 0.2644705868291275
132 0.2644705868291275
133 0.2644705868291275
134 0.2644705868291275
135 0.26438254792260846
136 0.26438254792260846
137 0.26438254792260846
138 0.26438254792260846
139 0.26438254792260846
140 0.26438254792260846
141 0.26438254792260846
142 0.26438254792260846
143 0.26438254792260846
144 0.26438254792260846
145 0.26438254792260846
146 0.26438254792260846
147 0.26438254792260846
148 0.26438254792260846
149 0.26438254792260846
150 0.26438254792260846
151 0.26438254792260846
152 0.2644945371112139
153 0.2644945371112139
154 0.2644945371112139
155 0.2644945371112139
156 0.2644945371112139
157 0.2644945371112139
158 0.2644945371112139
159 0.2644945371112139
160 0.2644945371112139
161 0.2644945371112139
162 0.2644945371112139
163 0.2644945371112139
164 0.26466696743503654
165 0.26466696743503654
166 0.26466696743503654
167 0.26466696743503654
168 0.26466696743503654
169 0.26466696743503654
170 0.26466696743503654
171 0.26466696743503654
172 0.26466696743503654
173 0.26466696743503654
174 0.26466696743503654
175 0.26466696743503654
176 0.26466696743503654
177 0.26466696743503654
178 0.2643871650672558
179 0.2643871650672558
180 0.2643871650672558
181 0.2642213282304889
182 0.2642213282304889
183 0.26433498663944455
184 0.26433498663944455
185 0.26433498663944455
186 0.26433498663944455
187 0.26433498663944455
188 0.26433498663944455
189 0.26433498663944455
190 0.26433498663944455
191 0.26433498663944455
192 0.26433498663944455
193 0.26433498663944455
194 0.26433498663944455
195 0.26433498663944455
196 0.2645006906796439
197 0.2645006906796439
198 0.2645006906796439
199 0.2645006906796439
