0 -99.00033693955714
1 -25.18344097421387
2 -25.18344097421387
3 -25.18344097421387
4 -25.18344097421387
5 -25.18344097421387
6 -25.18344097421387
7 -25.18344097421387
8 -25.18344097421387
9 -25.18344097421387
10 -25.18344097421387
11 70.97105497456495
12 70.97105497456495
13 70.97105497456495
14 70.97105497456495
15 70.97105497456495
16 70.97105497456495
17 70.97105497456495
18 70.97105497456495
19 70.97105497456495
20 70.97105497456495
21 70.97105497456495
22 70.97105497456495
23 70.97105497456495
24 70.97105497456495
25 70.97105497456495
26 70.97105497456495
27 70.97105497456495
28 70.97105497456495
29 138.89035659135862
30 138.89035659135862
31 138.89035659135862
32 138.89035659135862
33 138.89035659135862
34 138.89035659135862
35 138.89035659135862
36 138.89035659135862
37 138.89035659135862
38 138.89035659135862
39 138.89035659135862
40 138.89035659135862
41 138.89035659135862
42 138.89035659135862
43 138.89035659135862
44 138.89035659135862
45 138.89035659135862
46 138.89035659135862
47 138.89035659135862
48 138.89035659135862
49 139.48941990968763
50 139.48941990968763
51 139.48941990968763
52 139.48941990968763
53 139.48941990968763
54 139.48941990968763
55 146.26167091774977
56 146.26167091774977
57 146.26167091774977
58 146.26167091774977
59 146.26167091774977
60 146.26167091774977
61 146.26167091774977
62 146.26167091774977
63 146.26167091774977
64 146.26167091774977
65 146.26167091774977
66 146.26167091774977
67 146.26167091774977
68 146.26167091774977
69 146.26167091774977
70 146.26167091774977
71 146.26167091774977
72 157.55974391146188
73 157.55974391146188
74 157.55974391146188
75 157.55974391146188
76 157.55974391146188
77 160.51001741903707
78 160.51001741903707
79 160.51001741903707
80 160.51001741903707
81 160.51001741903707
82 160.51001741903707
83 160.51001741903707
84 160.51001741903707
85 160.51001741903707
86 160.51001741903707
87 160.51001741903707
88 160.51001741903707
89 160.51001741903707
90 178.83692864388232
91 178.83692864388232
92 178.83692864388232
93 178.83692864388232
94 178.83692864388232
95 178.83692864388232
96 178.83692864388232
97 178.83692864388232
98 178.83692864388232
99 178.83692864388232
100 178.83692864388232
101 178.83692864388232
102 178.83692864388232
103 178.83692864388232
104 178.83692864388232
105 178.83692864388232
106 178.83692864388232
107 178.83692864388232
108 178.83692864388232
109 178.83692864388232
110 178.83692864388232
111 178.83692864388232
112 178.83692864388232
113 178.83692864388232
114 178.83692864388232
115 178.83692864388232
116 178.83692864388232
117 178.83692864388232
118 178.83692864388232
119 178.83692864388232
120 178.83692864388232
121 178.83692864388232
122 178.83692864388232
123 178.83692864388232
124 178.83692864388232
125 178.83692864388232
126 178.83692864388232
127 178.83692864388232
128 178.83692864388232
129 178.83692864388232
130 178.83692864388232
131 178.83692864388232
132 178.83692864388232
133 178.83692864388232
134 178.83692864388232
135 178.83692864388232
136 178.83692864388232
137 178.83692864388232
138 178.83692864388232
139 178.83692864388232
140 178.83692864388232
141 178.83692864388232
142 178.83692864388232
143 178.83692864388232
144 178.83692864388232
145 178.83692864388232
146 178.83692864388232
147 178.83692864388232
148 178.83692864388232
149 178.83692864388232
150 178.83692864388232
151 178.83692864388232
152 178.83692864388232
153 178.83692864388232
154 178.83692864388232
155 178.83692864388232
156 178.83692864388232
157 178.83692864388232
158 178.83692864388232
159 178.83692864388232
160 178.83692864388232
161 178.83692864388232
162 178.83692864388232
163 178.83692864388232
164 178.83692864388232
165 178.83692864388232
166 178.83692864388232
167 178.83692864388232
168 178.83692864388232
169 178.83692864388232
170 178.83692864388232
171 178.83692864388232
172 178.83692864388232
173 178.83692864388232
174 178.83692864388232
175 178.83692864388232
176 178.83692864388232
177 178.83692864388232
178 178.83692864388232
179 178.83692864388232
180 178.83692864388232
181 178.83692864388232
182 178.83692864388232
183 178.83692864388232
184 178.83692864388232
185 178.83692864388232
186 178.83692864388232
187 178.83692864388232
188 178.83692864388232
189 178.83692864388232
190 178.83692864388232
191 178.83692864388232
192 178.83692864388232
193 178.83692864388232
194 178.83692864388232
195 180.72286899999543
196 180.72286899999543
197 180.72286899999543
198 180.72286899999543
199 180.72286899999543
200 180.72286899999543
201 180.72286899999543
202 180.72286899999543
203 180.72286899999543
204 180.72286899999543
205 180.72286899999543
206 180.72286899999543
207 180.72286899999543
208 180.72286899999543
209 180.72286899999543
210 180.72286899999543
211 180.72286899999543
212 181.30951798998265
213 181.30951798998265
214 181.30951798998265
215 181.30951798998265
216 181.30951798998265
217 181.30951798998265
218 181.30951798998265
219 181.30951798998265
220 181.30951798998265
221 181.30951798998265
222 181.30951798998265
223 181.30951798998265
224 181.30951798998265
225 181.30951798998265
226 181.30951798998265
227 181.30951798998265
228 181.30951798998265
229 181.30951798998265
230 192.86035415554343
231 192.86035415554343
232 192.86035415554343
233 192.86035415554343
234 192.86035415554343
235 192.86035415554343
236 192.86035415554343
237 192.86035415554343
238 192.86035415554343
239 192.86035415554343
240 192.86035415554343
241 192.86035415554343
242 192.86035415554343
243 192.86035415554343
244 192.86035415554343
245 192.86035415554343
246 192.86035415554343
247 192.86035415554343
248 192.86035415554343
249 192.86035415554343
250 192.86035415554343
251 192.86035415554343
252 192.86035415554343
253 192.86035415554343
254 192.86035415554343
255 192.86035415554343
256 192.86035415554343
257 192.86035415554343
258 192.86035415554343
259 192.86035415554343
260 192.86035415554343
261 192.86035415554343
262 192.86035415554343
263 192.86035415554343
264 192.86035415554343
265 192.86035415554343
266 192.86035415554343
267 192.86035415554343
268 192.86035415554343
269 192.86035415554343
270 192.86035415554343
271 192.86035415554343
272 192.86035415554343
273 192.86035415554343
274 192.86035415554343
275 192.86035415554343
276 192.86035415554343
277 192.86035415554343
278 192.86035415554343
279 192.86035415554343
280 192.86035415554343
281 192.86035415554343
282 192.86035415554343
283 192.86035415554343
284 192.86035415554343
285 192.86035415554343
286 192.86035415554343
287 192.86035415554343
288 192.86035415554343
289 192.86035415554343
290 192.86035415554343
291 192.86035415554343
292 192.86035415554343
293 192.86035415554343
294 192.86035415554343
295 192.86035415554343
296 192.86035415554343
297 192.86035415554343
298 192.86035415554343
299 192.86035415554343
300 192.86035415554343
301 192.86035415554343
302 192.86035415554343
303 192.86035415554343
304 192.86035415554343
305 192.86035415554343
306 192.86035415554343
307 192.86035415554343
308 192.86035415554343
309 192.86035415554343
310 192.86035415554343
311 192.86035415554343
312 192.86035415554343
313 192.86035415554343
314 192.86035415554343
315 192.86035415554343
316 192.86035415554343
317 192.86035415554343
318 192.86035415554343
319 192.86035415554343
320 192.86035415554343
321 192.86035415554343
322 192.86035415554343
323 192.86035415554343
324 192.86035415554343
325 192.86035415554343
326 192.86035415554343
327 192.86035415554343
328 192.86035415554343
329 192.86035415554343
330 192.86035415554343
331 192.86035415554343
332 192.86035415554343
333 192.86035415554343
334 192.86035415554343
335 192.86035415554343
336 192.86035415554343
337 192.86035415554343
338 192.86035415554343
339 192.86035415554343
340 192.86035415554343
341 192.86035415554343
342 192.86035415554343
343 192.86035415554343
344 192.86035415554343
345 192.86035415554343
346 192.86035415554343
347 192.86035415554343
348 192.86035415554343
349 192.86035415554343
350 192.86035415554343
351 192.86035415554343
352 192.86035415554343
353 192.86035415554343
354 192.86035415554343
355 192.86035415554343
356 192.86035415554343
357 192.86035415554343
358 192.86035415554343
359 192.86035415554343
360 192.86035415554343
361 192.86035415554343
362 192.86035415554343
363 192.86035415554343
364 192.86035415554343
365 192.86035415554343
366 192.86035415554343
367 192.86035415554343
368 192.86035415554343
369 192.86035415554343
370 192.86035415554343
371 192.86035415554343
372 192.86035415554343
373 192.86035415554343
374 192.86035415554343
375 192.86035415554343
376 192.86035415554343
377 192.86035415554343
378 192.86035415554343
379 192.86035415554343
380 192.86035415554343
381 192.86035415554343
382 192.86035415554343
383 192.86035415554343
384 192.86035415554343
385 192.86035415554343
386 192.86035415554343
387 192.86035415554343
388 192.86035415554343
389 192.86035415554343
390 192.86035415554343
391 192.86035415554343
392 192.86035415554343
393 192.86035415554343
394 192.86035415554343
395 192.86035415554343
396 192.86035415554343
397 192.86035415554343
398 192.86035415554343
399 192.86035415554343
400 192.86035415554343
401 192.86035415554343
402 193.5980732236978
403 193.5980732236978
404 193.5980732236978
405 193.5980732236978
406 193.5980732236978
407 193.5980732236978
408 193.5980732236978
409 198.5716704509172
410 198.5716704509172
411 198.5716704509172
412 198.5716704509172
413 198.5716704509172
414 198.5716704509172
415 198.5716704509172
416 198.5716704509172
417 198.5716704509172
418 198.5716704509172
419 198.5716704509172
420 198.5716704509172
421 198.5716704509172
422 198.5716704509172
423 198.5716704509172
424 198.5716704509172
425 198.5716704509172
426 198.5716704509172
427 198.5716704509172
428 198.5716704509172
429 198.5716704509172
430 198.5716704509172
431 198.5716704509172
432 198.5716704509172
433 198.5716704509172
434 198.5716704509172
435 198.5716704509172
436 198.5716704509172
437 198.5716704509172
438 198.5716704509172
439 198.5716704509172
440 198.5716704509172
441 198.5716704509172
442 198.5716704509172
443 198.5716704509172
444 198.5716704509172
445 198.5716704509172
446 198.5716704509172
447 198.5716704509172
448 198.5716704509172
449 198.5716704509172
450 198.5716704509172
451 198.5716704509172
452 198.5716704509172
453 198.5716704509172
454 198.5716704509172
455 198.5716704509172
456 198.5716704509172
457 198.5716704509172
458 198.5716704509172
459 198.5716704509172
460 198.5716704509172
461 198.5716704509172
462 198.5716704509172
463 198.5716704509172
464 198.5716704509172
465 198.5716704509172
466 198.5716704509172
467 198.5716704509172
468 198.5716704509172
469 198.5716704509172
470 198.5716704509172
471 198.5716704509172
472 198.5716704509172
473 198.5716704509172
474 198.5716704509172
475 198.5716704509172
476 198.5716704509172
477 198.5716704509172
478 198.5716704509172
479 198.5716704509172
480 198.5716704509172
481 198.5716704509172
482 198.5716704509172
483 198.5716704509172
484 198.5716704509172
485 198.5716704509172
486 198.5716704509172
487 198.5716704509172
488 198.5716704509172
489 198.5716704509172
490 198.5716704509172
491 198.5716704509172
492 198.5716704509172
493 198.5716704509172
494 198.5716704509172
495 198.5716704509172
496 198.5716704509172
497 198.5716704509172
498 198.5716704509172
499 198.5716704509172
500 198.5716704509172
501 198.5716704509172
502 201.3616695926972
503 201.3616695926972
504 201.3616695926972
505 201.3616695926972
506 201.3616695926972
507 201.3616695926972
508 201.3616695926972
509 201.3616695926972
510 201.3616695926972
511 201.3616695926972
512 201.3616695926972
513 201.3616695926972
514 203.9379053975836
515 203.9379053975836
516 203.9379053975836
517 203.9379053975836
518 203.9379053975836
519 203.9379053975836
520 203.9379053975836
521 203.9379053975836
522 203.9379053975836
523 203.9379053975836
524 203.9379053975836
525 203.9379053975836
526 203.9379053975836
527 203.9379053975836
528 203.9379053975836
529 203.9379053975836
530 203.9379053975836
531 203.9379053975836
532 203.9379053975836
533 203.9379053975836
534 203.9379053975836
535 203.9379053975836
536 203.9379053975836
537 203.9379053975836
538 203.9379053975836
539 203.9379053975836
540 203.9379053975836
541 203.9379053975836
542 203.9379053975836
543 203.9379053975836
544 203.9379053975836
545 203.9379053975836
546 203.9379053975836
547 203.9379053975836
548 203.9379053975836
549 203.9379053975836
550 203.9379053975836
551 203.9379053975836
552 203.9379053975836
553 203.9379053975836
554 203.9379053975836
555 203.9379053975836
556 203.9379053975836
557 203.9379053975836
558 203.9379053975836
559 203.9379053975836
560 203.9379053975836
561 203.9379053975836
562 203.9379053975836
563 203.9379053975836
564 203.9379053975836
565 203.9379053975836
566 203.9379053975836
567 203.9379053975836
568 203.9379053975836
569 203.9379053975836
570 203.9379053975836
571 203.9379053975836
572 203.9379053975836
573 203.9379053975836
574 203.9379053975836
575 203.9379053975836
576 203.9379053975836
577 203.9379053975836
578 203.9379053975836
579 203.9379053975836
580 203.9379053975836
581 203.9379053975836
582 203.9379053975836
583 203.9379053975836
584 203.9379053975836
585 203.9379053975836
586 203.9379053975836
587 203.9379053975836
588 203.9379053975836
589 203.9379053975836
590 203.9379053975836
591 203.9379053975836
592 203.9379053975836
593 203.9379053975836
594 203.9379053975836
595 203.9379053975836
596 203.9379053975836
597 203.9379053975836
598 203.9379053975836
599 203.9379053975836
600 203.9379053975836
601 203.9379053975836
602 203.9379053975836
603 203.9379053975836
604 203.9379053975836
605 203.9379053975836
606 203.9379053975836
607 203.9379053975836
608 203.9379053975836
609 203.9379053975836
610 203.9379053975836
611 203.9379053975836
612 203.9379053975836
613 203.9379053975836
614 203.9379053975836
615 203.9379053975836
616 203.9379053975836
617 203.9379053975836
618 203.9379053975836
619 203.9379053975836
620 203.9379053975836
621 203.9379053975836
622 203.9379053975836
623 203.9379053975836
624 203.9379053975836
625 203.9379053975836
626 203.9379053975836
627 203.9379053975836
628 203.9379053975836
629 203.9379053975836
630 203.9379053975836
631 203.9379053975836
632 203.9379053975836
633 203.9379053975836
634 203.9379053975836
635 203.9379053975836
636 203.9379053975836
637 203.9379053975836
638 203.9379053975836
639 203.9379053975836
640 203.9379053975836
641 203.9379053975836
642 203.9379053975836
643 203.9379053975836
644 203.9379053975836
645 203.9379053975836
646 203.9379053975836
647 203.9379053975836
648 203.9379053975836
649 203.9379053975836
650 203.9379053975836
651 203.9379053975836
652 203.9379053975836
653 203.9379053975836
654 203.9379053975836
655 203.9379053975836
656 203.9379053975836
657 203.9379053975836
658 203.9379053975836
659 203.9379053975836
660 203.9379053975836
661 203.9379053975836
662 203.9379053975836
663 203.9379053975836
664 203.9379053975836
665 203.9379053975836
666 203.9379053975836
667 203.9379053975836
668 203.9379053975836
669 203.9379053975836
670 203.9379053975836
671 203.9379053975836
672 203.9379053975836
673 203.9379053975836
674 203.9379053975836
675 203.9379053975836
676 203.9379053975836
677 203.9379053975836
678 203.9379053975836
679 203.9379053975836
680 203.9379053975836
681 203.9379053975836
682 203.9379053975836
683 203.9379053975836
684 203.9379053975836
685 203.9379053975836
686 203.9379053975836
687 203.9379053975836
688 203.9379053975836
689 203.9379053975836
690 203.9379053975836
691 203.9379053975836
692 203.9379053975836
693 203.9379053975836
694 203.9379053975836
695 203.9379053975836
696 203.9379053975836
697 203.9379053975836
698 203.9379053975836
699 203.9379053975836
700 203.9379053975836
701 203.9379053975836
702 203.9379053975836
703 203.9379053975836
704 203.9379053975836
705 203.9379053975836
706 203.9379053975836
707 203.9379053975836
708 203.9379053975836
709 203.9379053975836
710 203.9379053975836
711 203.9379053975836
712 203.9379053975836
713 203.9379053975836
714 203.9379053975836
715 203.9379053975836
716 203.9379053975836
717 203.9379053975836
718 203.9379053975836
719 203.9379053975836
720 203.9379053975836
721 203.9379053975836
722 203.9379053975836
723 203.9379053975836
724 203.9379053975836
725 203.9379053975836
726 203.9379053975836
727 203.9379053975836
728 203.9379053975836
729 203.9379053975836
730 203.9379053975836
731 203.9379053975836
732 203.9379053975836
733 203.9379053975836
734 203.9379053975836
735 203.9379053975836
736 203.9379053975836
737 203.9379053975836
738 203.9379053975836
739 203.9379053975836
740 203.9379053975836
741 203.9379053975836
742 203.9379053975836
743 203.9379053975836
744 203.9379053975836
745 203.9379053975836
746 203.9379053975836
747 203.9379053975836
748 203.9379053975836
749 203.9379053975836
750 203.9379053975836
751 203.9379053975836
752 203.9379053975836
753 203.9379053975836
754 203.9379053975836
755 203.9379053975836
756 203.9379053975836
757 203.9379053975836
758 203.9379053975836
759 203.9379053975836
760 203.9379053975836
761 203.9379053975836
762 203.9379053975836
763 203.9379053975836
764 203.9379053975836
765 203.9379053975836
766 203.9379053975836
767 203.9379053975836
768 203.9379053975836
769 203.9379053975836
770 203.9379053975836
771 203.9379053975836
772 203.9379053975836
773 203.9379053975836
774 203.9379053975836
775 203.9379053975836
776 203.9379053975836
777 203.9379053975836
778 203.9379053975836
779 203.9379053975836
780 203.9379053975836
781 203.9379053975836
782 203.9379053975836
783 203.9379053975836
784 203.9379053975836
785 203.9379053975836
786 205.44224012930908
787 205.44224012930908
788 205.44224012930908
789 205.44224012930908
790 205.44224012930908
791 205.44224012930908
792 205.44224012930908
793 205.44224012930908
794 205.44224012930908
795 205.44224012930908
796 205.44224012930908
797 205.44224012930908
798 205.44224012930908
799 205.44224012930908
800 205.44224012930908
801 205.44224012930908
802 205.44224012930908
803 205.44224012930908
804 205.44224012930908
805 205.44224012930908
806 205.44224012930908
807 205.44224012930908
808 205.44224012930908
809 205.44224012930908
810 205.44224012930908
811 205.44224012930908
812 205.44224012930908
813 205.44224012930908
814 205.44224012930908
815 205.44224012930908
816 205.44224012930908
817 205.44224012930908
818 205.44224012930908
819 205.44224012930908
820 205.44224012930908
821 205.44224012930908
822 205.44224012930908
823 205.44224012930908
824 205.44224012930908
825 205.44224012930908
826 205.44224012930908
827 205.44224012930908
828 205.44224012930908
829 205.44224012930908
830 205.44224012930908
831 205.44224012930908
832 205.44224012930908
833 205.44224012930908
834 205.44224012930908
835 205.44224012930908
836 205.44224012930908
837 205.44224012930908
838 205.44224012930908
839 205.44224012930908
840 205.44224012930908
841 206.08457967322636
842 206.08457967322636
843 206.08457967322636
844 206.08457967322636
845 206.08457967322636
846 206.08457967322636
847 206.08457967322636
848 206.08457967322636
849 206.08457967322636
850 206.08457967322636
851 206.08457967322636
852 206.08457967322636
853 206.08457967322636
854 206.08457967322636
855 206.08457967322636
856 206.08457967322636
857 206.08457967322636
858 206.08457967322636
859 206.08457967322636
860 206.08457967322636
861 206.08457967322636
862 206.08457967322636
863 206.08457967322636
864 206.08457967322636
865 206.08457967322636
866 206.08457967322636
867 206.08457967322636
868 206.08457967322636
869 206.08457967322636
870 206.08457967322636
871 206.08457967322636
872 206.08457967322636
873 206.08457967322636
874 206.08457967322636
875 206.08457967322636
876 206.08457967322636
877 206.08457967322636
878 206.08457967322636
879 206.08457967322636
880 206.08457967322636
881 206.08457967322636
882 206.08457967322636
883 206.08457967322636
884 206.08457967322636
885 206.08457967322636
886 206.08457967322636
887 206.08457967322636
888 206.08457967322636
889 206.08457967322636
890 206.08457967322636
891 206.08457967322636
892 206.08457967322636
893 206.08457967322636
894 206.08457967322636
895 206.08457967322636
896 206.08457967322636
897 206.08457967322636
898 206.08457967322636
899 206.08457967322636
900 206.08457967322636
901 206.08457967322636
902 206.08457967322636
903 206.08457967322636
904 206.08457967322636
905 206.08457967322636
906 206.08457967322636
907 206.08457967322636
908 206.08457967322636
909 206.08457967322636
910 206.08457967322636
911 206.08457967322636
912 206.08457967322636
913 206.08457967322636
914 206.08457967322636
915 206.08457967322636
916 206.08457967322636
917 206.08457967322636
918 206.08457967322636
919 206.08457967322636
920 206.08457967322636
921 206.08457967322636
922 206.08457967322636
923 206.08457967322636
924 206.08457967322636
925 206.08457967322636
926 206.08457967322636
927 206.08457967322636
928 206.08457967322636
929 206.08457967322636
930 206.08457967322636
931 206.08457967322636
932 206.08457967322636
933 206.08457967322636
934 206.08457967322636
935 206.08457967322636
936 206.08457967322636
937 206.08457967322636
938 206.08457967322636
939 206.08457967322636
940 206.08457967322636
941 206.08457967322636
942 206.08457967322636
943 206.08457967322636
944 206.08457967322636
945 206.08457967322636
946 206.08457967322636
947 206.08457967322636
948 206.08457967322636
949 206.08457967322636
950 206.08457967322636
951 206.08457967322636
952 206.08457967322636
953 206.08457967322636
954 206.08457967322636
955 206.08457967322636
956 206.08457967322636
957 206.08457967322636
958 206.08457967322636
959 206.08457967322636
960 206.08457967322636
961 206.08457967322636
962 206.08457967322636
963 206.08457967322636
964 206.08457967322636
965 206.08457967322636
966 206.08457967322636
967 206.08457967322636
968 206.08457967322636
969 206.08457967322636
970 206.08457967322636
971 206.08457967322636
972 206.08457967322636
973 206.08457967322636
974 206.08457967322636
975 206.08457967322636
976 206.08457967322636
977 206.08457967322636
978 206.08457967322636
979 206.08457967322636
980 206.08457967322636
981 206.08457967322636
982 206.76143366607505
983 206.76143366607505
984 206.76143366607505
985 206.76143366607505
986 206.76143366607505
987 206.76143366607505
988 206.76143366607505
989 206.76143366607505
990 206.76143366607505
991 206.76143366607505
992 206.76143366607505
993 206.76143366607505
994 206.76143366607505
995 207.10135364599262
996 207.10135364599262
997 207.10135364599262
998 207.10135364599262
999 210.0716370540417
1000 210.0716370540417
1001 210.0716370540417
1002 210.0716370540417
1003 210.0716370540417
1004 210.0716370540417
1005 210.0716370540417
1006 210.0716370540417
1007 210.0716370540417
1008 210.0716370540417
1009 210.0716370540417
1010 210.0716370540417
1011 210.0716370540417
1012 210.0716370540417
1013 210.64158176862153
1014 210.64158176862153
1015 210.64158176862153
1016 210.64158176862153
1017 210.64158176862153
1018 210.64158176862153
1019 210.64158176862153
1020 210.64158176862153
1021 210.64158176862153
1022 210.64158176862153
1023 210.64158176862153
1024 210.64158176862153
1025 210.64158176862153
1026 210.64158176862153
1027 210.64158176862153
1028 210.64158176862153
1029 210.64158176862153
1030 210.64158176862153
1031 210.64158176862153
1032 210.64158176862153
1033 210.64158176862153
1034 210.64158176862153
1035 210.64158176862153
1036 210.64158176862153
1037 210.64158176862153
1038 212.09064600304868
1039 212.09064600304868
1040 212.09064600304868
1041 212.09064600304868
1042 212.09064600304868
1043 212.09064600304868
1044 212.09064600304868
1045 212.09064600304868
1046 212.09064600304868
1047 212.09064600304868
1048 212.09064600304868
1049 212.09064600304868
1050 212.09064600304868
1051 212.09064600304868
1052 212.09064600304868
1053 212.09064600304868
1054 212.09064600304868
1055 212.09064600304868
1056 212.09064600304868
1057 212.09064600304868
1058 212.09064600304868
1059 212.09064600304868
1060 212.09064600304868
1061 212.09064600304868
1062 212.09064600304868
1063 212.09064600304868
1064 212.09064600304868
1065 212.09064600304868
1066 212.09064600304868
1067 212.09064600304868
1068 212.09064600304868
1069 212.09064600304868
1070 212.09064600304868
1071 212.09064600304868
1072 212.09064600304868
1073 212.09064600304868
1074 212.09064600304868
1075 212.09064600304868
1076 212.09064600304868
1077 212.09064600304868
1078 212.09064600304868
1079 212.09064600304868
1080 212.09064600304868
1081 212.09064600304868
1082 212.09064600304868
1083 212.09064600304868
1084 212.09064600304868
1085 212.09064600304868
1086 212.09064600304868
1087 212.09064600304868
1088 212.09064600304868
1089 212.09064600304868
1090 212.09064600304868
1091 212.09064600304868
1092 212.09064600304868
1093 212.09064600304868
1094 212.09064600304868
1095 212.09064600304868
1096 212.09064600304868
1097 212.09064600304868
1098 212.7049419005493
1099 212.7049419005493
1100 212.7049419005493
1101 212.7049419005493
1102 212.7049419005493
1103 212.7049419005493
1104 212.7049419005493
1105 212.7049419005493
1106 212.7049419005493
1107 212.7049419005493
1108 212.7049419005493
1109 212.7049419005493
1110 212.7049419005493
1111 212.7049419005493
1112 212.7049419005493
1113 212.7049419005493
1114 212.7049419005493
1115 212.7049419005493
1116 212.7049419005493
1117 212.7049419005493
1118 212.7049419005493
1119 212.7049419005493
1120 212.7049419005493
1121 212.7049419005493
1122 212.7049419005493
1123 212.7049419005493
1124 212.7049419005493
1125 212.7049419005493
1126 212.7049419005493
1127 212.7049419005493
1128 212.7049419005493
1129 212.7049419005493
1130 212.7049419005493
1131 212.7049419005493
1132 212.7049419005493
1133 212.7049419005493
1134 212.7049419005493
1135 212.7049419005493
1136 212.7049419005493
1137 212.7049419005493
1138 212.7049419005493
1139 212.7049419005493
1140 212.7049419005493
1141 212.7049419005493
1142 212.7049419005493
1143 212.7049419005493
1144 212.7049419005493
1145 212.7049419005493
1146 212.7049419005493
1147 212.7049419005493
1148 212.7049419005493
1149 212.7049419005493
1150 212.7049419005493
1151 212.7049419005493
1152 212.7049419005493
1153 212.7049419005493
1154 212.7049419005493
1155 212.7049419005493
1156 212.7049419005493
1157 212.7049419005493
1158 212.7049419005493
1159 212.7049419005493
1160 212.7049419005493
1161 212.7049419005493
1162 212.7049419005493
1163 212.7049419005493
1164 212.7049419005493
1165 212.7049419005493
1166 212.7049419005493
1167 212.7049419005493
1168 212.7049419005493
1169 212.7049419005493
1170 212.7049419005493
1171 212.7049419005493
1172 212.7049419005493
1173 212.7049419005493
1174 212.7049419005493
1175 212.7049419005493
1176 212.7049419005493
1177 212.7049419005493
1178 212.7049419005493
1179 212.7049419005493
1180 212.7049419005493
1181 212.7049419005493
1182 212.7049419005493
1183 212.7049419005493
1184 212.7049419005493
1185 212.7049419005493
1186 212.7049419005493
1187 212.7049419005493
1188 212.7049419005493
1189 212.7049419005493
1190 212.7049419005493
1191 212.7049419005493
1192 212.7049419005493
1193 212.7049419005493
1194 212.7049419005493
1195 212.7049419005493
1196 212.7049419005493
1197 212.7049419005493
1198 212.7049419005493
1199 212.7049419005493
1200 212.7049419005493
1201 212.7049419005493
1202 212.7049419005493
1203 212.7049419005493
1204 212.7049419005493
1205 212.7049419005493
1206 212.7049419005493
1207 212.7049419005493
1208 212.7049419005493
1209 212.7049419005493
1210 212.7049419005493
1211 212.7049419005493
1212 212.7049419005493
1213 212.7049419005493
1214 212.7049419005493
1215 212.7049419005493
1216 212.7049419005493
1217 212.7049419005493
1218 214.0131657901706
1219 214.0131657901706
1220 214.0131657901706
1221 214.0131657901706
1222 214.0131657901706
1223 214.0131657901706
1224 214.0131657901706
1225 214.0131657901706
1226 214.0131657901706
1227 214.0131657901706
1228 214.0131657901706
1229 214.0131657901706
1230 214.0131657901706
1231 214.0131657901706
1232 214.0131657901706
1233 214.0131657901706
1234 214.0131657901706
1235 214.0131657901706
1236 214.0131657901706
1237 214.0131657901706
1238 214.0131657901706
1239 214.0131657901706
1240 214.0131657901706
1241 214.0131657901706
1242 214.0131657901706
1243 214.0131657901706
1244 214.0131657901706
1245 214.0131657901706
1246 214.0131657901706
1247 214.0131657901706
1248 214.0131657901706
1249 214.0131657901706
1250 214.0131657901706
1251 214.0131657901706
1252 214.0131657901706
1253 214.0131657901706
1254 214.0131657901706
1255 214.0131657901706
1256 214.0131657901706
1257 214.0131657901706
1258 214.0131657901706
1259 214.0131657901706
1260 214.0131657901706
1261 214.0131657901706
1262 214.0131657901706
1263 214.0131657901706
1264 214.0131657901706
1265 214.0131657901706
1266 214.0131657901706
1267 214.0131657901706
1268 214.0131657901706
1269 214.0131657901706
1270 214.0131657901706
1271 214.0131657901706
1272 214.0131657901706
1273 214.0131657901706
1274 214.0131657901706
1275 214.0131657901706
1276 214.0131657901706
1277 214.0131657901706
1278 214.0131657901706
1279 214.0131657901706
1280 214.0131657901706
1281 214.0131657901706
1282 214.0131657901706
1283 214.0131657901706
1284 214.0131657901706
1285 214.0131657901706
1286 214.0131657901706
1287 214.0131657901706
1288 214.0131657901706
1289 214.0131657901706
1290 214.0131657901706
1291 214.0131657901706
1292 214.0131657901706
1293 214.0131657901706
1294 214.0131657901706
1295 214.0131657901706
1296 214.0131657901706
1297 214.0131657901706
1298 214.0131657901706
1299 214.0131657901706
1300 214.0131657901706
1301 214.9294079050589
1302 214.9294079050589
1303 214.9294079050589
1304 214.9294079050589
1305 214.9294079050589
1306 214.9294079050589
1307 214.9294079050589
1308 214.9294079050589
1309 214.9294079050589
1310 214.9294079050589
1311 214.9294079050589
1312 214.9294079050589
1313 214.9294079050589
1314 214.9294079050589
1315 214.9294079050589
1316 214.9294079050589
1317 214.9294079050589
1318 214.9294079050589
1319 214.9294079050589
1320 214.9294079050589
1321 214.9294079050589
1322 214.9294079050589
1323 214.9294079050589
1324 214.9294079050589
1325 214.9294079050589
1326 214.9294079050589
1327 214.9294079050589
1328 214.9294079050589
1329 214.9294079050589
1330 220.04402195269506
1331 220.04402195269506
1332 220.04402195269506
1333 220.04402195269506
1334 220.04402195269506
1335 220.04402195269506
1336 220.04402195269506
1337 220.04402195269506
1338 220.04402195269506
1339 220.04402195269506
1340 220.04402195269506
1341 220.04402195269506
1342 220.04402195269506
1343 220.04402195269506
1344 220.04402195269506
1345 220.04402195269506
1346 220.04402195269506
1347 220.04402195269506
1348 220.04402195269506
1349 220.04402195269506
1350 220.04402195269506
1351 220.04402195269506
1352 220.04402195269506
1353 220.04402195269506
1354 220.04402195269506
1355 220.04402195269506
1356 220.04402195269506
1357 220.04402195269506
1358 220.04402195269506
1359 220.04402195269506
1360 220.04402195269506
1361 220.04402195269506
1362 220.04402195269506
1363 220.04402195269506
1364 220.04402195269506
1365 220.04402195269506
1366 220.04402195269506
1367 220.04402195269506
1368 220.04402195269506
1369 220.04402195269506
1370 220.04402195269506
1371 220.04402195269506
1372 220.04402195269506
1373 220.04402195269506
1374 220.04402195269506
1375 220.04402195269506
1376 220.04402195269506
1377 220.04402195269506
1378 220.04402195269506
1379 220.04402195269506
1380 220.04402195269506
1381 220.04402195269506
1382 220.04402195269506
1383 220.04402195269506
1384 220.04402195269506
1385 220.04402195269506
1386 220.04402195269506
1387 220.04402195269506
1388 220.04402195269506
1389 220.04402195269506
1390 220.04402195269506
1391 220.04402195269506
1392 220.04402195269506
1393 220.04402195269506
1394 220.04402195269506
1395 220.04402195269506
1396 220.04402195269506
1397 220.04402195269506
1398 220.04402195269506
1399 220.04402195269506
1400 220.04402195269506
1401 220.04402195269506
1402 220.04402195269506
1403 220.04402195269506
1404 220.04402195269506
1405 220.04402195269506
1406 220.04402195269506
1407 220.04402195269506
1408 220.04402195269506
1409 220.04402195269506
1410 220.04402195269506
1411 220.04402195269506
1412 220.04402195269506
1413 220.04402195269506
1414 220.04402195269506
1415 220.04402195269506
1416 220.04402195269506
1417 220.04402195269506
1418 220.04402195269506
1419 220.04402195269506
1420 220.04402195269506
1421 220.04402195269506
1422 220.04402195269506
1423 220.04402195269506
1424 220.04402195269506
1425 220.04402195269506
1426 220.04402195269506
1427 220.04402195269506
1428 220.04402195269506
1429 220.04402195269506
1430 220.04402195269506
1431 220.04402195269506
1432 220.04402195269506
1433 220.04402195269506
1434 220.04402195269506
1435 220.04402195269506
1436 220.04402195269506
1437 220.04402195269506
1438 220.04402195269506
1439 220.04402195269506
1440 220.04402195269506
1441 220.04402195269506
1442 220.04402195269506
1443 220.04402195269506
1444 220.04402195269506
1445 220.04402195269506
1446 220.04402195269506
1447 220.04402195269506
1448 220.04402195269506
1449 220.04402195269506
1450 220.04402195269506
1451 220.04402195269506
1452 220.04402195269506
1453 220.04402195269506
1454 220.04402195269506
1455 220.04402195269506
1456 220.04402195269506
1457 220.04402195269506
1458 220.04402195269506
1459 220.04402195269506
1460 220.04402195269506
1461 220.04402195269506
1462 220.04402195269506
1463 220.04402195269506
1464 220.04402195269506
1465 220.04402195269506
1466 220.04402195269506
1467 220.04402195269506
1468 220.04402195269506
1469 220.04402195269506
1470 220.04402195269506
1471 220.04402195269506
1472 220.04402195269506
1473 220.04402195269506
1474 220.04402195269506
1475 220.04402195269506
1476 220.04402195269506
1477 220.04402195269506
1478 220.04402195269506
1479 220.04402195269506
1480 220.04402195269506
1481 220.04402195269506
1482 220.04402195269506
1483 220.04402195269506
1484 220.04402195269506
1485 220.04402195269506
1486 220.04402195269506
1487 220.04402195269506
1488 220.04402195269506
1489 220.04402195269506
1490 220.04402195269506
1491 220.04402195269506
1492 220.04402195269506
1493 220.04402195269506
1494 220.04402195269506
1495 220.04402195269506
1496 220.04402195269506
1497 220.04402195269506
1498 220.04402195269506
1499 220.04402195269506
1500 220.04402195269506
1501 220.04402195269506
1502 220.04402195269506
1503 220.04402195269506
1504 220.04402195269506
1505 220.04402195269506
1506 220.04402195269506
1507 220.04402195269506
1508 220.04402195269506
1509 220.04402195269506
1510 220.04402195269506
1511 220.04402195269506
1512 220.04402195269506
1513 220.04402195269506
1514 220.04402195269506
1515 220.04402195269506
1516 220.04402195269506
1517 220.04402195269506
1518 220.04402195269506
1519 220.04402195269506
1520 220.04402195269506
1521 220.04402195269506
1522 220.04402195269506
1523 220.04402195269506
1524 220.04402195269506
1525 220.04402195269506
1526 220.04402195269506
1527 220.04402195269506
1528 220.04402195269506
1529 220.04402195269506
1530 220.04402195269506
1531 220.04402195269506
1532 220.04402195269506
1533 220.04402195269506
1534 220.04402195269506
1535 220.04402195269506
1536 220.04402195269506
1537 220.04402195269506
1538 220.04402195269506
1539 220.04402195269506
1540 220.04402195269506
1541 220.04402195269506
1542 220.04402195269506
1543 220.04402195269506
1544 220.04402195269506
1545 220.04402195269506
1546 220.04402195269506
1547 220.04402195269506
1548 220.04402195269506
1549 220.04402195269506
1550 220.04402195269506
1551 220.04402195269506
1552 220.04402195269506
1553 220.04402195269506
1554 220.04402195269506
1555 220.04402195269506
1556 220.04402195269506
1557 220.04402195269506
1558 220.04402195269506
1559 220.04402195269506
1560 220.04402195269506
1561 220.04402195269506
1562 220.04402195269506
1563 220.04402195269506
1564 220.04402195269506
1565 220.04402195269506
1566 220.04402195269506
1567 220.04402195269506
1568 220.04402195269506
1569 220.04402195269506
1570 220.04402195269506
1571 220.04402195269506
1572 220.04402195269506
1573 220.04402195269506
1574 220.04402195269506
1575 220.04402195269506
1576 220.04402195269506
1577 220.04402195269506
1578 220.04402195269506
1579 220.04402195269506
1580 220.04402195269506
1581 220.04402195269506
1582 220.04402195269506
1583 220.04402195269506
1584 220.04402195269506
1585 220.04402195269506
1586 220.04402195269506
1587 220.04402195269506
1588 220.04402195269506
1589 220.04402195269506
1590 220.04402195269506
1591 220.04402195269506
1592 220.04402195269506
1593 220.04402195269506
1594 220.04402195269506
1595 220.04402195269506
1596 220.04402195269506
1597 220.04402195269506
1598 220.04402195269506
1599 220.04402195269506
1600 220.04402195269506
1601 220.04402195269506
1602 220.04402195269506
1603 220.04402195269506
1604 220.04402195269506
1605 220.04402195269506
1606 220.04402195269506
1607 220.04402195269506
1608 220.04402195269506
1609 220.04402195269506
1610 220.04402195269506
1611 220.04402195269506
1612 220.04402195269506
1613 220.04402195269506
1614 220.04402195269506
1615 220.04402195269506
1616 220.04402195269506
1617 220.04402195269506
1618 220.04402195269506
1619 220.04402195269506
1620 220.04402195269506
1621 220.04402195269506
1622 220.04402195269506
1623 220.04402195269506
1624 220.04402195269506
1625 220.04402195269506
1626 220.04402195269506
1627 220.04402195269506
1628 220.04402195269506
1629 220.04402195269506
1630 220.64649026354692
1631 220.64649026354692
1632 220.64649026354692
1633 220.64649026354692
1634 220.64649026354692
1635 220.64649026354692
1636 220.64649026354692
1637 220.64649026354692
1638 220.64649026354692
1639 220.64649026354692
1640 220.64649026354692
1641 220.64649026354692
1642 220.64649026354692
1643 220.64649026354692
1644 220.64649026354692
1645 220.64649026354692
1646 220.64649026354692
1647 220.64649026354692
1648 220.64649026354692
1649 220.64649026354692
1650 220.64649026354692
1651 220.64649026354692
1652 220.64649026354692
1653 220.64649026354692
1654 220.64649026354692
1655 220.64649026354692
1656 220.64649026354692
1657 220.64649026354692
1658 220.64649026354692
1659 220.64649026354692
1660 220.64649026354692
1661 220.64649026354692
1662 220.64649026354692
1663 220.64649026354692
1664 220.64649026354692
1665 220.64649026354692
1666 220.64649026354692
1667 220.64649026354692
1668 220.64649026354692
1669 220.64649026354692
1670 220.64649026354692
1671 220.64649026354692
1672 220.64649026354692
1673 220.64649026354692
1674 220.64649026354692
1675 220.64649026354692
1676 220.64649026354692
1677 220.64649026354692
1678 220.64649026354692
1679 220.64649026354692
1680 220.64649026354692
1681 220.64649026354692
1682 220.64649026354692
1683 220.64649026354692
1684 220.64649026354692
1685 220.64649026354692
1686 220.64649026354692
1687 220.64649026354692
1688 220.64649026354692
1689 220.64649026354692
1690 220.64649026354692
1691 220.64649026354692
1692 220.64649026354692
1693 220.64649026354692
1694 220.64649026354692
1695 220.64649026354692
1696 220.64649026354692
1697 220.64649026354692
1698 220.64649026354692
1699 220.64649026354692
1700 220.64649026354692
1701 220.64649026354692
1702 220.64649026354692
1703 220.64649026354692
1704 220.64649026354692
1705 220.64649026354692
1706 220.64649026354692
1707 220.64649026354692
1708 220.64649026354692
1709 220.64649026354692
1710 220.64649026354692
1711 220.64649026354692
1712 220.64649026354692
1713 220.64649026354692
1714 220.64649026354692
1715 220.64649026354692
1716 220.64649026354692
1717 220.64649026354692
1718 220.64649026354692
1719 220.64649026354692
1720 220.64649026354692
1721 220.64649026354692
1722 220.64649026354692
1723 220.64649026354692
1724 220.64649026354692
1725 220.64649026354692
1726 220.64649026354692
1727 220.64649026354692
1728 220.64649026354692
1729 220.64649026354692
1730 220.64649026354692
1731 220.64649026354692
1732 220.64649026354692
1733 220.64649026354692
1734 220.64649026354692
1735 220.64649026354692
1736 220.64649026354692
1737 220.64649026354692
1738 220.64649026354692
1739 220.64649026354692
1740 220.64649026354692
1741 220.64649026354692
1742 220.64649026354692
1743 220.64649026354692
1744 220.64649026354692
1745 220.64649026354692
1746 220.64649026354692
1747 220.64649026354692
1748 220.64649026354692
1749 220.64649026354692
1750 220.64649026354692
1751 220.64649026354692
1752 220.64649026354692
1753 220.64649026354692
1754 220.64649026354692
1755 220.64649026354692
1756 220.64649026354692
1757 220.64649026354692
1758 220.64649026354692
1759 220.64649026354692
1760 220.64649026354692
1761 220.64649026354692
1762 220.64649026354692
1763 220.64649026354692
1764 220.64649026354692
1765 220.64649026354692
1766 220.64649026354692
1767 220.64649026354692
1768 220.64649026354692
1769 220.64649026354692
1770 220.64649026354692
1771 220.64649026354692
1772 220.64649026354692
1773 220.64649026354692
1774 220.64649026354692
1775 220.64649026354692
1776 220.64649026354692
1777 220.64649026354692
1778 220.64649026354692
1779 220.64649026354692
1780 220.64649026354692
1781 220.64649026354692
1782 220.64649026354692
1783 220.64649026354692
1784 220.64649026354692
1785 220.64649026354692
1786 220.64649026354692
1787 220.64649026354692
1788 220.64649026354692
1789 220.64649026354692
1790 220.64649026354692
1791 220.64649026354692
1792 220.64649026354692
1793 220.64649026354692
1794 220.64649026354692
1795 220.64649026354692
1796 220.64649026354692
1797 220.64649026354692
1798 220.64649026354692
1799 220.64649026354692
1800 220.64649026354692
1801 220.64649026354692
1802 220.64649026354692
1803 220.64649026354692
1804 220.64649026354692
1805 220.64649026354692
1806 220.64649026354692
1807 220.64649026354692
1808 220.64649026354692
1809 220.64649026354692
1810 220.64649026354692
1811 220.64649026354692
1812 220.64649026354692
1813 220.64649026354692
1814 220.64649026354692
1815 220.64649026354692
1816 220.64649026354692
1817 220.64649026354692
1818 220.64649026354692
1819 220.64649026354692
1820 220.64649026354692
1821 220.64649026354692
1822 220.64649026354692
1823 220.64649026354692
1824 220.64649026354692
1825 220.64649026354692
1826 220.64649026354692
1827 220.64649026354692
1828 220.64649026354692
1829 220.64649026354692
1830 220.64649026354692
1831 220.64649026354692
1832 220.64649026354692
1833 220.64649026354692
1834 220.64649026354692
1835 220.64649026354692
1836 220.64649026354692
1837 220.64649026354692
1838 220.64649026354692
1839 220.64649026354692
1840 220.64649026354692
1841 220.64649026354692
1842 220.64649026354692
1843 220.64649026354692
1844 220.64649026354692
1845 220.64649026354692
1846 220.64649026354692
1847 220.64649026354692
1848 220.64649026354692
1849 220.64649026354692
1850 220.64649026354692
1851 220.64649026354692
1852 220.64649026354692
1853 220.64649026354692
1854 220.64649026354692
1855 220.64649026354692
1856 220.64649026354692
1857 220.64649026354692
1858 220.64649026354692
1859 220.64649026354692
1860 220.64649026354692
1861 220.64649026354692
1862 220.64649026354692
1863 220.64649026354692
1864 220.64649026354692
1865 220.64649026354692
1866 220.64649026354692
1867 220.64649026354692
1868 220.64649026354692
1869 220.64649026354692
1870 220.64649026354692
1871 220.64649026354692
1872 220.64649026354692
1873 220.64649026354692
1874 220.64649026354692
1875 220.64649026354692
1876 220.64649026354692
1877 220.64649026354692
1878 220.64649026354692
1879 220.64649026354692
1880 220.64649026354692
1881 220.64649026354692
1882 220.64649026354692
1883 220.64649026354692
1884 220.64649026354692
1885 220.64649026354692
1886 220.64649026354692
1887 220.64649026354692
1888 220.64649026354692
1889 220.64649026354692
1890 220.64649026354692
1891 220.64649026354692
1892 220.64649026354692
1893 220.64649026354692
1894 220.64649026354692
1895 220.64649026354692
1896 220.64649026354692
1897 220.64649026354692
1898 220.64649026354692
1899 220.64649026354692
1900 220.64649026354692
1901 220.64649026354692
1902 220.64649026354692
1903 220.64649026354692
1904 220.64649026354692
1905 220.64649026354692
1906 220.64649026354692
1907 220.64649026354692
1908 220.64649026354692
1909 220.64649026354692
1910 220.64649026354692
1911 220.64649026354692
1912 220.64649026354692
1913 220.64649026354692
1914 220.64649026354692
1915 220.64649026354692
1916 220.64649026354692
1917 220.64649026354692
1918 220.64649026354692
1919 220.64649026354692
1920 220.64649026354692
1921 220.64649026354692
1922 220.64649026354692
1923 220.64649026354692
1924 220.64649026354692
1925 220.64649026354692
1926 220.64649026354692
1927 220.64649026354692
1928 220.64649026354692
1929 220.64649026354692
1930 220.64649026354692
1931 220.64649026354692
1932 220.64649026354692
1933 220.64649026354692
1934 220.64649026354692
1935 220.64649026354692
1936 220.64649026354692
1937 220.64649026354692
1938 220.64649026354692
1939 220.64649026354692
1940 220.64649026354692
1941 220.64649026354692
1942 220.64649026354692
1943 220.64649026354692
1944 220.64649026354692
1945 220.64649026354692
1946 220.64649026354692
1947 220.64649026354692
1948 220.64649026354692
1949 220.64649026354692
1950 220.64649026354692
1951 220.64649026354692
1952 220.64649026354692
1953 220.64649026354692
1954 220.64649026354692
1955 220.64649026354692
1956 220.64649026354692
1957 220.64649026354692
1958 220.64649026354692
1959 220.64649026354692
1960 220.64649026354692
1961 220.64649026354692
1962 220.64649026354692
1963 220.64649026354692
1964 220.64649026354692
1965 220.64649026354692
1966 220.64649026354692
1967 220.64649026354692
1968 220.64649026354692
1969 220.64649026354692
1970 220.64649026354692
1971 220.64649026354692
1972 220.64649026354692
1973 220.64649026354692
1974 220.64649026354692
1975 220.64649026354692
1976 220.64649026354692
1977 220.64649026354692
1978 220.64649026354692
1979 220.64649026354692
1980 220.64649026354692
1981 220.64649026354692
1982 220.64649026354692
1983 220.64649026354692
1984 220.64649026354692
1985 220.64649026354692
1986 220.64649026354692
1987 220.64649026354692
1988 220.64649026354692
1989 220.64649026354692
1990 220.64649026354692
1991 220.64649026354692
1992 220.64649026354692
1993 220.64649026354692
1994 220.64649026354692
1995 220.64649026354692
1996 220.64649026354692
1997 220.64649026354692
1998 220.64649026354692
1999 220.64649026354692
