0 -101.93553805108516
1 -25.09442458390615
2 -25.09442458390615
3 -25.09442458390615
4 -25.09442458390615
5 -25.09442458390615
6 -25.09442458390615
7 -25.09442458390615
8 -25.09442458390615
9 -25.09442458390615
10 -25.09442458390615
11 -25.09442458390615
12 -25.09442458390615
13 -25.09442458390615
14 40.14086691320897
15 40.14086691320897
16 40.14086691320897
17 67.03939727955441
18 67.03939727955441
19 67.03939727955441
20 67.03939727955441
21 67.03939727955441
22 67.03939727955441
23 67.03939727955441
24 81.47325900480709
25 81.47325900480709
26 81.47325900480709
27 94.90765347881073
28 94.90765347881073
29 135.11204699907054
30 135.11204699907054
31 135.11204699907054
32 176.04879232915079
33 176.04879232915079
34 176.04879232915079
35 176.04879232915079
36 176.04879232915079
37 176.04879232915079
38 176.04879232915079
39 176.04879232915079
40 176.04879232915079
41 176.04879232915079
42 176.04879232915079
43 176.04879232915079
44 176.04879232915079
45 176.04879232915079
46 176.04879232915079
47 184.71499899375067
48 184.71499899375067
49 184.71499899375067
50 184.71499899375067
51 184.71499899375067
52 184.71499899375067
53 184.71499899375067
54 184.71499899375067
55 184.71499899375067
56 184.71499899375067
57 184.71499899375067
58 184.71499899375067
59 187.7701006973191
60 187.7701006973191
61 187.7701006973191
62 187.7701006973191
63 187.7701006973191
64 187.7701006973191
65 187.7701006973191
66 187.7701006973191
67 187.7701006973191
68 187.7701006973191
69 192.69816125574297
70 192.92929065358882
71 192.92929065358882
72 192.92929065358882
73 192.92929065358882
74 192.92929065358882
75 192.92929065358882
76 192.92929065358882
77 192.92929065358882
78 192.92929065358882
79 192.92929065358882
80 192.92929065358882
81 192.92929065358882
82 192.92929065358882
83 192.92929065358882
84 192.92929065358882
85 192.92929065358882
86 192.92929065358882
87 192.92929065358882
88 192.92929065358882
89 192.92929065358882
90 192.92929065358882
91 192.92929065358882
92 192.92929065358882
93 192.92929065358882
94 192.92929065358882
95 192.92929065358882
96 192.92929065358882
97 192.92929065358882
98 192.92929065358882
99 192.92929065358882
100 192.92929065358882
101 192.92929065358882
102 192.92929065358882
103 192.92929065358882
104 192.92929065358882
105 192.92929065358882
106 192.92929065358882
107 192.92929065358882
108 192.92929065358882
109 192.92929065358882
110 192.92929065358882
111 192.92929065358882
112 192.92929065358882
113 192.92929065358882
114 192.92929065358882
115 192.92929065358882
116 192.92929065358882
117 192.92929065358882
118 192.92929065358882
119 192.92929065358882
120 192.92929065358882
121 192.92929065358882
122 192.92929065358882
123 192.92929065358882
124 192.92929065358882
125 192.92929065358882
126 192.92929065358882
127 192.92929065358882
128 192.92929065358882
129 192.92929065358882
130 192.92929065358882
131 192.92929065358882
132 192.92929065358882
133 192.92929065358882
134 192.92929065358882
135 192.92929065358882
136 192.92929065358882
137 192.92929065358882
138 192.92929065358882
139 192.92929065358882
140 192.92929065358882
141 192.92929065358882
142 192.92929065358882
143 192.92929065358882
144 192.92929065358882
145 192.92929065358882
146 192.92929065358882
147 192.92929065358882
148 192.92929065358882
149 192.92929065358882
150 192.92929065358882
151 192.92929065358882
152 192.92929065358882
153 192.92929065358882
154 192.92929065358882
155 192.92929065358882
156 192.92929065358882
157 192.92929065358882
158 192.92929065358882
159 192.92929065358882
160 192.92929065358882
161 192.92929065358882
162 192.92929065358882
163 192.92929065358882
164 192.92929065358882
165 192.92929065358882
166 192.92929065358882
167 192.92929065358882
168 192.92929065358882
169 192.92929065358882
170 198.67697294897377
171 198.67697294897377
172 198.67697294897377
173 198.67697294897377
174 198.67697294897377
175 198.67697294897377
176 198.67697294897377
177 198.67697294897377
178 198.67697294897377
179 198.67697294897377
180 198.67697294897377
181 198.67697294897377
182 198.67697294897377
183 198.67697294897377
184 198.67697294897377
185 198.67697294897377
186 198.67697294897377
187 198.99915217630013
188 198.99915217630013
189 198.99915217630013
190 198.99915217630013
191 198.99915217630013
192 198.99915217630013
193 198.99915217630013
194 198.99915217630013
195 198.99915217630013
196 198.99915217630013
197 198.99915217630013
198 198.99915217630013
199 198.99915217630013
200 198.99915217630013
201 198.99915217630013
202 198.99915217630013
203 198.99915217630013
204 198.99915217630013
205 198.99915217630013
206 198.99915217630013
207 198.99915217630013
208 198.99915217630013
209 198.99915217630013
210 198.99915217630013
211 198.99915217630013
212 198.99915217630013
213 198.99915217630013
214 198.99915217630013
215 198.99915217630013
216 198.99915217630013
217 198.99915217630013
218 198.99915217630013
219 198.99915217630013
220 198.99915217630013
221 198.99915217630013
222 198.99915217630013
223 198.99915217630013
224 198.99915217630013
225 198.99915217630013
226 198.99915217630013
227 198.99915217630013
228 198.99915217630013
229 198.99915217630013
230 198.99915217630013
231 198.99915217630013
232 198.99915217630013
233 198.99915217630013
234 198.99915217630013
235 198.99915217630013
236 198.99915217630013
237 198.99915217630013
238 198.99915217630013
239 198.99915217630013
240 198.99915217630013
241 198.99915217630013
242 198.99915217630013
243 198.99915217630013
244 198.99915217630013
245 198.99915217630013
246 198.99915217630013
247 198.99915217630013
248 198.99915217630013
249 198.99915217630013
250 198.99915217630013
251 198.99915217630013
252 198.99915217630013
253 198.99915217630013
254 198.99915217630013
255 198.99915217630013
256 198.99915217630013
257 198.99915217630013
258 198.99915217630013
259 198.99915217630013
260 198.99915217630013
261 198.99915217630013
262 198.99915217630013
263 198.99915217630013
264 198.99915217630013
265 198.99915217630013
266 198.99915217630013
267 198.99915217630013
268 198.99915217630013
269 198.99915217630013
270 198.99915217630013
271 198.99915217630013
272 198.99915217630013
273 198.99915217630013
274 198.99915217630013
275 198.99915217630013
276 198.99915217630013
277 198.99915217630013
278 198.99915217630013
279 198.99915217630013
280 198.99915217630013
281 198.99915217630013
282 198.99915217630013
283 198.99915217630013
284 198.99915217630013
285 198.99915217630013
286 198.99915217630013
287 198.99915217630013
288 198.99915217630013
289 198.99915217630013
290 198.99915217630013
291 198.99915217630013
292 198.99915217630013
293 198.99915217630013
294 198.99915217630013
295 198.99915217630013
296 198.99915217630013
297 198.99915217630013
298 198.99915217630013
299 198.99915217630013
300 198.99915217630013
301 198.99915217630013
302 198.99915217630013
303 198.99915217630013
304 198.99915217630013
305 198.99915217630013
306 198.99915217630013
307 198.99915217630013
308 198.99915217630013
309 198.99915217630013
310 198.99915217630013
311 198.99915217630013
312 198.99915217630013
313 198.99915217630013
314 198.99915217630013
315 198.99915217630013
316 198.99915217630013
317 198.99915217630013
318 198.99915217630013
319 198.99915217630013
320 198.99915217630013
321 198.99915217630013
322 198.99915217630013
323 198.99915217630013
324 198.99915217630013
325 198.99915217630013
326 198.99915217630013
327 198.99915217630013
328 198.99915217630013
329 198.99915217630013
330 198.99915217630013
331 198.99915217630013
332 198.99915217630013
333 198.99915217630013
334 198.99915217630013
335 198.99915217630013
336 198.99915217630013
337 198.99915217630013
338 198.99915217630013
339 198.99915217630013
340 198.99915217630013
341 198.99915217630013
342 198.99915217630013
343 198.99915217630013
344 198.99915217630013
345 198.99915217630013
346 198.99915217630013
347 198.99915217630013
348 198.99915217630013
349 198.99915217630013
350 198.99915217630013
351 198.99915217630013
352 198.99915217630013
353 198.99915217630013
354 198.99915217630013
355 198.99915217630013
356 198.99915217630013
357 198.99915217630013
358 198.99915217630013
359 198.99915217630013
360 198.99915217630013
361 198.99915217630013
362 198.99915217630013
363 198.99915217630013
364 198.99915217630013
365 198.99915217630013
366 198.99915217630013
367 198.99915217630013
368 198.99915217630013
369 198.99915217630013
370 198.99915217630013
371 198.99915217630013
372 198.99915217630013
373 198.99915217630013
374 198.99915217630013
375 198.99915217630013
376 198.99915217630013
377 198.99915217630013
378 198.99915217630013
379 198.99915217630013
380 198.99915217630013
381 198.99915217630013
382 198.99915217630013
383 198.99915217630013
384 198.99915217630013
385 198.99915217630013
386 198.99915217630013
387 198.99915217630013
388 198.99915217630013
389 198.99915217630013
390 198.99915217630013
391 198.99915217630013
392 198.99915217630013
393 198.99915217630013
394 198.99915217630013
395 198.99915217630013
396 198.99915217630013
397 198.99915217630013
398 198.99915217630013
399 198.99915217630013
400 198.99915217630013
401 198.99915217630013
402 198.99915217630013
403 198.99915217630013
404 198.99915217630013
405 198.99915217630013
406 198.99915217630013
407 198.99915217630013
408 198.99915217630013
409 198.99915217630013
410 198.99915217630013
411 198.99915217630013
412 198.99915217630013
413 198.99915217630013
414 198.99915217630013
415 198.99915217630013
416 198.99915217630013
417 198.99915217630013
418 198.99915217630013
419 198.99915217630013
420 198.99915217630013
421 198.99915217630013
422 198.99915217630013
423 198.99915217630013
424 198.99915217630013
425 201.77889988246145
426 201.77889988246145
427 201.77889988246145
428 201.77889988246145
429 209.84215545338904
430 209.84215545338904
431 209.84215545338904
432 209.84215545338904
433 209.84215545338904
434 209.84215545338904
435 209.84215545338904
436 209.84215545338904
437 209.84215545338904
438 209.84215545338904
439 209.84215545338904
440 209.84215545338904
441 209.84215545338904
442 213.1995509865149
443 213.1995509865149
444 213.1995509865149
445 213.1995509865149
446 213.1995509865149
447 213.1995509865149
448 213.1995509865149
449 213.1995509865149
450 213.1995509865149
451 213.1995509865149
452 213.1995509865149
453 213.1995509865149
454 213.1995509865149
455 213.1995509865149
456 213.1995509865149
457 213.1995509865149
458 213.1995509865149
459 213.1995509865149
460 213.1995509865149
461 213.1995509865149
462 213.1995509865149
463 213.1995509865149
464 213.1995509865149
465 213.1995509865149
466 213.1995509865149
467 213.1995509865149
468 213.1995509865149
469 213.1995509865149
470 213.1995509865149
471 213.1995509865149
472 213.1995509865149
473 213.1995509865149
474 213.1995509865149
475 213.1995509865149
476 213.1995509865149
477 213.1995509865149
478 213.1995509865149
479 213.1995509865149
480 213.1995509865149
481 213.1995509865149
482 213.1995509865149
483 213.1995509865149
484 213.1995509865149
485 213.1995509865149
486 213.1995509865149
487 213.1995509865149
488 213.1995509865149
489 213.1995509865149
490 213.1995509865149
491 213.1995509865149
492 213.1995509865149
493 213.1995509865149
494 213.1995509865149
495 213.1995509865149
496 213.1995509865149
497 213.1995509865149
498 213.1995509865149
499 213.1995509865149
500 213.1995509865149
501 213.1995509865149
502 213.1995509865149
503 213.1995509865149
504 213.1995509865149
505 213.1995509865149
506 213.1995509865149
507 213.1995509865149
508 213.1995509865149
509 213.1995509865149
510 213.1995509865149
511 213.1995509865149
512 213.1995509865149
513 213.1995509865149
514 213.1995509865149
515 213.1995509865149
516 213.1995509865149
517 213.1995509865149
518 213.1995509865149
519 213.1995509865149
520 213.1995509865149
521 213.1995509865149
522 213.1995509865149
523 213.1995509865149
524 213.1995509865149
525 213.1995509865149
526 213.1995509865149
527 213.1995509865149
528 213.1995509865149
529 213.1995509865149
530 213.1995509865149
531 213.1995509865149
532 213.1995509865149
533 213.1995509865149
534 213.1995509865149
535 213.1995509865149
536 213.1995509865149
537 213.1995509865149
538 213.1995509865149
539 213.1995509865149
540 213.1995509865149
541 213.1995509865149
542 216.18971052433082
543 216.18971052433082
544 216.18971052433082
545 216.18971052433082
546 216.18971052433082
547 216.18971052433082
548 216.18971052433082
549 216.18971052433082
550 216.18971052433082
551 216.18971052433082
552 216.18971052433082
553 216.18971052433082
554 216.18971052433082
555 216.18971052433082
556 216.18971052433082
557 216.18971052433082
558 216.18971052433082
559 216.18971052433082
560 216.18971052433082
561 216.18971052433082
562 216.18971052433082
563 216.18971052433082
564 216.18971052433082
565 216.18971052433082
566 216.18971052433082
567 216.18971052433082
568 216.18971052433082
569 216.18971052433082
570 216.18971052433082
571 216.18971052433082
572 216.18971052433082
573 216.18971052433082
574 216.18971052433082
575 216.18971052433082
576 216.18971052433082
577 217.14303058569908
578 217.14303058569908
579 217.14303058569908
580 217.14303058569908
581 217.14303058569908
582 217.14303058569908
583 217.14303058569908
584 217.14303058569908
585 217.14303058569908
586 217.14303058569908
587 217.14303058569908
588 217.14303058569908
589 217.14303058569908
590 217.14303058569908
591 217.14303058569908
592 217.14303058569908
593 217.14303058569908
594 217.14303058569908
595 217.14303058569908
596 217.14303058569908
597 217.14303058569908
598 217.14303058569908
599 217.14303058569908
600 217.14303058569908
601 217.14303058569908
602 217.14303058569908
603 217.14303058569908
604 217.14303058569908
605 217.14303058569908
606 217.14303058569908
607 217.14303058569908
608 217.14303058569908
609 217.14303058569908
610 217.14303058569908
611 217.14303058569908
612 217.14303058569908
613 217.14303058569908
614 217.14303058569908
615 217.14303058569908
616 217.14303058569908
617 217.14303058569908
618 217.14303058569908
619 217.14303058569908
620 217.14303058569908
621 217.14303058569908
622 217.14303058569908
623 217.1836561413162
624 217.1836561413162
625 217.1836561413162
626 217.1836561413162
627 217.1836561413162
628 219.7403584798549
629 219.7403584798549
630 219.7403584798549
631 219.7403584798549
632 219.7403584798549
633 219.7403584798549
634 219.7403584798549
635 219.7403584798549
636 219.7403584798549
637 219.7403584798549
638 219.7403584798549
639 219.7403584798549
640 219.7403584798549
641 219.7403584798549
642 219.7403584798549
643 219.7403584798549
644 219.7403584798549
645 219.7403584798549
646 219.7403584798549
647 219.7403584798549
648 219.7403584798549
649 219.7403584798549
650 219.7403584798549
651 219.7403584798549
652 219.7403584798549
653 219.7403584798549
654 219.7403584798549
655 219.7403584798549
656 219.7403584798549
657 219.7403584798549
658 219.7403584798549
659 219.7403584798549
660 219.7403584798549
661 219.7403584798549
662 219.7403584798549
663 219.7403584798549
664 219.7403584798549
665 219.7403584798549
666 219.7403584798549
667 219.7403584798549
668 219.7403584798549
669 219.7403584798549
670 219.7403584798549
671 219.7403584798549
672 219.7403584798549
673 219.7403584798549
674 219.7403584798549
675 219.7403584798549
676 219.7403584798549
677 219.7403584798549
678 219.7403584798549
679 219.7403584798549
680 219.7403584798549
681 219.7403584798549
682 219.7403584798549
683 219.7403584798549
684 219.7403584798549
685 219.7403584798549
686 219.7403584798549
687 219.7403584798549
688 219.7403584798549
689 219.7403584798549
690 219.7403584798549
691 219.7403584798549
692 219.7403584798549
693 219.7403584798549
694 219.7403584798549
695 219.7403584798549
696 219.7403584798549
697 219.7403584798549
698 219.7403584798549
699 219.7403584798549
700 219.7403584798549
701 219.7403584798549
702 219.7403584798549
703 219.7403584798549
704 219.7403584798549
705 219.7403584798549
706 219.7403584798549
707 219.7403584798549
708 219.7403584798549
709 219.7403584798549
710 219.7403584798549
711 219.7403584798549
712 219.7403584798549
713 219.7403584798549
714 219.7403584798549
715 219.7403584798549
716 219.7403584798549
717 219.7403584798549
718 219.7403584798549
719 219.7403584798549
720 219.7403584798549
721 219.7403584798549
722 219.7403584798549
723 219.7403584798549
724 219.7403584798549
725 219.7403584798549
726 219.7403584798549
727 219.7403584798549
728 219.7403584798549
729 219.7403584798549
730 219.7403584798549
731 219.7403584798549
732 219.7403584798549
733 219.7403584798549
734 219.7403584798549
735 219.7403584798549
736 219.7403584798549
737 219.7403584798549
738 219.7403584798549
739 219.7403584798549
740 219.7403584798549
741 219.7403584798549
742 219.7403584798549
743 219.7403584798549
744 219.7403584798549
745 219.7403584798549
746 219.7403584798549
747 219.7403584798549
748 219.7403584798549
749 219.7403584798549
750 219.7403584798549
751 219.7403584798549
752 219.7403584798549
753 219.7403584798549
754 219.7403584798549
755 219.7403584798549
756 219.7403584798549
757 219.7403584798549
758 219.7403584798549
759 219.7403584798549
760 219.7403584798549
761 219.7403584798549
762 219.7403584798549
763 219.7403584798549
764 219.7403584798549
765 219.7403584798549
766 219.7403584798549
767 219.7403584798549
768 219.7403584798549
769 219.7403584798549
770 219.7403584798549
771 219.7403584798549
772 219.7403584798549
773 219.7403584798549
774 219.7403584798549
775 219.7403584798549
776 219.7403584798549
777 219.7403584798549
778 219.7403584798549
779 219.7403584798549
780 219.7403584798549
781 219.7403584798549
782 219.7403584798549
783 219.7403584798549
784 219.7403584798549
785 219.7403584798549
786 219.7403584798549
787 219.7403584798549
788 219.7403584798549
789 219.7403584798549
790 219.7403584798549
791 219.7403584798549
792 219.7403584798549
793 219.7403584798549
794 219.7403584798549
795 219.7403584798549
796 219.7403584798549
797 219.7403584798549
798 219.7403584798549
799 220.85718076329158
800 220.85718076329158
801 220.85718076329158
802 220.85718076329158
803 220.85718076329158
804 220.85718076329158
805 220.85718076329158
806 220.85718076329158
807 220.85718076329158
808 220.85718076329158
809 220.85718076329158
810 220.85718076329158
811 220.85718076329158
812 220.85718076329158
813 220.85718076329158
814 220.85718076329158
815 220.85718076329158
816 220.85718076329158
817 220.85718076329158
818 220.85718076329158
819 220.85718076329158
820 220.85718076329158
821 220.85718076329158
822 220.85718076329158
823 220.85718076329158
824 220.85718076329158
825 220.85718076329158
826 220.85718076329158
827 220.85718076329158
828 220.85718076329158
829 220.85718076329158
830 220.85718076329158
831 220.85718076329158
832 220.85718076329158
833 220.85718076329158
834 220.85718076329158
835 220.85718076329158
836 220.85718076329158
837 220.85718076329158
838 220.85718076329158
839 220.85718076329158
840 220.85718076329158
841 220.85718076329158
842 220.85718076329158
843 220.85718076329158
844 220.85718076329158
845 220.85718076329158
846 220.85718076329158
847 220.85718076329158
848 220.85718076329158
849 220.85718076329158
850 220.85718076329158
851 220.85718076329158
852 220.85718076329158
853 220.85718076329158
854 220.85718076329158
855 220.85718076329158
856 220.85718076329158
857 220.85718076329158
858 220.85718076329158
859 220.85718076329158
860 220.85718076329158
861 220.85718076329158
862 220.85718076329158
863 220.85718076329158
864 220.85718076329158
865 220.85718076329158
866 220.85718076329158
867 220.85718076329158
868 220.85718076329158
869 220.85718076329158
870 220.85718076329158
871 220.85718076329158
872 220.85718076329158
873 220.85718076329158
874 220.85718076329158
875 220.85718076329158
876 220.85718076329158
877 220.85718076329158
878 220.85718076329158
879 221.13655958490122
880 221.13655958490122
881 221.13655958490122
882 221.13655958490122
883 221.13655958490122
884 221.13655958490122
885 221.13655958490122
886 221.13655958490122
887 221.13655958490122
888 221.13655958490122
889 221.13655958490122
890 221.13655958490122
891 221.13655958490122
892 221.13655958490122
893 221.13655958490122
894 221.13655958490122
895 221.13655958490122
896 221.13655958490122
897 221.13655958490122
898 221.13655958490122
899 221.13655958490122
900 221.13655958490122
901 221.13655958490122
902 221.13655958490122
903 221.13655958490122
904 221.13655958490122
905 221.13655958490122
906 221.13655958490122
907 221.13655958490122
908 221.13655958490122
909 221.13655958490122
910 221.13655958490122
911 221.13655958490122
912 221.13655958490122
913 221.13655958490122
914 221.13655958490122
915 221.13655958490122
916 221.13655958490122
917 221.13655958490122
918 221.13655958490122
919 221.13655958490122
920 221.13655958490122
921 221.13655958490122
922 221.13655958490122
923 221.13655958490122
924 221.13655958490122
925 221.13655958490122
926 221.13655958490122
927 221.13655958490122
928 221.13655958490122
929 221.13655958490122
930 221.13655958490122
931 221.13655958490122
932 221.13655958490122
933 221.13655958490122
934 221.13655958490122
935 221.13655958490122
936 221.13655958490122
937 221.13655958490122
938 221.13655958490122
939 221.13655958490122
940 221.13655958490122
941 221.13655958490122
942 221.13655958490122
943 221.13655958490122
944 221.13655958490122
945 221.13655958490122
946 221.13655958490122
947 221.13655958490122
948 221.13655958490122
949 221.13655958490122
950 221.13655958490122
951 221.13655958490122
952 221.13655958490122
953 221.13655958490122
954 221.13655958490122
955 221.13655958490122
956 221.13655958490122
957 221.13655958490122
958 221.13655958490122
959 221.13655958490122
960 221.13655958490122
961 221.13655958490122
962 221.13655958490122
963 221.13655958490122
964 221.13655958490122
965 221.13655958490122
966 221.13655958490122
967 221.13655958490122
968 221.13655958490122
969 221.13655958490122
970 221.13655958490122
971 222.1609937379197
972 222.1609937379197
973 222.1609937379197
974 222.1609937379197
975 222.1609937379197
976 222.1609937379197
977 222.1609937379197
978 222.1609937379197
979 222.1609937379197
980 222.1609937379197
981 222.1609937379197
982 222.1609937379197
983 222.1609937379197
984 222.1609937379197
985 222.1609937379197
986 222.1609937379197
987 222.1609937379197
988 222.1609937379197
989 222.1609937379197
990 222.1609937379197
991 222.1609937379197
992 222.1609937379197
993 222.1609937379197
994 222.1609937379197
995 222.1609937379197
996 222.1609937379197
997 222.1609937379197
998 222.1609937379197
999 222.1609937379197
1000 222.1609937379197
1001 222.1609937379197
1002 222.1609937379197
1003 222.1609937379197
1004 222.1609937379197
1005 222.1609937379197
1006 222.1609937379197
1007 222.1609937379197
1008 222.1609937379197
1009 222.1609937379197
1010 222.1609937379197
1011 222.1609937379197
1012 222.1609937379197
1013 222.1609937379197
1014 222.1609937379197
1015 222.1609937379197
1016 222.1609937379197
1017 222.1609937379197
1018 222.1609937379197
1019 222.1609937379197
1020 222.1609937379197
1021 222.1609937379197
1022 222.1609937379197
1023 222.1609937379197
1024 222.1609937379197
1025 222.1609937379197
1026 222.1609937379197
1027 222.1609937379197
1028 222.1609937379197
1029 222.1609937379197
1030 222.1609937379197
1031 222.1609937379197
1032 222.1609937379197
1033 222.1609937379197
1034 222.1609937379197
1035 222.1609937379197
1036 222.1609937379197
1037 222.1609937379197
1038 222.1609937379197
1039 222.1609937379197
1040 222.1609937379197
1041 222.1609937379197
1042 222.1609937379197
1043 222.1609937379197
1044 222.1609937379197
1045 222.1609937379197
1046 222.1609937379197
1047 222.1609937379197
1048 222.1609937379197
1049 222.1609937379197
1050 222.1609937379197
1051 222.1609937379197
1052 222.1609937379197
1053 222.1609937379197
1054 222.1609937379197
1055 222.1609937379197
1056 222.1609937379197
1057 222.1609937379197
1058 222.1609937379197
1059 222.1609937379197
1060 222.1609937379197
1061 222.1609937379197
1062 222.1609937379197
1063 222.1609937379197
1064 222.1609937379197
1065 222.1609937379197
1066 222.1609937379197
1067 222.1609937379197
1068 222.1609937379197
1069 222.1609937379197
1070 222.1609937379197
1071 222.1609937379197
1072 222.1609937379197
1073 222.1609937379197
1074 222.1609937379197
1075 222.1609937379197
1076 222.1609937379197
1077 222.1609937379197
1078 222.1609937379197
1079 222.1609937379197
1080 222.1609937379197
1081 222.1609937379197
1082 222.1609937379197
1083 222.1609937379197
1084 222.1609937379197
1085 222.1609937379197
1086 222.1609937379197
1087 222.1609937379197
1088 222.1609937379197
1089 222.1609937379197
1090 222.1609937379197
1091 222.1609937379197
1092 222.1609937379197
1093 222.1609937379197
1094 222.1609937379197
1095 222.1609937379197
1096 222.1609937379197
1097 222.1609937379197
1098 222.1609937379197
1099 222.1609937379197
1100 222.1609937379197
1101 222.1609937379197
1102 222.1609937379197
1103 222.1609937379197
1104 222.1609937379197
1105 222.1609937379197
1106 222.1609937379197
1107 222.1609937379197
1108 222.1609937379197
1109 222.1609937379197
1110 222.1609937379197
1111 222.1609937379197
1112 222.1609937379197
1113 222.1609937379197
1114 222.1609937379197
1115 223.2250819574922
1116 223.2250819574922
1117 223.2250819574922
1118 223.2250819574922
1119 223.2250819574922
1120 223.2250819574922
1121 223.2250819574922
1122 223.2250819574922
1123 223.2250819574922
1124 223.2250819574922
1125 223.2250819574922
1126 223.2250819574922
1127 223.2250819574922
1128 223.2250819574922
1129 223.2250819574922
1130 223.2250819574922
1131 223.2250819574922
1132 223.2250819574922
1133 223.2250819574922
1134 223.2250819574922
1135 223.2250819574922
1136 223.2250819574922
1137 223.2250819574922
1138 223.2250819574922
1139 223.2250819574922
1140 223.2250819574922
1141 223.2250819574922
1142 223.2250819574922
1143 223.2250819574922
1144 223.2250819574922
1145 223.2250819574922
1146 223.2250819574922
1147 223.2250819574922
1148 223.2250819574922
1149 223.2250819574922
1150 223.2250819574922
1151 223.2250819574922
1152 223.2250819574922
1153 223.2250819574922
1154 223.2250819574922
1155 223.2250819574922
1156 223.2250819574922
1157 223.2250819574922
1158 223.2250819574922
1159 223.2250819574922
1160 223.2250819574922
1161 223.2250819574922
1162 223.2250819574922
1163 223.2250819574922
1164 223.2250819574922
1165 223.2250819574922
1166 223.2250819574922
1167 223.2250819574922
1168 223.2250819574922
1169 223.2250819574922
1170 223.2250819574922
1171 223.2250819574922
1172 223.2250819574922
1173 223.2250819574922
1174 223.2250819574922
1175 223.2250819574922
1176 223.2250819574922
1177 223.2250819574922
1178 223.2250819574922
1179 223.2250819574922
1180 223.2250819574922
1181 223.2250819574922
1182 223.2250819574922
1183 223.2250819574922
1184 223.2250819574922
1185 223.2250819574922
1186 223.2250819574922
1187 223.2250819574922
1188 223.2250819574922
1189 223.2250819574922
1190 223.2250819574922
1191 223.2250819574922
1192 223.2250819574922
1193 223.33085644659567
1194 223.33085644659567
1195 223.33085644659567
1196 223.33085644659567
1197 223.33085644659567
1198 223.33085644659567
1199 223.33085644659567
1200 223.33085644659567
1201 223.33085644659567
1202 223.33085644659567
1203 223.33085644659567
1204 223.33085644659567
1205 223.33085644659567
1206 223.33085644659567
1207 223.33085644659567
1208 223.33085644659567
1209 223.33085644659567
1210 223.33085644659567
1211 223.33085644659567
1212 223.33085644659567
1213 223.33085644659567
1214 223.33085644659567
1215 223.33085644659567
1216 223.33085644659567
1217 223.33085644659567
1218 223.33085644659567
1219 223.33085644659567
1220 223.33085644659567
1221 223.33085644659567
1222 223.33085644659567
1223 223.33085644659567
1224 223.33085644659567
1225 223.33085644659567
1226 223.33085644659567
1227 223.33085644659567
1228 223.33085644659567
1229 223.33085644659567
1230 223.33085644659567
1231 223.33085644659567
1232 223.33085644659567
1233 223.33085644659567
1234 223.33085644659567
1235 223.33085644659567
1236 223.33085644659567
1237 223.33085644659567
1238 223.33085644659567
1239 223.33085644659567
1240 223.33085644659567
1241 223.33085644659567
1242 223.33085644659567
1243 223.33085644659567
1244 223.33085644659567
1245 223.33085644659567
1246 223.33085644659567
1247 223.33085644659567
1248 223.33085644659567
1249 223.33085644659567
1250 223.33085644659567
1251 223.33085644659567
1252 223.33085644659567
1253 223.33085644659567
1254 223.33085644659567
1255 223.33085644659567
1256 223.33085644659567
1257 223.33085644659567
1258 223.33085644659567
1259 223.33085644659567
1260 223.33085644659567
1261 223.33085644659567
1262 223.33085644659567
1263 223.33085644659567
1264 223.33085644659567
1265 223.33085644659567
1266 223.33085644659567
1267 223.33085644659567
1268 223.33085644659567
1269 223.33085644659567
1270 223.33085644659567
1271 223.33085644659567
1272 223.33085644659567
1273 223.33085644659567
1274 223.33085644659567
1275 223.33085644659567
1276 223.33085644659567
1277 223.33085644659567
1278 223.33085644659567
1279 223.33085644659567
1280 223.33085644659567
1281 223.33085644659567
1282 223.33085644659567
1283 223.33085644659567
1284 223.33085644659567
1285 223.33085644659567
1286 223.33085644659567
1287 223.33085644659567
1288 223.33085644659567
1289 223.33085644659567
1290 223.33085644659567
1291 223.33085644659567
1292 223.33085644659567
1293 223.33085644659567
1294 223.33085644659567
1295 223.33085644659567
1296 223.33085644659567
1297 223.33085644659567
1298 223.33085644659567
1299 223.33085644659567
1300 223.33085644659567
1301 223.33085644659567
1302 223.33085644659567
1303 223.33085644659567
1304 223.33085644659567
1305 223.33085644659567
1306 223.33085644659567
1307 223.94747510588232
1308 223.94747510588232
1309 223.94747510588232
1310 223.94747510588232
1311 223.94747510588232
1312 223.94747510588232
1313 223.94747510588232
1314 223.94747510588232
1315 223.94747510588232
1316 223.94747510588232
1317 223.94747510588232
1318 223.94747510588232
1319 223.94747510588232
1320 223.94747510588232
1321 223.94747510588232
1322 223.94747510588232
1323 223.94747510588232
1324 223.94747510588232
1325 223.94747510588232
1326 223.94747510588232
1327 223.94747510588232
1328 223.94747510588232
1329 223.94747510588232
1330 223.94747510588232
1331 223.94747510588232
1332 223.94747510588232
1333 223.94747510588232
1334 223.94747510588232
1335 223.94747510588232
1336 223.94747510588232
1337 223.94747510588232
1338 223.94747510588232
1339 223.94747510588232
1340 223.94747510588232
1341 223.94747510588232
1342 223.94747510588232
1343 223.94747510588232
1344 223.94747510588232
1345 223.94747510588232
1346 223.94747510588232
1347 223.94747510588232
1348 223.94747510588232
1349 223.94747510588232
1350 223.94747510588232
1351 223.94747510588232
1352 223.94747510588232
1353 223.94747510588232
1354 223.94747510588232
1355 223.94747510588232
1356 223.94747510588232
1357 223.94747510588232
1358 223.94747510588232
1359 223.94747510588232
1360 223.94747510588232
1361 223.94747510588232
1362 223.94747510588232
1363 223.94747510588232
1364 223.94747510588232
1365 223.94747510588232
1366 223.94747510588232
1367 223.94747510588232
1368 223.94747510588232
1369 223.94747510588232
1370 223.94747510588232
1371 223.94747510588232
1372 223.94747510588232
1373 223.94747510588232
1374 223.94747510588232
1375 223.94747510588232
1376 223.94747510588232
1377 223.94747510588232
1378 223.94747510588232
1379 223.94747510588232
1380 223.94747510588232
1381 223.94747510588232
1382 223.94747510588232
1383 223.94747510588232
1384 223.94747510588232
1385 223.94747510588232
1386 223.94747510588232
1387 223.94747510588232
1388 223.94747510588232
1389 223.94747510588232
1390 223.94747510588232
1391 223.94747510588232
1392 223.94747510588232
1393 223.94747510588232
1394 223.94747510588232
1395 223.94747510588232
1396 223.94747510588232
1397 223.94747510588232
1398 223.94747510588232
1399 223.94747510588232
1400 223.94747510588232
1401 223.94747510588232
1402 223.94747510588232
1403 223.94747510588232
1404 223.94747510588232
1405 223.94747510588232
1406 223.94747510588232
1407 223.94747510588232
1408 223.94747510588232
1409 223.94747510588232
1410 223.94747510588232
1411 223.94747510588232
1412 223.94747510588232
1413 223.94747510588232
1414 223.94747510588232
1415 223.94747510588232
1416 223.94747510588232
1417 223.94747510588232
1418 223.94747510588232
1419 223.94747510588232
1420 223.94747510588232
1421 223.97944422926952
1422 223.97944422926952
1423 223.97944422926952
1424 223.97944422926952
1425 223.97944422926952
1426 223.97944422926952
1427 223.97944422926952
1428 223.97944422926952
1429 223.97944422926952
1430 223.97944422926952
1431 223.97944422926952
1432 223.97944422926952
1433 223.97944422926952
1434 223.97944422926952
1435 223.97944422926952
1436 223.97944422926952
1437 223.97944422926952
1438 223.97944422926952
1439 223.97944422926952
1440 223.97944422926952
1441 223.97944422926952
1442 223.97944422926952
1443 223.97944422926952
1444 223.97944422926952
1445 223.97944422926952
1446 223.97944422926952
1447 223.97944422926952
1448 223.97944422926952
1449 223.97944422926952
1450 223.97944422926952
1451 223.97944422926952
1452 223.97944422926952
1453 223.97944422926952
1454 223.97944422926952
1455 223.97944422926952
1456 223.97944422926952
1457 223.97944422926952
1458 223.97944422926952
1459 223.97944422926952
1460 223.97944422926952
1461 223.97944422926952
1462 223.97944422926952
1463 223.97944422926952
1464 223.97944422926952
1465 223.97944422926952
1466 223.97944422926952
1467 223.97944422926952
1468 223.97944422926952
1469 223.97944422926952
1470 223.97944422926952
1471 223.97944422926952
1472 223.97944422926952
1473 223.97944422926952
1474 223.97944422926952
1475 223.97944422926952
1476 223.97944422926952
1477 223.97944422926952
1478 223.97944422926952
1479 223.97944422926952
1480 223.97944422926952
1481 223.97944422926952
1482 223.97944422926952
1483 223.97944422926952
1484 223.97944422926952
1485 223.97944422926952
1486 223.97944422926952
1487 223.97944422926952
1488 223.97944422926952
1489 223.97944422926952
1490 223.97944422926952
1491 223.97944422926952
1492 223.97944422926952
1493 223.97944422926952
1494 223.97944422926952
1495 223.97944422926952
1496 223.97944422926952
1497 223.97944422926952
1498 223.97944422926952
1499 223.97944422926952
1500 223.97944422926952
1501 223.97944422926952
1502 223.97944422926952
1503 223.97944422926952
1504 223.97944422926952
1505 223.97944422926952
1506 223.97944422926952
1507 223.97944422926952
1508 223.97944422926952
1509 223.97944422926952
1510 223.97944422926952
1511 223.97944422926952
1512 223.97944422926952
1513 223.97944422926952
1514 223.97944422926952
1515 223.97944422926952
1516 223.97944422926952
1517 223.97944422926952
1518 223.97944422926952
1519 223.97944422926952
1520 223.97944422926952
1521 223.97944422926952
1522 223.97944422926952
1523 223.97944422926952
1524 223.97944422926952
1525 223.97944422926952
1526 223.97944422926952
1527 223.97944422926952
1528 223.97944422926952
1529 223.97944422926952
1530 223.97944422926952
1531 223.97944422926952
1532 223.97944422926952
1533 223.97944422926952
1534 223.97944422926952
1535 223.97944422926952
1536 223.97944422926952
1537 223.97944422926952
1538 223.97944422926952
1539 223.97944422926952
1540 223.97944422926952
1541 223.97944422926952
1542 223.97944422926952
1543 223.97944422926952
1544 223.97944422926952
1545 223.97944422926952
1546 223.97944422926952
1547 223.97944422926952
1548 223.97944422926952
1549 223.97944422926952
1550 223.97944422926952
1551 223.97944422926952
1552 223.97944422926952
1553 223.97944422926952
1554 223.97944422926952
1555 223.97944422926952
1556 223.97944422926952
1557 223.97944422926952
1558 223.97944422926952
1559 223.97944422926952
1560 223.97944422926952
1561 223.97944422926952
1562 223.97944422926952
1563 223.97944422926952
1564 223.97944422926952
1565 223.97944422926952
1566 223.97944422926952
1567 223.97944422926952
1568 223.97944422926952
1569 223.97944422926952
1570 223.97944422926952
1571 223.97944422926952
1572 223.97944422926952
1573 223.97944422926952
1574 223.97944422926952
1575 223.97944422926952
1576 223.97944422926952
1577 223.97944422926952
1578 223.97944422926952
1579 223.97944422926952
1580 223.97944422926952
1581 223.97944422926952
1582 223.97944422926952
1583 223.97944422926952
1584 223.97944422926952
1585 223.97944422926952
1586 223.97944422926952
1587 223.97944422926952
1588 223.97944422926952
1589 223.97944422926952
1590 223.97944422926952
1591 223.97944422926952
1592 223.97944422926952
1593 223.97944422926952
1594 223.97944422926952
1595 223.97944422926952
1596 223.97944422926952
1597 223.97944422926952
1598 223.97944422926952
1599 223.97944422926952
1600 223.97944422926952
1601 223.97944422926952
1602 223.97944422926952
1603 223.97944422926952
1604 223.97944422926952
1605 223.97944422926952
1606 223.97944422926952
1607 223.97944422926952
1608 223.97944422926952
1609 223.97944422926952
1610 223.97944422926952
1611 223.97944422926952
1612 223.97944422926952
1613 223.97944422926952
1614 223.97944422926952
1615 223.97944422926952
1616 223.97944422926952
1617 223.97944422926952
1618 223.97944422926952
1619 223.97944422926952
1620 223.97944422926952
1621 223.97944422926952
1622 223.97944422926952
1623 223.97944422926952
1624 223.97944422926952
1625 223.97944422926952
1626 223.97944422926952
1627 223.97944422926952
1628 223.97944422926952
1629 223.97944422926952
1630 223.97944422926952
1631 223.97944422926952
1632 223.97944422926952
1633 223.97944422926952
1634 223.97944422926952
1635 223.97944422926952
1636 223.97944422926952
1637 223.97944422926952
1638 223.97944422926952
1639 223.97944422926952
1640 223.97944422926952
1641 223.97944422926952
1642 223.97944422926952
1643 223.97944422926952
1644 223.97944422926952
1645 223.97944422926952
1646 223.97944422926952
1647 223.97944422926952
1648 223.97944422926952
1649 223.97944422926952
1650 223.97944422926952
1651 223.97944422926952
1652 223.97944422926952
1653 223.97944422926952
1654 223.97944422926952
1655 223.97944422926952
1656 223.97944422926952
1657 223.97944422926952
1658 223.97944422926952
1659 223.97944422926952
1660 223.97944422926952
1661 223.97944422926952
1662 223.97944422926952
1663 223.97944422926952
1664 223.97944422926952
1665 223.97944422926952
1666 223.97944422926952
1667 223.97944422926952
1668 223.97944422926952
1669 223.97944422926952
1670 223.97944422926952
1671 223.97944422926952
1672 223.97944422926952
1673 223.97944422926952
1674 223.97944422926952
1675 223.97944422926952
1676 223.97944422926952
1677 223.97944422926952
1678 223.97944422926952
1679 223.97944422926952
1680 223.97944422926952
1681 223.97944422926952
1682 223.97944422926952
1683 223.97944422926952
1684 223.97944422926952
1685 223.97944422926952
1686 223.97944422926952
1687 223.97944422926952
1688 223.97944422926952
1689 223.97944422926952
1690 223.97944422926952
1691 223.97944422926952
1692 223.97944422926952
1693 223.97944422926952
1694 223.97944422926952
1695 223.97944422926952
1696 223.97944422926952
1697 223.97944422926952
1698 223.97944422926952
1699 223.97944422926952
1700 223.97944422926952
1701 223.97944422926952
1702 223.97944422926952
1703 223.97944422926952
1704 223.97944422926952
1705 223.97944422926952
1706 223.97944422926952
1707 223.97944422926952
1708 223.97944422926952
1709 223.97944422926952
1710 223.97944422926952
1711 223.97944422926952
1712 223.97944422926952
1713 223.97944422926952
1714 223.97944422926952
1715 223.97944422926952
1716 223.97944422926952
1717 223.97944422926952
1718 223.97944422926952
1719 223.97944422926952
1720 223.97944422926952
1721 223.97944422926952
1722 223.97944422926952
1723 223.97944422926952
1724 223.97944422926952
1725 223.97944422926952
1726 223.97944422926952
1727 223.97944422926952
1728 223.97944422926952
1729 223.97944422926952
1730 223.97944422926952
1731 223.97944422926952
1732 223.97944422926952
1733 223.97944422926952
1734 223.97944422926952
1735 223.97944422926952
1736 223.97944422926952
1737 223.97944422926952
1738 223.97944422926952
1739 223.97944422926952
1740 223.97944422926952
1741 223.97944422926952
1742 223.97944422926952
1743 223.97944422926952
1744 223.97944422926952
1745 223.97944422926952
1746 223.97944422926952
1747 223.97944422926952
1748 223.97944422926952
1749 223.97944422926952
1750 223.97944422926952
1751 223.97944422926952
1752 223.97944422926952
1753 223.97944422926952
1754 223.97944422926952
1755 223.97944422926952
1756 223.97944422926952
1757 223.97944422926952
1758 223.97944422926952
1759 223.97944422926952
1760 223.97944422926952
1761 223.97944422926952
1762 223.97944422926952
1763 223.97944422926952
1764 223.97944422926952
1765 223.97944422926952
1766 223.97944422926952
1767 223.97944422926952
1768 223.97944422926952
1769 224.26696147534435
1770 224.26696147534435
1771 224.26696147534435
1772 224.26696147534435
1773 224.26696147534435
1774 224.26696147534435
1775 224.26696147534435
1776 224.26696147534435
1777 224.26696147534435
1778 224.26696147534435
1779 224.26696147534435
1780 224.26696147534435
1781 224.26696147534435
1782 224.26696147534435
1783 224.26696147534435
1784 224.26696147534435
1785 224.26696147534435
1786 224.26696147534435
1787 224.26696147534435
1788 224.26696147534435
1789 224.26696147534435
1790 224.26696147534435
1791 224.26696147534435
1792 224.26696147534435
1793 224.26696147534435
1794 224.26696147534435
1795 224.26696147534435
1796 224.26696147534435
1797 224.26696147534435
1798 224.26696147534435
1799 224.26696147534435
1800 224.26696147534435
1801 224.26696147534435
1802 224.26696147534435
1803 224.26696147534435
1804 224.26696147534435
1805 224.26696147534435
1806 224.26696147534435
1807 224.26696147534435
1808 224.26696147534435
1809 224.26696147534435
1810 224.26696147534435
1811 224.26696147534435
1812 224.26696147534435
1813 224.26696147534435
1814 224.26696147534435
1815 224.26696147534435
1816 224.26696147534435
1817 224.26696147534435
1818 224.26696147534435
1819 224.26696147534435
1820 224.26696147534435
1821 224.26696147534435
1822 224.26696147534435
1823 224.26696147534435
1824 224.26696147534435
1825 224.26696147534435
1826 224.26696147534435
1827 224.26696147534435
1828 224.26696147534435
1829 224.26696147534435
1830 224.26696147534435
1831 224.26696147534435
1832 224.26696147534435
1833 224.26696147534435
1834 224.26696147534435
1835 224.26696147534435
1836 224.26696147534435
1837 224.26696147534435
1838 224.26696147534435
1839 224.26696147534435
1840 225.3840404189876
1841 225.3840404189876
1842 225.3840404189876
1843 225.3840404189876
1844 225.3840404189876
1845 225.3840404189876
1846 225.3840404189876
1847 225.3840404189876
1848 225.3840404189876
1849 225.3840404189876
1850 225.3840404189876
1851 225.3840404189876
1852 225.3840404189876
1853 225.3840404189876
1854 225.3840404189876
1855 225.3840404189876
1856 225.3840404189876
1857 225.3840404189876
1858 225.3840404189876
1859 225.3840404189876
1860 225.3840404189876
1861 225.3840404189876
1862 225.3840404189876
1863 225.3840404189876
1864 225.3840404189876
1865 225.3840404189876
1866 225.3840404189876
1867 225.3840404189876
1868 225.3840404189876
1869 225.3840404189876
1870 225.3840404189876
1871 225.3840404189876
1872 225.3840404189876
1873 225.3840404189876
1874 225.3840404189876
1875 225.3840404189876
1876 225.3840404189876
1877 225.3840404189876
1878 225.3840404189876
1879 225.3840404189876
1880 225.3840404189876
1881 225.3840404189876
1882 225.3840404189876
1883 225.3840404189876
1884 225.3840404189876
1885 225.3840404189876
1886 225.3840404189876
1887 225.3840404189876
1888 225.3840404189876
1889 225.3840404189876
1890 225.3840404189876
1891 225.3840404189876
1892 225.3840404189876
1893 225.3840404189876
1894 225.3840404189876
1895 225.3840404189876
1896 225.3840404189876
1897 225.3840404189876
1898 225.3840404189876
1899 225.3840404189876
1900 225.3840404189876
1901 225.3840404189876
1902 225.3840404189876
1903 225.3840404189876
1904 225.3840404189876
1905 225.3840404189876
1906 225.3840404189876
1907 225.3840404189876
1908 225.3840404189876
1909 225.3840404189876
1910 225.3840404189876
1911 225.3840404189876
1912 225.3840404189876
1913 225.3840404189876
1914 225.3840404189876
1915 225.3840404189876
1916 225.3840404189876
1917 225.3840404189876
1918 225.3840404189876
1919 225.3840404189876
1920 225.3840404189876
1921 225.3840404189876
1922 225.3840404189876
1923 225.3840404189876
1924 225.3840404189876
1925 225.3840404189876
1926 225.3840404189876
1927 225.3840404189876
1928 225.3840404189876
1929 225.3840404189876
1930 225.3840404189876
1931 225.3840404189876
1932 225.3840404189876
1933 225.3840404189876
1934 225.3840404189876
1935 225.3840404189876
1936 225.3840404189876
1937 225.3840404189876
1938 225.3840404189876
1939 225.3840404189876
1940 225.3840404189876
1941 225.3840404189876
1942 225.3840404189876
1943 225.3840404189876
1944 225.3840404189876
1945 225.3840404189876
1946 225.3840404189876
1947 225.3840404189876
1948 225.3840404189876
1949 225.3840404189876
1950 225.3840404189876
1951 225.3840404189876
1952 225.3840404189876
1953 225.3840404189876
1954 225.3840404189876
1955 225.3840404189876
1956 225.3840404189876
1957 225.3840404189876
1958 225.3840404189876
1959 225.3840404189876
1960 225.3840404189876
1961 225.3840404189876
1962 225.3840404189876
1963 225.3840404189876
1964 225.3840404189876
1965 225.3840404189876
1966 225.3840404189876
1967 225.3840404189876
1968 225.3840404189876
1969 225.3840404189876
1970 225.3840404189876
1971 225.3840404189876
1972 225.3840404189876
1973 225.3840404189876
1974 225.3840404189876
1975 225.3840404189876
1976 225.3840404189876
1977 225.3840404189876
1978 225.3840404189876
1979 225.3840404189876
1980 225.3840404189876
1981 225.3840404189876
1982 225.3840404189876
1983 225.3840404189876
1984 225.3840404189876
1985 225.3840404189876
1986 225.3840404189876
1987 225.3840404189876
1988 225.3840404189876
1989 225.3840404189876
1990 225.3840404189876
1991 225.3840404189876
1992 225.3840404189876
1993 225.3840404189876
1994 225.3840404189876
1995 225.3840404189876
1996 225.3840404189876
1997 225.3840404189876
1998 225.3840404189876
1999 225.3840404189876
