0 -101.03272327130458
1 -85.89901497058561
2 -11.964476070741643
3 -11.964476070741643
4 -11.964476070741643
5 63.234798765381164
6 63.234798765381164
7 63.234798765381164
8 63.234798765381164
9 63.234798765381164
10 63.234798765381164
11 63.234798765381164
12 63.234798765381164
13 63.234798765381164
14 63.234798765381164
15 63.234798765381164
16 63.234798765381164
17 67.07767291133314
18 67.07767291133314
19 75.8810602269719
20 75.8810602269719
21 75.8810602269719
22 75.8810602269719
23 75.8810602269719
24 100.02530533793983
25 100.02530533793983
26 100.02530533793983
27 104.87401721721831
28 104.87401721721831
29 104.87401721721831
30 104.87401721721831
31 104.87401721721831
32 121.4693271775656
33 141.66431850203352
34 141.66431850203352
35 141.66431850203352
36 141.66431850203352
37 141.66431850203352
38 141.66431850203352
39 141.66431850203352
40 144.35791510088794
41 144.35791510088794
42 144.35791510088794
43 144.35791510088794
44 144.35791510088794
45 144.35791510088794
46 144.35791510088794
47 144.35791510088794
48 144.35791510088794
49 144.35791510088794
50 144.35791510088794
51 144.35791510088794
52 144.35791510088794
53 144.35791510088794
54 144.35791510088794
55 144.35791510088794
56 144.35791510088794
57 144.35791510088794
58 189.71957244242742
59 189.71957244242742
60 189.71957244242742
61 189.71957244242742
62 189.71957244242742
63 189.71957244242742
64 189.71957244242742
65 189.71957244242742
66 189.71957244242742
67 189.71957244242742
68 189.71957244242742
69 189.71957244242742
70 189.71957244242742
71 189.71957244242742
72 189.71957244242742
73 189.71957244242742
74 193.1862065147149
75 193.1862065147149
76 193.1862065147149
77 193.1862065147149
78 193.1862065147149
79 193.1862065147149
80 199.76147352134336
81 199.76147352134336
82 199.76147352134336
83 199.76147352134336
84 199.76147352134336
85 199.76147352134336
86 199.76147352134336
87 199.76147352134336
88 199.76147352134336
89 199.76147352134336
90 199.76147352134336
91 199.76147352134336
92 199.76147352134336
93 208.73058358382985
94 208.73058358382985
95 208.73058358382985
96 208.73058358382985
97 208.73058358382985
98 208.73058358382985
99 208.73058358382985
100 208.73058358382985
101 208.73058358382985
102 208.73058358382985
103 208.73058358382985
104 208.73058358382985
105 208.73058358382985
106 208.73058358382985
107 208.73058358382985
108 208.73058358382985
109 208.73058358382985
110 208.73058358382985
111 208.73058358382985
112 208.73058358382985
113 208.73058358382985
114 208.73058358382985
115 208.73058358382985
116 208.73058358382985
117 208.73058358382985
118 208.73058358382985
119 208.73058358382985
120 208.73058358382985
121 208.73058358382985
122 208.73058358382985
123 208.73058358382985
124 208.73058358382985
125 208.73058358382985
126 208.73058358382985
127 208.73058358382985
128 208.73058358382985
129 208.73058358382985
130 208.73058358382985
131 208.73058358382985
132 208.73058358382985
133 208.73058358382985
134 208.73058358382985
135 208.73058358382985
136 208.73058358382985
137 208.73058358382985
138 208.73058358382985
139 208.73058358382985
140 208.73058358382985
141 208.73058358382985
142 208.73058358382985
143 208.73058358382985
144 208.73058358382985
145 208.73058358382985
146 208.73058358382985
147 208.73058358382985
148 208.73058358382985
149 208.73058358382985
150 208.73058358382985
151 208.73058358382985
152 208.73058358382985
153 208.73058358382985
154 208.73058358382985
155 208.73058358382985
156 208.73058358382985
157 208.73058358382985
158 208.73058358382985
159 208.73058358382985
160 208.73058358382985
161 208.73058358382985
162 208.73058358382985
163 208.73058358382985
164 208.73058358382985
165 208.73058358382985
166 208.73058358382985
167 208.73058358382985
168 208.73058358382985
169 208.73058358382985
170 208.73058358382985
171 208.73058358382985
172 208.73058358382985
173 208.73058358382985
174 208.73058358382985
175 208.73058358382985
176 208.73058358382985
177 208.73058358382985
178 208.73058358382985
179 208.73058358382985
180 208.73058358382985
181 208.73058358382985
182 208.73058358382985
183 208.73058358382985
184 208.73058358382985
185 223.51817251013938
186 223.51817251013938
187 223.51817251013938
188 223.51817251013938
189 223.51817251013938
190 223.51817251013938
191 223.51817251013938
192 223.51817251013938
193 223.51817251013938
194 223.51817251013938
195 223.51817251013938
196 223.51817251013938
197 223.51817251013938
198 223.51817251013938
199 223.51817251013938
200 233.8527922864202
201 233.8527922864202
202 233.8527922864202
203 233.8527922864202
204 233.8527922864202
205 233.8527922864202
206 233.8527922864202
207 233.8527922864202
208 233.8527922864202
209 233.8527922864202
210 233.8527922864202
211 233.8527922864202
212 233.8527922864202
213 233.8527922864202
214 233.8527922864202
215 251.54980021149143
216 251.54980021149143
217 251.54980021149143
218 251.54980021149143
219 251.54980021149143
220 251.54980021149143
221 251.54980021149143
222 251.54980021149143
223 251.54980021149143
224 251.54980021149143
225 251.54980021149143
226 251.54980021149143
227 251.54980021149143
228 251.54980021149143
229 251.54980021149143
230 251.54980021149143
231 251.54980021149143
232 251.54980021149143
233 251.54980021149143
234 251.54980021149143
235 251.54980021149143
236 251.54980021149143
237 251.54980021149143
238 251.54980021149143
239 251.54980021149143
240 251.54980021149143
241 251.54980021149143
242 251.54980021149143
243 251.54980021149143
244 251.54980021149143
245 251.54980021149143
246 251.54980021149143
247 251.54980021149143
248 251.54980021149143
249 251.54980021149143
250 251.54980021149143
251 251.54980021149143
252 251.54980021149143
253 251.54980021149143
254 251.54980021149143
255 251.54980021149143
256 251.54980021149143
257 251.54980021149143
258 251.54980021149143
259 251.54980021149143
260 251.54980021149143
261 251.54980021149143
262 251.54980021149143
263 251.54980021149143
264 251.54980021149143
265 251.54980021149143
266 251.54980021149143
267 251.54980021149143
268 251.54980021149143
269 251.54980021149143
270 251.54980021149143
271 251.54980021149143
272 251.54980021149143
273 251.54980021149143
274 251.54980021149143
275 251.54980021149143
276 251.54980021149143
277 251.54980021149143
278 251.54980021149143
279 251.54980021149143
280 251.54980021149143
281 251.54980021149143
282 251.54980021149143
283 251.54980021149143
284 251.54980021149143
285 251.54980021149143
286 251.54980021149143
287 251.54980021149143
288 251.54980021149143
289 251.54980021149143
290 251.54980021149143
291 251.54980021149143
292 251.54980021149143
293 251.54980021149143
294 251.54980021149143
295 251.54980021149143
296 251.54980021149143
297 255.2765593079692
298 255.2765593079692
299 255.2765593079692
300 255.2765593079692
301 255.2765593079692
302 255.2765593079692
303 255.2765593079692
304 255.2765593079692
305 255.2765593079692
306 255.2765593079692
307 255.2765593079692
308 255.2765593079692
309 255.2765593079692
310 255.2765593079692
311 255.2765593079692
312 255.2765593079692
313 255.2765593079692
314 255.2765593079692
315 255.2765593079692
316 255.2765593079692
317 255.2765593079692
318 255.2765593079692
319 255.2765593079692
320 255.2765593079692
321 255.2765593079692
322 255.2765593079692
323 255.2765593079692
324 255.2765593079692
325 255.2765593079692
326 255.2765593079692
327 255.2765593079692
328 255.2765593079692
329 255.2765593079692
330 255.2765593079692
331 255.2765593079692
332 255.2765593079692
333 255.2765593079692
334 255.2765593079692
335 255.2765593079692
336 255.2765593079692
337 255.2765593079692
338 255.2765593079692
339 255.2765593079692
340 255.2765593079692
341 255.2765593079692
342 255.2765593079692
343 255.2765593079692
344 255.2765593079692
345 255.2765593079692
346 255.2765593079692
347 255.2765593079692
348 255.2765593079692
349 255.2765593079692
350 255.2765593079692
351 255.2765593079692
352 255.2765593079692
353 255.2765593079692
354 255.2765593079692
355 255.2765593079692
356 255.2765593079692
357 255.2765593079692
358 255.2765593079692
359 255.2765593079692
360 255.2765593079692
361 255.2765593079692
362 255.2765593079692
363 255.2765593079692
364 255.2765593079692
365 255.2765593079692
366 255.2765593079692
367 255.2765593079692
368 255.2765593079692
369 255.2765593079692
370 255.2765593079692
371 255.2765593079692
372 255.2765593079692
373 255.2765593079692
374 255.2765593079692
375 255.2765593079692
376 255.2765593079692
377 255.2765593079692
378 255.2765593079692
379 255.2765593079692
380 255.2765593079692
381 255.2765593079692
382 255.2765593079692
383 255.2765593079692
384 255.2765593079692
385 255.2765593079692
386 255.2765593079692
387 255.2765593079692
388 255.2765593079692
389 255.2765593079692
390 255.2765593079692
391 255.2765593079692
392 255.2765593079692
393 255.2765593079692
394 255.2765593079692
395 255.2765593079692
396 255.2765593079692
397 255.2765593079692
398 255.2765593079692
399 255.2765593079692
400 255.2765593079692
401 255.2765593079692
402 255.2765593079692
403 255.2765593079692
404 255.2765593079692
405 255.2765593079692
406 255.2765593079692
407 255.2765593079692
408 255.2765593079692
409 255.2765593079692
410 255.2765593079692
411 255.2765593079692
412 255.2765593079692
413 255.2765593079692
414 255.2765593079692
415 255.2765593079692
416 255.2765593079692
417 255.2765593079692
418 255.2765593079692
419 255.2765593079692
420 255.2765593079692
421 255.2765593079692
422 255.2765593079692
423 255.2765593079692
424 255.2765593079692
425 255.2765593079692
426 255.2765593079692
427 255.2765593079692
428 255.2765593079692
429 255.2765593079692
430 255.2765593079692
431 255.2765593079692
432 255.2765593079692
433 255.2765593079692
434 255.2765593079692
435 255.2765593079692
436 255.2765593079692
437 255.2765593079692
438 255.2765593079692
439 255.2765593079692
440 255.2765593079692
441 255.2765593079692
442 255.2765593079692
443 255.2765593079692
444 255.2765593079692
445 255.2765593079692
446 255.2765593079692
447 255.2765593079692
448 255.2765593079692
449 255.2765593079692
450 255.2765593079692
451 255.2765593079692
452 255.2765593079692
453 255.2765593079692
454 255.2765593079692
455 255.2765593079692
456 255.2765593079692
457 255.2765593079692
458 255.2765593079692
459 255.2765593079692
460 255.2765593079692
461 255.2765593079692
462 255.2765593079692
463 255.2765593079692
464 255.2765593079692
465 255.2765593079692
466 255.2765593079692
467 255.2765593079692
468 255.2765593079692
469 255.2765593079692
470 255.2765593079692
471 255.2765593079692
472 255.2765593079692
473 255.2765593079692
474 255.2765593079692
475 255.2765593079692
476 255.2765593079692
477 255.2765593079692
478 255.2765593079692
479 255.2765593079692
480 255.2765593079692
481 255.2765593079692
482 255.2765593079692
483 255.2765593079692
484 255.2765593079692
485 255.2765593079692
486 255.2765593079692
487 255.2765593079692
488 255.2765593079692
489 255.2765593079692
490 255.2765593079692
491 255.2765593079692
492 255.2765593079692
493 255.2765593079692
494 255.2765593079692
495 255.2765593079692
496 255.2765593079692
497 255.2765593079692
498 255.2765593079692
499 255.2765593079692
500 255.2765593079692
501 255.2765593079692
502 255.2765593079692
503 255.2765593079692
504 255.2765593079692
505 255.2765593079692
506 255.2765593079692
507 255.2765593079692
508 255.38000891294544
509 255.38000891294544
510 255.38000891294544
511 255.38000891294544
512 255.38000891294544
513 255.38000891294544
514 255.38000891294544
515 255.38000891294544
516 255.38000891294544
517 255.38000891294544
518 255.38000891294544
519 255.38000891294544
520 255.38000891294544
521 255.38000891294544
522 255.38000891294544
523 255.38000891294544
524 255.38000891294544
525 255.38000891294544
526 255.38000891294544
527 255.38000891294544
528 255.38000891294544
529 255.38000891294544
530 255.38000891294544
531 255.38000891294544
532 255.6076552889032
533 255.6076552889032
534 255.6076552889032
535 255.6076552889032
536 255.6076552889032
537 255.6076552889032
538 257.2124850081988
539 257.2124850081988
540 257.2124850081988
541 257.2124850081988
542 257.2124850081988
543 257.2124850081988
544 257.2124850081988
545 257.2124850081988
546 257.2124850081988
547 257.2124850081988
548 257.2124850081988
549 257.2124850081988
550 257.2124850081988
551 257.2124850081988
552 257.2124850081988
553 257.2124850081988
554 257.2124850081988
555 257.2124850081988
556 257.2124850081988
557 257.2124850081988
558 257.2124850081988
559 257.2124850081988
560 257.2124850081988
561 257.2124850081988
562 257.2124850081988
563 257.2124850081988
564 257.2124850081988
565 257.2124850081988
566 257.2124850081988
567 257.2124850081988
568 257.2124850081988
569 257.2124850081988
570 257.2124850081988
571 257.2124850081988
572 257.2124850081988
573 257.2124850081988
574 257.2124850081988
575 257.2124850081988
576 257.2124850081988
577 257.2124850081988
578 257.2124850081988
579 257.2124850081988
580 257.2124850081988
581 257.2124850081988
582 257.2124850081988
583 257.2124850081988
584 257.2124850081988
585 257.2124850081988
586 257.2124850081988
587 257.2124850081988
588 257.2124850081988
589 257.2124850081988
590 257.2124850081988
591 257.2124850081988
592 257.2124850081988
593 257.2124850081988
594 257.2124850081988
595 257.2124850081988
596 257.2124850081988
597 257.2124850081988
598 257.2124850081988
599 257.2124850081988
600 257.2124850081988
601 257.2124850081988
602 257.2124850081988
603 257.2124850081988
604 257.2124850081988
605 257.2124850081988
606 257.2124850081988
607 257.2124850081988
608 257.2124850081988
609 257.2124850081988
610 257.2124850081988
611 257.2124850081988
612 257.2124850081988
613 257.2124850081988
614 257.2124850081988
615 257.2124850081988
616 257.2124850081988
617 257.2124850081988
618 257.2124850081988
619 257.2124850081988
620 257.2124850081988
621 257.2124850081988
622 257.2124850081988
623 257.2124850081988
624 257.2124850081988
625 257.2124850081988
626 257.2124850081988
627 257.2124850081988
628 257.2124850081988
629 257.2124850081988
630 257.2124850081988
631 257.2124850081988
632 257.2124850081988
633 257.2124850081988
634 257.2124850081988
635 257.2124850081988
636 257.2124850081988
637 257.2124850081988
638 257.2124850081988
639 257.2124850081988
640 257.2124850081988
641 257.2124850081988
642 257.2124850081988
643 257.2124850081988
644 257.2124850081988
645 257.2124850081988
646 257.2124850081988
647 257.2124850081988
648 257.2124850081988
649 257.2124850081988
650 257.2124850081988
651 257.2124850081988
652 257.2124850081988
653 257.2124850081988
654 260.3360315068301
655 260.3360315068301
656 260.3360315068301
657 260.3360315068301
658 260.3360315068301
659 260.3360315068301
660 260.3360315068301
661 260.3360315068301
662 260.3360315068301
663 260.3360315068301
664 260.3360315068301
665 260.3360315068301
666 260.3360315068301
667 260.3360315068301
668 260.3360315068301
669 260.3360315068301
670 260.3360315068301
671 260.3360315068301
672 260.3360315068301
673 260.3360315068301
674 260.3360315068301
675 260.3360315068301
676 260.3360315068301
677 260.3360315068301
678 260.3360315068301
679 260.3360315068301
680 260.3360315068301
681 260.3360315068301
682 260.3360315068301
683 260.3360315068301
684 260.3360315068301
685 260.3360315068301
686 260.3360315068301
687 260.3360315068301
688 260.3360315068301
689 260.3360315068301
690 260.3360315068301
691 260.3360315068301
692 260.3360315068301
693 260.3360315068301
694 260.3360315068301
695 260.3360315068301
696 260.3360315068301
697 260.3360315068301
698 260.3360315068301
699 260.3360315068301
700 260.3360315068301
701 260.3360315068301
702 260.3360315068301
703 260.3360315068301
704 260.3360315068301
705 260.3360315068301
706 260.3360315068301
707 260.3360315068301
708 260.3360315068301
709 260.3360315068301
710 260.3360315068301
711 260.3360315068301
712 260.3360315068301
713 260.3360315068301
714 260.3360315068301
715 260.3360315068301
716 260.3360315068301
717 260.3360315068301
718 260.3360315068301
719 260.3360315068301
720 260.3360315068301
721 260.3360315068301
722 260.3360315068301
723 260.3360315068301
724 260.3360315068301
725 260.3360315068301
726 260.3360315068301
727 260.3360315068301
728 260.3360315068301
729 260.3360315068301
730 260.3360315068301
731 260.3360315068301
732 260.3360315068301
733 260.3360315068301
734 260.3360315068301
735 260.3360315068301
736 260.3360315068301
737 260.3360315068301
738 260.3360315068301
739 260.3360315068301
740 260.3360315068301
741 260.3360315068301
742 260.3360315068301
743 260.3360315068301
744 260.3360315068301
745 260.3360315068301
746 260.3360315068301
747 260.3360315068301
748 260.3360315068301
749 260.3360315068301
750 260.3360315068301
751 260.3360315068301
752 260.3360315068301
753 260.3360315068301
754 260.3360315068301
755 260.3360315068301
756 260.3360315068301
757 260.3360315068301
758 260.3360315068301
759 260.3360315068301
760 260.3360315068301
761 260.3360315068301
762 260.3360315068301
763 260.3360315068301
764 260.3360315068301
765 260.3360315068301
766 260.3360315068301
767 260.3360315068301
768 260.3360315068301
769 260.3360315068301
770 260.3360315068301
771 260.3360315068301
772 260.3360315068301
773 260.3360315068301
774 260.3360315068301
775 260.3360315068301
776 260.3360315068301
777 260.3360315068301
778 260.3360315068301
779 260.3360315068301
780 260.3360315068301
781 260.3360315068301
782 260.3360315068301
783 260.3360315068301
784 260.3360315068301
785 260.3360315068301
786 260.3360315068301
787 260.3360315068301
788 260.3360315068301
789 260.3360315068301
790 260.3360315068301
791 260.3360315068301
792 260.3360315068301
793 260.3360315068301
794 260.3360315068301
795 260.3360315068301
796 260.3360315068301
797 260.3360315068301
798 260.3360315068301
799 260.3360315068301
800 260.3360315068301
801 260.3360315068301
802 260.3360315068301
803 260.3360315068301
804 260.3360315068301
805 260.3360315068301
806 260.3360315068301
807 260.3360315068301
808 260.3360315068301
809 260.3360315068301
810 260.3360315068301
811 260.3360315068301
812 260.3360315068301
813 260.3360315068301
814 260.3360315068301
815 260.3360315068301
816 260.3360315068301
817 260.3360315068301
818 260.3360315068301
819 260.3360315068301
820 260.3360315068301
821 260.3360315068301
822 260.3360315068301
823 260.3360315068301
824 260.3360315068301
825 260.3360315068301
826 260.3360315068301
827 260.3360315068301
828 260.3360315068301
829 260.3360315068301
830 260.3360315068301
831 260.3360315068301
832 260.3360315068301
833 260.3360315068301
834 260.3360315068301
835 260.3360315068301
836 260.3360315068301
837 260.3360315068301
838 260.3360315068301
839 260.3360315068301
840 260.3360315068301
841 260.3360315068301
842 260.3360315068301
843 260.3360315068301
844 260.3360315068301
845 260.3360315068301
846 260.3360315068301
847 260.3360315068301
848 260.3360315068301
849 260.3360315068301
850 260.3360315068301
851 260.3360315068301
852 260.3360315068301
853 260.3360315068301
854 260.3360315068301
855 260.3360315068301
856 260.3360315068301
857 260.3360315068301
858 260.3360315068301
859 260.3360315068301
860 260.3360315068301
861 260.3360315068301
862 260.3360315068301
863 260.3360315068301
864 260.3360315068301
865 260.3360315068301
866 260.3360315068301
867 260.3360315068301
868 260.3360315068301
869 260.3360315068301
870 260.3360315068301
871 260.3360315068301
872 260.3360315068301
873 260.3360315068301
874 260.3360315068301
875 260.3360315068301
876 260.3360315068301
877 260.3360315068301
878 260.3360315068301
879 260.3360315068301
880 260.3360315068301
881 260.3360315068301
882 260.3360315068301
883 260.3360315068301
884 260.3360315068301
885 260.3360315068301
886 260.3360315068301
887 260.3360315068301
888 260.3360315068301
889 260.3360315068301
890 260.3360315068301
891 260.3360315068301
892 260.3360315068301
893 260.3360315068301
894 260.3360315068301
895 260.3360315068301
896 260.3360315068301
897 260.3360315068301
898 260.3360315068301
899 260.3360315068301
900 260.3360315068301
901 260.3360315068301
902 260.3360315068301
903 260.3360315068301
904 260.3360315068301
905 260.3360315068301
906 260.3360315068301
907 260.3360315068301
908 260.3360315068301
909 260.3360315068301
910 260.3360315068301
911 260.3360315068301
912 260.3360315068301
913 260.3360315068301
914 260.3360315068301
915 260.3360315068301
916 260.3360315068301
917 260.3360315068301
918 260.3360315068301
919 260.3360315068301
920 260.3360315068301
921 260.3360315068301
922 260.3360315068301
923 260.3360315068301
924 260.3360315068301
925 260.3360315068301
926 260.3360315068301
927 260.3360315068301
928 260.3360315068301
929 260.3360315068301
930 260.3360315068301
931 260.3360315068301
932 260.3360315068301
933 260.3360315068301
934 260.3360315068301
935 260.3360315068301
936 260.3360315068301
937 260.3360315068301
938 260.3360315068301
939 260.3360315068301
940 260.3360315068301
941 260.3360315068301
942 260.3360315068301
943 260.3360315068301
944 260.3360315068301
945 260.3360315068301
946 260.3360315068301
947 260.3360315068301
948 260.3360315068301
949 260.3360315068301
950 260.3360315068301
951 260.3360315068301
952 260.3360315068301
953 260.3360315068301
954 260.3360315068301
955 260.3360315068301
956 260.3360315068301
957 260.3360315068301
958 260.3360315068301
959 260.3360315068301
960 260.3360315068301
961 260.3360315068301
962 260.3360315068301
963 260.3360315068301
964 260.3360315068301
965 260.3360315068301
966 260.3360315068301
967 260.3360315068301
968 260.3360315068301
969 260.3360315068301
970 260.3360315068301
971 260.3360315068301
972 260.3360315068301
973 260.3360315068301
974 260.3360315068301
975 260.3360315068301
976 260.3360315068301
977 260.3360315068301
978 260.3360315068301
979 260.3360315068301
980 260.3360315068301
981 260.3360315068301
982 260.3360315068301
983 260.3360315068301
984 260.3360315068301
985 260.3360315068301
986 260.3360315068301
987 260.3360315068301
988 260.3360315068301
989 260.3360315068301
990 260.3360315068301
991 260.3360315068301
992 260.3360315068301
993 260.3360315068301
994 260.3360315068301
995 260.3360315068301
996 260.3360315068301
997 260.3360315068301
998 260.3360315068301
999 260.3360315068301
1000 260.3360315068301
1001 260.3360315068301
1002 260.3360315068301
1003 260.3360315068301
1004 260.3360315068301
1005 260.3360315068301
1006 260.3360315068301
1007 260.3360315068301
1008 260.3360315068301
1009 260.3360315068301
1010 260.3360315068301
1011 260.3360315068301
1012 260.3360315068301
1013 260.3360315068301
1014 260.3360315068301
1015 260.3360315068301
1016 260.3360315068301
1017 260.3360315068301
1018 260.3360315068301
1019 260.3360315068301
1020 260.3360315068301
1021 260.3360315068301
1022 260.3360315068301
1023 260.3360315068301
1024 260.3360315068301
1025 260.3360315068301
1026 260.3360315068301
1027 260.3360315068301
1028 260.3360315068301
1029 260.3360315068301
1030 260.3360315068301
1031 260.3360315068301
1032 260.3360315068301
1033 260.3360315068301
1034 260.3360315068301
1035 260.3360315068301
1036 260.3360315068301
1037 260.3360315068301
1038 260.3360315068301
1039 260.3360315068301
1040 260.3360315068301
1041 260.3360315068301
1042 260.3360315068301
1043 260.3360315068301
1044 260.3360315068301
1045 260.3360315068301
1046 260.3360315068301
1047 260.3360315068301
1048 260.3360315068301
1049 260.3360315068301
1050 260.3360315068301
1051 260.3360315068301
1052 260.3360315068301
1053 260.3360315068301
1054 260.3360315068301
1055 260.3360315068301
1056 260.3360315068301
1057 260.3360315068301
1058 260.3360315068301
1059 260.3360315068301
1060 260.3360315068301
1061 260.3360315068301
1062 260.3360315068301
1063 260.3360315068301
1064 260.3360315068301
1065 260.3360315068301
1066 260.3360315068301
1067 260.3360315068301
1068 260.3360315068301
1069 260.3360315068301
1070 260.3360315068301
1071 260.3360315068301
1072 260.3360315068301
1073 260.3360315068301
1074 260.3360315068301
1075 260.3360315068301
1076 260.3360315068301
1077 260.3360315068301
1078 260.3360315068301
1079 260.3360315068301
1080 260.3360315068301
1081 260.3360315068301
1082 260.3360315068301
1083 260.3360315068301
1084 260.3360315068301
1085 260.3360315068301
1086 260.3360315068301
1087 260.3360315068301
1088 260.3360315068301
1089 260.3360315068301
1090 260.3360315068301
1091 260.3360315068301
1092 260.3360315068301
1093 260.3360315068301
1094 260.3360315068301
1095 260.3360315068301
1096 260.3360315068301
1097 260.3360315068301
1098 260.3360315068301
1099 260.3360315068301
1100 260.3360315068301
1101 260.3360315068301
1102 260.3360315068301
1103 260.3360315068301
1104 260.3360315068301
1105 260.3360315068301
1106 260.3360315068301
1107 260.3360315068301
1108 260.3360315068301
1109 260.3360315068301
1110 260.3360315068301
1111 260.3360315068301
1112 260.3360315068301
1113 260.3360315068301
1114 260.3360315068301
1115 260.3360315068301
1116 260.3360315068301
1117 260.3360315068301
1118 260.3360315068301
1119 260.3360315068301
1120 260.3360315068301
1121 260.3360315068301
1122 260.3360315068301
1123 260.3360315068301
1124 260.3360315068301
1125 260.3360315068301
1126 260.3360315068301
1127 260.3360315068301
1128 260.3360315068301
1129 260.3360315068301
1130 260.3360315068301
1131 260.3360315068301
1132 260.3360315068301
1133 260.3360315068301
1134 260.3360315068301
1135 260.3360315068301
1136 260.3360315068301
1137 260.3360315068301
1138 260.3360315068301
1139 260.3360315068301
1140 260.3360315068301
1141 260.3360315068301
1142 260.3360315068301
1143 260.3360315068301
1144 260.3360315068301
1145 260.3360315068301
1146 260.3360315068301
1147 260.3360315068301
1148 260.3360315068301
1149 260.3360315068301
1150 260.3360315068301
1151 260.3360315068301
1152 260.3360315068301
1153 260.3360315068301
1154 260.3360315068301
1155 260.3360315068301
1156 260.3360315068301
1157 260.3360315068301
1158 260.3360315068301
1159 260.3360315068301
1160 260.3360315068301
1161 260.3360315068301
1162 260.3360315068301
1163 260.3360315068301
1164 260.3360315068301
1165 260.3360315068301
1166 260.3360315068301
1167 260.3360315068301
1168 260.3360315068301
1169 260.3360315068301
1170 260.3360315068301
1171 260.3360315068301
1172 260.3360315068301
1173 260.3360315068301
1174 260.3360315068301
1175 260.3360315068301
1176 260.3360315068301
1177 260.3360315068301
1178 260.3360315068301
1179 260.3360315068301
1180 260.3360315068301
1181 260.3360315068301
1182 260.3360315068301
1183 260.3360315068301
1184 260.3360315068301
1185 260.3360315068301
1186 260.3360315068301
1187 260.3360315068301
1188 260.3360315068301
1189 260.3360315068301
1190 260.3360315068301
1191 260.3360315068301
1192 260.3360315068301
1193 260.3360315068301
1194 260.3360315068301
1195 260.3360315068301
1196 260.3360315068301
1197 260.3360315068301
1198 260.3360315068301
1199 260.3360315068301
1200 260.3360315068301
1201 260.3360315068301
1202 260.3360315068301
1203 260.3360315068301
1204 260.3360315068301
1205 260.3360315068301
1206 260.3360315068301
1207 260.3360315068301
1208 260.3360315068301
1209 260.3360315068301
1210 260.3360315068301
1211 260.3360315068301
1212 260.3360315068301
1213 260.3360315068301
1214 260.3360315068301
1215 260.3360315068301
1216 260.3360315068301
1217 260.3360315068301
1218 260.3360315068301
1219 260.3360315068301
1220 260.3360315068301
1221 260.3360315068301
1222 260.3360315068301
1223 260.3360315068301
1224 260.3360315068301
1225 260.3360315068301
1226 260.3360315068301
1227 260.3360315068301
1228 260.3360315068301
1229 260.3360315068301
1230 260.3360315068301
1231 260.3360315068301
1232 260.3360315068301
1233 260.3360315068301
1234 260.3360315068301
1235 260.3360315068301
1236 260.3360315068301
1237 260.3360315068301
1238 260.3360315068301
1239 260.3360315068301
1240 260.3360315068301
1241 260.3360315068301
1242 260.3360315068301
1243 260.3360315068301
1244 260.3360315068301
1245 260.3360315068301
1246 260.3360315068301
1247 260.3360315068301
1248 260.3360315068301
1249 260.3360315068301
1250 260.3360315068301
1251 260.3360315068301
1252 260.3360315068301
1253 260.3360315068301
1254 260.3360315068301
1255 260.3360315068301
1256 260.3360315068301
1257 260.3360315068301
1258 261.6615956899867
1259 261.6615956899867
1260 261.6615956899867
1261 261.6615956899867
1262 261.6615956899867
1263 261.6615956899867
1264 261.6615956899867
1265 261.6615956899867
1266 261.6615956899867
1267 261.6615956899867
1268 261.6615956899867
1269 261.6615956899867
1270 261.6615956899867
1271 261.6615956899867
1272 261.6615956899867
1273 261.6615956899867
1274 261.6615956899867
1275 261.6615956899867
1276 261.6615956899867
1277 261.6615956899867
1278 261.6615956899867
1279 261.6615956899867
1280 261.6615956899867
1281 261.6615956899867
1282 261.6615956899867
1283 261.6615956899867
1284 261.6615956899867
1285 261.6615956899867
1286 261.6615956899867
1287 261.6615956899867
1288 261.6615956899867
1289 261.6615956899867
1290 261.6615956899867
1291 261.6615956899867
1292 261.6615956899867
1293 261.6615956899867
1294 261.6615956899867
1295 261.6615956899867
1296 261.6615956899867
1297 261.6615956899867
1298 261.6615956899867
1299 261.6615956899867
1300 261.6615956899867
1301 261.6615956899867
1302 261.6615956899867
1303 261.6615956899867
1304 261.6615956899867
1305 261.6615956899867
1306 261.6615956899867
1307 261.6615956899867
1308 261.6615956899867
1309 261.6615956899867
1310 261.6615956899867
1311 261.6615956899867
1312 261.6615956899867
1313 261.6615956899867
1314 261.6615956899867
1315 261.6615956899867
1316 261.6615956899867
1317 261.6615956899867
1318 261.6615956899867
1319 261.6615956899867
1320 261.6615956899867
1321 261.6615956899867
1322 261.6615956899867
1323 261.6615956899867
1324 261.6615956899867
1325 261.6615956899867
1326 261.6615956899867
1327 261.6615956899867
1328 261.6615956899867
1329 261.6615956899867
1330 261.6615956899867
1331 261.6615956899867
1332 261.6615956899867
1333 261.6615956899867
1334 261.6615956899867
1335 261.6615956899867
1336 261.6615956899867
1337 261.6615956899867
1338 261.6615956899867
1339 261.6615956899867
1340 261.6615956899867
1341 261.6615956899867
1342 261.6615956899867
1343 261.6615956899867
1344 261.6615956899867
1345 261.6615956899867
1346 261.6615956899867
1347 261.6615956899867
1348 261.6615956899867
1349 261.6615956899867
1350 261.6615956899867
1351 261.6615956899867
1352 261.6615956899867
1353 261.6615956899867
1354 261.6615956899867
1355 261.6615956899867
1356 261.6615956899867
1357 261.6615956899867
1358 261.6615956899867
1359 261.6615956899867
1360 261.6615956899867
1361 261.6615956899867
1362 261.6615956899867
1363 261.6615956899867
1364 261.6615956899867
1365 261.6615956899867
1366 261.6615956899867
1367 261.6615956899867
1368 261.6615956899867
1369 261.6615956899867
1370 261.6615956899867
1371 261.6615956899867
1372 261.6615956899867
1373 261.6615956899867
1374 261.6615956899867
1375 261.6615956899867
1376 261.6615956899867
1377 261.6615956899867
1378 261.6615956899867
1379 261.6615956899867
1380 261.6615956899867
1381 261.6615956899867
1382 261.6615956899867
1383 261.6615956899867
1384 261.6615956899867
1385 261.6615956899867
1386 261.6615956899867
1387 261.6615956899867
1388 261.6615956899867
1389 261.6615956899867
1390 261.6615956899867
1391 261.6615956899867
1392 261.6615956899867
1393 261.6615956899867
1394 261.6615956899867
1395 261.6615956899867
1396 261.6615956899867
1397 261.6615956899867
1398 261.6615956899867
1399 261.6615956899867
1400 261.6615956899867
1401 261.6615956899867
1402 261.6615956899867
1403 261.6615956899867
1404 261.6615956899867
1405 261.6615956899867
1406 261.6615956899867
1407 261.6615956899867
1408 261.6615956899867
1409 261.6615956899867
1410 261.6615956899867
1411 261.6615956899867
1412 261.6615956899867
1413 261.6615956899867
1414 261.6615956899867
1415 261.6615956899867
1416 261.6615956899867
1417 261.6615956899867
1418 261.6615956899867
1419 261.6615956899867
1420 261.6615956899867
1421 261.6615956899867
1422 261.6615956899867
1423 261.6615956899867
1424 261.6615956899867
1425 261.6615956899867
1426 261.6615956899867
1427 261.6615956899867
1428 261.6615956899867
1429 261.6615956899867
1430 261.6615956899867
1431 261.6615956899867
1432 261.6615956899867
1433 261.6615956899867
1434 261.6615956899867
1435 261.6615956899867
1436 261.6615956899867
1437 261.6615956899867
1438 261.6615956899867
1439 261.6615956899867
1440 261.6615956899867
1441 261.6615956899867
1442 261.6615956899867
1443 261.6615956899867
1444 261.6615956899867
1445 261.6615956899867
1446 261.6615956899867
1447 261.6615956899867
1448 261.6615956899867
1449 261.6615956899867
1450 261.6615956899867
1451 261.6615956899867
1452 261.6615956899867
1453 261.6615956899867
1454 261.6615956899867
1455 261.6615956899867
1456 261.6615956899867
1457 261.6615956899867
1458 261.6615956899867
1459 261.6615956899867
1460 261.6615956899867
1461 261.6615956899867
1462 261.6615956899867
1463 261.6615956899867
1464 261.6615956899867
1465 261.6615956899867
1466 261.6615956899867
1467 261.6615956899867
1468 261.6615956899867
1469 261.6615956899867
1470 261.6615956899867
1471 261.6615956899867
1472 261.6615956899867
1473 261.6615956899867
1474 261.6615956899867
1475 261.6615956899867
1476 261.6615956899867
1477 261.6615956899867
1478 261.6615956899867
1479 261.6615956899867
1480 261.6615956899867
1481 261.6615956899867
1482 261.6615956899867
1483 261.6615956899867
1484 261.6615956899867
1485 261.6615956899867
1486 261.6615956899867
1487 261.6615956899867
1488 261.6615956899867
1489 261.6615956899867
1490 261.6615956899867
1491 261.6615956899867
1492 261.6615956899867
1493 261.6615956899867
1494 261.6615956899867
1495 261.6615956899867
1496 261.6615956899867
1497 261.6615956899867
1498 261.6615956899867
1499 261.6615956899867
1500 261.6615956899867
1501 261.6615956899867
1502 261.6615956899867
1503 261.6615956899867
1504 261.6615956899867
1505 261.6615956899867
1506 261.6615956899867
1507 261.6615956899867
1508 261.6615956899867
1509 261.6615956899867
1510 261.6615956899867
1511 261.6615956899867
1512 261.6615956899867
1513 261.6615956899867
1514 261.6615956899867
1515 261.6615956899867
1516 261.6615956899867
1517 261.6615956899867
1518 261.6615956899867
1519 261.6615956899867
1520 261.6615956899867
1521 261.6615956899867
1522 261.6615956899867
1523 261.6615956899867
1524 261.6615956899867
1525 261.6615956899867
1526 261.6615956899867
1527 261.6615956899867
1528 261.6615956899867
1529 261.6615956899867
1530 261.6615956899867
1531 261.6615956899867
1532 261.6615956899867
1533 261.6615956899867
1534 261.6615956899867
1535 261.6615956899867
1536 261.6615956899867
1537 261.6615956899867
1538 261.6615956899867
1539 261.6615956899867
1540 261.6615956899867
1541 261.6615956899867
1542 261.6615956899867
1543 261.6615956899867
1544 261.6615956899867
1545 261.6615956899867
1546 261.6615956899867
1547 261.6615956899867
1548 261.6615956899867
1549 261.6615956899867
1550 261.6615956899867
1551 261.6615956899867
1552 261.6615956899867
1553 261.6615956899867
1554 261.6615956899867
1555 261.6615956899867
1556 261.6615956899867
1557 261.6615956899867
1558 261.6615956899867
1559 261.6615956899867
1560 261.6615956899867
1561 261.6615956899867
1562 261.6615956899867
1563 261.6615956899867
1564 261.6615956899867
1565 261.6615956899867
1566 261.6615956899867
1567 261.6615956899867
1568 261.6615956899867
1569 261.6615956899867
1570 261.6615956899867
1571 261.6615956899867
1572 261.6615956899867
1573 261.6615956899867
1574 261.6615956899867
1575 261.6615956899867
1576 261.6615956899867
1577 261.6615956899867
1578 261.6615956899867
1579 261.6615956899867
1580 261.6615956899867
1581 261.6615956899867
1582 261.6615956899867
1583 261.6615956899867
1584 261.6615956899867
1585 261.6615956899867
1586 261.6615956899867
1587 261.6615956899867
1588 261.6615956899867
1589 261.6615956899867
1590 261.6615956899867
1591 261.6615956899867
1592 261.6615956899867
1593 261.6615956899867
1594 261.6615956899867
1595 261.6615956899867
1596 261.6615956899867
1597 261.6615956899867
1598 261.6615956899867
1599 261.6615956899867
1600 261.6615956899867
1601 261.6615956899867
1602 261.6615956899867
1603 261.6615956899867
1604 261.6615956899867
1605 261.6615956899867
1606 261.6615956899867
1607 261.6615956899867
1608 261.6615956899867
1609 261.6615956899867
1610 261.6615956899867
1611 261.6615956899867
1612 261.6615956899867
1613 261.6615956899867
1614 261.6615956899867
1615 261.6615956899867
1616 261.6615956899867
1617 261.6615956899867
1618 261.6615956899867
1619 261.6615956899867
1620 261.6615956899867
1621 261.6615956899867
1622 261.6615956899867
1623 261.6615956899867
1624 261.6615956899867
1625 261.6615956899867
1626 261.6615956899867
1627 261.6615956899867
1628 261.6615956899867
1629 261.6615956899867
1630 261.6615956899867
1631 261.6615956899867
1632 261.6615956899867
1633 261.6615956899867
1634 261.6615956899867
1635 261.6615956899867
1636 261.6615956899867
1637 261.6615956899867
1638 261.6615956899867
1639 261.6615956899867
1640 261.6615956899867
1641 261.6615956899867
1642 261.6615956899867
1643 261.6615956899867
1644 261.6615956899867
1645 261.6615956899867
1646 261.6615956899867
1647 261.6615956899867
1648 261.6615956899867
1649 261.6615956899867
1650 261.6615956899867
1651 261.6615956899867
1652 261.6615956899867
1653 261.6615956899867
1654 261.6615956899867
1655 261.6615956899867
1656 261.6615956899867
1657 261.6615956899867
1658 261.6615956899867
1659 261.6615956899867
1660 261.6615956899867
1661 261.6615956899867
1662 261.6615956899867
1663 261.6615956899867
1664 261.6615956899867
1665 261.6615956899867
1666 261.6615956899867
1667 261.6615956899867
1668 261.6615956899867
1669 261.6615956899867
1670 261.6615956899867
1671 261.6615956899867
1672 261.6615956899867
1673 261.6615956899867
1674 261.6615956899867
1675 261.6615956899867
1676 261.6615956899867
1677 261.6615956899867
1678 261.6615956899867
1679 261.6615956899867
1680 261.6615956899867
1681 261.6615956899867
1682 261.6615956899867
1683 261.6615956899867
1684 261.6615956899867
1685 261.6615956899867
1686 261.6615956899867
1687 261.6615956899867
1688 261.6615956899867
1689 261.6615956899867
1690 261.6615956899867
1691 261.6615956899867
1692 261.6615956899867
1693 261.6615956899867
1694 261.6615956899867
1695 261.6615956899867
1696 261.6615956899867
1697 261.6615956899867
1698 261.6615956899867
1699 261.6615956899867
1700 261.6615956899867
1701 261.6615956899867
1702 261.6615956899867
1703 261.6615956899867
1704 261.6615956899867
1705 261.6615956899867
1706 261.6615956899867
1707 261.6615956899867
1708 261.6615956899867
1709 261.6615956899867
1710 261.6615956899867
1711 261.6615956899867
1712 261.6615956899867
1713 261.6615956899867
1714 261.6615956899867
1715 261.6615956899867
1716 261.6615956899867
1717 261.6615956899867
1718 261.6615956899867
1719 261.6615956899867
1720 261.6615956899867
1721 261.6615956899867
1722 261.6615956899867
1723 261.6615956899867
1724 261.6615956899867
1725 261.6615956899867
1726 261.6615956899867
1727 261.6615956899867
1728 261.6615956899867
1729 261.6615956899867
1730 261.6615956899867
1731 261.6615956899867
1732 261.6615956899867
1733 261.6615956899867
1734 261.6615956899867
1735 261.6615956899867
1736 261.6615956899867
1737 261.6615956899867
1738 261.6615956899867
1739 261.6615956899867
1740 261.6615956899867
1741 261.6615956899867
1742 261.6615956899867
1743 261.6615956899867
1744 261.6615956899867
1745 261.6615956899867
1746 261.6615956899867
1747 261.6615956899867
1748 261.6615956899867
1749 261.6615956899867
1750 261.6615956899867
1751 261.6615956899867
1752 261.6615956899867
1753 261.6615956899867
1754 261.6615956899867
1755 261.6615956899867
1756 261.6615956899867
1757 261.6615956899867
1758 261.6615956899867
1759 261.6615956899867
1760 261.6615956899867
1761 261.6615956899867
1762 261.6615956899867
1763 261.6615956899867
1764 261.6615956899867
1765 261.6615956899867
1766 261.6615956899867
1767 261.6615956899867
1768 261.6615956899867
1769 261.6615956899867
1770 261.6615956899867
1771 261.6615956899867
1772 261.6615956899867
1773 261.6615956899867
1774 261.6615956899867
1775 261.6615956899867
1776 261.6615956899867
1777 261.6615956899867
1778 261.6615956899867
1779 261.6615956899867
1780 261.6615956899867
1781 261.6615956899867
1782 261.6615956899867
1783 261.6615956899867
1784 261.6615956899867
1785 261.6615956899867
1786 261.6615956899867
1787 261.6615956899867
1788 261.6615956899867
1789 261.6615956899867
1790 261.6615956899867
1791 261.6615956899867
1792 261.6615956899867
1793 261.6615956899867
1794 261.6615956899867
1795 261.6615956899867
1796 261.6615956899867
1797 261.6615956899867
1798 261.6615956899867
1799 261.6615956899867
1800 261.6615956899867
1801 261.6615956899867
1802 261.6615956899867
1803 261.6615956899867
1804 261.6615956899867
1805 261.6615956899867
1806 261.6615956899867
1807 261.6615956899867
1808 261.6615956899867
1809 261.6615956899867
1810 261.6615956899867
1811 261.6615956899867
1812 261.6615956899867
1813 261.6615956899867
1814 261.6615956899867
1815 261.6615956899867
1816 261.6615956899867
1817 261.6615956899867
1818 261.6615956899867
1819 261.6615956899867
1820 261.6615956899867
1821 261.6615956899867
1822 261.6615956899867
1823 261.6615956899867
1824 261.6615956899867
1825 261.6615956899867
1826 261.6615956899867
1827 261.6615956899867
1828 261.6615956899867
1829 261.6615956899867
1830 261.6615956899867
1831 261.6615956899867
1832 261.6615956899867
1833 261.6615956899867
1834 261.6615956899867
1835 261.6615956899867
1836 261.6615956899867
1837 261.6615956899867
1838 261.6615956899867
1839 261.6615956899867
1840 261.6615956899867
1841 261.6615956899867
1842 261.6615956899867
1843 261.6615956899867
1844 261.6615956899867
1845 261.6615956899867
1846 261.6615956899867
1847 261.6615956899867
1848 261.6615956899867
1849 261.6615956899867
1850 261.6615956899867
1851 261.6615956899867
1852 261.6615956899867
1853 261.6615956899867
1854 261.6615956899867
1855 261.6615956899867
1856 261.6615956899867
1857 261.6615956899867
1858 261.6615956899867
1859 261.6615956899867
1860 261.6615956899867
1861 261.6615956899867
1862 261.6615956899867
1863 261.6615956899867
1864 261.6615956899867
1865 261.6615956899867
1866 261.6615956899867
1867 261.6615956899867
1868 261.6615956899867
1869 261.6615956899867
1870 261.6615956899867
1871 261.6615956899867
1872 261.6615956899867
1873 261.6615956899867
1874 261.6615956899867
1875 261.6615956899867
1876 261.6615956899867
1877 261.6615956899867
1878 261.6615956899867
1879 261.6615956899867
1880 261.6615956899867
1881 261.6615956899867
1882 261.6615956899867
1883 261.6615956899867
1884 261.6615956899867
1885 261.6615956899867
1886 261.6615956899867
1887 261.6615956899867
1888 261.6615956899867
1889 261.6615956899867
1890 261.6615956899867
1891 261.6615956899867
1892 261.6615956899867
1893 261.6615956899867
1894 261.6615956899867
1895 261.6615956899867
1896 261.6615956899867
1897 261.6615956899867
1898 261.6615956899867
1899 261.6615956899867
1900 261.6615956899867
1901 261.6615956899867
1902 261.6615956899867
1903 261.6615956899867
1904 261.6615956899867
1905 261.6615956899867
1906 261.6615956899867
1907 261.6615956899867
1908 261.6615956899867
1909 261.6615956899867
1910 261.6615956899867
1911 261.6615956899867
1912 261.6615956899867
1913 261.6615956899867
1914 261.6615956899867
1915 261.6615956899867
1916 261.6615956899867
1917 261.6615956899867
1918 261.6615956899867
1919 261.6615956899867
1920 261.6615956899867
1921 261.6615956899867
1922 261.6615956899867
1923 261.6615956899867
1924 261.6615956899867
1925 261.6615956899867
1926 261.6615956899867
1927 261.6615956899867
1928 261.6615956899867
1929 261.6615956899867
1930 261.6615956899867
1931 261.6615956899867
1932 261.6615956899867
1933 261.6615956899867
1934 261.6615956899867
1935 261.6615956899867
1936 261.6615956899867
1937 261.6615956899867
1938 261.6615956899867
1939 261.6615956899867
1940 261.6615956899867
1941 261.6615956899867
1942 261.6615956899867
1943 261.6615956899867
1944 261.6615956899867
1945 261.6615956899867
1946 261.6615956899867
1947 261.6615956899867
1948 261.6615956899867
1949 261.6615956899867
1950 261.6615956899867
1951 261.6615956899867
1952 261.6615956899867
1953 261.6615956899867
1954 261.6615956899867
1955 261.6615956899867
1956 261.6615956899867
1957 261.6615956899867
1958 261.6615956899867
1959 261.6615956899867
1960 261.6615956899867
1961 261.6615956899867
1962 261.6615956899867
1963 261.6615956899867
1964 261.6615956899867
1965 261.6615956899867
1966 261.6615956899867
1967 261.6615956899867
1968 261.6615956899867
1969 261.6615956899867
1970 261.6615956899867
1971 261.6615956899867
1972 261.6615956899867
1973 261.6615956899867
1974 261.6615956899867
1975 261.6615956899867
1976 261.6615956899867
1977 261.6615956899867
1978 261.6615956899867
1979 261.6615956899867
1980 261.6615956899867
1981 261.6615956899867
1982 261.6615956899867
1983 261.6615956899867
1984 261.6615956899867
1985 261.6615956899867
1986 261.6615956899867
1987 261.6615956899867
1988 261.6615956899867
1989 261.6615956899867
1990 261.6615956899867
1991 261.6615956899867
1992 261.6615956899867
1993 261.6615956899867
1994 261.6615956899867
1995 261.6615956899867
1996 261.6615956899867
1997 261.6615956899867
1998 261.6615956899867
1999 261.6615956899867
