0 -84.02990462746328
1 -84.02990462746328
2 -84.02990462746328
3 -84.02990462746328
4 -84.02990462746328
5 -82.38174395473587
6 -82.38174395473587
7 -82.38174395473587
8 -82.38174395473587
9 -82.38174395473587
10 -82.38174395473587
11 -82.38174395473587
12 -82.38174395473587
13 -82.38174395473587
14 -82.38174395473587
15 -82.38174395473587
16 -41.41761011326908
17 -41.41761011326908
18 -41.41761011326908
19 -7.922417208400929
20 24.24586011733271
21 24.24586011733271
22 24.24586011733271
23 24.24586011733271
24 24.24586011733271
25 24.24586011733271
26 32.86991629210999
27 40.53770727964866
28 40.53770727964866
29 40.53770727964866
30 69.54411423900537
31 69.54411423900537
32 69.54411423900537
33 69.54411423900537
34 69.54411423900537
35 69.54411423900537
36 69.54411423900537
37 69.54411423900537
38 69.54411423900537
39 69.54411423900537
40 69.54411423900537
41 69.54411423900537
42 69.54411423900537
43 69.54411423900537
44 69.54411423900537
45 69.54411423900537
46 69.54411423900537
47 69.54411423900537
48 69.54411423900537
49 86.88477576660858
50 86.88477576660858
51 86.88477576660858
52 86.88477576660858
53 86.88477576660858
54 86.88477576660858
55 93.08508432871342
56 97.73148743766191
57 97.73148743766191
58 97.73148743766191
59 97.73148743766191
60 97.73148743766191
61 106.26201324537946
62 106.26201324537946
63 106.26201324537946
64 111.58444708510339
65 111.58444708510339
66 111.58444708510339
67 111.58444708510339
68 111.58444708510339
69 111.58444708510339
70 111.58444708510339
71 111.58444708510339
72 111.58444708510339
73 111.58444708510339
74 111.58444708510339
75 111.58444708510339
76 111.58444708510339
77 111.58444708510339
78 111.58444708510339
79 111.58444708510339
80 111.58444708510339
81 111.58444708510339
82 111.58444708510339
83 111.58444708510339
84 116.10612039478903
85 116.10612039478903
86 116.10612039478903
87 116.10612039478903
88 116.10612039478903
89 116.10612039478903
90 116.10612039478903
91 116.40405237601098
92 116.40405237601098
93 116.40405237601098
94 116.40405237601098
95 116.40405237601098
96 116.40405237601098
97 116.40405237601098
98 129.44890982046337
99 139.18235587508656
100 139.18235587508656
101 139.18235587508656
102 139.18235587508656
103 139.18235587508656
104 139.18235587508656
105 139.18235587508656
106 139.18235587508656
107 139.18235587508656
108 139.18235587508656
109 139.18235587508656
110 139.18235587508656
111 139.18235587508656
112 139.18235587508656
113 139.18235587508656
114 139.18235587508656
115 139.18235587508656
116 139.18235587508656
117 139.18235587508656
118 139.18235587508656
119 139.18235587508656
120 139.18235587508656
121 139.18235587508656
122 139.18235587508656
123 139.18235587508656
124 139.18235587508656
125 139.18235587508656
126 140.88922813358732
127 140.88922813358732
128 140.88922813358732
129 140.88922813358732
130 141.86685170528497
131 141.86685170528497
132 146.62931564239284
133 146.62931564239284
134 146.62931564239284
135 163.60499923780569
136 163.60499923780569
137 163.60499923780569
138 163.60499923780569
139 163.60499923780569
140 163.60499923780569
141 163.60499923780569
142 163.60499923780569
143 163.60499923780569
144 163.60499923780569
145 163.60499923780569
146 163.60499923780569
147 163.60499923780569
148 163.60499923780569
149 163.60499923780569
150 163.60499923780569
151 163.60499923780569
152 163.60499923780569
153 163.60499923780569
154 163.60499923780569
155 163.60499923780569
156 163.60499923780569
157 163.60499923780569
158 163.60499923780569
159 163.60499923780569
160 163.60499923780569
161 163.60499923780569
162 163.60499923780569
163 163.60499923780569
164 163.60499923780569
165 163.60499923780569
166 163.60499923780569
167 163.60499923780569
168 163.60499923780569
169 163.60499923780569
170 163.60499923780569
171 163.60499923780569
172 163.60499923780569
173 163.60499923780569
174 163.60499923780569
175 163.60499923780569
176 163.60499923780569
177 178.83648251282523
178 178.83648251282523
179 178.83648251282523
180 178.83648251282523
181 178.83648251282523
182 178.83648251282523
183 178.83648251282523
184 178.83648251282523
185 178.83648251282523
186 178.83648251282523
187 178.83648251282523
188 178.83648251282523
189 178.83648251282523
190 178.83648251282523
191 178.83648251282523
192 178.83648251282523
193 178.83648251282523
194 178.83648251282523
195 178.83648251282523
196 178.83648251282523
197 178.83648251282523
198 178.83648251282523
199 178.83648251282523
200 178.83648251282523
201 178.83648251282523
202 178.83648251282523
203 178.83648251282523
204 178.83648251282523
205 178.83648251282523
206 178.83648251282523
207 178.83648251282523
208 178.83648251282523
209 178.83648251282523
210 178.83648251282523
211 178.83648251282523
212 178.83648251282523
213 178.83648251282523
214 178.83648251282523
215 178.83648251282523
216 178.83648251282523
217 178.83648251282523
218 178.83648251282523
219 178.83648251282523
220 178.83648251282523
221 178.83648251282523
222 178.83648251282523
223 178.83648251282523
224 178.83648251282523
225 178.83648251282523
226 178.83648251282523
227 178.83648251282523
228 178.83648251282523
229 178.83648251282523
230 178.83648251282523
231 178.83648251282523
232 178.83648251282523
233 178.83648251282523
234 178.83648251282523
235 178.83648251282523
236 178.83648251282523
237 178.83648251282523
238 178.83648251282523
239 178.83648251282523
240 178.83648251282523
241 178.83648251282523
242 178.83648251282523
243 178.83648251282523
244 178.83648251282523
245 178.83648251282523
246 178.83648251282523
247 178.83648251282523
248 178.83648251282523
249 178.83648251282523
250 178.83648251282523
251 178.83648251282523
252 178.83648251282523
253 178.83648251282523
254 178.83648251282523
255 178.83648251282523
256 178.83648251282523
257 178.83648251282523
258 178.83648251282523
259 178.83648251282523
260 178.83648251282523
261 178.83648251282523
262 178.83648251282523
263 178.83648251282523
264 178.83648251282523
265 178.83648251282523
266 178.83648251282523
267 178.83648251282523
268 178.83648251282523
269 178.83648251282523
270 178.83648251282523
271 178.83648251282523
272 178.83648251282523
273 178.83648251282523
274 178.83648251282523
275 178.83648251282523
276 178.83648251282523
277 178.83648251282523
278 178.83648251282523
279 178.83648251282523
280 178.83648251282523
281 178.83648251282523
282 178.83648251282523
283 178.83648251282523
284 178.83648251282523
285 178.83648251282523
286 178.83648251282523
287 178.83648251282523
288 178.83648251282523
289 178.83648251282523
290 178.83648251282523
291 178.83648251282523
292 178.83648251282523
293 178.83648251282523
294 178.83648251282523
295 178.83648251282523
296 178.83648251282523
297 178.83648251282523
298 178.83648251282523
299 178.83648251282523
300 178.83648251282523
301 178.83648251282523
302 178.83648251282523
303 178.83648251282523
304 178.83648251282523
305 178.83648251282523
306 178.83648251282523
307 178.83648251282523
308 178.83648251282523
309 178.83648251282523
310 178.83648251282523
311 178.83648251282523
312 178.83648251282523
313 178.83648251282523
314 178.83648251282523
315 178.83648251282523
316 178.83648251282523
317 178.83648251282523
318 178.83648251282523
319 178.83648251282523
320 178.83648251282523
321 178.83648251282523
322 178.83648251282523
323 178.83648251282523
324 178.83648251282523
325 178.83648251282523
326 178.83648251282523
327 178.83648251282523
328 178.83648251282523
329 178.83648251282523
330 178.83648251282523
331 178.83648251282523
332 178.83648251282523
333 178.83648251282523
334 178.83648251282523
335 178.83648251282523
336 178.83648251282523
337 178.83648251282523
338 178.83648251282523
339 178.83648251282523
340 178.83648251282523
341 178.83648251282523
342 178.83648251282523
343 178.83648251282523
344 178.83648251282523
345 178.83648251282523
346 178.83648251282523
347 178.83648251282523
348 178.83648251282523
349 178.83648251282523
350 178.83648251282523
351 178.83648251282523
352 178.83648251282523
353 178.83648251282523
354 178.83648251282523
355 178.83648251282523
356 178.83648251282523
357 178.83648251282523
358 178.83648251282523
359 178.83648251282523
360 178.83648251282523
361 178.83648251282523
362 178.83648251282523
363 178.83648251282523
364 178.83648251282523
365 178.83648251282523
366 178.83648251282523
367 178.83648251282523
368 178.83648251282523
369 178.83648251282523
370 178.83648251282523
371 178.83648251282523
372 178.83648251282523
373 178.83648251282523
374 178.83648251282523
375 178.83648251282523
376 178.83648251282523
377 178.83648251282523
378 178.83648251282523
379 178.83648251282523
380 178.83648251282523
381 178.83648251282523
382 178.83648251282523
383 178.83648251282523
384 178.83648251282523
385 178.83648251282523
386 178.83648251282523
387 178.83648251282523
388 178.83648251282523
389 178.83648251282523
390 178.83648251282523
391 178.83648251282523
392 178.83648251282523
393 178.83648251282523
394 178.83648251282523
395 178.83648251282523
396 178.83648251282523
397 178.83648251282523
398 178.83648251282523
399 178.83648251282523
400 178.83648251282523
401 178.83648251282523
402 178.83648251282523
403 178.83648251282523
404 178.83648251282523
405 178.83648251282523
406 178.83648251282523
407 178.83648251282523
408 178.83648251282523
409 178.83648251282523
410 178.83648251282523
411 178.83648251282523
412 178.83648251282523
413 178.83648251282523
414 178.83648251282523
415 178.83648251282523
416 178.83648251282523
417 178.83648251282523
418 178.83648251282523
419 178.83648251282523
420 178.83648251282523
421 178.83648251282523
422 178.83648251282523
423 178.83648251282523
424 178.83648251282523
425 178.83648251282523
426 178.83648251282523
427 178.83648251282523
428 178.83648251282523
429 178.83648251282523
430 178.83648251282523
431 178.83648251282523
432 178.83648251282523
433 178.83648251282523
434 178.83648251282523
435 178.83648251282523
436 178.83648251282523
437 178.83648251282523
438 178.83648251282523
439 178.83648251282523
440 178.83648251282523
441 178.83648251282523
442 178.83648251282523
443 178.83648251282523
444 178.83648251282523
445 178.83648251282523
446 178.83648251282523
447 178.83648251282523
448 178.83648251282523
449 178.83648251282523
450 178.83648251282523
451 178.83648251282523
452 178.83648251282523
453 178.83648251282523
454 178.83648251282523
455 178.83648251282523
456 178.83648251282523
457 178.83648251282523
458 178.83648251282523
459 178.83648251282523
460 178.83648251282523
461 178.83648251282523
462 178.83648251282523
463 178.83648251282523
464 178.83648251282523
465 178.83648251282523
466 178.83648251282523
467 178.83648251282523
468 178.83648251282523
469 178.83648251282523
470 178.83648251282523
471 178.83648251282523
472 178.83648251282523
473 178.83648251282523
474 178.83648251282523
475 178.83648251282523
476 178.83648251282523
477 178.83648251282523
478 178.83648251282523
479 178.83648251282523
480 178.83648251282523
481 178.83648251282523
482 178.83648251282523
483 178.83648251282523
484 178.83648251282523
485 178.83648251282523
486 178.83648251282523
487 178.83648251282523
488 178.83648251282523
489 178.83648251282523
490 178.83648251282523
491 178.83648251282523
492 178.83648251282523
493 178.83648251282523
494 178.83648251282523
495 178.83648251282523
496 178.83648251282523
497 178.83648251282523
498 178.83648251282523
499 178.83648251282523
500 178.83648251282523
501 178.83648251282523
502 178.83648251282523
503 178.83648251282523
504 178.83648251282523
505 178.83648251282523
506 178.83648251282523
507 178.83648251282523
508 178.83648251282523
509 178.83648251282523
510 178.83648251282523
511 178.83648251282523
512 178.83648251282523
513 178.83648251282523
514 178.83648251282523
515 178.83648251282523
516 178.83648251282523
517 178.83648251282523
518 178.83648251282523
519 178.83648251282523
520 178.83648251282523
521 178.83648251282523
522 178.83648251282523
523 178.83648251282523
524 178.83648251282523
525 178.83648251282523
526 178.83648251282523
527 178.83648251282523
528 178.83648251282523
529 178.83648251282523
530 178.83648251282523
531 178.83648251282523
532 178.83648251282523
533 178.83648251282523
534 178.83648251282523
535 178.83648251282523
536 178.83648251282523
537 178.83648251282523
538 178.83648251282523
539 178.83648251282523
540 178.83648251282523
541 178.83648251282523
542 178.83648251282523
543 178.83648251282523
544 178.83648251282523
545 178.83648251282523
546 178.83648251282523
547 178.83648251282523
548 178.83648251282523
549 178.83648251282523
550 178.83648251282523
551 178.83648251282523
552 178.83648251282523
553 178.83648251282523
554 178.83648251282523
555 178.83648251282523
556 178.83648251282523
557 178.83648251282523
558 178.83648251282523
559 178.83648251282523
560 178.83648251282523
561 178.83648251282523
562 178.83648251282523
563 178.83648251282523
564 178.83648251282523
565 178.83648251282523
566 178.83648251282523
567 178.83648251282523
568 178.83648251282523
569 178.83648251282523
570 178.83648251282523
571 178.83648251282523
572 178.83648251282523
573 178.83648251282523
574 178.83648251282523
575 178.83648251282523
576 178.83648251282523
577 178.83648251282523
578 178.83648251282523
579 178.83648251282523
580 178.83648251282523
581 178.83648251282523
582 178.83648251282523
583 178.83648251282523
584 178.83648251282523
585 178.83648251282523
586 178.83648251282523
587 178.83648251282523
588 178.83648251282523
589 178.83648251282523
590 178.83648251282523
591 178.83648251282523
592 178.83648251282523
593 178.83648251282523
594 178.83648251282523
595 178.83648251282523
596 178.83648251282523
597 178.83648251282523
598 178.83648251282523
599 178.83648251282523
600 178.83648251282523
601 178.83648251282523
602 178.83648251282523
603 178.83648251282523
604 178.83648251282523
605 178.83648251282523
606 178.83648251282523
607 178.83648251282523
608 178.83648251282523
609 178.83648251282523
610 178.83648251282523
611 178.83648251282523
612 178.83648251282523
613 178.83648251282523
614 178.83648251282523
615 178.83648251282523
616 178.83648251282523
617 178.83648251282523
618 178.83648251282523
619 178.83648251282523
620 178.83648251282523
621 178.83648251282523
622 178.83648251282523
623 178.83648251282523
624 178.83648251282523
625 178.83648251282523
626 178.83648251282523
627 178.83648251282523
628 178.83648251282523
629 178.83648251282523
630 178.83648251282523
631 178.83648251282523
632 178.83648251282523
633 178.83648251282523
634 178.83648251282523
635 178.83648251282523
636 178.83648251282523
637 178.83648251282523
638 178.83648251282523
639 178.83648251282523
640 178.83648251282523
641 184.44449098584343
642 184.44449098584343
643 187.70128415539142
644 187.70128415539142
645 187.70128415539142
646 187.70128415539142
647 187.70128415539142
648 187.70128415539142
649 187.70128415539142
650 187.70128415539142
651 187.70128415539142
652 187.70128415539142
653 187.70128415539142
654 187.70128415539142
655 187.70128415539142
656 187.70128415539142
657 187.70128415539142
658 187.70128415539142
659 187.70128415539142
660 187.70128415539142
661 187.70128415539142
662 187.70128415539142
663 187.70128415539142
664 187.70128415539142
665 187.70128415539142
666 187.70128415539142
667 187.70128415539142
668 187.70128415539142
669 187.70128415539142
670 187.70128415539142
671 187.70128415539142
672 187.70128415539142
673 187.70128415539142
674 187.70128415539142
675 187.70128415539142
676 187.70128415539142
677 187.70128415539142
678 187.70128415539142
679 187.70128415539142
680 187.70128415539142
681 187.70128415539142
682 187.70128415539142
683 187.70128415539142
684 187.70128415539142
685 187.70128415539142
686 187.70128415539142
687 187.70128415539142
688 187.70128415539142
689 187.70128415539142
690 187.70128415539142
691 187.70128415539142
692 187.70128415539142
693 187.70128415539142
694 187.70128415539142
695 187.70128415539142
696 187.70128415539142
697 187.70128415539142
698 187.70128415539142
699 187.70128415539142
700 187.70128415539142
701 187.70128415539142
702 187.70128415539142
703 187.70128415539142
704 187.70128415539142
705 187.70128415539142
706 187.70128415539142
707 187.70128415539142
708 187.70128415539142
709 187.70128415539142
710 187.70128415539142
711 187.70128415539142
712 187.70128415539142
713 187.70128415539142
714 187.70128415539142
715 187.70128415539142
716 187.70128415539142
717 187.70128415539142
718 187.70128415539142
719 187.70128415539142
720 187.70128415539142
721 187.70128415539142
722 187.70128415539142
723 187.70128415539142
724 187.70128415539142
725 187.70128415539142
726 187.70128415539142
727 187.70128415539142
728 187.70128415539142
729 187.70128415539142
730 187.70128415539142
731 187.70128415539142
732 187.70128415539142
733 187.70128415539142
734 187.70128415539142
735 187.70128415539142
736 187.70128415539142
737 187.70128415539142
738 187.70128415539142
739 187.70128415539142
740 187.70128415539142
741 187.70128415539142
742 187.70128415539142
743 187.70128415539142
744 187.70128415539142
745 187.70128415539142
746 187.70128415539142
747 187.70128415539142
748 187.70128415539142
749 187.70128415539142
750 187.70128415539142
751 187.70128415539142
752 187.70128415539142
753 187.70128415539142
754 187.70128415539142
755 187.70128415539142
756 187.70128415539142
757 187.70128415539142
758 187.70128415539142
759 187.70128415539142
760 187.70128415539142
761 187.70128415539142
762 187.70128415539142
763 187.70128415539142
764 187.70128415539142
765 187.70128415539142
766 187.70128415539142
767 187.70128415539142
768 187.70128415539142
769 187.70128415539142
770 187.70128415539142
771 187.70128415539142
772 187.70128415539142
773 187.70128415539142
774 187.70128415539142
775 187.70128415539142
776 187.70128415539142
777 187.70128415539142
778 187.70128415539142
779 187.70128415539142
780 187.70128415539142
781 187.70128415539142
782 187.70128415539142
783 187.70128415539142
784 187.70128415539142
785 187.70128415539142
786 187.70128415539142
787 187.70128415539142
788 187.70128415539142
789 187.70128415539142
790 187.70128415539142
791 187.70128415539142
792 187.70128415539142
793 187.70128415539142
794 187.70128415539142
795 187.70128415539142
796 187.70128415539142
797 187.70128415539142
798 187.70128415539142
799 187.70128415539142
800 187.70128415539142
801 187.70128415539142
802 187.70128415539142
803 187.70128415539142
804 187.70128415539142
805 187.70128415539142
806 187.70128415539142
807 187.70128415539142
808 187.70128415539142
809 187.70128415539142
810 187.70128415539142
811 187.70128415539142
812 187.70128415539142
813 187.70128415539142
814 187.70128415539142
815 187.70128415539142
816 187.70128415539142
817 187.70128415539142
818 187.70128415539142
819 187.70128415539142
820 187.70128415539142
821 187.70128415539142
822 187.70128415539142
823 187.70128415539142
824 187.70128415539142
825 187.70128415539142
826 187.70128415539142
827 187.70128415539142
828 191.4597709317266
829 191.4597709317266
830 191.4597709317266
831 191.4597709317266
832 191.4597709317266
833 191.4597709317266
834 191.4597709317266
835 191.4597709317266
836 191.4597709317266
837 191.4597709317266
838 191.4597709317266
839 191.4597709317266
840 191.4597709317266
841 191.4597709317266
842 191.4597709317266
843 191.4597709317266
844 191.4597709317266
845 191.4597709317266
846 191.4597709317266
847 191.4597709317266
848 191.4597709317266
849 191.4597709317266
850 191.4597709317266
851 191.4597709317266
852 195.25947423882974
853 195.25947423882974
854 195.25947423882974
855 195.25947423882974
856 195.25947423882974
857 195.25947423882974
858 195.25947423882974
859 195.25947423882974
860 195.25947423882974
861 195.25947423882974
862 195.25947423882974
863 195.25947423882974
864 195.25947423882974
865 195.25947423882974
866 195.25947423882974
867 195.25947423882974
868 195.25947423882974
869 195.25947423882974
870 195.25947423882974
871 195.25947423882974
872 195.25947423882974
873 195.25947423882974
874 195.25947423882974
875 195.25947423882974
876 195.25947423882974
877 195.25947423882974
878 195.25947423882974
879 195.25947423882974
880 195.25947423882974
881 195.25947423882974
882 195.25947423882974
883 195.25947423882974
884 195.25947423882974
885 195.25947423882974
886 195.25947423882974
887 195.25947423882974
888 195.25947423882974
889 195.25947423882974
890 195.25947423882974
891 195.25947423882974
892 195.25947423882974
893 195.25947423882974
894 195.25947423882974
895 195.25947423882974
896 195.25947423882974
897 195.25947423882974
898 195.25947423882974
899 195.25947423882974
900 195.25947423882974
901 195.25947423882974
902 195.25947423882974
903 195.25947423882974
904 195.25947423882974
905 195.25947423882974
906 195.25947423882974
907 195.25947423882974
908 195.25947423882974
909 195.25947423882974
910 195.25947423882974
911 195.25947423882974
912 195.25947423882974
913 195.25947423882974
914 195.25947423882974
915 195.25947423882974
916 195.25947423882974
917 195.25947423882974
918 195.25947423882974
919 195.25947423882974
920 195.25947423882974
921 195.25947423882974
922 195.25947423882974
923 195.25947423882974
924 195.25947423882974
925 195.25947423882974
926 195.25947423882974
927 195.25947423882974
928 195.25947423882974
929 195.25947423882974
930 195.25947423882974
931 195.25947423882974
932 195.25947423882974
933 195.25947423882974
934 195.25947423882974
935 195.25947423882974
936 195.25947423882974
937 195.25947423882974
938 195.25947423882974
939 195.25947423882974
940 195.25947423882974
941 195.25947423882974
942 195.25947423882974
943 195.25947423882974
944 195.25947423882974
945 195.25947423882974
946 195.25947423882974
947 195.25947423882974
948 195.25947423882974
949 195.25947423882974
950 195.25947423882974
951 195.25947423882974
952 195.25947423882974
953 195.25947423882974
954 195.25947423882974
955 195.25947423882974
956 195.25947423882974
957 195.25947423882974
958 195.25947423882974
959 195.25947423882974
960 195.25947423882974
961 195.25947423882974
962 195.25947423882974
963 195.25947423882974
964 195.25947423882974
965 195.25947423882974
966 195.25947423882974
967 195.25947423882974
968 195.25947423882974
969 195.25947423882974
970 195.25947423882974
971 195.25947423882974
972 195.25947423882974
973 195.25947423882974
974 195.25947423882974
975 195.25947423882974
976 195.25947423882974
977 195.25947423882974
978 195.25947423882974
979 195.25947423882974
980 195.25947423882974
981 195.25947423882974
982 195.25947423882974
983 195.25947423882974
984 195.25947423882974
985 195.25947423882974
986 195.25947423882974
987 195.25947423882974
988 195.25947423882974
989 195.25947423882974
990 195.25947423882974
991 195.25947423882974
992 195.25947423882974
993 195.25947423882974
994 195.25947423882974
995 195.25947423882974
996 195.25947423882974
997 195.25947423882974
998 195.25947423882974
999 195.25947423882974
1000 195.25947423882974
1001 195.25947423882974
1002 195.25947423882974
1003 195.25947423882974
1004 195.25947423882974
1005 195.25947423882974
1006 195.25947423882974
1007 195.25947423882974
1008 195.25947423882974
1009 195.25947423882974
1010 195.25947423882974
1011 195.25947423882974
1012 195.25947423882974
1013 195.25947423882974
1014 195.25947423882974
1015 195.25947423882974
1016 195.25947423882974
1017 195.25947423882974
1018 195.25947423882974
1019 195.25947423882974
1020 195.25947423882974
1021 195.25947423882974
1022 195.25947423882974
1023 195.25947423882974
1024 195.25947423882974
1025 195.25947423882974
1026 195.25947423882974
1027 195.25947423882974
1028 195.25947423882974
1029 195.25947423882974
1030 195.25947423882974
1031 195.25947423882974
1032 195.25947423882974
1033 195.25947423882974
1034 195.25947423882974
1035 195.25947423882974
1036 195.25947423882974
1037 195.25947423882974
1038 195.25947423882974
1039 195.25947423882974
1040 195.25947423882974
1041 195.25947423882974
1042 195.25947423882974
1043 195.25947423882974
1044 195.25947423882974
1045 195.25947423882974
1046 195.25947423882974
1047 195.25947423882974
1048 195.25947423882974
1049 195.25947423882974
1050 195.25947423882974
1051 195.25947423882974
1052 195.25947423882974
1053 195.25947423882974
1054 195.25947423882974
1055 195.25947423882974
1056 195.25947423882974
1057 195.25947423882974
1058 195.25947423882974
1059 195.25947423882974
1060 195.25947423882974
1061 195.25947423882974
1062 195.25947423882974
1063 195.25947423882974
1064 195.25947423882974
1065 195.25947423882974
1066 195.25947423882974
1067 195.25947423882974
1068 195.25947423882974
1069 195.25947423882974
1070 195.25947423882974
1071 195.25947423882974
1072 195.25947423882974
1073 195.25947423882974
1074 195.25947423882974
1075 195.25947423882974
1076 195.25947423882974
1077 195.25947423882974
1078 195.25947423882974
1079 195.25947423882974
1080 195.25947423882974
1081 195.25947423882974
1082 195.25947423882974
1083 195.25947423882974
1084 195.25947423882974
1085 195.25947423882974
1086 195.25947423882974
1087 195.25947423882974
1088 195.25947423882974
1089 195.25947423882974
1090 195.25947423882974
1091 195.25947423882974
1092 195.25947423882974
1093 195.25947423882974
1094 195.25947423882974
1095 195.25947423882974
1096 195.25947423882974
1097 195.25947423882974
1098 195.25947423882974
1099 195.25947423882974
1100 195.25947423882974
1101 195.25947423882974
1102 195.25947423882974
1103 195.25947423882974
1104 195.25947423882974
1105 195.25947423882974
1106 195.25947423882974
1107 195.25947423882974
1108 195.25947423882974
1109 195.25947423882974
1110 195.25947423882974
1111 195.25947423882974
1112 195.25947423882974
1113 195.25947423882974
1114 195.25947423882974
1115 195.25947423882974
1116 195.25947423882974
1117 195.25947423882974
1118 195.25947423882974
1119 195.25947423882974
1120 195.25947423882974
1121 195.25947423882974
1122 195.25947423882974
1123 195.25947423882974
1124 195.25947423882974
1125 195.25947423882974
1126 195.25947423882974
1127 195.25947423882974
1128 195.25947423882974
1129 195.25947423882974
1130 195.25947423882974
1131 195.25947423882974
1132 195.25947423882974
1133 195.25947423882974
1134 195.25947423882974
1135 195.25947423882974
1136 195.25947423882974
1137 195.25947423882974
1138 195.25947423882974
1139 195.25947423882974
1140 195.25947423882974
1141 195.25947423882974
1142 195.25947423882974
1143 195.25947423882974
1144 195.25947423882974
1145 195.25947423882974
1146 195.25947423882974
1147 195.25947423882974
1148 195.25947423882974
1149 195.25947423882974
1150 195.25947423882974
1151 195.25947423882974
1152 195.25947423882974
1153 195.25947423882974
1154 195.25947423882974
1155 195.25947423882974
1156 195.25947423882974
1157 195.25947423882974
1158 195.25947423882974
1159 195.25947423882974
1160 195.25947423882974
1161 195.25947423882974
1162 195.25947423882974
1163 195.25947423882974
1164 195.25947423882974
1165 195.25947423882974
1166 195.25947423882974
1167 195.25947423882974
1168 195.25947423882974
1169 195.25947423882974
1170 195.25947423882974
1171 195.25947423882974
1172 195.25947423882974
1173 195.25947423882974
1174 195.25947423882974
1175 195.25947423882974
1176 195.25947423882974
1177 195.25947423882974
1178 195.25947423882974
1179 195.25947423882974
1180 195.25947423882974
1181 195.25947423882974
1182 195.25947423882974
1183 195.25947423882974
1184 195.25947423882974
1185 195.25947423882974
1186 195.25947423882974
1187 195.25947423882974
1188 195.25947423882974
1189 195.25947423882974
1190 195.25947423882974
1191 195.25947423882974
1192 195.25947423882974
1193 195.25947423882974
1194 195.25947423882974
1195 195.25947423882974
1196 195.25947423882974
1197 195.25947423882974
1198 195.25947423882974
1199 195.25947423882974
1200 195.25947423882974
1201 195.25947423882974
1202 195.25947423882974
1203 195.25947423882974
1204 195.25947423882974
1205 195.25947423882974
1206 195.25947423882974
1207 195.25947423882974
1208 195.25947423882974
1209 195.25947423882974
1210 195.25947423882974
1211 195.25947423882974
1212 195.25947423882974
1213 195.25947423882974
1214 195.25947423882974
1215 195.25947423882974
1216 195.25947423882974
1217 195.25947423882974
1218 195.25947423882974
1219 195.25947423882974
1220 195.25947423882974
1221 195.25947423882974
1222 195.25947423882974
1223 195.25947423882974
1224 195.25947423882974
1225 195.25947423882974
1226 195.25947423882974
1227 195.25947423882974
1228 195.25947423882974
1229 195.25947423882974
1230 195.25947423882974
1231 195.25947423882974
1232 195.25947423882974
1233 195.25947423882974
1234 195.25947423882974
1235 195.25947423882974
1236 195.25947423882974
1237 195.25947423882974
1238 195.25947423882974
1239 195.25947423882974
1240 195.25947423882974
1241 195.25947423882974
1242 195.25947423882974
1243 195.25947423882974
1244 195.25947423882974
1245 195.25947423882974
1246 195.25947423882974
1247 195.25947423882974
1248 195.25947423882974
1249 195.25947423882974
1250 195.25947423882974
1251 195.25947423882974
1252 195.25947423882974
1253 195.25947423882974
1254 195.25947423882974
1255 195.25947423882974
1256 195.25947423882974
1257 195.25947423882974
1258 195.25947423882974
1259 195.25947423882974
1260 195.25947423882974
1261 195.25947423882974
1262 195.25947423882974
1263 195.25947423882974
1264 195.25947423882974
1265 195.25947423882974
1266 195.25947423882974
1267 195.25947423882974
1268 195.25947423882974
1269 195.25947423882974
1270 195.25947423882974
1271 195.25947423882974
1272 195.25947423882974
1273 195.25947423882974
1274 195.25947423882974
1275 195.25947423882974
1276 195.25947423882974
1277 195.25947423882974
1278 195.25947423882974
1279 195.25947423882974
1280 195.25947423882974
1281 195.25947423882974
1282 195.25947423882974
1283 195.25947423882974
1284 195.25947423882974
1285 195.25947423882974
1286 195.25947423882974
1287 195.25947423882974
1288 195.25947423882974
1289 195.25947423882974
1290 195.25947423882974
1291 195.25947423882974
1292 195.25947423882974
1293 195.25947423882974
1294 195.25947423882974
1295 195.25947423882974
1296 195.25947423882974
1297 195.25947423882974
1298 195.25947423882974
1299 195.25947423882974
1300 195.25947423882974
1301 195.25947423882974
1302 195.25947423882974
1303 195.25947423882974
1304 195.25947423882974
1305 195.25947423882974
1306 195.25947423882974
1307 195.25947423882974
1308 195.25947423882974
1309 195.25947423882974
1310 195.25947423882974
1311 195.25947423882974
1312 195.25947423882974
1313 195.25947423882974
1314 195.25947423882974
1315 195.25947423882974
1316 195.25947423882974
1317 195.25947423882974
1318 195.25947423882974
1319 195.25947423882974
1320 195.25947423882974
1321 195.25947423882974
1322 195.25947423882974
1323 195.25947423882974
1324 195.25947423882974
1325 195.25947423882974
1326 195.25947423882974
1327 195.25947423882974
1328 195.25947423882974
1329 195.25947423882974
1330 195.25947423882974
1331 195.25947423882974
1332 195.25947423882974
1333 195.25947423882974
1334 195.25947423882974
1335 195.25947423882974
1336 195.25947423882974
1337 195.25947423882974
1338 195.25947423882974
1339 195.25947423882974
1340 195.25947423882974
1341 195.25947423882974
1342 195.25947423882974
1343 195.25947423882974
1344 195.25947423882974
1345 195.25947423882974
1346 195.25947423882974
1347 195.25947423882974
1348 195.25947423882974
1349 195.25947423882974
1350 195.25947423882974
1351 195.25947423882974
1352 195.25947423882974
1353 195.25947423882974
1354 195.25947423882974
1355 195.25947423882974
1356 195.25947423882974
1357 195.25947423882974
1358 195.25947423882974
1359 195.25947423882974
1360 195.25947423882974
1361 195.25947423882974
1362 195.25947423882974
1363 195.25947423882974
1364 195.25947423882974
1365 195.25947423882974
1366 195.25947423882974
1367 195.25947423882974
1368 195.25947423882974
1369 195.25947423882974
1370 195.25947423882974
1371 195.25947423882974
1372 195.25947423882974
1373 195.25947423882974
1374 195.25947423882974
1375 195.25947423882974
1376 195.25947423882974
1377 195.25947423882974
1378 195.25947423882974
1379 195.25947423882974
1380 195.25947423882974
1381 195.25947423882974
1382 195.25947423882974
1383 195.25947423882974
1384 195.25947423882974
1385 195.25947423882974
1386 195.25947423882974
1387 195.25947423882974
1388 195.25947423882974
1389 195.25947423882974
1390 195.25947423882974
1391 195.25947423882974
1392 195.25947423882974
1393 195.25947423882974
1394 195.25947423882974
1395 195.25947423882974
1396 195.25947423882974
1397 195.25947423882974
1398 195.25947423882974
1399 195.25947423882974
1400 195.25947423882974
1401 195.25947423882974
1402 195.25947423882974
1403 195.25947423882974
1404 195.25947423882974
1405 195.25947423882974
1406 195.25947423882974
1407 195.25947423882974
1408 195.25947423882974
1409 195.25947423882974
1410 195.25947423882974
1411 195.25947423882974
1412 195.25947423882974
1413 195.25947423882974
1414 195.25947423882974
1415 195.25947423882974
1416 195.25947423882974
1417 195.25947423882974
1418 195.25947423882974
1419 195.25947423882974
1420 195.25947423882974
1421 195.25947423882974
1422 195.25947423882974
1423 195.25947423882974
1424 195.25947423882974
1425 195.25947423882974
1426 195.25947423882974
1427 195.25947423882974
1428 195.25947423882974
1429 195.25947423882974
1430 195.25947423882974
1431 195.25947423882974
1432 195.25947423882974
1433 195.25947423882974
1434 195.25947423882974
1435 195.25947423882974
1436 195.25947423882974
1437 195.25947423882974
1438 195.25947423882974
1439 195.25947423882974
1440 195.25947423882974
1441 195.25947423882974
1442 195.25947423882974
1443 195.25947423882974
1444 195.25947423882974
1445 195.25947423882974
1446 195.25947423882974
1447 195.25947423882974
1448 195.25947423882974
1449 195.25947423882974
1450 195.25947423882974
1451 195.25947423882974
1452 195.25947423882974
1453 195.25947423882974
1454 195.25947423882974
1455 195.25947423882974
1456 195.25947423882974
1457 195.25947423882974
1458 195.25947423882974
1459 195.25947423882974
1460 195.25947423882974
1461 195.25947423882974
1462 195.25947423882974
1463 195.25947423882974
1464 195.25947423882974
1465 195.25947423882974
1466 195.25947423882974
1467 195.25947423882974
1468 195.25947423882974
1469 195.25947423882974
1470 195.25947423882974
1471 195.25947423882974
1472 195.25947423882974
1473 195.25947423882974
1474 195.25947423882974
1475 195.25947423882974
1476 195.25947423882974
1477 195.25947423882974
1478 195.25947423882974
1479 195.25947423882974
1480 195.25947423882974
1481 195.25947423882974
1482 195.25947423882974
1483 195.25947423882974
1484 195.25947423882974
1485 195.25947423882974
1486 195.25947423882974
1487 195.25947423882974
1488 195.25947423882974
1489 195.25947423882974
1490 195.25947423882974
1491 195.25947423882974
1492 195.25947423882974
1493 195.25947423882974
1494 195.25947423882974
1495 195.25947423882974
1496 195.25947423882974
1497 195.25947423882974
1498 195.25947423882974
1499 195.25947423882974
1500 195.25947423882974
1501 195.25947423882974
1502 195.25947423882974
1503 195.25947423882974
1504 195.25947423882974
1505 195.25947423882974
1506 195.25947423882974
1507 195.25947423882974
1508 195.25947423882974
1509 195.25947423882974
1510 195.25947423882974
1511 195.25947423882974
1512 195.25947423882974
1513 195.25947423882974
1514 195.25947423882974
1515 195.25947423882974
1516 195.25947423882974
1517 195.25947423882974
1518 195.25947423882974
1519 195.25947423882974
1520 195.25947423882974
1521 195.25947423882974
1522 195.25947423882974
1523 195.25947423882974
1524 195.25947423882974
1525 195.25947423882974
1526 195.25947423882974
1527 195.25947423882974
1528 195.25947423882974
1529 195.25947423882974
1530 195.25947423882974
1531 195.25947423882974
1532 195.25947423882974
1533 195.25947423882974
1534 195.25947423882974
1535 195.25947423882974
1536 195.25947423882974
1537 195.25947423882974
1538 195.25947423882974
1539 195.25947423882974
1540 195.25947423882974
1541 195.25947423882974
1542 195.25947423882974
1543 195.25947423882974
1544 195.25947423882974
1545 195.25947423882974
1546 195.25947423882974
1547 195.25947423882974
1548 195.25947423882974
1549 195.25947423882974
1550 195.25947423882974
1551 195.25947423882974
1552 195.25947423882974
1553 195.25947423882974
1554 195.25947423882974
1555 195.25947423882974
1556 195.25947423882974
1557 195.25947423882974
1558 195.25947423882974
1559 195.25947423882974
1560 195.25947423882974
1561 195.25947423882974
1562 195.25947423882974
1563 195.25947423882974
1564 195.25947423882974
1565 195.25947423882974
1566 195.25947423882974
1567 195.25947423882974
1568 195.25947423882974
1569 195.25947423882974
1570 195.25947423882974
1571 195.25947423882974
1572 195.25947423882974
1573 195.25947423882974
1574 195.25947423882974
1575 195.25947423882974
1576 195.25947423882974
1577 195.25947423882974
1578 195.25947423882974
1579 195.25947423882974
1580 195.25947423882974
1581 195.25947423882974
1582 195.25947423882974
1583 195.25947423882974
1584 195.25947423882974
1585 195.25947423882974
1586 195.25947423882974
1587 195.25947423882974
1588 195.25947423882974
1589 195.25947423882974
1590 195.25947423882974
1591 195.25947423882974
1592 195.25947423882974
1593 195.25947423882974
1594 195.25947423882974
1595 195.25947423882974
1596 195.25947423882974
1597 195.25947423882974
1598 195.25947423882974
1599 195.25947423882974
1600 195.25947423882974
1601 195.25947423882974
1602 195.25947423882974
1603 195.25947423882974
1604 195.25947423882974
1605 195.25947423882974
1606 195.25947423882974
1607 195.25947423882974
1608 195.25947423882974
1609 195.25947423882974
1610 195.25947423882974
1611 195.25947423882974
1612 195.25947423882974
1613 195.25947423882974
1614 195.25947423882974
1615 195.25947423882974
1616 195.25947423882974
1617 195.25947423882974
1618 195.25947423882974
1619 195.25947423882974
1620 195.25947423882974
1621 195.25947423882974
1622 195.25947423882974
1623 195.25947423882974
1624 195.25947423882974
1625 195.25947423882974
1626 195.25947423882974
1627 195.25947423882974
1628 195.25947423882974
1629 195.25947423882974
1630 195.25947423882974
1631 195.25947423882974
1632 195.25947423882974
1633 195.25947423882974
1634 195.25947423882974
1635 195.25947423882974
1636 195.25947423882974
1637 195.25947423882974
1638 195.25947423882974
1639 195.25947423882974
1640 195.25947423882974
1641 195.25947423882974
1642 195.25947423882974
1643 195.25947423882974
1644 195.25947423882974
1645 195.25947423882974
1646 195.25947423882974
1647 195.25947423882974
1648 195.25947423882974
1649 195.25947423882974
1650 195.25947423882974
1651 195.25947423882974
1652 195.25947423882974
1653 195.25947423882974
1654 195.25947423882974
1655 195.25947423882974
1656 195.25947423882974
1657 195.25947423882974
1658 195.25947423882974
1659 195.25947423882974
1660 195.25947423882974
1661 195.25947423882974
1662 195.25947423882974
1663 195.25947423882974
1664 195.25947423882974
1665 195.25947423882974
1666 195.25947423882974
1667 195.25947423882974
1668 195.25947423882974
1669 195.25947423882974
1670 195.25947423882974
1671 195.25947423882974
1672 195.25947423882974
1673 195.25947423882974
1674 195.25947423882974
1675 195.25947423882974
1676 195.25947423882974
1677 195.25947423882974
1678 195.25947423882974
1679 195.25947423882974
1680 195.25947423882974
1681 195.25947423882974
1682 195.25947423882974
1683 195.25947423882974
1684 195.25947423882974
1685 195.25947423882974
1686 195.25947423882974
1687 195.25947423882974
1688 195.25947423882974
1689 195.25947423882974
1690 195.25947423882974
1691 195.25947423882974
1692 195.25947423882974
1693 195.25947423882974
1694 195.25947423882974
1695 195.25947423882974
1696 195.25947423882974
1697 195.25947423882974
1698 195.25947423882974
1699 195.25947423882974
1700 195.25947423882974
1701 195.25947423882974
1702 195.25947423882974
1703 195.25947423882974
1704 195.25947423882974
1705 195.25947423882974
1706 195.25947423882974
1707 195.25947423882974
1708 195.25947423882974
1709 195.25947423882974
1710 195.25947423882974
1711 195.25947423882974
1712 195.25947423882974
1713 195.25947423882974
1714 195.25947423882974
1715 195.25947423882974
1716 195.25947423882974
1717 195.25947423882974
1718 195.25947423882974
1719 195.25947423882974
1720 195.25947423882974
1721 195.25947423882974
1722 195.25947423882974
1723 195.25947423882974
1724 195.25947423882974
1725 195.25947423882974
1726 195.25947423882974
1727 195.25947423882974
1728 195.25947423882974
1729 195.25947423882974
1730 195.25947423882974
1731 195.25947423882974
1732 195.25947423882974
1733 195.25947423882974
1734 195.25947423882974
1735 195.25947423882974
1736 195.25947423882974
1737 195.25947423882974
1738 195.25947423882974
1739 195.25947423882974
1740 195.25947423882974
1741 195.25947423882974
1742 195.25947423882974
1743 195.25947423882974
1744 195.25947423882974
1745 195.25947423882974
1746 195.25947423882974
1747 195.25947423882974
1748 195.25947423882974
1749 195.25947423882974
1750 195.25947423882974
1751 195.25947423882974
1752 195.25947423882974
1753 195.25947423882974
1754 195.25947423882974
1755 195.25947423882974
1756 195.25947423882974
1757 195.25947423882974
1758 195.25947423882974
1759 195.25947423882974
1760 195.25947423882974
1761 195.25947423882974
1762 195.25947423882974
1763 195.25947423882974
1764 195.25947423882974
1765 195.25947423882974
1766 195.25947423882974
1767 195.25947423882974
1768 195.25947423882974
1769 195.25947423882974
1770 195.25947423882974
1771 195.25947423882974
1772 195.25947423882974
1773 195.25947423882974
1774 195.25947423882974
1775 195.25947423882974
1776 195.25947423882974
1777 195.25947423882974
1778 195.25947423882974
1779 195.25947423882974
1780 195.25947423882974
1781 195.25947423882974
1782 195.25947423882974
1783 195.25947423882974
1784 195.25947423882974
1785 195.25947423882974
1786 195.25947423882974
1787 195.25947423882974
1788 195.25947423882974
1789 195.25947423882974
1790 195.25947423882974
1791 195.25947423882974
1792 195.25947423882974
1793 195.25947423882974
1794 195.25947423882974
1795 195.25947423882974
1796 195.25947423882974
1797 195.25947423882974
1798 195.25947423882974
1799 195.25947423882974
1800 195.25947423882974
1801 195.25947423882974
1802 195.25947423882974
1803 195.25947423882974
1804 195.25947423882974
1805 195.25947423882974
1806 195.25947423882974
1807 195.25947423882974
1808 195.25947423882974
1809 195.25947423882974
1810 195.25947423882974
1811 195.25947423882974
1812 195.25947423882974
1813 195.25947423882974
1814 195.25947423882974
1815 195.25947423882974
1816 195.25947423882974
1817 195.25947423882974
1818 195.25947423882974
1819 195.25947423882974
1820 195.25947423882974
1821 195.25947423882974
1822 195.25947423882974
1823 195.25947423882974
1824 195.25947423882974
1825 195.25947423882974
1826 195.25947423882974
1827 195.25947423882974
1828 195.25947423882974
1829 195.25947423882974
1830 195.25947423882974
1831 195.25947423882974
1832 195.25947423882974
1833 195.25947423882974
1834 195.25947423882974
1835 195.25947423882974
1836 195.25947423882974
1837 195.25947423882974
1838 195.25947423882974
1839 195.25947423882974
1840 195.25947423882974
1841 195.25947423882974
1842 195.25947423882974
1843 195.25947423882974
1844 195.25947423882974
1845 195.25947423882974
1846 195.25947423882974
1847 195.25947423882974
1848 195.25947423882974
1849 195.25947423882974
1850 195.25947423882974
1851 195.25947423882974
1852 195.25947423882974
1853 195.25947423882974
1854 195.25947423882974
1855 195.25947423882974
1856 195.25947423882974
1857 195.25947423882974
1858 195.25947423882974
1859 195.25947423882974
1860 195.25947423882974
1861 195.25947423882974
1862 195.25947423882974
1863 195.25947423882974
1864 195.25947423882974
1865 195.25947423882974
1866 195.25947423882974
1867 195.25947423882974
1868 195.25947423882974
1869 195.25947423882974
1870 195.25947423882974
1871 195.25947423882974
1872 195.25947423882974
1873 195.25947423882974
1874 195.25947423882974
1875 195.25947423882974
1876 195.25947423882974
1877 195.25947423882974
1878 195.25947423882974
1879 195.25947423882974
1880 195.25947423882974
1881 195.25947423882974
1882 195.25947423882974
1883 195.25947423882974
1884 195.25947423882974
1885 195.25947423882974
1886 195.25947423882974
1887 195.25947423882974
1888 195.25947423882974
1889 195.25947423882974
1890 195.25947423882974
1891 195.25947423882974
1892 195.25947423882974
1893 195.25947423882974
1894 195.25947423882974
1895 195.25947423882974
1896 195.25947423882974
1897 195.25947423882974
1898 195.25947423882974
1899 195.25947423882974
1900 195.25947423882974
1901 195.25947423882974
1902 195.25947423882974
1903 195.25947423882974
1904 195.25947423882974
1905 195.25947423882974
1906 195.25947423882974
1907 195.25947423882974
1908 195.25947423882974
1909 195.25947423882974
1910 195.25947423882974
1911 195.25947423882974
1912 195.25947423882974
1913 195.25947423882974
1914 195.25947423882974
1915 195.25947423882974
1916 195.25947423882974
1917 195.25947423882974
1918 195.25947423882974
1919 195.25947423882974
1920 195.25947423882974
1921 195.25947423882974
1922 195.25947423882974
1923 195.25947423882974
1924 195.25947423882974
1925 195.25947423882974
1926 195.25947423882974
1927 195.25947423882974
1928 195.25947423882974
1929 195.25947423882974
1930 195.25947423882974
1931 195.25947423882974
1932 195.25947423882974
1933 195.25947423882974
1934 195.25947423882974
1935 195.25947423882974
1936 195.25947423882974
1937 195.25947423882974
1938 195.25947423882974
1939 195.25947423882974
1940 195.25947423882974
1941 195.25947423882974
1942 195.25947423882974
1943 195.25947423882974
1944 195.25947423882974
1945 195.25947423882974
1946 195.25947423882974
1947 195.25947423882974
1948 195.25947423882974
1949 195.25947423882974
1950 195.25947423882974
1951 195.25947423882974
1952 195.25947423882974
1953 195.25947423882974
1954 195.25947423882974
1955 195.25947423882974
1956 195.25947423882974
1957 195.25947423882974
1958 195.25947423882974
1959 195.25947423882974
1960 195.25947423882974
1961 195.25947423882974
1962 195.25947423882974
1963 195.25947423882974
1964 195.25947423882974
1965 195.25947423882974
1966 195.25947423882974
1967 195.25947423882974
1968 195.25947423882974
1969 195.25947423882974
1970 195.25947423882974
1971 195.25947423882974
1972 195.25947423882974
1973 195.25947423882974
1974 195.25947423882974
1975 195.25947423882974
1976 195.25947423882974
1977 195.25947423882974
1978 195.25947423882974
1979 195.25947423882974
1980 195.25947423882974
1981 195.25947423882974
1982 195.25947423882974
1983 195.25947423882974
1984 195.25947423882974
1985 195.25947423882974
1986 195.25947423882974
1987 195.25947423882974
1988 195.25947423882974
1989 195.25947423882974
1990 195.25947423882974
1991 195.25947423882974
1992 195.25947423882974
1993 195.25947423882974
1994 195.25947423882974
1995 195.25947423882974
1996 195.25947423882974
1997 195.25947423882974
1998 195.25947423882974
1999 195.25947423882974
