0 0.7940984311526497
1 0.7940984311526497
2 0.7940984311526497
3 0.7960640357473021
4 0.7960640357473021
5 0.8070903700906553
6 0.8070903700906553
7 0.8070903700906553
8 0.8070903700906553
9 0.8071677871681244
10 0.8071677871681244
11 0.8071677871681244
12 0.8071677871681244
13 0.8082390197568647
14 0.8082390197568647
15 0.8082390197568647
16 0.8082390197568647
17 0.8082390197568647
18 0.8084563525915843
19 0.8085112882418004
20 0.8085112882418004
21 0.8085112882738845
22 0.8086852958596165
23 0.8086852958596165
24 0.8086852958596165
25 0.8086852958596165
26 0.8086852958596165
27 0.8086852958596165
28 0.8086852958596165
29 0.8086852958596182
30 0.8086852958622464
31 0.8086852958622464
32 0.8086852965000616
33 0.8086852965000616
34 0.8086852965000616
35 0.8086852965000616
36 0.8086852965000616
37 0.8086852965000616
38 0.8086852965000616
39 0.8086852965000616
40 0.8086852965000616
41 0.8086852965000616
42 0.8086852965000616
43 0.8086852965000616
44 0.8086852965000616
45 0.8086852965000616
46 0.8086852965000616
47 0.8086852965000616
48 0.8086852965000616
49 0.8086852965000616
50 0.8086852965000616
51 0.8086852965000616
52 0.8086853470229152
53 0.8086853470229152
54 0.8086853470229152
55 0.8086853470229152
56 0.8086853470229152
57 0.8086853470229152
58 0.8086853470229152
59 0.8086866724928389
60 0.8086866724928389
61 0.8086866724928389
62 0.8086866724928389
63 0.8086866724928389
64 0.8086866724928389
65 0.8086866724928389
66 0.8086866724928389
67 0.8086866724928389
68 0.8086866724928389
69 0.8086893541603015
70 0.8086932856987995
71 0.8086932856987995
72 0.8086932856987995
73 0.8086960185694319
74 0.8086960185694319
75 0.8086960185694319
76 0.8086960185694319
77 0.8086960185694319
78 0.8086961984261894
79 0.8086961984261894
80 0.8086961984261894
81 0.8086961984261894
82 0.8086961984261894
83 0.8086961984261894
84 0.8086961984261894
85 0.8086961984261894
86 0.8086961984261894
87 0.8086961984261894
88 0.8086961984261894
89 0.8086961984261894
90 0.8086961984261894
91 0.8086961984261894
92 0.8086961984261894
93 0.8086961984261894
94 0.8086961984261894
95 0.8086961984261894
96 0.8086961984261894
97 0.8086961984261894
98 0.8086961984261894
99 0.8086961984261894
100 0.8086961984261894
101 0.8086961984261894
102 0.8086961984261894
103 0.8086961984261894
104 0.8086961984261894
105 0.8086961984261894
106 0.8086961984261894
107 0.8086961984261894
108 0.8086961984261894
109 0.8086961984261894
110 0.8086961984261894
111 0.8086961984261894
112 0.8086961984261894
113 0.8086961984261894
114 0.8086961984261894
115 0.8086961984261894
116 0.8086961984261894
117 0.8086961984261894
118 0.8086961984261894
119 0.8086961984261894
120 0.8086961984261894
121 0.8086961984261894
122 0.8086961984261894
123 0.8086961984261894
124 0.8086961984261894
125 0.8086961984261894
126 0.8086961984261894
127 0.8086961984261894
128 0.8086961984261894
129 0.8086961984261894
130 0.8086961984261894
131 0.8086961984261894
132 0.8086961984261894
133 0.8086961984261894
134 0.8086961984261894
135 0.8086961984261894
136 0.8086961984261894
137 0.8086961984261894
138 0.8086961984261894
139 0.8087369593660403
140 0.8087369593660403
141 0.8087369593660403
142 0.8087369593660403
143 0.8087369593690632
144 0.8087369709733994
145 0.8087369709733994
146 0.8087369709733994
147 0.8087369709733994
148 0.8087369709733994
149 0.8087369709733994
150 0.8087369709733994
151 0.8087369709733994
152 0.8087369709733994
153 0.8087369709733994
154 0.8087369709733994
155 0.8087369709733994
156 0.8087369709733994
157 0.8087369709733994
158 0.8087369709733994
159 0.8087369709733994
160 0.8087369709733994
161 0.8087369709733994
162 0.8087369709733994
163 0.8087369709733994
164 0.8087369709733994
165 0.8087369709733994
166 0.8087369709733994
167 0.8087369709733994
168 0.8087405910047231
169 0.8087405910047231
170 0.8087405910047231
171 0.8087405910047231
172 0.8087405910047231
173 0.8087405910047231
174 0.8087405910047231
175 0.8087405910047231
176 0.8087421518165638
177 0.8087421518165638
178 0.8087421518165638
179 0.8087421518165638
180 0.8087421518165638
181 0.8087421518165638
182 0.8087421518165638
183 0.8087421518165638
184 0.8087421518165638
185 0.8087421518165638
186 0.8087421518165638
187 0.8087421518165638
188 0.8087421518165638
189 0.8087421518165638
190 0.8087421518165638
191 0.8087421518165638
192 0.8087421518165638
193 0.8087421518165638
194 0.8087421518165638
195 0.8087421518165638
196 0.8087421518165638
197 0.8087421518165638
198 0.8087421518165638
199 0.8087421518165638
200 0.8087421518165638
201 0.8087421518165638
202 0.8087421518165638
203 0.8087421518165638
204 0.8087421518165638
205 0.8087421518165638
206 0.8087421518165638
207 0.8087421518165638
208 0.8087421518165638
209 0.8087421518165638
210 0.8087421518165638
211 0.8087421518165638
212 0.8087421518165638
213 0.8087421518165638
214 0.8087421518165638
215 0.8087421518165638
216 0.8087421518165638
217 0.8087421518165638
218 0.8087421518165638
219 0.8087421518165638
220 0.8087421518165638
221 0.8087421518165638
222 0.8087421518165638
223 0.8087421518165638
224 0.8087421518165638
225 0.8087421518165638
226 0.8087421518165638
227 0.8087421518165638
228 0.8087421518165638
229 0.8087421518165638
230 0.8087421518165638
231 0.8087421518165638
232 0.8087421518165638
233 0.8087421518165638
234 0.8087421518165638
235 0.8087421518165638
236 0.8087421518165638
237 0.8087421518165638
238 0.8087421518165638
239 0.8087421518165638
240 0.8087421518165638
241 0.8087421518165638
242 0.8087421518165638
243 0.8087421518165638
244 0.8087421518165638
245 0.8087421518165638
246 0.8087421518165638
247 0.8087421518165638
248 0.8087421518165638
249 0.8087421518165638
250 0.8087421518165638
251 0.8087421518165638
252 0.8087421518165638
253 0.8087421518165638
254 0.8087421518165638
255 0.8087421518165638
256 0.8087421518165638
257 0.8087421518165638
258 0.8087421518165638
259 0.8087421518165638
260 0.8087421518165638
261 0.8087421518165638
262 0.8087421518165638
263 0.8087421518165638
264 0.8087426242229322
265 0.8087426242229322
266 0.8087426242229322
267 0.8087426242229322
268 0.8087426242229322
269 0.8087426242229322
270 0.8087426242229322
271 0.8087426242229322
272 0.8087426242229322
273 0.8087426242229322
274 0.8087426242229322
275 0.8087426242229322
276 0.8087426242229322
277 0.8087426242229322
278 0.8087426242229322
279 0.8087426242229322
280 0.8087426242229322
281 0.8087426242229322
282 0.8087426242229322
283 0.8087426688048109
284 0.8087426688048109
285 0.8087426688048109
286 0.8087426688048109
287 0.8087426688048109
288 0.8087426688048109
289 0.8087426688048109
290 0.8087426688048109
291 0.8087426688048109
292 0.8087426688048109
293 0.8087426688048109
294 0.8087426767783732
295 0.8087426767783732
296 0.8087426767783732
297 0.8087426767783732
298 0.8087426767783732
299 0.8087426767783732
300 0.8087426767783732
301 0.8087426767783732
302 0.8087426767919822
303 0.8087426767919822
304 0.8087426767919822
305 0.8087426767919822
306 0.8087426767919822
307 0.8087426767919822
308 0.8087426767919822
309 0.8087426767919822
310 0.8087426767919822
311 0.8087426767919822
312 0.8087426767919822
313 0.8087426767919822
314 0.8087426767919822
315 0.8087426767919822
316 0.8087426767919822
317 0.8087426767919822
318 0.8087426767919822
319 0.8087426767919822
320 0.8087426767919822
321 0.8087426767919822
322 0.8087426767919822
323 0.8087426767919822
324 0.8087426767919822
325 0.8087426767919822
326 0.8087426767919822
327 0.8087426767919822
328 0.8087426767919822
329 0.8087426767919822
330 0.8087426767919822
331 0.8087426767919822
332 0.8087426767919822
333 0.8087426767919822
334 0.8087426767919822
335 0.8087426767919822
336 0.8087426767919822
337 0.8087426767919822
338 0.8087426767919822
339 0.8087426767919822
340 0.8087426767919822
341 0.8087426767919822
342 0.8087426767919822
343 0.8087426767919822
344 0.8087426767919822
345 0.8087426767919822
346 0.8087426767919822
347 0.8087426767919822
348 0.8087426767919822
349 0.8087426767919822
350 0.8087426767919822
351 0.8087426767919822
352 0.8087426767919822
353 0.8087426767919822
354 0.8087426767919822
355 0.8087426767919822
356 0.8087426767919822
357 0.8087426767919822
358 0.8087426767919822
359 0.8087426767919822
360 0.8087426767919822
361 0.8087426767919822
362 0.8087426767919822
363 0.8087426767919822
364 0.8087426767919822
365 0.8087426767919829
366 0.8087426767919829
367 0.8087426767919829
368 0.8087426767919829
369 0.8087426767919829
370 0.8087426767919829
371 0.8087426767919829
372 0.8087426767919829
373 0.8087426767919829
374 0.8087426767975192
375 0.8087426767975192
376 0.8087426767975192
377 0.8087426767975192
378 0.8087426767975192
379 0.8087426767975192
380 0.8087426767975192
381 0.8087426767975192
382 0.8087426767975192
383 0.8087426767975192
384 0.8087426767975192
385 0.8087426767975192
386 0.8087426767975192
387 0.8087426767975192
388 0.8087426767975192
389 0.8087426767975192
390 0.8087426767988595
391 0.8087426767988595
392 0.8087426767988595
393 0.8087426767988595
394 0.8087426767988595
395 0.8087426767988595
396 0.8087426767999679
397 0.8087426767999679
398 0.8087426767999679
399 0.8087426767999679
400 0.8087426767999679
401 0.8087426767999679
402 0.8087426767999679
403 0.8087426767999679
404 0.8087426767999679
405 0.8087426767999679
406 0.8087426767999679
407 0.8087426767999679
408 0.8087426767999679
409 0.8087426767999679
410 0.8087426767999679
411 0.8087426767999679
412 0.8087426767999679
413 0.8087426767999679
414 0.8087426767999679
415 0.8087426767999679
416 0.8087426767999679
417 0.8087426767999679
418 0.8087426767999679
419 0.8087426767999679
420 0.8087426767999679
421 0.8087426767999679
422 0.8087426767999679
423 0.8087426767999679
424 0.8087426767999679
425 0.8087426767999679
426 0.8087426767999679
427 0.8087426767999679
428 0.8087426767999679
429 0.8087426767999679
430 0.8087426767999679
431 0.8087426767999679
432 0.8087426767999679
433 0.8087426767999679
434 0.8087426767999679
435 0.8087426767999679
436 0.8087426767999679
437 0.8087426767999679
438 0.8087426767999679
439 0.8087426767999679
440 0.8087426767999679
441 0.8087426767999679
442 0.8087426767999679
443 0.8087426767999679
444 0.8087426767999679
445 0.8087426767999679
446 0.8087426767999679
447 0.8087426767999679
448 0.8087426767999679
449 0.8087426767999679
450 0.8087426767999679
451 0.8087426767999679
452 0.8087426767999679
453 0.8087426767999679
454 0.8087426767999679
455 0.8087426767999679
456 0.8087426767999679
457 0.8087426767999679
458 0.8087426767999679
459 0.8087426767999679
460 0.8087426767999679
461 0.8087426767999679
462 0.8087426767999679
463 0.8087426767999679
464 0.8087426767999679
465 0.8087426767999679
466 0.8087426767999679
467 0.8087426767999679
468 0.8087426767999679
469 0.8087426767999679
470 0.8087426767999679
471 0.8087426767999679
472 0.8087426767999679
473 0.8087426767999679
474 0.8087426767999679
475 0.8087426767999679
476 0.8087426767999679
477 0.8087426767999679
478 0.8087426767999679
479 0.8087426767999679
480 0.8087426767999679
481 0.8087426767999679
482 0.8087426767999679
483 0.8087426767999679
484 0.8087426767999679
485 0.8087426767999679
486 0.8087426768000141
487 0.8087426768000141
488 0.8087426768000141
489 0.8087426768000141
490 0.8087426768000141
491 0.8087426768000141
492 0.8087426768000141
493 0.8087426768000141
494 0.8087426768000141
495 0.8087426768000141
496 0.8087426768000141
497 0.8087426768000141
498 0.8087426768000141
499 0.8087426768000141
500 0.8087426768000141
501 0.8087426768000141
502 0.8087426768000141
503 0.8087426768000141
504 0.8087426768000141
505 0.8087426768000141
506 0.8087426768000141
507 0.808742676800044
508 0.808742676800044
509 0.808742676800044
510 0.808742676800044
511 0.808742676800044
512 0.808742676800044
513 0.808742676800044
514 0.808742676800044
515 0.808742676800044
516 0.808742676800044
517 0.808742676800044
518 0.808742676800044
519 0.808742676800044
520 0.808742676800044
521 0.808742676800044
522 0.808742676800044
523 0.808742676800044
524 0.808742676800044
525 0.808742676800044
526 0.808742676800044
527 0.808742676800044
528 0.808742676800044
529 0.808742676800044
530 0.808742676800044
531 0.8087438113537052
532 0.8087438113537052
533 0.8087438113537052
534 0.8087438113537052
535 0.8087438113537052
536 0.8087438113537052
537 0.8087438113558927
538 0.8087438113558927
539 0.8087438113558927
540 0.8087438113558927
541 0.8087438113558927
542 0.8087438113558927
543 0.8087438113558927
544 0.8087438113558927
545 0.8087438113558927
546 0.8087438113558927
547 0.8087438113558927
548 0.8087438113558927
549 0.8087438113558927
550 0.8087438113558927
551 0.8087438113558927
552 0.8087438113571227
553 0.8087438113571227
554 0.8087438113571227
555 0.8087438113571227
556 0.8087438113571227
557 0.8087438113571227
558 0.8087438113571227
559 0.8087438113571227
560 0.8087438113571227
561 0.8087438113571227
562 0.8087527111883667
563 0.8087527111883667
564 0.8087527111883667
565 0.8087527111883667
566 0.8087527111883667
567 0.8087527111883667
568 0.8087527111883667
569 0.8087527111883667
570 0.8087527111883667
571 0.8087527111883667
572 0.8087527111883667
573 0.8087527111883667
574 0.8087527111883667
575 0.8087527111883667
576 0.8087527111883667
577 0.8087527111883667
578 0.8087527111883667
579 0.8087527111883667
580 0.8087527111883667
581 0.8087527111883667
582 0.8087527111883667
583 0.8087527111883667
584 0.8087527111883667
585 0.8087527111883667
586 0.8087527111883667
587 0.8087527111883667
588 0.8087527111883667
589 0.8087527111883667
590 0.8087527111883667
591 0.8087527111883667
592 0.8087527111883667
593 0.8087527111883667
594 0.8087527111883667
595 0.8087527111883667
596 0.8087527111883667
597 0.8087527111883667
598 0.8087527111883667
599 0.8087527111883667
600 0.8087527111883667
601 0.8087527111883667
602 0.8087527111883667
603 0.8087527111883667
604 0.8087527111883667
605 0.8087527111883667
606 0.8087527111883667
607 0.8087527111883667
608 0.8087527111883667
609 0.8087527111883667
610 0.8087527111883667
611 0.8087527111883667
612 0.8087527111883667
613 0.8087527111883667
614 0.8087527111883667
615 0.8087527111883667
616 0.8087527111883667
617 0.8087527111928299
618 0.8087527111928299
619 0.8087527111928299
620 0.8087527111928299
621 0.8087527111928299
622 0.8087527111928299
623 0.8087527111928299
624 0.8087527111928299
625 0.8087527111928299
626 0.8087527111928299
627 0.8087527111928299
628 0.8087527111928299
629 0.8087527111928299
630 0.8087527111928299
631 0.8087527111928299
632 0.8087527111961251
633 0.8087527111961251
634 0.8087527111961251
635 0.8087527111961251
636 0.8087527111961251
637 0.8087527111961251
638 0.8087527111961251
639 0.8087527111961251
640 0.8087527111961251
641 0.8087527111961251
642 0.8087527111961251
643 0.8087527111961251
644 0.8087527111961251
645 0.8087527111961251
646 0.8087527111961251
647 0.8087527111961251
648 0.8087527111961251
649 0.8087527111961251
650 0.8087527111961251
651 0.8087527111961251
652 0.8087527111961251
653 0.8087527111961251
654 0.8087527111961251
655 0.8087527111961251
656 0.8087527111961251
657 0.8087527111961251
658 0.8087527111961251
659 0.8087527111961251
660 0.8087527111961251
661 0.8087527111961251
662 0.8087527111961251
663 0.8087527111961251
664 0.8087527111961251
665 0.8087527111961251
666 0.8087527111961251
667 0.8087527111961251
668 0.8087527111961251
669 0.8087527111961251
670 0.8087527111961251
671 0.8087527111961251
672 0.8087527111961251
673 0.8087527111961251
674 0.8087527111961251
675 0.8087527111961251
676 0.8087527111961251
677 0.8087527111961251
678 0.8087527111961251
679 0.8087527111961251
680 0.8087527111961251
681 0.8087527111961251
682 0.8087527111961251
683 0.8087527111961251
684 0.8087527111961251
685 0.8087527111961251
686 0.8087527111961251
687 0.8087527111961251
688 0.8087527111961251
689 0.8087527111961251
690 0.8087527111961251
691 0.8087527111961251
692 0.8087527111961251
693 0.8087527111961251
694 0.8087527111961251
695 0.8087527111961251
696 0.8087527111961251
697 0.8087527111961251
698 0.8087527111961251
699 0.8087527111961251
700 0.8087527111961251
701 0.8087527111961251
702 0.8087527111961251
703 0.8087527111961251
704 0.8087527111961251
705 0.8087527111961251
706 0.8087527111961251
707 0.8087527111961251
708 0.8087527111961251
709 0.8087527111961251
710 0.8087527111961251
711 0.8087527111961251
712 0.8087527111961251
713 0.8087527111961251
714 0.8087527111961251
715 0.8087527111961251
716 0.8087527111961251
717 0.8087527111961251
718 0.8087527111961251
719 0.8087527111961251
720 0.8087527111961251
721 0.8087527111961251
722 0.8087527111961251
723 0.8087527111961251
724 0.8087527111961251
725 0.8087527111961251
726 0.8087527111961251
727 0.8087527111961251
728 0.8087527111961251
729 0.8087527111961251
730 0.8087527111961251
731 0.8087527111961251
732 0.8087527111961251
733 0.8087527111961251
734 0.8087527111961251
735 0.8087527111961251
736 0.8087527111961251
737 0.8087527111961251
738 0.8087527111961251
739 0.8087527111961251
740 0.8087527111961251
741 0.8087527111961251
742 0.8087527111961251
743 0.8087527111961251
744 0.8087527111961251
745 0.8087527111961251
746 0.8087527111961251
747 0.8087527111961251
748 0.8087527111961251
749 0.8087527111961251
750 0.8087527111961251
751 0.8087527111961251
752 0.8087527111961251
753 0.8087527111961251
754 0.8087527111961251
755 0.8087527111961251
756 0.8087527111961251
757 0.8087527111961251
758 0.8087527111961251
759 0.8087527111961251
760 0.8087527111961251
761 0.8087527111961251
762 0.8087527111961251
763 0.8087527111961251
764 0.8087527111961251
765 0.8087527111961251
766 0.8087527111961251
767 0.8087527111961251
768 0.8087527111961251
769 0.8087527111961251
770 0.8087527111961251
771 0.8087527111961251
772 0.8087527111961251
773 0.8087527111961251
774 0.8087527111961251
775 0.8087527111961251
776 0.8087527111961251
777 0.8087527111961251
778 0.8087527111961251
779 0.8087527111961251
780 0.8087527111961251
781 0.8087527111961251
782 0.8087527111961251
783 0.8087527111961251
784 0.8087527111961251
785 0.8087527111961251
786 0.8087527111961251
787 0.8087527111961251
788 0.8087527111961251
789 0.8087527111961251
790 0.8087527111961251
791 0.8087527111961251
792 0.8087527111961251
793 0.8087527111961251
794 0.8087527111961251
795 0.8087527111961251
796 0.8087527111961251
797 0.8087527111961251
798 0.8087527111961251
799 0.8087527111961251
800 0.8087527111961251
801 0.8087527111961251
802 0.8087527111961251
803 0.8087527111990878
804 0.8087527111990878
805 0.8087527111990878
806 0.8087527111990878
807 0.8087527111990878
808 0.8087527111990878
809 0.8087527111990878
810 0.8087527111990878
811 0.8087527111990878
812 0.8087527111990878
813 0.8087527111990878
814 0.8087527111990878
815 0.8087527111990878
816 0.8087527111990878
817 0.8087527111990878
818 0.8087527111990878
819 0.8087527111990878
820 0.8087527111990878
821 0.8087527111990878
822 0.8087527111990878
823 0.8087527111990878
824 0.8087527111990878
825 0.8087527111990878
826 0.8087527111990878
827 0.8087527111990878
828 0.8087527111990878
829 0.8087527111990878
830 0.8087527111990878
831 0.8087527111990878
832 0.8087527111990878
833 0.8087527111990878
834 0.8087527111990878
835 0.8087527111990878
836 0.8087527111990878
837 0.8087527111995516
838 0.8087527111995516
839 0.8087527111995516
840 0.8087527111995516
841 0.8087527111995516
842 0.8087527111995516
843 0.8087527111995516
844 0.8087527111995516
845 0.8087527111995516
846 0.8087527111995516
847 0.8087527111995516
848 0.8087527111995516
849 0.8087527111995516
850 0.8087527111995516
851 0.8087527111996877
852 0.8087527111996877
853 0.8087527111996877
854 0.8087527111996877
855 0.8087527111996877
856 0.8087527111996877
857 0.8087527111996877
858 0.8087527111996877
859 0.8087527111996877
860 0.8087527111996877
861 0.8087527111996877
862 0.8087527111996877
863 0.8087527111996877
864 0.8087527111996877
865 0.8087527111996877
866 0.8087527111996877
867 0.8087527111996877
868 0.8087527111996877
869 0.8087527111996877
870 0.8087527111996877
871 0.8087527111996877
872 0.8087527111996877
873 0.8087527111996877
874 0.8087527111996877
875 0.8087527111996877
876 0.8087527111996877
877 0.8087527111996877
878 0.8087527111996877
879 0.8087527111996877
880 0.8087527111996877
881 0.8087527111996877
882 0.8087527111996877
883 0.8087527111996877
884 0.8087527111996877
885 0.8087527111996877
886 0.8087527111996877
887 0.8087527111996877
888 0.8087527111996877
889 0.8087527111996877
890 0.8087527111996877
891 0.8087527111996877
892 0.8087527111996877
893 0.8087527111996877
894 0.8087527111996877
895 0.8087527111996877
896 0.8087527111996877
897 0.8087527111996877
898 0.8087527111996877
899 0.8087527111996877
900 0.8087527111996877
901 0.8087527111996877
902 0.8087527111996877
903 0.8087527111996877
904 0.8087527111996877
905 0.8087549888712864
906 0.8087549888712864
907 0.8087549888712864
908 0.8087549888712864
909 0.8087549888712864
910 0.8087549888712864
911 0.8087549888712864
912 0.8087549888712864
913 0.8087549888712864
914 0.8087549888712864
915 0.8087549888712864
916 0.8087549888712864
917 0.8087549888712864
918 0.8087549888712864
919 0.8087549888712864
920 0.8087549888712864
921 0.8087549888712864
922 0.8087549888712864
923 0.8087549888712864
924 0.8087549888712864
925 0.8087549888712864
926 0.8087549888712864
927 0.8087549888712864
928 0.8087549888712864
929 0.8087549888712864
930 0.8087549888712864
931 0.8087549888712864
932 0.8087549888712864
933 0.8087549888712864
934 0.8087549888712864
935 0.8087549888712864
936 0.8087549888712864
937 0.8087549888712864
938 0.8087549888712864
939 0.8087549888712864
940 0.8087549888712864
941 0.8087549888712864
942 0.8087549888712864
943 0.8087549888712864
944 0.8087549888712864
945 0.8087549888712864
946 0.8087549888712864
947 0.8087549888717671
948 0.8087549888717671
949 0.8087549888717671
950 0.8087549888717671
951 0.8087549888717671
952 0.8087549888717671
953 0.8087549888717671
954 0.8087549888717671
955 0.8087549888717671
956 0.8087549889100271
957 0.8087549889100271
958 0.8087549889100271
959 0.8087549889100271
960 0.8087549889100271
961 0.8087549889100271
962 0.8087549889100271
963 0.8087549889100271
964 0.8087549889100271
965 0.8087549889100271
966 0.8087549889100271
967 0.8087549889100271
968 0.8087549889100271
969 0.8087549889100271
970 0.8087549889100271
971 0.8087549889100271
972 0.8087549889100271
973 0.8087549889100271
974 0.8087549889100271
975 0.8087549889100271
976 0.8087549889100271
977 0.8087549889100271
978 0.8087549889100271
979 0.8087549889100271
980 0.8087549889100271
981 0.8087549889100271
982 0.8087549889100271
983 0.8087549889100271
984 0.8087549889100271
985 0.8087549889100271
986 0.8087549889100271
987 0.8087549889100271
988 0.8087549889100271
989 0.8087549889100271
990 0.8087549889100271
991 0.8087549889100271
992 0.8087549889100271
993 0.8087549889100294
994 0.8087549890994228
995 0.8087549890994228
996 0.8087549890994228
997 0.8087549890994228
998 0.8087549890994228
999 0.8087549891090446
1000 0.8087549891090446
1001 0.8087549891090446
1002 0.8087549891090446
1003 0.8087549891090446
1004 0.8087549891090446
1005 0.8087549891090446
1006 0.8087549891090446
1007 0.8087549891090446
1008 0.8087549891090446
1009 0.8087549891090446
1010 0.8087549891090446
1011 0.8087549891090446
1012 0.8087549891090446
1013 0.8087549891090446
1014 0.8087549891090446
1015 0.8087549891090446
1016 0.8087549891090446
1017 0.8087549891097596
1018 0.8087549891097596
1019 0.8087549891097596
1020 0.8087549891097596
1021 0.8087549891097596
1022 0.8087549891097596
1023 0.8087549891097596
1024 0.8087549891097596
1025 0.8087549891097596
1026 0.8087549891097596
1027 0.8087549891097596
1028 0.8087549891097596
1029 0.8087549891097596
1030 0.8087549891097596
1031 0.8087549891097596
1032 0.8087549891097596
1033 0.8087549891097596
1034 0.8087549891097596
1035 0.8087549891097596
1036 0.8087549891097596
1037 0.8087549891097596
1038 0.8087549891097596
1039 0.8087549891097596
1040 0.8087549891097596
1041 0.8087549891099225
1042 0.8087549891099225
1043 0.8087549891099225
1044 0.8087549892512927
1045 0.8087549892512927
1046 0.8087549892512927
1047 0.8087549892512927
1048 0.8087549892512927
1049 0.8087549892512927
1050 0.8087549892512927
1051 0.8087549892512927
1052 0.8087549892512927
1053 0.8087549892512927
1054 0.8087549892512927
1055 0.8087549892512927
1056 0.8087558479601653
1057 0.8087558479601653
1058 0.8087558479601653
1059 0.8087558479601653
1060 0.8087558479601653
1061 0.808755847960483
1062 0.808755847960483
1063 0.808755847960483
1064 0.808755847960483
1065 0.808755847960483
1066 0.808755847960483
1067 0.808755847960483
1068 0.808755847960483
1069 0.808755847960483
1070 0.808755847960483
1071 0.808755847960483
1072 0.808755847960483
1073 0.808755847960483
1074 0.808755847960483
1075 0.808755847960483
1076 0.808755847960483
1077 0.8087559801638539
1078 0.8087559801638539
1079 0.8087559801638539
1080 0.8087559801638539
1081 0.8087559801638539
1082 0.8087559801638539
1083 0.8087559801638539
1084 0.8087559801638539
1085 0.8087559801638539
1086 0.8087559801638539
1087 0.8087559801638539
1088 0.8087559801638539
1089 0.8087559801638539
1090 0.8087559801638539
1091 0.8087559801638539
1092 0.8087559801638539
1093 0.8087559801638539
1094 0.8087559803839558
1095 0.8087559803839558
1096 0.8087559803839558
1097 0.8087559803839558
1098 0.8087559803839558
1099 0.8087563232800224
1100 0.8087563232800224
1101 0.8087563232800224
1102 0.8087563232800224
1103 0.8087563232800224
1104 0.8087563232800224
1105 0.8087563232800224
1106 0.8087563232800224
1107 0.8087563232800224
1108 0.8087563232800224
1109 0.8087563232800224
1110 0.8087563232800224
1111 0.8087563232800224
1112 0.8087563232800224
1113 0.8087563232800224
1114 0.8087563232800224
1115 0.8087563232800224
1116 0.8087563232800224
1117 0.8087563232800224
1118 0.8087563232800224
1119 0.8087563232800224
1120 0.8087563232800224
1121 0.8087563232800224
1122 0.8087563232800224
1123 0.8087563232800224
1124 0.8087563232800224
1125 0.8087563232800224
1126 0.8087563232800224
1127 0.8087563232800224
1128 0.8087563233185925
1129 0.8087563233185925
1130 0.8087563233185925
1131 0.8087563233185925
1132 0.8087563233185925
1133 0.8087563233185925
1134 0.8087563233185925
1135 0.8087563233185925
1136 0.8087563233185925
1137 0.8087563233185925
1138 0.8087563233185925
1139 0.8087563233185925
1140 0.8087563233185925
1141 0.8087563233185925
1142 0.8087563233185925
1143 0.8087563233185925
1144 0.8087563233185925
1145 0.8087563233185925
1146 0.8087563233185925
1147 0.8087563233185925
1148 0.8087563233185925
1149 0.8087563233185925
1150 0.8087563233185925
1151 0.8087563233185925
1152 0.8087563233185925
1153 0.8087563233185925
1154 0.8087563233185925
1155 0.8087563233185925
1156 0.8087563233185925
1157 0.8087563233185925
1158 0.8087563233185925
1159 0.8087563233185925
1160 0.8087563233185925
1161 0.8087563233185925
1162 0.8087563233185925
1163 0.8087563233185925
1164 0.8087563233185925
1165 0.8087563233195415
1166 0.8087563233195415
1167 0.8087563233195415
1168 0.8087563233195415
1169 0.8087563233195415
1170 0.8087563233195415
1171 0.8087563233195415
1172 0.8087563233195415
1173 0.8087563233195415
1174 0.8087563233195415
1175 0.8087563233195415
1176 0.8087563233195415
1177 0.8087563233195415
1178 0.8087563233195415
1179 0.8087563233195415
1180 0.8087563233195415
1181 0.8087563233195415
1182 0.8087563233195415
1183 0.8087563233195415
1184 0.8087563233195415
1185 0.8087563233195415
1186 0.8087563233195415
1187 0.8087563233195415
1188 0.8087563233195415
1189 0.8087563233195415
1190 0.8087563233195415
1191 0.8087563233195415
1192 0.8087563233195415
1193 0.8087563233195415
1194 0.8087563233195415
1195 0.8087563233195415
1196 0.8087563233195415
1197 0.8087563233195415
1198 0.8087563233195415
1199 0.8087563233195415
1200 0.8087563233195415
1201 0.8087563233195415
1202 0.8087563233195415
1203 0.8087563233195415
1204 0.8087563233195415
1205 0.8087563233195415
1206 0.8087563233195415
1207 0.8087563233195415
1208 0.8087563233195415
1209 0.8087563233195415
1210 0.8087563233195415
1211 0.8087563233195415
1212 0.8087563233195415
1213 0.8087563233212512
1214 0.8087563233212512
1215 0.8087563233212512
1216 0.8087563233212512
1217 0.8087563233212512
1218 0.8087563233212512
1219 0.8087563233212512
1220 0.8087563233212512
1221 0.8087563233212512
1222 0.8087563233212512
1223 0.8087563233212512
1224 0.8087563233212512
1225 0.8087563233226539
1226 0.8087563233226539
1227 0.8087563233226539
1228 0.8087563233226539
1229 0.8087563233226539
1230 0.8087563233226539
1231 0.8087563233226539
1232 0.8087563233226539
1233 0.8087563233226539
1234 0.8087563233226539
1235 0.8087563233226539
1236 0.8087563233226539
1237 0.8087563233226539
1238 0.8087563233226539
1239 0.8087563233226539
1240 0.8087563233226539
1241 0.8087563233226539
1242 0.8087563233226539
1243 0.8087563233226539
1244 0.8087563281121446
1245 0.8087563281121446
1246 0.8087563281121446
1247 0.8087563281121446
1248 0.8087563281121446
1249 0.8087563281121446
1250 0.8087563304328114
1251 0.8087563304328114
1252 0.8087563304328114
1253 0.8087563304328114
1254 0.8087563304328114
1255 0.8087563304328114
1256 0.8087563304328114
1257 0.8087563304328114
1258 0.8087563304328114
1259 0.8087563304328114
1260 0.8087563304328114
1261 0.8087563304328114
1262 0.8087563304328114
1263 0.8087563304328114
1264 0.8087563304328114
1265 0.8087563304328114
1266 0.8087563304328114
1267 0.8087563304328114
1268 0.8087563304328114
1269 0.8087563304328114
1270 0.8087563304328114
1271 0.8087563304328114
1272 0.8087563304328114
1273 0.8087563304328114
1274 0.8087563304328114
1275 0.8087563304328114
1276 0.8087563304328114
1277 0.8087563304328114
1278 0.8087563304328114
1279 0.8087563304328114
1280 0.8087563304328114
1281 0.8087563304328114
1282 0.8087563304328114
1283 0.8087563304328114
1284 0.8087563304328114
1285 0.8087563304328114
1286 0.8087563304328114
1287 0.8087563304328114
1288 0.8087563304328114
1289 0.8087563304328114
1290 0.8087563304328114
1291 0.8087563304328114
1292 0.8087563304328114
1293 0.8087563304328114
1294 0.8087563304328114
1295 0.8087563323832441
1296 0.8087563323832441
1297 0.8087563323832441
1298 0.8087563323832441
1299 0.8087563323832441
1300 0.8087563323832441
1301 0.8087563323832441
1302 0.8087563323832441
1303 0.8087563323832441
1304 0.8087563323832441
1305 0.8087563323832441
1306 0.8087563323832441
1307 0.8087563323832441
1308 0.8087563323832441
1309 0.8087563323832441
1310 0.8087563323832441
1311 0.8087563323832441
1312 0.8087563323832441
1313 0.8087563323832441
1314 0.8087563323832441
1315 0.8087563323832441
1316 0.8087563323832441
1317 0.8087563323832441
1318 0.8087563323832441
1319 0.8087563323832441
1320 0.8087563323832441
1321 0.8087563323832441
1322 0.8087563323832441
1323 0.8087563323832441
1324 0.8087563323832441
1325 0.8087563323832441
1326 0.8087563323832441
1327 0.8087563323832441
1328 0.8087563323832441
1329 0.8087563323832441
1330 0.8087563323832441
1331 0.8087563323832441
1332 0.8087563323832441
1333 0.8087563323832441
1334 0.8087563323832441
1335 0.8087563323832441
1336 0.8087563323832441
1337 0.8087563323832441
1338 0.8087563323832441
1339 0.8087563323832441
1340 0.8087563323832441
1341 0.8087563323832441
1342 0.8087563323832441
1343 0.8087563323832441
1344 0.8087563323832441
1345 0.8087563323832441
1346 0.8087563323832441
1347 0.8087563323832441
1348 0.8087563457439139
1349 0.8087563457439139
1350 0.8087563457439139
1351 0.808756365240305
1352 0.808756365240305
1353 0.808756440587579
1354 0.808756440587579
1355 0.808756440587579
1356 0.808756440587579
1357 0.808756440587579
1358 0.808756440587579
1359 0.808756440587579
1360 0.808756440587579
1361 0.808756440587579
1362 0.808756440587579
1363 0.808756440587579
1364 0.808756440587579
1365 0.808756440587579
1366 0.808756440587579
1367 0.808756440587579
1368 0.808756440587579
1369 0.808756440587579
1370 0.808756440587579
1371 0.8087575285113886
1372 0.8087575285113886
1373 0.8087575285113886
1374 0.8087575285113886
1375 0.8087575285113886
1376 0.8087575285113886
1377 0.8087575285113886
1378 0.8087575285113886
1379 0.8087575285113886
1380 0.8087575285113886
1381 0.8087575285113886
1382 0.8087575285113886
1383 0.8087575285113886
1384 0.8087575285113886
1385 0.8087575285113886
1386 0.8087575285113886
1387 0.8087575285113886
1388 0.8087575285113886
1389 0.8087575285113886
1390 0.8087575285113886
1391 0.8087575285113886
1392 0.8087575285113886
1393 0.8087575285113886
1394 0.8087575285113886
1395 0.8087575285113886
1396 0.8087575285113886
1397 0.8087575285113886
1398 0.8087575285113886
1399 0.8087575285113886
1400 0.8087575285113886
1401 0.8087575285113886
1402 0.8087575285113886
1403 0.8087575285113886
1404 0.8087575285113886
1405 0.8087575285113886
1406 0.8087575285113886
1407 0.8087575285113886
1408 0.8087575285113886
1409 0.8087575285113886
1410 0.8087575285113886
1411 0.8087575285113886
1412 0.8087576692917385
1413 0.8087576692917385
1414 0.8087576692917385
1415 0.8087576692917385
1416 0.8087576692917385
1417 0.8087576692917385
1418 0.8087576692917385
1419 0.8087576692917385
1420 0.8087576692917385
1421 0.8087576692917385
1422 0.8087576692917385
1423 0.8087576692917385
1424 0.8087576692917385
1425 0.8087576692917385
1426 0.8087576692917385
1427 0.8087576692917385
1428 0.8087576692917385
1429 0.8087576692917385
1430 0.8087576692917385
1431 0.8087576692917385
1432 0.8087576692917385
1433 0.8087576692917385
1434 0.8087576692917385
1435 0.8087576692917385
1436 0.8087576692917385
1437 0.8087576692917385
1438 0.8087576692917385
1439 0.8087576692917385
1440 0.8087576692917385
1441 0.8087576692917385
1442 0.8087576692925658
1443 0.8087576692925658
1444 0.8087576692925658
1445 0.8087576692925658
1446 0.8087576692925658
1447 0.8087576692925658
1448 0.8087576692925658
1449 0.8087576692925658
1450 0.8087576692925658
1451 0.8087576692925658
1452 0.8087576692925658
1453 0.8087576692925658
1454 0.8087576692925658
1455 0.8087576692925658
1456 0.8087576692925658
1457 0.8087576692925658
1458 0.8087576692925658
1459 0.8087576692925658
1460 0.8087576692925658
1461 0.8087576692925658
1462 0.8087576692925658
1463 0.8087576692925658
1464 0.8087576692925658
1465 0.8087576692925658
1466 0.8087576692925658
1467 0.8087576692925658
1468 0.8087576692925658
1469 0.8087576692925658
1470 0.8087576692925658
1471 0.8087576692925658
1472 0.8087576692925658
1473 0.8087576692925658
1474 0.8087577574580833
1475 0.8087577574580833
1476 0.8087577574580833
1477 0.8087577574580833
1478 0.8087577574580833
1479 0.8087577574580833
1480 0.8087577574580833
1481 0.8087577574580833
1482 0.8087577574580833
1483 0.8087577574580833
1484 0.8087577574580833
1485 0.8087577574580833
1486 0.8087577574580833
1487 0.8087577574580833
1488 0.8087577574580833
1489 0.8087577574580833
1490 0.8087577574580833
1491 0.8087577574580833
1492 0.8087577574580833
1493 0.8087577574580833
1494 0.8087577574580833
1495 0.8087577574580833
1496 0.8087577574580833
1497 0.8087577574580833
1498 0.8087577574580833
1499 0.8087577574580833
