0 0.8064687775530887
1 0.8064687775530887
2 0.8076569190436746
3 0.8076569190436746
4 0.8076569190436746
5 0.8086085827554951
6 0.8086085827554951
7 0.8086085827554951
8 0.8086085827554951
9 0.8087265831158786
10 0.808749379579125
11 0.808749379579125
12 0.808749379579125
13 0.808749379579125
14 0.808749379579125
15 0.808749379579125
16 0.808749379579125
17 0.808749379579125
18 0.808749379579125
19 0.808749379579125
20 0.808749379579125
21 0.808749379579125
22 0.808749379579125
23 0.808749379579125
24 0.808749379579125
25 0.808749379579125
26 0.808749379579125
27 0.808749379579125
28 0.808749379579125
29 0.808749379579125
30 0.808749379579125
31 0.808749379579125
32 0.808749379579125
33 0.808749379579125
34 0.808749379579125
35 0.808749379579125
36 0.808749379579125
37 0.808749379579125
38 0.808749379579125
39 0.808749379579125
40 0.808749379579125
41 0.808749379579125
42 0.808749379579125
43 0.808749379579125
44 0.808749379579125
45 0.808749379579125
46 0.808749379579125
47 0.808749379579125
48 0.808749379579125
49 0.808749379579125
50 0.808749379579125
51 0.808749379579125
52 0.808749379579125
53 0.808749379579125
54 0.808749379579125
55 0.808749379579125
56 0.808749379579125
57 0.808749379579125
58 0.808749379579125
59 0.808749379579125
60 0.808749379579125
61 0.808749379579125
62 0.808749379579125
63 0.808749379579125
64 0.808749379579125
65 0.808749379579125
66 0.808749379579125
67 0.808749379579125
68 0.808749379579125
69 0.808749379579125
70 0.808749379579125
71 0.808749379579125
72 0.808749379579125
73 0.808749379579125
74 0.808749379579125
75 0.808749379579125
76 0.808749379579125
77 0.808749379579125
78 0.808749379579125
79 0.808749379579125
80 0.808749379579125
81 0.808749379579125
82 0.808749379579125
83 0.808749379579125
84 0.808749379579125
85 0.808749379579125
86 0.808749379579125
87 0.808749379579125
88 0.808749379579125
89 0.808749379579125
90 0.808749379579125
91 0.808749379579125
92 0.808749379579125
93 0.808749379579125
94 0.808749379579125
95 0.808749379579125
96 0.808749379579125
97 0.808749379579125
98 0.808749379579125
99 0.808749379579125
100 0.808749379579125
101 0.808749379579125
102 0.808749379579125
103 0.808749379579125
104 0.808749379579125
105 0.808749379579125
106 0.808749379579125
107 0.808749379579125
108 0.808749379579125
109 0.808749379579125
110 0.808749379579125
111 0.808749379579125
112 0.808749379579125
113 0.808749379579125
114 0.808749379579125
115 0.808749379579125
116 0.808749379579125
117 0.808749379579125
118 0.808749379579125
119 0.808749379579125
120 0.808749379579125
121 0.808749379579125
122 0.808749379579125
123 0.808749379579125
124 0.808749379579125
125 0.808749379579125
126 0.808749379579125
127 0.808749379579125
128 0.808749379579125
129 0.808749379579125
130 0.808749379579125
131 0.808749379579125
132 0.808749379579125
133 0.808749379579125
134 0.808749379579125
135 0.808749379579125
136 0.808749379579125
137 0.808749379579125
138 0.808749379579125
139 0.808749379579125
140 0.808749379579125
141 0.808749379579125
142 0.808749379579125
143 0.808749379579125
144 0.808749379579125
145 0.808749379579125
146 0.808749379579125
147 0.808749379579125
148 0.808749379579125
149 0.808749379579125
150 0.808749379579125
151 0.808749379579125
152 0.808749379579125
153 0.808749379579125
154 0.808749379579125
155 0.808749379579125
156 0.8087554191833234
157 0.8087554191833234
158 0.8087554191833234
159 0.8087554191833234
160 0.8087554191833234
161 0.8087554191833234
162 0.8087554191833234
163 0.8087554191833234
164 0.8087554191833234
165 0.8087554191833234
166 0.8087554191833234
167 0.8087554191833234
168 0.8087554191833234
169 0.8087554191833234
170 0.8087554191833234
171 0.8087554191833234
172 0.8087554191833234
173 0.8087554191833234
174 0.8087554191833234
175 0.8087554191833234
176 0.8087554191833234
177 0.8087554191833234
178 0.8087554202759005
179 0.8087554202759005
180 0.8087554202759005
181 0.8087554202759005
182 0.808755420494055
183 0.808755420494055
184 0.808755420494055
185 0.808755420494055
186 0.808755420494055
187 0.808755420494055
188 0.808755420494055
189 0.808755420494055
190 0.808755420494055
191 0.808755420494055
192 0.808755420494055
193 0.808755420494055
194 0.808755420494055
195 0.8087554794047467
196 0.8087554794047467
197 0.8087554794047467
198 0.8087554794047467
199 0.8087554794047467
200 0.8087554794047467
201 0.8087554794047467
202 0.8087554794047467
203 0.8087554794047467
204 0.8087554794047467
205 0.8087554794047467
206 0.8087554794047467
207 0.8087554794047467
208 0.8087554794047467
209 0.8087554794047467
210 0.8087554794047467
211 0.8087554794047467
212 0.8087554794047467
213 0.8087554794047467
214 0.8087554794047467
215 0.8087554794047467
216 0.8087554794047467
217 0.8087554794047467
218 0.8087554794047467
219 0.8087554794047467
220 0.8087554794047467
221 0.808757797192652
222 0.808757797192652
223 0.808757797192652
224 0.808757797192652
225 0.808757797192652
226 0.808757797192652
227 0.808757797192652
228 0.8087635434987628
229 0.8087635434987628
230 0.8087635434987628
231 0.8087635434987628
232 0.8087635434987628
233 0.8087635434987628
234 0.8087635434987628
235 0.8087635434987628
236 0.8087635434987628
237 0.8087635434987628
238 0.8087635434987628
239 0.8087635434987628
240 0.8087635434987628
241 0.8087635434987628
242 0.8087635434987628
243 0.8087635434987628
244 0.8087635434987628
245 0.8087635434987628
246 0.8087635434987628
247 0.8087635434987628
248 0.8087635434987628
249 0.8087635434987628
250 0.8087635434987628
251 0.8087635434987628
252 0.8087635434987628
253 0.8087635434987628
254 0.8087635434987628
255 0.8087635434987628
256 0.8087635434987628
257 0.8087635434987628
258 0.8087635434987628
259 0.8087635434987628
260 0.8087635434987628
261 0.8087635434987628
262 0.8087635434987628
263 0.8087635434987628
264 0.8087636530452385
265 0.8087636530452385
266 0.8087636530452385
267 0.8087636530452385
268 0.8087636530452385
269 0.8087636530452385
270 0.8087636530452385
271 0.8087636530452385
272 0.8087636530452385
273 0.8087636530452385
274 0.8087636530452385
275 0.8087636530452385
276 0.8087636530452385
277 0.8087636530452385
278 0.8087636530452385
279 0.8087636530452385
280 0.8087638998438234
281 0.8087638998438234
282 0.8087638998438234
283 0.8087638998438234
284 0.8087638998438234
285 0.8087638998438234
286 0.8087638998438234
287 0.8087638998438234
288 0.8087638998438234
289 0.8087638998438234
290 0.8087638998438234
291 0.8087638998438234
292 0.8087638998438234
293 0.8087638998438234
294 0.8087638998438234
295 0.8087638998438234
296 0.8087638998438234
297 0.8087638998438234
298 0.8087638998438234
299 0.8087638998438234
300 0.8087638998438234
301 0.8087638998438234
302 0.8087638998438234
303 0.8087638998438234
304 0.8087638998438234
305 0.8087638998438234
306 0.8087638998438234
307 0.8087638998438234
308 0.8087638998438234
309 0.8087638998438234
310 0.8087638998438234
311 0.8087638998438234
312 0.8087638998438234
313 0.8087638998438234
314 0.8087638998438234
315 0.8087638998438234
316 0.8087638998438234
317 0.8087638998438234
318 0.8087638998438234
319 0.8087638998438234
320 0.8087638998438234
321 0.8087638998438234
322 0.8087638998438234
323 0.8087638998438234
324 0.8087638998438234
325 0.8087638998438234
326 0.8087638998438234
327 0.8087638998438234
328 0.8087638998438234
329 0.8087638998438234
330 0.8087638998438234
331 0.8087638998438234
332 0.8087638998438234
333 0.8087638998438234
334 0.8087638998438234
335 0.8087638998438234
336 0.8087638998438234
337 0.8087638998438234
338 0.8087638998438234
339 0.8087638998438234
340 0.8087638998438234
341 0.8087638998438234
342 0.8087638998438234
343 0.8087638998438234
344 0.8087638998438234
345 0.8087638998438234
346 0.8087638998438234
347 0.8087638998438234
348 0.8087638998438234
349 0.8087638998438234
350 0.8087638998438234
351 0.8087638998438234
352 0.8087638998438234
353 0.8087638998438234
354 0.8087638998438234
355 0.8087638998438234
356 0.8087638998438234
357 0.8087638998438234
358 0.8087638998438234
359 0.8087638998438234
360 0.8087638998438234
361 0.8087638998438234
362 0.8087638998438234
363 0.8087638998438234
364 0.8087638998438234
365 0.8087638998438234
366 0.8087638998438234
367 0.8087638998438234
368 0.8087638998438234
369 0.8087638998438234
370 0.8087638998438234
371 0.8087638998438234
372 0.8087638998438234
373 0.8087638998438234
374 0.8087638998438234
375 0.8087638998438234
376 0.8087638998438234
377 0.8087638998438234
378 0.8087638998438234
379 0.8087638998438234
380 0.8087638998438234
381 0.8087638998438234
382 0.8087638998438234
383 0.8087638998438234
384 0.8087638998438234
385 0.8087638998438234
386 0.8087638998438234
387 0.8087638998438234
388 0.8087638998438234
389 0.8087638998438234
390 0.8087638998438234
391 0.8087638998438234
392 0.8087638998438234
393 0.8087638998438234
394 0.8087638998438234
395 0.8087638998438234
396 0.8087638998438234
397 0.8087638998438234
398 0.8087638998438234
399 0.8087638998438234
400 0.8087638998438234
401 0.8087638998438234
402 0.8087638998438234
403 0.8087638998438234
404 0.8087638998438234
405 0.8087638998438234
406 0.8087638998438234
407 0.8087638998438234
408 0.8087638998438234
409 0.8087638998438234
410 0.8087638998438234
411 0.8087638998438234
412 0.8087638998438234
413 0.8087638998438234
414 0.8087638998438234
415 0.8087638998438234
416 0.8087638998438234
417 0.8087638998438234
418 0.8087638998438234
419 0.8087638998438234
420 0.8087638998438234
421 0.8087638998438234
422 0.8087638998438234
423 0.8087638998438234
424 0.8087638998438234
425 0.8087638998438234
426 0.8087638998438234
427 0.8087638998438234
428 0.8087638998438234
429 0.8087638998438234
430 0.8087638998438234
431 0.8087638998438234
432 0.8087638998438234
433 0.8087638998438234
434 0.8087638998438234
435 0.8087638998438234
436 0.8087638998438234
437 0.8087638998438234
438 0.8087638998438234
439 0.8087638998438234
440 0.8087638998438234
441 0.8087638998438234
442 0.8087638998438234
443 0.8087638998438234
444 0.8087638998438234
445 0.8087638998438234
446 0.8087638998438234
447 0.8087638998438234
448 0.8087638998438234
449 0.8087638998438234
450 0.8087638998438234
451 0.8087638998438234
452 0.8087638998438234
453 0.8087638998438234
454 0.8087638998438234
455 0.8087638998438234
456 0.8087638998438234
457 0.8087638998438234
458 0.8087638998438234
459 0.8087638998438234
460 0.8087638998438234
461 0.8087638998438234
462 0.8087638998438234
463 0.8087638998438234
464 0.8087638998438234
465 0.8087638998438234
466 0.8087638998438234
467 0.8087638998438234
468 0.8087638998438234
469 0.8087638998438234
470 0.8087638998438234
471 0.8087638998438234
472 0.8087638998438234
473 0.8087638998438234
474 0.8087638998438234
475 0.808764347102591
476 0.808764347102591
477 0.808764347102591
478 0.808764347102591
479 0.808764347102591
480 0.808764347102591
481 0.808764347102591
482 0.808764347102591
483 0.808764347102591
484 0.808764347102591
485 0.808764347102591
486 0.808764347102591
487 0.808764347102591
488 0.808764347102591
489 0.808764347102591
490 0.808764347102591
491 0.808764347102591
492 0.808764347102591
493 0.808764347102591
494 0.808764347102591
495 0.808764347102591
496 0.808764347102591
497 0.808764347102591
498 0.808764347102591
499 0.808764347102591
500 0.808764347102591
501 0.808764347102591
502 0.808764347102591
503 0.808764347102591
504 0.808764347102591
505 0.808764347102591
506 0.808764347102591
507 0.808764347102591
508 0.808764347102591
509 0.808764347102591
510 0.808764347102591
511 0.808764347102591
512 0.808764347102591
513 0.808764347102591
514 0.808764347102591
515 0.808764347102591
516 0.808764347102591
517 0.808764347102591
518 0.808764347102591
519 0.808764347102591
520 0.808764347102591
521 0.808764347102591
522 0.808764347102591
523 0.808764347102591
524 0.8087644484161782
525 0.8087644484161782
526 0.8087644484161782
527 0.8087644484161782
528 0.8087644484161782
529 0.8087644484161782
530 0.8087644484161782
531 0.8087644484161782
532 0.8087644484161782
533 0.8087644484161782
534 0.8087644484161782
535 0.8087644484161782
536 0.8087644484161782
537 0.8087644484161782
538 0.8087644484161782
539 0.8087644484161782
540 0.8087644484161782
541 0.8087644484161782
542 0.8087644484161782
543 0.8087644484161782
544 0.8087644484161782
545 0.8087644484161782
546 0.8087644484161782
547 0.8087644484161782
548 0.8087644484161782
549 0.8087644484161782
550 0.8087644484161782
551 0.8087644484161782
552 0.8087644484161782
553 0.8087644484161782
554 0.8087644484161782
555 0.8087644484161782
556 0.8087644484161782
557 0.8087644484161782
558 0.8087644484161782
559 0.8087644484161782
560 0.8087644484161782
561 0.8087644484161782
562 0.8087644484161782
563 0.8087644484161782
564 0.8087644484161782
565 0.8087644484161782
566 0.8087644484161782
567 0.8087644484161782
568 0.8087644484161782
569 0.8087644484161782
570 0.8087644484161782
571 0.8087644484161782
572 0.8087644484161782
573 0.8087644484161782
574 0.8087644484161782
575 0.8087644484161782
576 0.8087644484161782
577 0.8087644484161782
578 0.8087644484161782
579 0.8087644484161782
580 0.8087644484161782
581 0.8087644484161782
582 0.8087644484161782
583 0.8087644484161782
584 0.8087644484161782
585 0.8087644484161782
586 0.8087644484161782
587 0.8087644484161782
588 0.8087644484161782
589 0.8087644484161782
590 0.8087644484161782
591 0.8087644484161782
592 0.8087644484161782
593 0.8087644484161782
594 0.8087644484161782
595 0.8087644484161782
596 0.8087644484161782
597 0.8087644484161782
598 0.8087644484161782
599 0.8087644484161782
600 0.8087644484161782
601 0.8087644484161782
602 0.8087644484161782
603 0.8087644484161782
604 0.8087644484161782
605 0.8087644484161782
606 0.8087644484161782
607 0.8087644484161782
608 0.8087644484161782
609 0.8087644484161782
610 0.8087644484161782
611 0.8087644484161782
612 0.8087644484161782
613 0.8087644484161782
614 0.8087644484161782
615 0.8087644484161782
616 0.8087644484161782
617 0.8087644484161782
618 0.8087644484161782
619 0.8087644484161782
620 0.8087644484161782
621 0.8087644484161782
622 0.8087644484161782
623 0.8087644484161782
624 0.8087644484161782
625 0.8087644484161782
626 0.8087644484161782
627 0.8087644484161782
628 0.8087644484161782
629 0.8087644484161782
630 0.8087644484161782
631 0.8087644484161782
632 0.8087644484161782
633 0.8087644484161782
634 0.8087644484161782
635 0.8087644484161782
636 0.8087644484161782
637 0.8087644484161782
638 0.8087644484161782
639 0.8087644484161782
640 0.8087644484161782
641 0.8087644484161782
642 0.8087644484161782
643 0.8087644484161782
644 0.8087644484161782
645 0.8087644484161782
646 0.8087644484161782
647 0.8087644484161782
648 0.8087644484161782
649 0.8087644484161782
650 0.8087644484161782
651 0.8087644484161782
652 0.8087644484161782
653 0.8087644484161782
654 0.8087644484161782
655 0.8087644484161782
656 0.8087644484161782
657 0.8087644484161782
658 0.8087644484161782
659 0.8087644484161782
660 0.8087644484161782
661 0.8087644484161782
662 0.8087644484161782
663 0.8087644484161782
664 0.8087644484161782
665 0.8087644484161782
666 0.8087644484161782
667 0.8087644484161782
668 0.8087644484161782
669 0.8087644484161782
670 0.8087644484161782
671 0.8087644484161782
672 0.8087644484161782
673 0.8087644484161782
674 0.8087644484161782
675 0.8087644484161782
676 0.8087644484161782
677 0.8087644484161782
678 0.8087644484161782
679 0.8087644484161782
680 0.8087644484161782
681 0.8087644484161782
682 0.8087644484161782
683 0.8087644484161782
684 0.8087644484161782
685 0.8087644484161782
686 0.8087644484161782
687 0.8087644484161782
688 0.8087644484161782
689 0.8087644484161782
690 0.8087644484161782
691 0.8087644484161782
692 0.8087644484161782
693 0.8087644484161782
694 0.8087644484161782
695 0.8087644484161782
696 0.8087644484161782
697 0.8087644484161782
698 0.8087644484161782
699 0.8087644484161782
700 0.8087644484161782
701 0.8087644484161782
702 0.8087644484161782
703 0.8087644484161782
704 0.8087644484161782
705 0.8087644484161782
706 0.8087644484161782
707 0.8087644484161782
708 0.8087644484161782
709 0.8087644484161782
710 0.8087644484161782
711 0.8087644484161782
712 0.8087644484161782
713 0.8087644484161782
714 0.8087644484161782
715 0.8087644484161782
716 0.8087644484161782
717 0.8087644484161782
718 0.8087644484161782
719 0.8087644484161782
720 0.8087644484161782
721 0.8087644484161782
722 0.8087644484161782
723 0.8087644484161782
724 0.8087644484161782
725 0.8087644484161782
726 0.8087644484161782
727 0.8087644484161782
728 0.8087644484161782
729 0.8087644484161782
730 0.8087644484161782
731 0.8087644484161782
732 0.8087644484161782
733 0.8087644484161782
734 0.8087644484161782
735 0.8087644484161782
736 0.8087644484161782
737 0.8087644484161782
738 0.8087644484161782
739 0.8087644484161782
740 0.8087644484161782
741 0.8087644484161782
742 0.8087644484161782
743 0.8087644484161782
744 0.8087644484161782
745 0.8087644484161782
746 0.8087644484161782
747 0.8087644484161782
748 0.8087644484161782
749 0.8087644484161782
750 0.8087644484161782
751 0.8087644484161782
752 0.8087644484161782
753 0.8087644484161782
754 0.8087644484161782
755 0.8087644484161782
756 0.8087644484161782
757 0.8087644484161782
758 0.8087644484161782
759 0.8087644484161782
760 0.8087644484161782
761 0.8087644484161782
762 0.8087644484161782
763 0.8087644484161782
764 0.8087644484161782
765 0.8087644484161782
766 0.8087644484161782
767 0.8087644484161782
768 0.8087644484161782
769 0.8087644484161782
770 0.8087644484161782
771 0.8087644484161782
772 0.8087644484161782
773 0.8087644484161782
774 0.8087644484161782
775 0.8087644484161782
776 0.8087644484161782
777 0.8087644484161782
778 0.8087644484161782
779 0.8087644484161782
780 0.8087644484161782
781 0.8087644484161782
782 0.8087644484161782
783 0.8087644484161782
784 0.8087644484161782
785 0.8087644484161782
786 0.8087644484161782
787 0.8087644484161782
788 0.8087644484161782
789 0.8087644484161782
790 0.8087644484161782
791 0.8087644484161782
792 0.8087644484161782
793 0.8087644484161782
794 0.8087644484161782
795 0.8087644484161782
796 0.8087644484161782
797 0.8087644484161782
798 0.8087644484161782
799 0.8087644484161782
800 0.8087644484161782
801 0.8087644484161782
802 0.8087644484161782
803 0.8087644484161782
804 0.8087644484161782
805 0.8087644484161782
806 0.8087644484161782
807 0.8087644484161782
808 0.8087644484161782
809 0.8087644484161782
810 0.8087644484161782
811 0.8087644484161782
812 0.8087644484161782
813 0.8087644484161782
814 0.8087644484161782
815 0.8087644484161782
816 0.8087644484161782
817 0.8087644484161782
818 0.8087644484161782
819 0.8087644484161782
820 0.8087644484161782
821 0.8087644484161782
822 0.8087644484161782
823 0.8087644484161782
824 0.8087644484161782
825 0.8087644484161782
826 0.8087644484161782
827 0.8087644484161782
828 0.8087644484161782
829 0.8087644484161782
830 0.8087644484161782
831 0.8087644484161782
832 0.8087644484161782
833 0.8087644484161782
834 0.8087644484161782
835 0.8087644484161782
836 0.8087644484161782
837 0.8087644484161782
838 0.8087644484161782
839 0.8087644484161782
840 0.8087644484161782
841 0.8087644484161782
842 0.8087644484161782
843 0.8087644484161782
844 0.8087644484161782
845 0.8087644484161782
846 0.8087644484161782
847 0.8087644484161782
848 0.8087644484161782
849 0.8087644484161782
850 0.8087644484161782
851 0.8087644484161782
852 0.8087644484161782
853 0.8087644484161782
854 0.8087644484161782
855 0.8087644484161782
856 0.8087644484161782
857 0.8087644484161782
858 0.8087644484161782
859 0.8087644484161782
860 0.8087644484161782
861 0.8087644484161782
862 0.8087644484161782
863 0.8087644484161782
864 0.8087644484161782
865 0.8087644484161782
866 0.8087644484161782
867 0.8087644484161782
868 0.8087644484161782
869 0.8087644484161782
870 0.8087644484161782
871 0.8087644484161782
872 0.8087644484161782
873 0.8087644484161782
874 0.8087644484161782
875 0.8087644484161782
876 0.8087644484161782
877 0.8087644484161782
878 0.8087644484161782
879 0.8087644484161782
880 0.8087644484161782
881 0.8087644484161782
882 0.8087644484161782
883 0.8087644484161782
884 0.8087644484161782
885 0.8087644484161782
886 0.8087644484161782
887 0.8087644484161782
888 0.8087644484161782
889 0.8087644484161782
890 0.8087644484161782
891 0.8087644484161782
892 0.8087644484161782
893 0.8087644484161782
894 0.8087644484161782
895 0.8087644484161782
896 0.8087644484161782
897 0.8087644484161782
898 0.8087644484161782
899 0.8087644484161782
900 0.8087644484161782
901 0.8087644484161782
902 0.8087644484161782
903 0.8087644484161782
904 0.8087644484161782
905 0.8087644484161782
906 0.8087644484161782
907 0.8087644484161782
908 0.8087644484161782
909 0.8087644484161782
910 0.8087644484161782
911 0.8087644484161782
912 0.8087644484161782
913 0.8087644484161782
914 0.8087644484161782
915 0.8087644484161782
916 0.8087644484161782
917 0.8087644484161782
918 0.8087644484161782
919 0.8087644484161782
920 0.8087644484161782
921 0.8087644484161782
922 0.8087644484161782
923 0.8087644484161782
924 0.8087644484161782
925 0.8087644484161782
926 0.8087644484161782
927 0.8087644484161782
928 0.8087644484161782
929 0.8087644484161782
930 0.8087644484161782
931 0.8087644484161782
932 0.8087644484161782
933 0.8087644484161782
934 0.8087644484161782
935 0.8087644484161782
936 0.8087644484161782
937 0.8087644484161782
938 0.8087644484161782
939 0.8087644484161782
940 0.8087644484161782
941 0.8087644484161782
942 0.8087644484161782
943 0.8087644484161782
944 0.8087644484161782
945 0.8087644484161782
946 0.8087644484161782
947 0.8087644484161782
948 0.8087644484161782
949 0.8087644484161782
950 0.8087644484161782
951 0.8087644484161782
952 0.8087644484161782
953 0.8087644484161782
954 0.8087644484161782
955 0.8087644484161782
956 0.8087644484161782
957 0.8087644484161782
958 0.8087644484161782
959 0.8087644484161782
960 0.8087644484161782
961 0.8087644484161782
962 0.8087644484161782
963 0.8087644484161782
964 0.8087644484161782
965 0.8087644484161782
966 0.8087644484161782
967 0.8087644484161782
968 0.8087644484161782
969 0.8087644484161782
970 0.8087644484161782
971 0.8087644484161782
972 0.8087644484161782
973 0.8087644484161782
974 0.8087644484161782
975 0.8087644484161782
976 0.8087644484161782
977 0.8087644484161782
978 0.8087644484161782
979 0.8087644484161782
980 0.8087644484161782
981 0.8087644484161782
982 0.8087644484161782
983 0.8087644484161782
984 0.8087644484161782
985 0.8087644484161782
986 0.8087644484161782
987 0.8087644484161782
988 0.8087644484161782
989 0.8087644484161782
990 0.8087644484161782
991 0.8087644484161782
992 0.8087644484161782
993 0.8087644484161782
994 0.8087644484161782
995 0.8087644484161782
996 0.8087644484161782
997 0.8087644484161782
998 0.8087644484161782
999 0.8087644484161782
1000 0.8087644484161782
1001 0.8087644484161782
1002 0.8087644484161782
1003 0.8087644484161782
1004 0.8087644484161782
1005 0.8087644484161782
1006 0.8087644484161782
1007 0.8087644484161782
1008 0.8087644484161782
1009 0.8087644484161782
1010 0.8087644484161782
1011 0.8087644484161782
1012 0.8087644484161782
1013 0.8087644484161782
1014 0.8087644484161782
1015 0.8087644484161782
1016 0.8087644484161782
1017 0.8087644484161782
1018 0.8087644484161782
1019 0.8087644484161782
1020 0.8087644484161782
1021 0.8087644484161782
1022 0.8087644484161782
1023 0.8087644484161782
1024 0.8087644484161782
1025 0.8087644484161782
1026 0.8087644484161782
1027 0.8087644484161782
1028 0.8087644484161782
1029 0.8087644484161782
1030 0.8087644484161782
1031 0.8087644484161782
1032 0.8087644484161782
1033 0.8087644484161782
1034 0.8087644484161782
1035 0.8087644484161782
1036 0.8087644484161782
1037 0.8087644484161782
1038 0.8087644484161782
1039 0.8087644484161782
1040 0.8087644484161782
1041 0.8087644484161782
1042 0.8087644484161782
1043 0.8087644484161782
1044 0.8087644484161782
1045 0.8087644484161782
1046 0.8087644484161782
1047 0.8087644484161782
1048 0.8087644484161782
1049 0.8087644484161782
1050 0.8087644484161782
1051 0.8087644484161782
1052 0.8087644484161782
1053 0.8087644484161782
1054 0.8087644484161782
1055 0.8087644484161782
1056 0.8087644484161782
1057 0.8087644484161782
1058 0.8087644484161782
1059 0.8087644484161782
1060 0.8087644484161782
1061 0.8087644484161782
1062 0.8087644484161782
1063 0.8087644484161782
1064 0.8087644484161782
1065 0.8087644484161782
1066 0.8087644484161782
1067 0.8087644484161782
1068 0.8087644484161782
1069 0.8087644484161782
1070 0.8087644484161782
1071 0.8087644484161782
1072 0.8087644484161782
1073 0.8087644484161782
1074 0.8087644484161782
1075 0.8087644484161782
1076 0.8087644484161782
1077 0.8087644484161782
1078 0.8087644484161782
1079 0.8087644484161782
1080 0.8087644484161782
1081 0.8087644484161782
1082 0.8087644484161782
1083 0.8087644484161782
1084 0.8087644484161782
1085 0.8087644484161782
1086 0.8087644484161782
1087 0.8087644484161782
1088 0.8087644484161782
1089 0.8087644484161782
1090 0.8087644484161782
1091 0.8087644484161782
1092 0.8087644484161782
1093 0.8087644484161782
1094 0.8087644484161782
1095 0.8087644484161782
1096 0.8087644484161782
1097 0.8087644484161782
1098 0.8087644484161782
1099 0.8087644484161782
1100 0.8087644484161782
1101 0.8087644484161782
1102 0.8087644484161782
1103 0.8087644484161782
1104 0.8087644484161782
1105 0.8087644484161782
1106 0.8087644484161782
1107 0.8087644484161782
1108 0.8087644484161782
1109 0.8087644484161782
1110 0.8087644484161782
1111 0.8087644484161782
1112 0.8087644484161782
1113 0.8087644484161782
1114 0.8087644484161782
1115 0.8087644484161782
1116 0.8087644484161782
1117 0.8087644484161782
1118 0.8087644484161782
1119 0.8087644484161782
1120 0.8087644484161782
1121 0.8087644484161782
1122 0.8087644484161782
1123 0.8087644484161782
1124 0.8087644484161782
1125 0.8087644484161782
1126 0.8087644484161782
1127 0.8087644484161782
1128 0.8087644484161782
1129 0.8087644484161782
1130 0.8087644484161782
1131 0.8087644484161782
1132 0.8087644484161782
1133 0.8087644484161782
1134 0.8087644484161782
1135 0.8087644484161782
1136 0.8087644484161782
1137 0.8087644484161782
1138 0.8087644484161782
1139 0.8087644484161782
1140 0.8087644484161782
1141 0.8087644484161782
1142 0.8087644484161782
1143 0.8087644484161782
1144 0.8087644484161782
1145 0.8087644484161782
1146 0.8087644484161782
1147 0.8087644484161782
1148 0.8087644484161782
1149 0.8087644484161782
1150 0.8087644484161782
1151 0.8087644484161782
1152 0.8087644484161782
1153 0.8087644484161782
1154 0.8087644484161782
1155 0.8087644484161782
1156 0.8087644484161782
1157 0.8087644484161782
1158 0.8087644484161782
1159 0.8087644484161782
1160 0.8087644484161782
1161 0.8087644484161782
1162 0.8087644484161782
1163 0.8087644484161782
1164 0.8087644484161782
1165 0.8087644484161782
1166 0.8087644484161782
1167 0.8087644484161782
1168 0.8087644484161782
1169 0.8087644484161782
1170 0.8087644484161782
1171 0.8087644484161782
1172 0.8087644484161782
1173 0.8087644484161782
1174 0.8087644484161782
1175 0.8087644484161782
1176 0.8087644484161782
1177 0.8087644484161782
1178 0.8087644484161782
1179 0.8087644484161782
1180 0.8087644484161782
1181 0.8087644484161782
1182 0.8087644484161782
1183 0.8087644484161782
1184 0.8087644484161782
1185 0.8087644484161782
1186 0.8087644484161782
1187 0.8087644484161782
1188 0.8087644484161782
1189 0.8087644484161782
1190 0.8087644484161782
1191 0.8087644484161782
1192 0.8087644484161782
1193 0.8087644484161782
1194 0.8087644484161782
1195 0.8087644484161782
1196 0.8087644484161782
1197 0.8087644484161782
1198 0.8087644484161782
1199 0.8087644484161782
1200 0.8087644484161782
1201 0.8087644484161782
1202 0.8087644484161782
1203 0.8087644484161782
1204 0.8087644484161782
1205 0.8087644484161782
1206 0.8087644484161782
1207 0.8087644484161782
1208 0.8087644484161782
1209 0.8087644484161782
1210 0.8087644484161782
1211 0.8087644484161782
1212 0.8087644484161782
1213 0.8087644484161782
1214 0.8087644484161782
1215 0.8087644484161782
1216 0.8087644484161782
1217 0.8087644484161782
1218 0.8087644484161782
1219 0.8087644484161782
1220 0.8087644484161782
1221 0.8087644484161782
1222 0.8087644484161782
1223 0.8087644484161782
1224 0.8087644484161782
1225 0.8087644484161782
1226 0.8087644484161782
1227 0.8087644484161782
1228 0.8087644484161782
1229 0.8087644484161782
1230 0.8087644484161782
1231 0.8087644484161782
1232 0.8087644484161782
1233 0.8087644484161782
1234 0.8087644484161782
1235 0.8087644484161782
1236 0.8087644484161782
1237 0.8087644484161782
1238 0.8087644484161782
1239 0.8087644484161782
1240 0.8087644484161782
1241 0.8087644484161782
1242 0.8087644484161782
1243 0.8087644484161782
1244 0.8087644484161782
1245 0.8087644484161782
1246 0.8087644484161782
1247 0.8087644484161782
1248 0.8087644484161782
1249 0.8087644484161782
1250 0.8087644484161782
1251 0.8087644484161782
1252 0.8087644484161782
1253 0.8087644484161782
1254 0.8087644484161782
1255 0.8087644484161782
1256 0.8087644484161782
1257 0.8087644484161782
1258 0.8087644484161782
1259 0.8087644484161782
1260 0.8087644484161782
1261 0.8087644484161782
1262 0.8087644484161782
1263 0.8087644484161782
1264 0.8087644484161782
1265 0.8087644484161782
1266 0.8087644484161782
1267 0.8087644484161782
1268 0.8087644484161782
1269 0.8087644484161782
1270 0.8087644484161782
1271 0.8087644484161782
1272 0.8087644484161782
1273 0.8087644484161782
1274 0.8087644484161782
1275 0.8087644484161782
1276 0.8087644484161782
1277 0.8087644484161782
1278 0.8087644484161782
1279 0.8087644484161782
1280 0.8087644484161782
1281 0.8087644484161782
1282 0.8087644484161782
1283 0.8087644484161782
1284 0.8087644484161782
1285 0.8087644484161782
1286 0.8087644484161782
1287 0.8087644484161782
1288 0.8087644484161782
1289 0.8087644484161782
1290 0.8087644484161782
1291 0.8087644484161782
1292 0.8087644484161782
1293 0.8087644484161782
1294 0.8087644484161782
1295 0.8087644484161782
1296 0.8087644484161782
1297 0.8087644484161782
1298 0.8087644484161782
1299 0.8087644484161782
1300 0.8087644484161782
1301 0.8087644484161782
1302 0.8087644484161782
1303 0.8087644484161782
1304 0.8087644484161782
1305 0.8087644484161782
1306 0.8087644484161782
1307 0.8087644484161782
1308 0.8087644484161782
1309 0.8087644484161782
1310 0.8087644484161782
1311 0.8087644484161782
1312 0.8087644484161782
1313 0.8087644484161782
1314 0.8087644484161782
1315 0.8087644484161782
1316 0.8087644484161782
1317 0.8087644484161782
1318 0.8087644484161782
1319 0.8087644484161782
1320 0.8087644484161782
1321 0.8087644484161782
1322 0.8087644484161782
1323 0.8087644484161782
1324 0.8087644484161782
1325 0.8087644484161782
1326 0.8087644484161782
1327 0.8087644484161782
1328 0.8087644484161782
1329 0.8087644484161782
1330 0.8087644484161782
1331 0.8087644484161782
1332 0.8087644484161782
1333 0.8087644484161782
1334 0.8087644484161782
1335 0.8087644484161782
1336 0.8087644484161782
1337 0.8087644484161782
1338 0.8087644484161782
1339 0.8087644484161782
1340 0.8087644484161782
1341 0.8087644484161782
1342 0.8087644484161782
1343 0.8087644484161782
1344 0.8087644484161782
1345 0.8087644484161782
1346 0.8087644484161782
1347 0.8087644484161782
1348 0.8087644484161782
1349 0.8087644484161782
1350 0.8087644484161782
1351 0.8087644484161782
1352 0.8087644484161782
1353 0.8087644484161782
1354 0.8087644484161782
1355 0.8087644484161782
1356 0.8087644484161782
1357 0.8087644484161782
1358 0.8087644484161782
1359 0.8087644484161782
1360 0.8087644484161782
1361 0.8087644484161782
1362 0.8087644484161782
1363 0.8087644484161782
1364 0.8087644484161782
1365 0.8087644484161782
1366 0.8087644484161782
1367 0.8087644484161782
1368 0.8087644484161782
1369 0.8087644484161782
1370 0.8087644484161782
1371 0.8087644484161782
1372 0.8087644484161782
1373 0.8087644484161782
1374 0.8087644484161782
1375 0.8087644484161782
1376 0.8087644484161782
1377 0.8087644484161782
1378 0.8087644484161782
1379 0.8087644484161782
1380 0.8087644484161782
1381 0.8087644484161782
1382 0.8087644484161782
1383 0.8087644484161782
1384 0.8087644484161782
1385 0.8087644484161782
1386 0.8087644484161782
1387 0.8087644484161782
1388 0.8087644484161782
1389 0.8087644484161782
1390 0.8087644484161782
1391 0.8087644484161782
1392 0.8087644484161782
1393 0.8087644484161782
1394 0.8087644484161782
1395 0.8087644484161782
1396 0.8087644484161782
1397 0.8087644484161782
1398 0.8087644484161782
1399 0.8087644484161782
1400 0.8087644484161782
1401 0.8087644484161782
1402 0.8087644484161782
1403 0.8087644484161782
1404 0.8087644484161782
1405 0.8087644484161782
1406 0.8087644484161782
1407 0.8087644484161782
1408 0.8087644484161782
1409 0.8087644484161782
1410 0.8087644484161782
1411 0.8087644484161782
1412 0.8087644484161782
1413 0.8087644484161782
1414 0.8087644484161782
1415 0.8087644484161782
1416 0.8087644484161782
1417 0.8087644484161782
1418 0.8087644484161782
1419 0.8087644484161782
1420 0.8087644484161782
1421 0.8087644484161782
1422 0.8087644484161782
1423 0.8087644484161782
1424 0.8087644484161782
1425 0.8087644484161782
1426 0.8087644484161782
1427 0.8087644484161782
1428 0.8087644484161782
1429 0.8087644484161782
1430 0.8087644484161782
1431 0.8087644484161782
1432 0.8087644484161782
1433 0.8087644484161782
1434 0.8087644484161782
1435 0.8087644484161782
1436 0.8087644484161782
1437 0.8087644484161782
1438 0.8087644484161782
1439 0.8087644484161782
1440 0.8087644484161782
1441 0.8087644484161782
1442 0.8087644484161782
1443 0.8087644484161782
1444 0.8087644484161782
1445 0.8087644484161782
1446 0.8087644484161782
1447 0.8087644484161782
1448 0.8087644484161782
1449 0.8087644484161782
1450 0.8087644484161782
1451 0.8087644484161782
1452 0.8087644484161782
1453 0.8087644484161782
1454 0.8087644484161782
1455 0.8087644484161782
1456 0.8087644484161782
1457 0.8087644484161782
1458 0.8087644484161782
1459 0.8087644484161782
1460 0.8087644484161782
1461 0.8087644484161782
1462 0.8087644484161782
1463 0.8087644484161782
1464 0.8087644484161782
1465 0.8087644484161782
1466 0.8087644484161782
1467 0.8087644484161782
1468 0.8087644484161782
1469 0.8087644484161782
1470 0.8087644484161782
1471 0.8087644484161782
1472 0.8087644484161782
1473 0.8087644484161782
1474 0.8087644484161782
1475 0.8087644484161782
1476 0.8087644484161782
1477 0.8087644484161782
1478 0.8087644484161782
1479 0.8087644484161782
1480 0.8087644484161782
1481 0.8087644484161782
1482 0.8087644484161782
1483 0.8087644484161782
1484 0.8087644484161782
1485 0.8087644484161782
1486 0.8087644484161782
1487 0.8087644484161782
1488 0.8087644484161782
1489 0.8087644484161782
1490 0.8087644484161782
1491 0.8087644484161782
1492 0.8087644484161782
1493 0.8087644484161782
1494 0.8087644484161782
1495 0.8087644484161782
1496 0.8087644484161782
1497 0.8087644484161782
1498 0.8087644484161782
1499 0.8087644484161782
