0 0.6666666666666666
1 0.9
2 0.9
3 1.3
4 1.3
5 1.4333333333333333
6 1.4333333333333333
7 1.7333333333333334
8 1.7333333333333334
9 1.7666666666666666
10 1.7666666666666666
11 1.7666666666666666
12 1.7666666666666666
13 1.7666666666666666
14 1.7666666666666666
15 1.7666666666666666
16 1.9333333333333333
17 2.3666666666666667
18 2.3666666666666667
19 2.3666666666666667
20 2.3666666666666667
21 2.3666666666666667
22 2.6333333333333333
23 2.6333333333333333
24 2.7
25 2.7
26 3.466666666666667
27 3.466666666666667
28 3.6
29 3.6
30 3.6
31 3.6
32 3.6
33 3.6
34 3.6
35 3.6
36 3.6
37 3.6333333333333333
38 3.6333333333333333
39 3.6333333333333333
40 3.6333333333333333
41 3.6333333333333333
42 3.6333333333333333
43 3.6333333333333333
44 3.6333333333333333
45 3.6333333333333333
46 3.6333333333333333
47 3.9
48 3.9
49 3.9
50 4.233333333333333
51 4.233333333333333
52 4.233333333333333
53 4.433333333333334
54 4.433333333333334
55 4.433333333333334
56 4.433333333333334
57 4.433333333333334
58 4.433333333333334
59 4.433333333333334
60 4.433333333333334
61 4.433333333333334
62 4.433333333333334
63 4.433333333333334
64 4.433333333333334
65 4.433333333333334
66 4.433333333333334
67 4.433333333333334
68 4.433333333333334
69 4.433333333333334
70 4.433333333333334
71 4.433333333333334
72 4.433333333333334
73 4.433333333333334
74 4.433333333333334
75 4.433333333333334
76 4.433333333333334
77 4.766666666666667
78 4.766666666666667
79 4.766666666666667
80 4.766666666666667
81 5.2
82 5.2
83 5.2
84 5.2
85 5.2
86 5.2
87 5.2
88 5.2
89 5.2
90 5.2
91 5.2
92 5.2
93 5.2
94 5.2
95 5.2
96 5.2
97 5.2
98 5.2
99 5.2
100 5.2
101 5.2
102 5.2
103 5.2
104 5.2
105 5.2
106 5.2
107 5.2
108 5.2
109 5.2
110 5.2
111 5.2
112 5.2
113 5.2
114 5.2
115 5.2
116 5.2
117 5.2
118 5.2
119 5.2
120 5.2
121 5.2
122 5.2
123 5.2
124 5.2
125 5.2
126 5.2
127 5.2
128 5.2
129 5.2
130 5.2
131 5.2
132 5.2
133 5.2
134 5.2
135 5.2
136 5.2
137 5.2
138 5.2
139 5.2
140 5.2
141 5.2
142 5.2
143 5.2
144 5.2
145 5.2
146 5.2
147 5.2
148 5.2
149 5.2
150 5.2
151 5.2
152 5.2
153 5.2
154 5.2
155 5.2
156 5.2
157 5.2
158 5.2
159 5.2
160 5.2
161 5.2
162 5.2
163 5.2
164 5.3
165 5.3
166 5.3
167 5.3
168 5.3
169 5.3
170 5.3
171 5.3
172 5.3
173 5.3
174 5.3
175 5.3
176 5.333333333333333
177 5.333333333333333
178 5.333333333333333
179 5.333333333333333
180 5.333333333333333
181 5.333333333333333
182 5.333333333333333
183 5.333333333333333
184 5.333333333333333
185 5.333333333333333
186 5.333333333333333
187 5.333333333333333
188 5.333333333333333
189 5.333333333333333
190 5.333333333333333
191 5.333333333333333
192 5.333333333333333
193 5.333333333333333
194 5.333333333333333
195 5.333333333333333
196 5.333333333333333
197 5.333333333333333
198 5.333333333333333
199 5.333333333333333
200 5.333333333333333
201 5.333333333333333
202 5.333333333333333
203 5.333333333333333
204 5.333333333333333
205 5.333333333333333
206 5.333333333333333
207 5.333333333333333
208 5.333333333333333
209 5.333333333333333
210 5.333333333333333
211 5.333333333333333
212 5.333333333333333
213 5.333333333333333
214 5.333333333333333
215 5.333333333333333
216 5.333333333333333
217 5.333333333333333
218 5.333333333333333
219 5.333333333333333
220 5.333333333333333
221 5.333333333333333
222 5.333333333333333
223 5.333333333333333
224 5.333333333333333
225 5.333333333333333
226 5.333333333333333
227 5.333333333333333
228 5.333333333333333
229 5.333333333333333
230 5.333333333333333
231 5.333333333333333
232 5.333333333333333
233 5.333333333333333
234 5.333333333333333
235 5.333333333333333
236 5.333333333333333
237 5.333333333333333
238 5.333333333333333
239 5.333333333333333
240 5.333333333333333
241 5.333333333333333
242 5.333333333333333
243 5.333333333333333
244 5.333333333333333
245 5.333333333333333
246 5.333333333333333
247 5.333333333333333
248 5.333333333333333
249 5.333333333333333
250 5.333333333333333
251 5.333333333333333
252 5.333333333333333
253 5.333333333333333
254 5.333333333333333
255 5.333333333333333
256 5.333333333333333
257 5.333333333333333
258 5.333333333333333
259 5.333333333333333
260 5.333333333333333
261 5.333333333333333
262 5.333333333333333
263 5.333333333333333
264 5.333333333333333
265 5.333333333333333
266 5.333333333333333
267 5.333333333333333
268 5.333333333333333
269 5.333333333333333
270 5.333333333333333
271 5.333333333333333
272 5.333333333333333
273 5.333333333333333
274 5.333333333333333
275 5.333333333333333
276 5.333333333333333
277 5.333333333333333
278 5.333333333333333
279 5.333333333333333
280 5.333333333333333
281 5.333333333333333
282 5.333333333333333
283 5.333333333333333
284 5.333333333333333
285 5.333333333333333
286 5.333333333333333
287 5.333333333333333
288 5.333333333333333
289 5.466666666666667
290 5.466666666666667
291 5.466666666666667
292 5.466666666666667
293 5.466666666666667
294 5.466666666666667
295 5.466666666666667
296 5.466666666666667
297 5.466666666666667
298 5.466666666666667
299 5.466666666666667
300 5.466666666666667
301 5.466666666666667
302 5.466666666666667
303 5.466666666666667
304 5.466666666666667
305 5.466666666666667
306 5.466666666666667
307 5.466666666666667
308 5.466666666666667
309 5.466666666666667
310 5.466666666666667
311 5.466666666666667
312 5.466666666666667
313 5.466666666666667
314 5.466666666666667
315 5.466666666666667
316 5.466666666666667
317 5.466666666666667
318 5.466666666666667
319 5.466666666666667
320 5.466666666666667
321 5.466666666666667
322 5.466666666666667
323 5.466666666666667
324 5.466666666666667
325 5.466666666666667
326 5.466666666666667
327 5.466666666666667
328 5.466666666666667
329 5.466666666666667
330 5.466666666666667
331 5.466666666666667
332 5.466666666666667
333 5.466666666666667
334 5.466666666666667
335 5.466666666666667
336 5.466666666666667
337 5.466666666666667
338 5.466666666666667
339 5.466666666666667
340 5.466666666666667
341 5.466666666666667
342 5.466666666666667
343 5.466666666666667
344 5.466666666666667
345 5.5
346 5.5
347 5.5
348 5.5
349 5.5
350 5.5
351 5.5
352 5.5
353 5.5
354 5.5
355 5.5
356 5.5
357 5.5
358 5.5
359 5.5
360 5.5
361 5.5
362 5.5
363 5.5
364 5.5
365 5.5
366 5.5
367 5.5
368 5.5
369 5.5
370 5.5
371 5.5
372 5.5
373 5.5
374 5.5
375 5.5
376 5.5
377 5.5
378 5.5
379 5.5
380 5.5
381 5.5
382 5.5
383 5.5
384 5.5
385 5.5
386 5.5
387 5.5
388 5.5
389 5.5
390 5.5
391 5.5
392 5.5
393 5.5
394 5.5
395 5.5
396 5.5
397 5.5
398 5.5
399 5.5
400 5.5
401 5.5
402 5.5
403 5.5
404 5.5
405 5.5
406 5.5
407 5.5
408 5.5
409 5.5
410 5.5
411 5.566666666666666
412 5.566666666666666
413 5.566666666666666
414 5.566666666666666
415 5.566666666666666
416 5.566666666666666
417 5.566666666666666
418 5.566666666666666
419 5.566666666666666
420 5.566666666666666
421 5.566666666666666
422 5.566666666666666
423 5.566666666666666
424 5.566666666666666
425 5.566666666666666
426 5.566666666666666
427 5.566666666666666
428 5.566666666666666
429 5.566666666666666
430 5.566666666666666
431 5.566666666666666
432 5.566666666666666
433 5.566666666666666
434 5.566666666666666
435 5.6
436 5.6
437 5.6
438 5.6
439 5.6
440 5.6
441 5.6
442 5.6
443 5.6
444 5.6
445 5.6
446 5.6
447 5.6
448 5.6
449 5.6
450 5.6
451 5.6
452 5.6
453 5.6
454 5.6
455 5.6
456 5.6
457 5.6
458 5.6
459 5.6
460 5.6
461 5.6
462 5.6
463 5.6
464 5.6
465 5.6
466 5.6
467 5.6
468 5.6
469 5.6
470 5.6
471 5.6
472 5.6
473 5.6
474 5.6
475 5.6
476 5.6
477 5.6
478 5.633333333333334
479 5.633333333333334
480 5.633333333333334
481 5.633333333333334
482 5.633333333333334
483 5.633333333333334
484 5.633333333333334
485 5.633333333333334
486 5.633333333333334
487 5.633333333333334
488 5.633333333333334
489 5.633333333333334
490 5.633333333333334
491 5.633333333333334
492 5.633333333333334
493 5.633333333333334
494 5.633333333333334
495 5.633333333333334
496 5.633333333333334
497 5.633333333333334
498 5.633333333333334
499 5.633333333333334
500 5.633333333333334
501 5.633333333333334
502 5.633333333333334
503 5.633333333333334
504 5.633333333333334
505 5.633333333333334
506 5.633333333333334
507 5.633333333333334
508 5.633333333333334
509 5.633333333333334
510 5.633333333333334
511 5.633333333333334
512 5.633333333333334
513 5.633333333333334
514 5.633333333333334
515 5.633333333333334
516 5.633333333333334
517 5.633333333333334
518 5.633333333333334
519 5.633333333333334
520 5.633333333333334
521 5.633333333333334
522 5.633333333333334
523 5.633333333333334
524 5.633333333333334
525 5.633333333333334
526 5.633333333333334
527 5.633333333333334
528 5.633333333333334
529 5.633333333333334
530 5.633333333333334
531 5.633333333333334
532 5.633333333333334
533 5.633333333333334
534 5.633333333333334
535 5.633333333333334
536 5.633333333333334
537 5.633333333333334
538 5.633333333333334
539 5.633333333333334
540 5.633333333333334
541 5.633333333333334
542 5.633333333333334
543 5.633333333333334
544 5.633333333333334
545 5.633333333333334
546 5.633333333333334
547 5.766666666666667
548 5.766666666666667
549 5.766666666666667
550 5.766666666666667
551 5.766666666666667
552 5.766666666666667
553 5.766666666666667
554 5.766666666666667
555 5.766666666666667
556 5.766666666666667
557 5.766666666666667
558 5.766666666666667
559 5.766666666666667
560 5.766666666666667
561 5.766666666666667
562 5.766666666666667
563 5.766666666666667
564 5.766666666666667
565 5.766666666666667
566 5.766666666666667
567 5.766666666666667
568 5.766666666666667
569 5.766666666666667
570 5.766666666666667
571 5.766666666666667
572 5.766666666666667
573 5.766666666666667
574 5.766666666666667
575 5.766666666666667
576 5.766666666666667
577 5.766666666666667
578 5.766666666666667
579 5.766666666666667
580 5.766666666666667
581 5.766666666666667
582 5.766666666666667
583 5.766666666666667
584 5.766666666666667
585 5.766666666666667
586 5.766666666666667
587 5.766666666666667
588 5.766666666666667
589 5.766666666666667
590 5.766666666666667
591 5.766666666666667
592 5.766666666666667
593 5.766666666666667
594 5.766666666666667
595 5.766666666666667
596 5.766666666666667
597 5.766666666666667
598 5.766666666666667
599 5.766666666666667
600 5.766666666666667
601 5.766666666666667
602 5.766666666666667
603 5.766666666666667
604 5.766666666666667
605 5.766666666666667
606 5.766666666666667
607 5.766666666666667
608 5.766666666666667
609 5.766666666666667
610 5.766666666666667
611 5.766666666666667
612 5.766666666666667
613 5.766666666666667
614 5.766666666666667
615 5.766666666666667
616 5.766666666666667
617 5.766666666666667
618 5.766666666666667
619 5.766666666666667
620 5.766666666666667
621 5.766666666666667
622 5.766666666666667
623 5.766666666666667
624 5.766666666666667
625 5.766666666666667
626 5.766666666666667
627 5.766666666666667
628 5.766666666666667
629 5.766666666666667
630 5.766666666666667
631 5.766666666666667
632 5.766666666666667
633 5.766666666666667
634 5.766666666666667
635 5.766666666666667
636 5.766666666666667
637 5.766666666666667
638 5.766666666666667
639 5.766666666666667
640 5.766666666666667
641 5.766666666666667
642 5.766666666666667
643 5.766666666666667
644 5.766666666666667
645 5.766666666666667
646 5.766666666666667
647 5.8
648 5.8
649 5.8
650 5.8
651 5.8
652 5.8
653 5.8
654 5.8
655 5.8
656 5.8
657 5.8
658 5.8
659 5.833333333333333
660 5.833333333333333
661 5.833333333333333
662 5.833333333333333
663 5.833333333333333
664 5.833333333333333
665 5.833333333333333
666 5.833333333333333
667 5.833333333333333
668 5.833333333333333
669 5.833333333333333
670 5.833333333333333
671 5.833333333333333
672 5.833333333333333
673 5.833333333333333
674 5.833333333333333
675 5.833333333333333
676 5.833333333333333
677 5.833333333333333
678 5.833333333333333
679 5.833333333333333
680 5.833333333333333
681 5.833333333333333
682 5.833333333333333
683 5.833333333333333
684 5.833333333333333
685 5.833333333333333
686 5.833333333333333
687 5.833333333333333
688 5.833333333333333
689 5.833333333333333
690 5.833333333333333
691 5.833333333333333
692 5.833333333333333
693 5.833333333333333
694 5.833333333333333
695 5.833333333333333
696 5.833333333333333
697 5.833333333333333
698 5.833333333333333
699 5.833333333333333
700 5.833333333333333
701 5.833333333333333
702 5.833333333333333
703 5.833333333333333
704 5.833333333333333
705 5.833333333333333
706 5.833333333333333
707 5.833333333333333
708 5.833333333333333
709 5.833333333333333
710 5.833333333333333
711 5.833333333333333
712 5.833333333333333
713 5.833333333333333
714 5.833333333333333
715 5.833333333333333
716 5.833333333333333
717 5.833333333333333
718 5.833333333333333
719 5.833333333333333
720 5.833333333333333
721 5.833333333333333
722 5.833333333333333
723 5.9
724 5.9
725 5.9
726 5.9
727 5.9
728 5.9
729 5.9
730 5.9
731 5.9
732 5.9
733 5.9
734 5.9
735 5.9
736 5.9
737 5.9
738 5.9
739 5.9
740 5.9
741 5.9
742 5.9
743 5.9
744 5.9
745 5.9
746 5.9
747 5.9
748 5.9
749 5.9
750 5.9
751 5.9
752 5.9
753 5.9
754 5.9
755 5.9
756 5.9
757 5.9
758 5.9
759 5.9
760 5.9
761 5.9
762 5.9
763 5.9
764 5.9
765 5.9
766 5.9
767 5.9
768 5.9
769 5.9
770 5.9
771 5.9
772 5.9
773 5.9
774 5.9
775 5.9
776 5.9
777 5.9
778 5.9
779 5.9
780 5.9
781 5.9
782 5.9
783 5.9
784 5.9
785 5.9
786 5.9
787 5.9
788 5.9
789 5.9
790 5.9
791 5.9
792 5.9
793 5.9
794 5.9
795 5.9
796 5.9
797 5.9
798 5.9
799 5.9
800 5.9
801 5.9
802 5.9
803 5.9
804 5.9
805 5.9
806 5.9
807 5.9
808 5.9
809 5.9
810 5.9
811 5.9
812 5.9
813 5.9
814 5.9
815 5.9
816 5.9
817 5.9
818 5.9
819 5.9
820 5.9
821 5.9
822 5.9
823 5.9
824 5.9
825 5.9
826 5.9
827 6.0
828 6.0
829 6.0
830 6.0
831 6.0
832 6.0
833 6.0
834 6.0
835 6.0
836 6.0
837 6.0
838 6.0
839 6.0
840 6.0
841 6.0
842 6.0
843 6.0
844 6.0
845 6.0
846 6.0
847 6.0
848 6.0
849 6.0
850 6.0
851 6.0
852 6.0
853 6.0
854 6.0
855 6.033333333333333
856 6.033333333333333
857 6.033333333333333
858 6.033333333333333
859 6.033333333333333
860 6.033333333333333
861 6.033333333333333
862 6.033333333333333
863 6.033333333333333
864 6.033333333333333
865 6.033333333333333
866 6.033333333333333
867 6.033333333333333
868 6.033333333333333
869 6.033333333333333
870 6.033333333333333
871 6.033333333333333
872 6.033333333333333
873 6.033333333333333
874 6.033333333333333
875 6.033333333333333
876 6.033333333333333
877 6.033333333333333
878 6.033333333333333
879 6.033333333333333
880 6.033333333333333
881 6.033333333333333
882 6.033333333333333
883 6.033333333333333
884 6.033333333333333
885 6.033333333333333
886 6.033333333333333
887 6.033333333333333
888 6.033333333333333
889 6.033333333333333
890 6.033333333333333
891 6.033333333333333
892 6.033333333333333
893 6.033333333333333
894 6.033333333333333
895 6.033333333333333
896 6.033333333333333
897 6.033333333333333
898 6.033333333333333
899 6.033333333333333
900 6.033333333333333
901 6.033333333333333
902 6.033333333333333
903 6.033333333333333
904 6.033333333333333
905 6.033333333333333
906 6.033333333333333
907 6.033333333333333
908 6.033333333333333
909 6.033333333333333
910 6.033333333333333
911 6.033333333333333
912 6.033333333333333
913 6.033333333333333
914 6.033333333333333
915 6.033333333333333
916 6.033333333333333
917 6.033333333333333
918 6.033333333333333
919 6.033333333333333
920 6.033333333333333
921 6.033333333333333
922 6.033333333333333
923 6.033333333333333
924 6.033333333333333
925 6.033333333333333
926 6.033333333333333
927 6.033333333333333
928 6.033333333333333
929 6.033333333333333
930 6.033333333333333
931 6.033333333333333
932 6.033333333333333
933 6.033333333333333
934 6.033333333333333
935 6.033333333333333
936 6.033333333333333
937 6.033333333333333
938 6.033333333333333
939 6.033333333333333
940 6.033333333333333
941 6.033333333333333
942 6.033333333333333
943 6.033333333333333
944 6.033333333333333
945 6.033333333333333
946 6.033333333333333
947 6.033333333333333
948 6.033333333333333
949 6.033333333333333
950 6.033333333333333
951 6.033333333333333
952 6.033333333333333
953 6.033333333333333
954 6.033333333333333
955 6.033333333333333
956 6.033333333333333
957 6.033333333333333
958 6.033333333333333
959 6.033333333333333
960 6.033333333333333
961 6.033333333333333
962 6.033333333333333
963 6.033333333333333
964 6.033333333333333
965 6.033333333333333
966 6.033333333333333
967 6.033333333333333
968 6.033333333333333
969 6.033333333333333
970 6.033333333333333
971 6.033333333333333
972 6.033333333333333
973 6.033333333333333
974 6.033333333333333
975 6.033333333333333
976 6.033333333333333
977 6.033333333333333
978 6.033333333333333
979 6.033333333333333
980 6.033333333333333
981 6.033333333333333
982 6.033333333333333
983 6.033333333333333
984 6.033333333333333
985 6.033333333333333
986 6.033333333333333
987 6.033333333333333
988 6.033333333333333
989 6.033333333333333
990 6.033333333333333
991 6.033333333333333
992 6.033333333333333
993 6.033333333333333
994 6.033333333333333
995 6.033333333333333
996 6.033333333333333
997 6.033333333333333
998 6.033333333333333
999 6.033333333333333
1000 6.033333333333333
1001 6.033333333333333
1002 6.033333333333333
1003 6.033333333333333
1004 6.033333333333333
1005 6.033333333333333
1006 6.033333333333333
1007 6.033333333333333
1008 6.033333333333333
1009 6.033333333333333
1010 6.033333333333333
1011 6.033333333333333
1012 6.033333333333333
1013 6.033333333333333
1014 6.033333333333333
1015 6.033333333333333
1016 6.033333333333333
1017 6.033333333333333
1018 6.033333333333333
1019 6.033333333333333
1020 6.033333333333333
1021 6.033333333333333
1022 6.033333333333333
1023 6.033333333333333
1024 6.033333333333333
1025 6.033333333333333
1026 6.033333333333333
1027 6.033333333333333
1028 6.033333333333333
1029 6.033333333333333
1030 6.033333333333333
1031 6.033333333333333
1032 6.033333333333333
1033 6.033333333333333
1034 6.033333333333333
1035 6.033333333333333
1036 6.033333333333333
1037 6.033333333333333
1038 6.033333333333333
1039 6.033333333333333
1040 6.033333333333333
1041 6.033333333333333
1042 6.033333333333333
1043 6.033333333333333
1044 6.033333333333333
1045 6.033333333333333
1046 6.033333333333333
1047 6.033333333333333
1048 6.033333333333333
1049 6.033333333333333
1050 6.033333333333333
1051 6.033333333333333
1052 6.033333333333333
1053 6.033333333333333
1054 6.033333333333333
1055 6.033333333333333
1056 6.033333333333333
1057 6.033333333333333
1058 6.033333333333333
1059 6.033333333333333
1060 6.033333333333333
1061 6.033333333333333
1062 6.033333333333333
1063 6.033333333333333
1064 6.033333333333333
1065 6.033333333333333
1066 6.033333333333333
1067 6.033333333333333
1068 6.033333333333333
1069 6.033333333333333
1070 6.033333333333333
1071 6.033333333333333
1072 6.033333333333333
1073 6.033333333333333
1074 6.033333333333333
1075 6.033333333333333
1076 6.033333333333333
1077 6.033333333333333
1078 6.033333333333333
1079 6.033333333333333
1080 6.033333333333333
1081 6.033333333333333
1082 6.033333333333333
1083 6.033333333333333
1084 6.033333333333333
1085 6.033333333333333
1086 6.033333333333333
1087 6.033333333333333
1088 6.033333333333333
1089 6.033333333333333
1090 6.033333333333333
1091 6.033333333333333
1092 6.033333333333333
1093 6.033333333333333
1094 6.033333333333333
1095 6.033333333333333
1096 6.033333333333333
1097 6.033333333333333
1098 6.033333333333333
1099 6.033333333333333
1100 6.033333333333333
1101 6.033333333333333
1102 6.033333333333333
1103 6.033333333333333
1104 6.033333333333333
1105 6.033333333333333
1106 6.033333333333333
1107 6.033333333333333
1108 6.033333333333333
1109 6.033333333333333
1110 6.033333333333333
1111 6.033333333333333
1112 6.033333333333333
1113 6.033333333333333
1114 6.033333333333333
1115 6.033333333333333
1116 6.033333333333333
1117 6.033333333333333
1118 6.033333333333333
1119 6.033333333333333
1120 6.033333333333333
1121 6.033333333333333
1122 6.033333333333333
1123 6.033333333333333
1124 6.033333333333333
1125 6.033333333333333
1126 6.033333333333333
1127 6.033333333333333
1128 6.033333333333333
1129 6.033333333333333
1130 6.033333333333333
1131 6.033333333333333
1132 6.033333333333333
1133 6.033333333333333
1134 6.033333333333333
1135 6.033333333333333
1136 6.033333333333333
1137 6.033333333333333
1138 6.033333333333333
1139 6.033333333333333
1140 6.033333333333333
1141 6.033333333333333
1142 6.033333333333333
1143 6.033333333333333
1144 6.033333333333333
1145 6.033333333333333
1146 6.033333333333333
1147 6.033333333333333
1148 6.033333333333333
1149 6.033333333333333
1150 6.033333333333333
1151 6.033333333333333
1152 6.033333333333333
1153 6.033333333333333
1154 6.033333333333333
1155 6.033333333333333
1156 6.033333333333333
1157 6.033333333333333
1158 6.033333333333333
1159 6.033333333333333
1160 6.033333333333333
1161 6.033333333333333
1162 6.033333333333333
1163 6.033333333333333
1164 6.033333333333333
1165 6.033333333333333
1166 6.033333333333333
1167 6.033333333333333
1168 6.033333333333333
1169 6.033333333333333
1170 6.033333333333333
1171 6.033333333333333
1172 6.033333333333333
1173 6.033333333333333
1174 6.033333333333333
1175 6.033333333333333
1176 6.033333333333333
1177 6.033333333333333
1178 6.033333333333333
1179 6.033333333333333
1180 6.033333333333333
1181 6.033333333333333
1182 6.033333333333333
1183 6.033333333333333
1184 6.033333333333333
1185 6.033333333333333
1186 6.033333333333333
1187 6.033333333333333
1188 6.033333333333333
1189 6.033333333333333
1190 6.033333333333333
1191 6.033333333333333
1192 6.033333333333333
1193 6.033333333333333
1194 6.033333333333333
1195 6.033333333333333
1196 6.033333333333333
1197 6.033333333333333
1198 6.033333333333333
1199 6.033333333333333
1200 6.033333333333333
1201 6.033333333333333
1202 6.033333333333333
1203 6.033333333333333
1204 6.033333333333333
1205 6.033333333333333
1206 6.033333333333333
1207 6.033333333333333
1208 6.033333333333333
1209 6.033333333333333
1210 6.033333333333333
1211 6.033333333333333
1212 6.033333333333333
1213 6.033333333333333
1214 6.033333333333333
1215 6.033333333333333
1216 6.033333333333333
1217 6.033333333333333
1218 6.033333333333333
1219 6.033333333333333
1220 6.033333333333333
1221 6.033333333333333
1222 6.033333333333333
1223 6.033333333333333
1224 6.033333333333333
1225 6.033333333333333
1226 6.033333333333333
1227 6.033333333333333
1228 6.033333333333333
1229 6.033333333333333
1230 6.033333333333333
1231 6.033333333333333
1232 6.033333333333333
1233 6.033333333333333
1234 6.033333333333333
1235 6.033333333333333
1236 6.033333333333333
1237 6.033333333333333
1238 6.033333333333333
1239 6.033333333333333
1240 6.033333333333333
1241 6.033333333333333
1242 6.033333333333333
1243 6.033333333333333
1244 6.033333333333333
1245 6.033333333333333
1246 6.033333333333333
1247 6.033333333333333
1248 6.033333333333333
1249 6.033333333333333
1250 6.033333333333333
1251 6.033333333333333
1252 6.033333333333333
1253 6.033333333333333
1254 6.033333333333333
1255 6.033333333333333
1256 6.033333333333333
1257 6.033333333333333
1258 6.033333333333333
1259 6.033333333333333
1260 6.033333333333333
1261 6.033333333333333
1262 6.033333333333333
1263 6.033333333333333
1264 6.033333333333333
1265 6.033333333333333
1266 6.033333333333333
1267 6.033333333333333
1268 6.033333333333333
1269 6.033333333333333
1270 6.033333333333333
1271 6.033333333333333
1272 6.033333333333333
1273 6.033333333333333
1274 6.033333333333333
1275 6.033333333333333
1276 6.033333333333333
1277 6.033333333333333
1278 6.033333333333333
1279 6.033333333333333
1280 6.033333333333333
1281 6.033333333333333
1282 6.033333333333333
1283 6.033333333333333
1284 6.033333333333333
1285 6.033333333333333
1286 6.033333333333333
1287 6.033333333333333
1288 6.033333333333333
1289 6.033333333333333
1290 6.033333333333333
1291 6.033333333333333
1292 6.033333333333333
1293 6.033333333333333
1294 6.033333333333333
1295 6.033333333333333
1296 6.033333333333333
1297 6.033333333333333
1298 6.033333333333333
1299 6.033333333333333
1300 6.033333333333333
1301 6.033333333333333
1302 6.033333333333333
1303 6.033333333333333
1304 6.033333333333333
1305 6.033333333333333
1306 6.033333333333333
1307 6.033333333333333
1308 6.033333333333333
1309 6.033333333333333
1310 6.033333333333333
1311 6.033333333333333
1312 6.033333333333333
1313 6.033333333333333
1314 6.033333333333333
1315 6.033333333333333
1316 6.033333333333333
1317 6.033333333333333
1318 6.033333333333333
1319 6.033333333333333
1320 6.033333333333333
1321 6.033333333333333
1322 6.033333333333333
1323 6.033333333333333
1324 6.033333333333333
1325 6.033333333333333
1326 6.033333333333333
1327 6.033333333333333
1328 6.033333333333333
1329 6.033333333333333
1330 6.033333333333333
1331 6.033333333333333
1332 6.033333333333333
1333 6.033333333333333
1334 6.033333333333333
1335 6.033333333333333
1336 6.033333333333333
1337 6.033333333333333
1338 6.033333333333333
1339 6.033333333333333
1340 6.033333333333333
1341 6.033333333333333
1342 6.033333333333333
1343 6.033333333333333
1344 6.033333333333333
1345 6.033333333333333
1346 6.033333333333333
1347 6.033333333333333
1348 6.033333333333333
1349 6.033333333333333
1350 6.033333333333333
1351 6.033333333333333
1352 6.033333333333333
1353 6.033333333333333
1354 6.033333333333333
1355 6.033333333333333
1356 6.033333333333333
1357 6.033333333333333
1358 6.033333333333333
1359 6.033333333333333
1360 6.033333333333333
1361 6.033333333333333
1362 6.033333333333333
1363 6.033333333333333
1364 6.033333333333333
1365 6.033333333333333
1366 6.033333333333333
1367 6.033333333333333
1368 6.033333333333333
1369 6.033333333333333
1370 6.033333333333333
1371 6.033333333333333
1372 6.033333333333333
1373 6.033333333333333
1374 6.033333333333333
1375 6.033333333333333
1376 6.033333333333333
1377 6.033333333333333
1378 6.033333333333333
1379 6.033333333333333
1380 6.033333333333333
1381 6.033333333333333
1382 6.033333333333333
1383 6.033333333333333
1384 6.033333333333333
1385 6.033333333333333
1386 6.033333333333333
1387 6.033333333333333
1388 6.033333333333333
1389 6.033333333333333
1390 6.033333333333333
1391 6.033333333333333
1392 6.033333333333333
1393 6.033333333333333
1394 6.033333333333333
1395 6.033333333333333
1396 6.033333333333333
1397 6.033333333333333
1398 6.033333333333333
1399 6.033333333333333
1400 6.033333333333333
1401 6.033333333333333
1402 6.033333333333333
1403 6.033333333333333
1404 6.033333333333333
1405 6.033333333333333
1406 6.033333333333333
1407 6.033333333333333
1408 6.033333333333333
1409 6.033333333333333
1410 6.033333333333333
1411 6.033333333333333
1412 6.033333333333333
1413 6.033333333333333
1414 6.033333333333333
1415 6.033333333333333
1416 6.033333333333333
1417 6.033333333333333
1418 6.033333333333333
1419 6.033333333333333
1420 6.033333333333333
1421 6.033333333333333
1422 6.033333333333333
1423 6.033333333333333
1424 6.033333333333333
1425 6.033333333333333
1426 6.033333333333333
1427 6.033333333333333
1428 6.033333333333333
1429 6.033333333333333
1430 6.033333333333333
1431 6.033333333333333
1432 6.033333333333333
1433 6.033333333333333
1434 6.033333333333333
1435 6.033333333333333
1436 6.033333333333333
1437 6.033333333333333
1438 6.033333333333333
1439 6.033333333333333
1440 6.033333333333333
1441 6.033333333333333
1442 6.033333333333333
1443 6.033333333333333
1444 6.033333333333333
1445 6.033333333333333
1446 6.033333333333333
1447 6.033333333333333
1448 6.033333333333333
1449 6.033333333333333
1450 6.033333333333333
1451 6.033333333333333
1452 6.033333333333333
1453 6.033333333333333
1454 6.033333333333333
1455 6.033333333333333
1456 6.033333333333333
1457 6.033333333333333
1458 6.033333333333333
1459 6.033333333333333
1460 6.033333333333333
1461 6.033333333333333
1462 6.033333333333333
1463 6.033333333333333
1464 6.033333333333333
1465 6.033333333333333
1466 6.033333333333333
1467 6.033333333333333
1468 6.033333333333333
1469 6.033333333333333
1470 6.033333333333333
1471 6.033333333333333
1472 6.033333333333333
1473 6.033333333333333
1474 6.033333333333333
1475 6.033333333333333
1476 6.033333333333333
1477 6.033333333333333
1478 6.033333333333333
1479 6.033333333333333
1480 6.033333333333333
1481 6.033333333333333
1482 6.033333333333333
1483 6.033333333333333
1484 6.033333333333333
1485 6.033333333333333
1486 6.033333333333333
1487 6.033333333333333
1488 6.033333333333333
1489 6.033333333333333
1490 6.033333333333333
1491 6.033333333333333
1492 6.033333333333333
1493 6.033333333333333
1494 6.033333333333333
1495 6.033333333333333
1496 6.033333333333333
1497 6.033333333333333
1498 6.033333333333333
1499 6.033333333333333
