0 0.7464827657265183
1 0.7464827657265183
2 0.7464827657265183
3 0.7507114626938225
4 0.7529353248246017
5 0.7610584194871712
6 0.7610584194871712
7 0.7610584194871712
8 0.7610627934558505
9 0.7610627934558505
10 0.7621623965106584
11 0.7621623965106584
12 0.7621623965106584
13 0.7623882029724562
14 0.7623882029724562
15 0.7623882029724562
16 0.7623882029724562
17 0.7626548725260726
18 0.7626548725260726
19 0.7628028884109871
20 0.7628028884109871
21 0.7628028884109871
22 0.7628028884109871
23 0.7628028893822157
24 0.7628061229731694
25 0.7628315975733038
26 0.7628613352830175
27 0.7628613352830175
28 0.7628613352830175
29 0.7628613352830175
30 0.7628613352830175
31 0.7628613352830175
32 0.7628613352830175
33 0.7628613352830175
34 0.7628617808592456
35 0.7628617808592456
36 0.7628617808592456
37 0.7628617808592456
38 0.7628617808592456
39 0.7628617808592456
40 0.7628617808592456
41 0.7628617808592456
42 0.7628617808592456
43 0.7628617808592456
44 0.7628617808592456
45 0.7628617808592456
46 0.7628617808592456
47 0.7628617808592456
48 0.7628617808592456
49 0.7628617808592456
50 0.7628617808592456
51 0.7628617808592456
52 0.7628617808592456
53 0.7628617808592456
54 0.7628617808592456
55 0.7628617808592456
56 0.7628617808592456
57 0.7628617808592456
58 0.7628617808592456
59 0.7628617808592456
60 0.7628617808592456
61 0.7628617808592456
62 0.7628617808592456
63 0.7628617808592456
64 0.7628617808592456
65 0.7628617808592456
66 0.7628617808592456
67 0.7628617808592456
68 0.7628617808592456
69 0.7628617808592456
70 0.7628617808592456
71 0.7628617808592456
72 0.7628617808592456
73 0.7628617808592456
74 0.7628617808592456
75 0.7628617808592456
76 0.7628617808592456
77 0.7628617808592456
78 0.7628617808592456
79 0.7628617808592456
80 0.7628617808592456
81 0.7628617808592456
82 0.7628617808592456
83 0.7628617808592456
84 0.7628617808592456
85 0.7628617808592456
86 0.7628617808592456
87 0.7628617808592456
88 0.7628617808592456
89 0.7628617808592456
90 0.7628617808592456
91 0.7628617808592456
92 0.7628617808592456
93 0.7628617808592456
94 0.7628617808592456
95 0.7628617808592456
96 0.7628617808592456
97 0.7628617808592456
98 0.7628617808592456
99 0.7628617808592456
100 0.7628617808592456
101 0.7628617808592456
102 0.7628617808592456
103 0.7628617808592456
104 0.7628617808592456
105 0.7628617808592456
106 0.7628617808592456
107 0.7628617808592456
108 0.7628617808592456
109 0.7628617808592456
110 0.7628617808592456
111 0.7628617808592456
112 0.7628617808592456
113 0.7628617808592456
114 0.7628617808592456
115 0.7628617808592456
116 0.7628617808592456
117 0.7628617808592456
118 0.7628617808592456
119 0.7628617808592456
120 0.7628617808592456
121 0.7628617808592456
122 0.7628617808592456
123 0.7628617808592456
124 0.7628617808592456
125 0.7628617808592456
126 0.7628617808592456
127 0.7628617808592456
128 0.7628617808592456
129 0.7628617808592456
130 0.7628617808592456
131 0.7628617808592456
132 0.7628617808592456
133 0.7628617808592456
134 0.7628617808592456
135 0.7628617808592456
136 0.7628617816342304
137 0.7628617816342304
138 0.7628617816342304
139 0.7628617816342304
140 0.7628617816342304
141 0.7628617816342304
142 0.7628617816342304
143 0.7628617816342304
144 0.7628617816342304
145 0.7628617816342304
146 0.7628617816342304
147 0.7628617816342304
148 0.7628617816342304
149 0.7628617816342304
150 0.7628617816342304
151 0.7628617816342304
152 0.7628617816342304
153 0.7628617816342304
154 0.7628617816342304
155 0.7628617816342304
156 0.7628617816342304
157 0.7628617816342304
158 0.7628617816342304
159 0.7628617816342304
160 0.7628617816342304
161 0.7628617816342304
162 0.7628617816342304
163 0.7628617816342304
164 0.7628617816342304
165 0.7628617816342304
166 0.7628617816342304
167 0.7628617816342304
168 0.7628617816342304
169 0.7628617816342304
170 0.7628617816342304
171 0.7628617816342304
172 0.7628617816342304
173 0.7628617816342304
174 0.7628617816342304
175 0.7628617816342304
176 0.7628617816342304
177 0.7628617816342304
178 0.7628617816342304
179 0.7628617816342304
180 0.7628617816342304
181 0.7628617816342304
182 0.7628617816342304
183 0.7628617816342304
184 0.7628617816342304
185 0.7628617816342304
186 0.7628617820689241
187 0.7628617820689241
188 0.7628617820689241
189 0.7628617820689241
190 0.7628617820689241
191 0.7628617820689241
192 0.7628617820689241
193 0.7628617820689241
194 0.7628617820689241
195 0.7628617820689241
196 0.7628617820689241
197 0.7628617820689241
198 0.7628617820689241
199 0.7628617820689241
200 0.7628617820689241
201 0.7628617820689241
202 0.7628617820689241
203 0.7628617820689241
204 0.7628617820689241
205 0.7628617820689241
206 0.7628617820689241
207 0.7628617820689241
208 0.7628617820689241
209 0.7628617820689241
210 0.7628617820689241
211 0.7628617820689241
212 0.7628617820689241
213 0.7628617821105507
214 0.7628617821105507
215 0.7628617821105507
216 0.7628617821105507
217 0.7628617821105507
218 0.7628617821105507
219 0.7628617821105507
220 0.7628617821105507
221 0.7628617822184857
222 0.7628617822184857
223 0.7628617822184857
224 0.762861782226129
225 0.762861782226129
226 0.762861782226129
227 0.762861782226129
228 0.762861782226129
229 0.762861782226129
230 0.762861782226129
231 0.762861782226129
232 0.762861782226129
233 0.762861782226129
234 0.762861782226129
235 0.762861782226129
236 0.762861782226129
237 0.762861782226129
238 0.762861782226129
239 0.762861782226129
240 0.762861782226129
241 0.762861782226129
242 0.762861782226129
243 0.762861782226129
244 0.762861782226129
245 0.762861782226129
246 0.762861782226129
247 0.762861782226129
248 0.762861782226129
249 0.762861782226129
250 0.762861782226129
251 0.762861782226129
252 0.762861782226129
253 0.762861782226129
254 0.7628617822301235
255 0.7628617822301235
256 0.7628617822301235
257 0.7628617822301235
258 0.7628617822301235
259 0.7628617822301235
260 0.7628617822301235
261 0.7628617822301235
262 0.7628617822301235
263 0.7628617822301235
264 0.7628617822301235
265 0.7628617822301235
266 0.7628617822301235
267 0.7628617822301235
268 0.7628617822301235
269 0.7628617822301235
270 0.7628617822301235
271 0.7628617822301235
272 0.7628617822301235
273 0.7628617822301235
274 0.7628617822301235
275 0.7628617822301235
276 0.7628617822301235
277 0.7628617822301235
278 0.7628617822301235
279 0.7628617822301235
280 0.7628617822301235
281 0.7628617822301235
282 0.7628617822301235
283 0.7628617822301235
284 0.7628617822301235
285 0.7628617822301235
286 0.7628617822301235
287 0.7628617822301235
288 0.7628617822301235
289 0.7628617822301235
290 0.7628617822301235
291 0.7628617822301235
292 0.7628617822301235
293 0.7628617822301235
294 0.7628617822301235
295 0.7628617822301235
296 0.7628617822301235
297 0.7628617822301235
298 0.7628617822301235
299 0.7628617822301235
300 0.7628617822301235
301 0.7628617822301235
302 0.7628617822301235
303 0.7628617822301235
304 0.7628617822301235
305 0.7628617822301235
306 0.7628617822301235
307 0.7628617822301235
308 0.7628617822301235
309 0.7628617822301235
310 0.7628617822301235
311 0.7628617822301235
312 0.7628617822301235
313 0.7628617822301235
314 0.7628617822301235
315 0.7628617822301235
316 0.7628617822301474
317 0.7628617822301474
318 0.7628617822301474
319 0.7628617822301474
320 0.7628617822333534
321 0.7628617822333534
322 0.7628617822333534
323 0.7628617822333534
324 0.7628617822333534
325 0.7628617822333534
326 0.7628617822333534
327 0.7628617822333534
328 0.7628617822333534
329 0.7628617822333534
330 0.762861782240142
331 0.762861782240142
332 0.762861782240142
333 0.762861782240142
334 0.762861782240142
335 0.762861782240142
336 0.762861782240142
337 0.762861782240142
338 0.762861782240142
339 0.762861782240142
340 0.762861782240142
341 0.762861782240142
342 0.762861782240142
343 0.762861782240142
344 0.7628617822464668
345 0.7628617822464668
346 0.7628617822464668
347 0.7628617822464668
348 0.7628617822464668
349 0.7628617822464668
350 0.7628617822464668
351 0.7628617822464668
352 0.7628617822464668
353 0.7628617822464668
354 0.7628617822464668
355 0.7628617822464668
356 0.7628617822464668
357 0.7628617822464668
358 0.7628617822464668
359 0.7628617822464668
360 0.7628617822464668
361 0.7628617822464668
362 0.7628617822464668
363 0.7628617822464668
364 0.7628617822464668
365 0.7628617822464668
366 0.7628617822464668
367 0.7628617822464668
368 0.7628617822464668
369 0.7628617822464668
370 0.7628617822464668
371 0.7628617822464668
372 0.7628617822464668
373 0.7628617822464668
374 0.7628617822464668
375 0.7628617822464668
376 0.7628617822464668
377 0.7628617822464668
378 0.7628617822464668
379 0.7628617822464668
380 0.7628617822464668
381 0.7628617822464668
382 0.7628617822464668
383 0.7628617822464668
384 0.7628617822464668
385 0.7628617822464668
386 0.7628617822464668
387 0.7628617822464668
388 0.7628617822464668
389 0.7628617822464668
390 0.7628617822464668
391 0.7628617822464668
392 0.7628617822464668
393 0.7628617822464668
394 0.7628617822464668
395 0.7628617822464668
396 0.7628617822464668
397 0.7628617822464668
398 0.7628617822464668
399 0.7628617822464668
400 0.7628617822464668
401 0.7628617822464668
402 0.7628617822464668
403 0.7628617822464668
404 0.7628617822464668
405 0.7628617822464668
406 0.7628617822464668
407 0.7628617822464668
408 0.7628617822464668
409 0.7628617822464668
410 0.7628617822464668
411 0.7628617822464668
412 0.7628617822464668
413 0.7628617822464668
414 0.7628617822464668
415 0.7628617822464668
416 0.7628617822464668
417 0.7628617822464668
418 0.7628617822464668
419 0.7628617822464668
420 0.7628617822464668
421 0.7628617822464668
422 0.7628617822464668
423 0.7628617822464668
424 0.7628617822464668
425 0.7628617822464668
426 0.7628617822464668
427 0.7628617822464668
428 0.7628617822464668
429 0.7628617822464668
430 0.7628617822464668
431 0.7628617822464668
432 0.7628617822464668
433 0.7628617822464668
434 0.7628617822464668
435 0.7628617822464668
436 0.7628617822464668
437 0.7628617822464668
438 0.7628617822464668
439 0.7628617822464668
440 0.7628617822464668
441 0.7628617822464668
442 0.7628617822464668
443 0.7628617822464668
444 0.7628617822464668
445 0.7628617822464668
446 0.7628617822464668
447 0.7628617822464668
448 0.7628617822464668
449 0.7628617822464668
450 0.7628617822464668
451 0.7628617822464668
452 0.7628617822464668
453 0.7628617822468843
454 0.7628617822468843
455 0.7628617822468843
456 0.7628617822468843
457 0.7628617822468843
458 0.7628617822468843
459 0.7628617822468843
460 0.7628617822468843
461 0.7628617822468843
462 0.7628617822468843
463 0.7628617822468843
464 0.7628617822468843
465 0.7628617822468843
466 0.7628617822468843
467 0.7628617822468843
468 0.7628617822468843
469 0.7628617822468843
470 0.7628617822468843
471 0.7628617822468843
472 0.7628617822468843
473 0.7628617822468843
474 0.7628617822468843
475 0.7628617822468843
476 0.7628617822468843
477 0.7628617822468843
478 0.7628617822468843
479 0.7628617822468843
480 0.7628617822468843
481 0.7628617822468843
482 0.7628617822468843
483 0.7628617822468843
484 0.7628617822468843
485 0.7628617822468843
486 0.7628617822468843
487 0.7628617822468843
488 0.7628617822468843
489 0.7628617822468843
490 0.7628617822468843
491 0.7628617822468843
492 0.7628617822468843
493 0.7628617822468843
494 0.7628617822468843
495 0.7628617822468843
496 0.7628617822468843
497 0.7628617822468843
498 0.7628617822468843
499 0.7628617822468843
500 0.7628617822468843
501 0.7628617822468843
502 0.7628617822468843
503 0.7628617822468843
504 0.7628617822468843
505 0.7628617822468843
506 0.7628617822468843
507 0.7628617822468843
508 0.7628617822469274
509 0.7628617822469274
510 0.7628617822469274
511 0.7628617822469274
512 0.7628617822469274
513 0.7628617822469274
514 0.7628617822469274
515 0.7628617822469274
516 0.7628617822469274
517 0.7628617822469274
518 0.7628617822469274
519 0.7628617822469274
520 0.7628617822469274
521 0.7628617822469274
522 0.7628617822469274
523 0.7628617822469274
524 0.7628617822469274
525 0.7628617822469274
526 0.7628617822469274
527 0.7628617822469274
528 0.7628617822469274
529 0.7628617822469274
530 0.7628617822469274
531 0.7628617822469274
532 0.7628617822469274
533 0.7628617822469274
534 0.7628617822469274
535 0.7628617822469274
536 0.7628617822469274
537 0.7628617822469274
538 0.7628617822469274
539 0.7628617822469274
540 0.7628617822469274
541 0.7628617822469274
542 0.7628617822469274
543 0.7628617822469274
544 0.7628617822469274
545 0.7628617822469274
546 0.7628617822469274
547 0.7628617822469274
548 0.7628617822469274
549 0.7628617822469274
550 0.7628617822469274
551 0.7628617822469274
552 0.7628617822469274
553 0.7628617822469274
554 0.7628617822469274
555 0.7628617822469274
556 0.7628617822469274
557 0.7628617822469274
558 0.7628617822469274
559 0.7628617822469274
560 0.7628617822469274
561 0.7628617822469274
562 0.7628617822469274
563 0.7628617822469274
564 0.7628617822469274
565 0.7628617822469274
566 0.7628617822469274
567 0.7628617822469274
568 0.7628617822469274
569 0.7628617822469274
570 0.7628617822469274
571 0.7628617822469274
572 0.7628617822469274
573 0.7628617822469274
574 0.7628617822469274
575 0.7628617822469274
576 0.7628617822469274
577 0.7628617822469274
578 0.7628617822469274
579 0.7628617822469274
580 0.7628617822469274
581 0.7628617822469274
582 0.7628617822469274
583 0.7628617822469274
584 0.7628617822469274
585 0.7628617822469274
586 0.7628617822469274
587 0.7628617822469274
588 0.7628618000161055
589 0.7628618000161055
590 0.7628618000161055
591 0.7628618000161055
592 0.7628618000161055
593 0.7628618000161055
594 0.7628618000161055
595 0.7628618000161055
596 0.7628618000161055
597 0.7628618000161055
598 0.7628618000161825
599 0.7628618000161825
600 0.7628618000161825
601 0.7628618000161825
602 0.7628618000161825
603 0.7628618000161825
604 0.7628618000161825
605 0.7628618000161825
606 0.7628618000161825
607 0.7628618000161825
608 0.7628618000161825
609 0.7628618000161825
610 0.7628618000161825
611 0.7628618000161825
612 0.7628618000161825
613 0.7628618000161825
614 0.7628618000161825
615 0.7628618000161825
616 0.7628618000161825
617 0.7628618000161825
618 0.7628618000161825
619 0.7628618000161825
620 0.7628618000161825
621 0.7628618000161825
622 0.7628618002525348
623 0.7628618002525348
624 0.7628618002525348
625 0.7628618002525348
626 0.7628618139266553
627 0.7628618139266553
628 0.7628618139266553
629 0.7628618139266553
630 0.7628618139266553
631 0.7628618139266553
632 0.7628618139266553
633 0.7628618139266553
634 0.7628618139266553
635 0.7628618139266553
636 0.7628618139266553
637 0.7628618139266553
638 0.7628618139266553
639 0.7628618139266553
640 0.7628618139266553
641 0.7628618139266553
642 0.7628618139266553
643 0.7628618139266553
644 0.7628618139266553
645 0.7628618139266553
646 0.7628618139266553
647 0.7628618315357135
648 0.7628619218331333
649 0.7628619218331333
650 0.7628619218331333
651 0.7628619218331333
652 0.7628619218331333
653 0.7628619218331333
654 0.7628619218331333
655 0.7628619218331333
656 0.7628619218331333
657 0.7628619218331333
658 0.7628619218331333
659 0.7628619218331333
660 0.7628619218331333
661 0.7628619218331333
662 0.7628619218331333
663 0.7628619218331333
664 0.7628619218331333
665 0.7628619218331333
666 0.7628619218331333
667 0.7628619218331333
668 0.7628619218331333
669 0.7628619218331333
670 0.7628619218331333
671 0.7628619218331333
672 0.7628619218331333
673 0.7628619218331333
674 0.7628619218331333
675 0.7628619218331333
676 0.7628619218331333
677 0.7628619218331333
678 0.7628619218331333
679 0.7628619218331333
680 0.7628619218331333
681 0.7628619218331333
682 0.7628619218331333
683 0.7628619218331333
684 0.7628619218331333
685 0.7628619236950898
686 0.7628619236950898
687 0.7628619236950898
688 0.7628619236950898
689 0.7628619236950898
690 0.7628619236950898
691 0.7628619236950898
692 0.7628619236950898
693 0.7628619236950898
694 0.7628619236950898
695 0.7628619236950898
696 0.7628619236950898
697 0.7628619236950898
698 0.7628619236950898
699 0.7628619236950898
700 0.7628619236950898
701 0.7628619236950898
702 0.7628619236950898
703 0.7628619236950898
704 0.7628619236950898
705 0.7628619236950898
706 0.7628619236950898
707 0.7628619236950898
708 0.7628619236950898
709 0.7628619236950898
710 0.7628619236950898
711 0.7628619236950898
712 0.7628619236950898
713 0.7628619236950898
714 0.7628619236950898
715 0.7628619236950898
716 0.762861923855882
717 0.762861923855882
718 0.762861923855882
719 0.762861923855882
720 0.762861923855882
721 0.762861923855882
722 0.762861923855882
723 0.762861923855882
724 0.762861923855882
725 0.762861923855882
726 0.762861923855882
727 0.762861923855882
728 0.762861923855882
729 0.762861923855882
730 0.762861923855882
731 0.762861923855882
732 0.762861923855882
733 0.762861923855882
734 0.762861923855882
735 0.762861923855882
736 0.762861923855882
737 0.762861923855882
738 0.762861923855882
739 0.762861923855882
740 0.762861923855882
741 0.762861923855882
742 0.762861923855882
743 0.762861923855882
744 0.762861923855882
745 0.762861923855882
746 0.762861923855882
747 0.762861923855882
748 0.762861923855882
749 0.7628619238634624
750 0.7628619238634624
751 0.7628619238634624
752 0.7628619238634624
753 0.7628619238634624
754 0.7628619238634624
755 0.7628619238634624
756 0.7628619238634624
757 0.7628619238634624
758 0.7628619238634624
759 0.7628619238634624
760 0.7628619238634624
761 0.7628619238634624
762 0.7628619238634624
763 0.7628619238634624
764 0.7628619238634624
765 0.7628619238634624
766 0.7628619238634624
767 0.7628619238634624
768 0.7628619238634624
769 0.7628619238634624
770 0.762861923897217
771 0.762861923897217
772 0.762861923897217
773 0.762861923897217
774 0.762861923897217
775 0.762861923897217
776 0.762861923897217
777 0.762861923897217
778 0.762861923897217
779 0.762861923897217
780 0.762861923897217
781 0.762861923897217
782 0.762861923897217
783 0.762861923897217
784 0.762861923897217
785 0.762861923897217
786 0.762861923897217
787 0.762861923897217
788 0.762861923897217
789 0.762861923897217
790 0.762861923897217
791 0.762861923897217
792 0.762861923897217
793 0.762861923897217
794 0.762861923897217
795 0.762861923897217
796 0.7628619239936006
797 0.7628619239936006
798 0.7628619239936006
799 0.7628619239936006
800 0.7628619239936006
801 0.7628619239936006
802 0.7628619239936006
803 0.7628619239936006
804 0.7628619239936006
805 0.7628619239936006
806 0.7628619239936006
807 0.7628619239936006
808 0.7628619239936006
809 0.7628619239936006
810 0.7628619239936006
811 0.7628619239936006
812 0.7628619239936006
813 0.7628619239936006
814 0.7628619239936006
815 0.7628619239936006
816 0.7628619239936006
817 0.7628619239936006
818 0.7628619239936006
819 0.7628619239936006
820 0.7628619239936006
821 0.7628619239936006
822 0.7628619239936006
823 0.7628619239936006
824 0.7628619239936006
825 0.7628619239936006
826 0.7628619239936006
827 0.7628619239936006
828 0.7628619239936006
829 0.7628619239936006
830 0.7628619239936006
831 0.7628619239936006
832 0.7628619239936006
833 0.7628619239936006
834 0.7628619239936006
835 0.7628619239936006
836 0.7628619239936006
837 0.7628619239936006
838 0.7628619239936006
839 0.7628619239936006
840 0.7628619239936006
841 0.7628619239936006
842 0.7628619239936006
843 0.7628619239936006
844 0.7628619239936006
845 0.7628619239936006
846 0.7628619239936006
847 0.7628619239936006
848 0.7628619239936006
849 0.7628619239936006
850 0.7628619239936006
851 0.7628619239936006
852 0.7628619239936006
853 0.7628619239942908
854 0.7628619239942908
855 0.7628619241871618
856 0.7628619241871618
857 0.7628619241871618
858 0.7628619241871618
859 0.7628619241871618
860 0.7628619241871618
861 0.7628619241871618
862 0.7628619241871618
863 0.7628619241871618
864 0.7628619241871618
865 0.7628619241871618
866 0.7628619241871618
867 0.7628619241871618
868 0.7628619241871618
869 0.7628619241871618
870 0.7628619241871618
871 0.7628619241871618
872 0.7628619241871618
873 0.7628619241871618
874 0.7628619241871618
875 0.7628619241871618
876 0.7628619241871618
877 0.7628619241871618
878 0.7628619241871618
879 0.7628619241871618
880 0.7628619241871618
881 0.7628619241871618
882 0.7628619241871618
883 0.7628619241871618
884 0.7628619241871618
885 0.7628619241871618
886 0.7628619241871618
887 0.7628619241871618
888 0.7628619241871618
889 0.7628619241871618
890 0.7628619241871618
891 0.7628619241871618
892 0.7628619241871618
893 0.7628619241871618
894 0.7628619241871618
895 0.7628619241871618
896 0.7628619241871618
897 0.7628619241871618
898 0.7628619241871618
899 0.7628619241871618
900 0.7628619241871618
901 0.7628619241871618
902 0.7628619241871618
903 0.7628619241871618
904 0.7628619241871618
905 0.7628619241871618
906 0.7628619241871618
907 0.7628619241871618
908 0.7628619241871618
909 0.7628619241871618
910 0.7628619241871618
911 0.7628619241871618
912 0.7628619241871618
913 0.7628619241871618
914 0.7628619241871618
915 0.7628619241871618
916 0.7628619241871618
917 0.7628619241871618
918 0.7628619241871618
919 0.7628619241871618
920 0.7628619241871618
921 0.7628619241871618
922 0.7628619241871618
923 0.7628619241871618
924 0.7628619241871618
925 0.7628619241871618
926 0.7628619241871618
927 0.7628619241871618
928 0.7628619241871618
929 0.7628619241871618
930 0.7628619241871618
931 0.7628619241871618
932 0.7628619241871618
933 0.7628619241871618
934 0.7628619241871618
935 0.7628619241871618
936 0.7628619241871618
937 0.7628619241871618
938 0.7628619241871618
939 0.7628619241871618
940 0.7628619241871618
941 0.7628619241871618
942 0.7628619241871618
943 0.7628619241871618
944 0.7628619241871618
945 0.7628619241871618
946 0.7628619241871618
947 0.7628619241871618
948 0.7628619241871618
949 0.7628619241871618
950 0.7628619241871618
951 0.7628619241871618
952 0.7628619241871618
953 0.7628619241871618
954 0.7628619241871618
955 0.7628619241871618
956 0.7628619241871618
957 0.7628619241871618
958 0.7628619241871618
959 0.7628619241871618
960 0.7628619241871618
961 0.7628619241900663
962 0.7628619241900663
963 0.7628619241900663
964 0.7628619241900663
965 0.7628619241900663
966 0.7628619241900663
967 0.7628619241900663
968 0.7628619241900663
969 0.7628619241900663
970 0.7628619241900663
971 0.7628619241900663
972 0.7628619241900663
973 0.7628619241900663
974 0.7628619241900663
975 0.7628619241900663
976 0.7628619241900663
977 0.7628619241900663
978 0.7628619241900663
979 0.7628619241900663
980 0.7628619241900663
981 0.7628619241900663
982 0.7628619241900663
983 0.7628619241900663
984 0.7628619241900663
985 0.7628619241900663
986 0.7628619241900663
987 0.7628619241900663
988 0.7628619241900663
989 0.7628619241900663
990 0.7628619241900663
991 0.7628619241900663
992 0.7628619241900663
993 0.7628619241900663
994 0.7628619241900663
995 0.7628619241900663
996 0.7628619241900663
997 0.7628619241900663
998 0.7628619241900663
999 0.7628619241900663
1000 0.7628619241900663
1001 0.7628619241900663
1002 0.7628619241900663
1003 0.7628619241900663
1004 0.7628619241900663
1005 0.7628619241900663
1006 0.7628619241900663
1007 0.7628619241900663
1008 0.7628619241900663
1009 0.7628619241900663
1010 0.7628619241900663
1011 0.7628619241900663
1012 0.7628619241900663
1013 0.7628619241900663
1014 0.7628619241900663
1015 0.7628619241900663
1016 0.7628619241900663
1017 0.7628619241900663
1018 0.7628619241900663
1019 0.7628619241900663
1020 0.7628619241900663
1021 0.7628619241900663
1022 0.7628619241900663
1023 0.7628619241900663
1024 0.7628619241900663
1025 0.7628619241900663
1026 0.7628619241900663
1027 0.7628619241900663
1028 0.7628619241900663
1029 0.7628619241900663
1030 0.7628619241900663
1031 0.7628619241904114
1032 0.7628619241904114
1033 0.7628619241904114
1034 0.7628619241904114
1035 0.7628619241904114
1036 0.7628619241904114
1037 0.7628619241904114
1038 0.7628619241904114
1039 0.7628619241904114
1040 0.7628619241904114
1041 0.7628619241904114
1042 0.7628619241904114
1043 0.7628619241904114
1044 0.7628619241904114
1045 0.7628619241904114
1046 0.7628619241904114
1047 0.7628619241904114
1048 0.7628619241904114
1049 0.7628619241904114
1050 0.7628619241904114
1051 0.7628619241904114
1052 0.7628619241904114
1053 0.7628619241904114
1054 0.7628619241904114
1055 0.7628619241904114
1056 0.7628619241904114
1057 0.7628619241904114
1058 0.7628619241904114
1059 0.7628619241904114
1060 0.7628619241904114
1061 0.7628619241904114
1062 0.7628619241904114
1063 0.7628619241912521
1064 0.7628619241912521
1065 0.7628619241912521
1066 0.7628619241912521
1067 0.7628619241912521
1068 0.7628619241912521
1069 0.7628619241912521
1070 0.7628619241912521
1071 0.7628619241912521
1072 0.7628619241912521
1073 0.7628619241912521
1074 0.7628619241912521
1075 0.7628619241912521
1076 0.7628619241912521
1077 0.7628619241912521
1078 0.7628619241912521
1079 0.7628619241912521
1080 0.7628619241912521
1081 0.7628619241912521
1082 0.7628619241912521
1083 0.7628619241912521
1084 0.7628619241912521
1085 0.7628619241912521
1086 0.7628619241912521
1087 0.7628619241912521
1088 0.7628619241912521
1089 0.7628619241912521
1090 0.7628619241912521
1091 0.7628619241912521
1092 0.7628619241912521
1093 0.7628619241912521
1094 0.7628619241912521
1095 0.7628619241912521
1096 0.7628619241912521
1097 0.7628619241912521
1098 0.7628619241912521
1099 0.7628619241912521
1100 0.7628619241912521
1101 0.7628619241912521
1102 0.7628619241912521
1103 0.7628619241912521
1104 0.7628619241912521
1105 0.7628619241912521
1106 0.7628619241912521
1107 0.7628619241912521
1108 0.7628619241912521
1109 0.7628619241912521
1110 0.7628619241912521
1111 0.7628619241912521
1112 0.7628619241912521
1113 0.7628619241912521
1114 0.7628619241912521
1115 0.7628619241912521
1116 0.7628619241912521
1117 0.7628619241912521
1118 0.7628619241912521
1119 0.7628619241912521
1120 0.7628619241912521
1121 0.7628619241912521
1122 0.7628619241912521
1123 0.7628619241940318
1124 0.7628619241940318
1125 0.7628619241940318
1126 0.7628619241940318
1127 0.7628619241940318
1128 0.7628619241940318
1129 0.7628619241940318
1130 0.7628619241974803
1131 0.7628619241974803
1132 0.7628619241974803
1133 0.7628619241974803
1134 0.7628619241974803
1135 0.7628619241974803
1136 0.7628619241974803
1137 0.7628619241974803
1138 0.7628619241974803
1139 0.7628619241974803
1140 0.7628619241974803
1141 0.7628619241974803
1142 0.7628619241974803
1143 0.7628619241974803
1144 0.7628619241974803
1145 0.7628619241974803
1146 0.7628619241974803
1147 0.7628619241974803
1148 0.7628619241974803
1149 0.7628619241974803
1150 0.7628619241974803
1151 0.7628619241974803
1152 0.7628619241974803
1153 0.7628619241974803
1154 0.7628619241974803
1155 0.7628619241974803
1156 0.7628619241974803
1157 0.7628619241974803
1158 0.7628619241974803
1159 0.7628619241974803
1160 0.7628619241974803
1161 0.7628619241974803
1162 0.7628619241974803
1163 0.7628619241974803
1164 0.7628619241974803
1165 0.7628619241974803
1166 0.7628619241974803
1167 0.7628619241974803
1168 0.7628619241974803
1169 0.7628619241974803
1170 0.7628619241974803
1171 0.7628619241974803
1172 0.7628619241974803
1173 0.7628619241974803
1174 0.7628619241974803
1175 0.7628619241974803
1176 0.7628619241974803
1177 0.7628619241974803
1178 0.7628619241974803
1179 0.7628619241974803
1180 0.7628619241974803
1181 0.7628619241974803
1182 0.7628619241974803
1183 0.7628619241974803
1184 0.7628619241974803
1185 0.7628619241974803
1186 0.7628619241974803
1187 0.7628619241974803
1188 0.7628619241974803
1189 0.7628619241974803
1190 0.7628619241974803
1191 0.7628619241974803
1192 0.7628619241974803
1193 0.7628619241974803
1194 0.7628619241974803
1195 0.7628619241974803
1196 0.7628619241974803
1197 0.7628619241974803
1198 0.7628619241974803
1199 0.7628619241974803
1200 0.7628619241974803
1201 0.7628619241974803
1202 0.7628619241974803
1203 0.7628619241974803
1204 0.7628619241974803
1205 0.7628619241974803
1206 0.7628619241974803
1207 0.7628619241974803
1208 0.7628619241974803
1209 0.7628619241974803
1210 0.7628619241974803
1211 0.7628619241974803
1212 0.7628619241974803
1213 0.7628619241974803
1214 0.7628619241974803
1215 0.7628619241974803
1216 0.7628619241974803
1217 0.7628619241974803
1218 0.7628619241974803
1219 0.7628619241974803
1220 0.7628619241974803
1221 0.7628619241974803
1222 0.7628619241974803
1223 0.7628619241974803
1224 0.7628619241974803
1225 0.7628619241974803
1226 0.7628619241974803
1227 0.7628619241974803
1228 0.7628619241974803
1229 0.7628619241974803
1230 0.7628619241974803
1231 0.7628619241974803
1232 0.7628619241974803
1233 0.7628619241974803
1234 0.7628619241974803
1235 0.7628619241974803
1236 0.7628619241974803
1237 0.7628619241974803
1238 0.7628619241974803
1239 0.7628619241974803
1240 0.7628619241974803
1241 0.7628619241974803
1242 0.7628619241974803
1243 0.7628619241974803
1244 0.7628619241974803
1245 0.7628619241974803
1246 0.7628619241974803
1247 0.7628619241974803
1248 0.7628619241974803
1249 0.7628619241974803
1250 0.7628619241974803
1251 0.7628619241974803
1252 0.7628619241974803
1253 0.7628619241974803
1254 0.7628619241974803
1255 0.7628619241974803
1256 0.7628619241974803
1257 0.7628619241974803
1258 0.7628619241974803
1259 0.7628619241974803
1260 0.7628619241974803
1261 0.7628619241974803
1262 0.7628619241974803
1263 0.7628619241974803
1264 0.7628619241974803
1265 0.7628619241974803
1266 0.7628619241974803
1267 0.7628619241974803
1268 0.7628619241974803
1269 0.7628619241974803
1270 0.7628619241974803
1271 0.7628619241974803
1272 0.7628619241974803
1273 0.7628619241974803
1274 0.7628619241974803
1275 0.7628619241974803
1276 0.7628619241974803
1277 0.7628619241974803
1278 0.7628619241974803
1279 0.7628619241974803
1280 0.7628619241974803
1281 0.7628619241974803
1282 0.7628619241974803
1283 0.7628619241974803
1284 0.7628619241974803
1285 0.7628619241974803
1286 0.7628619241974803
1287 0.7628619241974803
1288 0.7628619241974803
1289 0.7628619241974803
1290 0.7628619241974803
1291 0.7628619241974803
1292 0.7628619241974803
1293 0.7628619241974803
1294 0.7628619241974803
1295 0.7628619241974803
1296 0.7628619241974803
1297 0.7628619241974803
1298 0.7628619241974803
1299 0.7628619241974803
1300 0.7628619241974803
1301 0.7628619241974803
1302 0.7628619241974803
1303 0.7628619241974803
1304 0.7628619241974803
1305 0.7628619241974803
1306 0.7628619241974803
1307 0.7628619241974803
1308 0.7628619241974803
1309 0.7628619241974803
1310 0.7628619241974803
1311 0.7628619241974803
1312 0.7628619241974803
1313 0.7628619241974803
1314 0.7628619241974803
1315 0.7628619241974803
1316 0.7628619241974803
1317 0.7628619241974803
1318 0.7628619241974803
1319 0.7628619241974803
1320 0.7628619241974803
1321 0.7628619241974803
1322 0.7628619241974803
1323 0.7628619241974803
1324 0.7628619241974803
1325 0.7628619241974803
1326 0.7628619241974803
1327 0.7628619241974803
1328 0.7628619241974803
1329 0.7628619241974803
1330 0.7628619241974803
1331 0.7628619241974803
1332 0.7628619241974803
1333 0.7628619241974803
1334 0.7628619241974803
1335 0.7628619241974803
1336 0.7628619241974803
1337 0.7628619241974803
1338 0.7628619241974803
1339 0.7628619241974803
1340 0.7628619241974803
1341 0.7628619241974803
1342 0.7628619241974803
1343 0.7628619241974803
1344 0.7628619241974803
1345 0.7628619241974803
1346 0.7628619241974803
1347 0.7628619241974803
1348 0.7628619241974803
1349 0.7628619241974803
1350 0.7628619241974803
1351 0.7628619241974803
1352 0.7628619241974803
1353 0.7628619241974803
1354 0.7628619241974803
1355 0.7628619241974803
1356 0.7628619241974803
1357 0.7628619241974803
1358 0.7628619241974803
1359 0.7628619241974803
1360 0.7628619241974803
1361 0.7628619241974803
1362 0.7628619241974803
1363 0.7628619241974803
1364 0.7628619241974803
1365 0.7628619241974803
1366 0.7628619241974803
1367 0.7628619241974803
1368 0.7628619241974803
1369 0.7628619241974803
1370 0.7628619241974803
1371 0.7628619241974803
1372 0.7628619241974803
1373 0.7628619241974803
1374 0.7628619241974803
1375 0.7628619241974803
1376 0.7628619241974803
1377 0.7628619241974803
1378 0.7628619241974803
1379 0.7628619241974803
1380 0.7628619241974803
1381 0.7628619241974803
1382 0.7628619241974803
1383 0.7628619241974803
1384 0.7628619241974803
1385 0.7628619241974803
1386 0.7628619241974803
1387 0.7628619241974803
1388 0.7628619241974803
1389 0.7628619241974803
1390 0.7628619241974803
1391 0.7628619241974803
1392 0.7628619241974803
1393 0.7628619241974803
1394 0.7628619241974803
1395 0.7628619241974803
1396 0.7628619241974803
1397 0.7628619241974803
1398 0.7628619241974803
1399 0.7628619241974803
1400 0.7628619241974803
1401 0.7628619241974803
1402 0.7628619241974803
1403 0.7628619241974803
1404 0.7628619241974803
1405 0.7628619241974803
1406 0.7628619241974803
1407 0.7628619241974803
1408 0.7628619241974803
1409 0.7628619241974803
1410 0.7628619241974803
1411 0.7628619241974803
1412 0.7628619241974803
1413 0.7628619241974803
1414 0.7628619241974803
1415 0.7628619241974803
1416 0.7628619241974803
1417 0.7628619241974803
1418 0.7628619241974803
1419 0.7628619241974803
1420 0.7628619241974803
1421 0.7628619241974803
1422 0.7628619241974803
1423 0.7628619241974803
1424 0.7628619241974803
1425 0.7628619241974803
1426 0.7628619241974803
1427 0.7628619241974803
1428 0.7628619241974803
1429 0.7628619241974803
1430 0.7628619241974803
1431 0.7628619241974803
1432 0.7628619241974803
1433 0.7628619241974803
1434 0.7628619241974803
1435 0.7628619241974803
1436 0.7628619241974803
1437 0.7628619241974803
1438 0.7628619241974803
1439 0.7628619241974803
1440 0.7628619241974803
1441 0.7628619241974803
1442 0.7628619241974803
1443 0.7628619241974803
1444 0.7628619241974803
1445 0.7628619241974803
1446 0.7628619241974803
1447 0.7628619241974803
1448 0.7628619241974803
1449 0.7628619241974803
1450 0.7628619241974803
1451 0.7628619241974803
1452 0.7628619241974803
1453 0.7628619241974803
1454 0.7628619241974803
1455 0.7628619241974803
1456 0.7628619241974803
1457 0.7628619241974803
1458 0.7628619241974803
1459 0.7628619241974803
1460 0.7628619241974803
1461 0.7628619241974803
1462 0.7628619241974803
1463 0.7628619241974803
1464 0.7628619241974803
1465 0.7628619241974803
1466 0.7628619241974803
1467 0.7628619241974803
1468 0.7628619241974803
1469 0.7628619241974803
1470 0.7628619241974803
1471 0.7628619241974803
1472 0.7628619241974803
1473 0.7628619241974803
1474 0.7628619241974803
1475 0.7628619241974803
1476 0.7628619241974803
1477 0.7628619241974803
1478 0.7628619241974803
1479 0.7628619241974803
1480 0.7628619241974803
1481 0.7628619241974803
1482 0.7628619241974803
1483 0.7628619241974803
1484 0.7628619241974803
1485 0.7628619241974803
1486 0.7628619241974803
1487 0.7628619241974803
1488 0.7628619241974803
1489 0.7628619241974803
1490 0.7628619241974803
1491 0.7628619241974803
1492 0.7628619241974803
1493 0.7628619241974803
1494 0.7628619241974803
1495 0.7628619241974803
1496 0.7628619241974803
1497 0.7628619241974803
1498 0.7628619241974803
1499 0.7628619241974803
1500 0.7628619241974803
1501 0.7628619241974803
1502 0.7628619241974803
1503 0.7628619241974803
1504 0.7628619241974803
1505 0.7628619241974803
1506 0.7628619241974803
1507 0.7628619241974803
1508 0.7628619241974803
1509 0.7628619241974803
1510 0.7628619241974803
1511 0.7628619241974803
1512 0.7628619241974803
1513 0.7628619241974803
1514 0.7628619241974803
1515 0.7628619241974803
1516 0.7628619241974803
1517 0.7628619241974803
1518 0.7628619241974803
1519 0.7628619241974803
1520 0.7628619241974803
1521 0.7628619241974803
1522 0.7628619241974803
1523 0.7628619241974803
1524 0.7628619241974803
1525 0.7628619241974803
1526 0.7628619241974803
1527 0.7628619241974803
1528 0.7628619241974803
1529 0.7628619241974803
1530 0.7628619241974803
1531 0.7628619241974803
1532 0.7628619241974803
1533 0.7628619241974803
1534 0.7628619241974803
1535 0.7628619241974803
1536 0.7628619241974803
1537 0.7628619241974803
1538 0.7628619241974803
1539 0.7628619241974803
1540 0.7628619241974803
1541 0.7628619241974803
1542 0.7628619241974803
1543 0.7628619241974803
1544 0.7628619241974803
1545 0.7628619241974803
1546 0.7628619241974803
1547 0.7628619241974803
1548 0.7628619241974803
1549 0.7628619241974803
1550 0.7628619241974803
1551 0.7628619241974803
1552 0.7628619241974803
1553 0.7628619241974803
1554 0.7628619241974803
1555 0.7628619241974803
1556 0.7628619241974803
1557 0.7628619241974803
1558 0.7628619241974803
1559 0.7628619241974803
1560 0.7628619241974803
1561 0.7628619241974803
1562 0.7628619241974803
1563 0.7628619241974803
1564 0.7628619241974803
1565 0.7628619241974803
1566 0.7628619241974803
1567 0.7628619241974803
1568 0.7628619241974803
1569 0.7628619241974803
1570 0.7628619241974803
1571 0.7628619241974803
1572 0.7628619241974803
1573 0.7628619241974803
1574 0.7628619241974803
1575 0.7628619241974803
1576 0.7628619241974803
1577 0.7628619241974803
1578 0.7628619241974803
1579 0.7628619241974803
1580 0.7628619241974803
1581 0.7628619241974803
1582 0.7628619241974803
1583 0.7628619241974803
1584 0.7628619241974803
1585 0.7628619241974803
1586 0.7628619241974803
1587 0.7628619241974803
1588 0.7628619241974803
1589 0.7628619241974803
1590 0.7628619241974803
1591 0.7628619241974803
1592 0.7628619241974803
1593 0.7628619241974803
1594 0.7628619241974803
1595 0.7628619241974803
1596 0.7628619241974803
1597 0.7628619241974803
1598 0.7628619241974803
1599 0.7628619241974803
1600 0.7628619241974803
1601 0.7628619241974803
1602 0.7628619241974803
1603 0.7628619241974803
1604 0.7628619241974803
1605 0.7628619241974803
1606 0.7628619241974803
1607 0.7628619241974803
1608 0.7628619241974803
1609 0.7628619241974803
1610 0.7628619241974803
1611 0.7628619241974803
1612 0.7628619241974803
1613 0.7628619241974803
1614 0.7628619241974803
1615 0.7628619241974803
1616 0.7628619241974803
1617 0.7628619241974803
1618 0.7628619241974803
1619 0.7628619241974803
1620 0.7628619241974803
1621 0.7628619241974803
1622 0.7628619241974803
1623 0.7628619241974803
1624 0.7628619241974803
1625 0.7628619241974803
1626 0.7628619241974803
1627 0.7628619241974803
1628 0.7628619241974803
1629 0.7628619241974803
1630 0.7628619241974803
1631 0.7628619241974803
1632 0.7628619241974803
1633 0.7628619241974803
1634 0.7628619241974803
1635 0.7628619241974803
1636 0.7628619241974803
1637 0.7628619241974803
1638 0.7628619241974803
1639 0.7628619241974803
1640 0.7628619241974803
1641 0.7628619241974803
1642 0.7628619241974803
1643 0.7628619241974803
1644 0.7628619241974803
1645 0.7628619241974803
1646 0.7628619241974803
1647 0.7628619241974803
1648 0.7628619241974803
1649 0.7628619241974803
1650 0.7628619241974803
1651 0.7628619241974803
1652 0.7628619241974803
1653 0.7628619241974803
1654 0.7628619241974803
1655 0.7628619241974803
1656 0.7628619241974803
1657 0.7628619241974803
1658 0.7628619241974803
1659 0.7628619241974803
1660 0.7628619241974803
1661 0.7628619241974803
1662 0.7628619241974803
1663 0.7628619241974803
1664 0.7628619241974803
1665 0.7628619241974803
1666 0.7628619241974803
1667 0.7628619241974803
1668 0.7628619241974803
1669 0.7628619241974803
1670 0.7628619241974803
1671 0.7628619241974803
1672 0.7628619241974803
1673 0.7628619241974803
1674 0.7628619241974803
1675 0.7628619241974803
1676 0.7628619241974803
1677 0.7628619241974803
1678 0.7628619241974803
1679 0.7628619241974803
1680 0.7628619241974803
1681 0.7628619241974803
1682 0.7628619241974803
1683 0.7628619241974803
1684 0.7628619241974803
1685 0.7628619241974803
1686 0.7628619241974803
1687 0.7628619241974803
1688 0.7628619241974803
1689 0.7628619241974803
1690 0.7628619241974803
1691 0.7628619241974803
1692 0.7628619241974803
1693 0.7628619241974803
1694 0.7628619241974803
1695 0.7628619241974803
1696 0.7628619241974803
1697 0.7628619241974803
1698 0.7628619241974803
1699 0.7628619241974803
1700 0.7628619241974803
1701 0.7628619241974803
1702 0.7628619241974803
1703 0.7628619241974803
1704 0.7628619241974803
1705 0.7628619241974803
1706 0.7628619241974803
1707 0.7628619241974803
1708 0.7628619241974803
1709 0.7628619241974803
1710 0.7628619241974803
1711 0.7628619241974803
1712 0.7628619241974803
1713 0.7628619241974803
1714 0.7628619241974803
1715 0.7628619241974803
1716 0.7628619241974803
1717 0.7628619241974803
1718 0.7628619241974803
1719 0.7628619241974803
1720 0.7628619241974803
1721 0.7628619241974803
1722 0.7628619241974803
1723 0.7628619241974803
1724 0.7628619241974803
1725 0.7628619241974803
1726 0.7628619241974803
1727 0.7628619241974803
1728 0.7628619241974803
1729 0.7628619241974803
1730 0.7628619241974803
1731 0.7628619241974803
1732 0.7628619241974803
1733 0.7628619241974803
1734 0.7628619241974803
1735 0.7628619241974803
1736 0.7628619241974803
1737 0.7628619241974803
1738 0.7628619241974803
1739 0.7628619241974803
1740 0.7628619241974803
1741 0.7628619241974803
1742 0.7628619241974803
1743 0.7628619241974803
1744 0.7628619241974803
1745 0.7628619241974803
1746 0.7628619241974803
1747 0.7628619241974803
1748 0.7628619241974803
1749 0.7628619241974803
1750 0.7628619241974803
1751 0.7628619241974803
1752 0.7628619241974803
1753 0.7628619241974803
1754 0.7628619241974803
1755 0.7628619241974803
1756 0.7628619241974803
1757 0.7628619241974803
1758 0.7628619241974803
1759 0.7628619241974803
1760 0.7628619241974803
1761 0.7628619241974803
1762 0.7628619241974803
1763 0.7628619241974803
1764 0.7628619241974803
1765 0.7628619241974803
1766 0.7628619241974803
1767 0.7628619241974803
1768 0.7628619241974803
1769 0.7628619241974803
1770 0.7628619241974803
1771 0.7628619241974803
1772 0.7628619241974803
1773 0.7628619241974803
1774 0.7628619241974803
1775 0.7628619241974803
1776 0.7628619241974803
1777 0.7628619241974803
1778 0.7628619241974803
1779 0.7628619241974803
1780 0.7628619241974803
1781 0.7628619241974803
1782 0.7628619241974803
1783 0.7628619241974803
1784 0.7628619241974803
1785 0.7628619241974803
1786 0.7628619241974803
1787 0.7628619241974803
1788 0.7628619241974803
1789 0.7628619241974803
1790 0.7628619241974803
1791 0.7628619241974803
1792 0.7628619241974803
1793 0.7628619241974803
1794 0.7628619241974803
1795 0.7628619241974803
1796 0.7628619241974803
1797 0.7628619241974803
1798 0.7628619241974803
1799 0.7628619241974803
1800 0.7628619241974803
1801 0.7628619241974803
1802 0.7628619241974803
1803 0.7628619241974803
1804 0.7628619241974803
1805 0.7628619241974803
1806 0.7628619241974803
1807 0.7628619241974803
1808 0.7628619241974803
1809 0.7628619241974803
1810 0.7628619241974803
1811 0.7628619241974803
1812 0.7628619241974803
1813 0.7628619241974803
1814 0.7628619241974803
1815 0.7628619241974803
1816 0.7628619241974803
1817 0.7628619241974803
1818 0.7628619241974803
1819 0.7628619241974803
1820 0.7628619241974803
1821 0.7628619241974803
1822 0.7628619241974803
1823 0.7628619241974803
1824 0.7628619241974803
1825 0.7628619241974803
1826 0.7628619241974803
1827 0.7628619241974803
1828 0.7628619241974803
1829 0.7628619241974803
1830 0.7628619241974803
1831 0.7628619241974803
1832 0.7628619241974803
1833 0.7628619241974803
1834 0.7628619241974803
1835 0.7628619241975126
1836 0.7628619241975126
1837 0.7628619241975126
1838 0.7628619241975126
1839 0.7628619241975126
1840 0.7628619241975126
1841 0.7628619241975126
1842 0.7628619241975126
1843 0.7628619241975126
1844 0.7628619241975126
1845 0.7628619241975126
1846 0.7628619241975126
1847 0.7628619241975126
1848 0.7628619241975126
1849 0.7628619241975126
1850 0.7628619241975126
1851 0.7628619241975126
1852 0.7628619241975126
1853 0.7628619241975126
1854 0.7628619241975126
1855 0.7628619241975126
1856 0.7628619241975126
1857 0.7628619241975126
1858 0.7628619241975126
1859 0.7628619241975126
1860 0.7628619241975126
1861 0.7628619241975126
1862 0.7628619241975126
1863 0.7628619241975126
1864 0.7628619241975126
1865 0.7628619241975126
1866 0.7628619241975126
1867 0.7628619241975126
1868 0.7628619241975126
1869 0.7628619241975126
1870 0.7628619241975126
1871 0.7628619241975126
1872 0.7628619241975126
1873 0.7628619241975126
1874 0.7628619241975126
1875 0.7628619241975126
1876 0.7628619241975126
1877 0.7628619241975126
1878 0.7628619241975126
1879 0.7628619241975126
1880 0.7628619241975126
1881 0.7628619241975126
1882 0.7628619241975126
1883 0.7628619241975126
1884 0.7628619241975126
1885 0.7628619241975126
1886 0.7628619241975126
1887 0.7628619241975126
1888 0.7628619241975126
1889 0.7628619241975126
1890 0.7628619241975126
1891 0.7628619241975126
1892 0.7628619241975126
1893 0.7628619241975126
1894 0.7628619241975126
1895 0.7628619241975126
1896 0.7628619241975126
1897 0.7628619241975126
1898 0.7628619241975126
1899 0.7628619241975126
1900 0.7628619241975126
1901 0.7628619241975126
1902 0.7628619241975126
1903 0.7628619241975126
1904 0.7628619241975126
1905 0.7628619241975126
1906 0.7628619241975126
1907 0.7628619241975126
1908 0.7628619241975126
1909 0.7628619241975126
1910 0.7628619241975126
1911 0.7628619241975126
1912 0.7628619241975126
1913 0.7628619241975126
1914 0.7628619241975126
1915 0.7628619241975126
1916 0.7628619241975126
1917 0.7628619241975126
1918 0.7628619241975126
1919 0.7628619241975126
1920 0.7628619241975126
1921 0.7628619241975126
1922 0.7628619241975126
1923 0.7628619241975126
1924 0.7628619241975126
1925 0.7628619241975126
1926 0.7628619241975126
1927 0.7628619241975126
1928 0.7628619241975126
1929 0.7628619241975126
1930 0.7628619241975126
1931 0.7628619241975126
1932 0.7628619241975126
1933 0.7628619241975126
1934 0.7628619241975126
1935 0.7628619241975126
1936 0.7628619241975126
1937 0.7628619241975126
1938 0.7628619241975126
1939 0.7628619241975126
1940 0.7628619241975126
1941 0.7628619241975126
1942 0.7628619241975126
1943 0.7628619241975126
1944 0.7628619241975126
1945 0.7628619241975126
1946 0.7628619241975126
1947 0.7628619241975126
1948 0.7628619241975126
1949 0.7628619241975126
1950 0.7628619241975126
1951 0.7628619241975126
1952 0.7628619241975126
1953 0.7628619241975126
1954 0.7628619241975126
1955 0.7628619241975126
1956 0.7628619241975126
1957 0.7628619241975126
1958 0.7628619241975126
1959 0.7628619241975126
1960 0.7628619241975126
1961 0.7628619241975126
1962 0.7628619241975126
1963 0.7628619241975126
1964 0.7628619241975126
1965 0.7628619241975126
1966 0.7628619241975126
1967 0.7628619241975126
1968 0.7628619241975126
1969 0.7628619241975126
1970 0.7628619241975126
1971 0.7628619241975126
1972 0.7628619241975126
1973 0.7628619241975126
1974 0.7628619241975126
1975 0.7628619241975126
1976 0.7628619241975126
1977 0.7628619241975126
1978 0.7628619241975126
1979 0.7628619241975126
1980 0.7628619241975126
1981 0.7628619241975126
1982 0.7628619241975126
1983 0.7628619241975126
1984 0.7628619241975126
1985 0.7628619241975126
1986 0.7628619241975126
1987 0.7628619241975126
1988 0.7628619241975126
1989 0.7628619241975126
1990 0.7628619241975126
1991 0.7628619241975126
1992 0.7628619241975126
1993 0.7628619241975126
1994 0.7628619241975126
1995 0.7628619241975126
1996 0.7628619241975126
1997 0.7628619241975126
1998 0.7628619241975126
1999 0.7628619241975126
