0 0.7333333333333333
1 1.2666666666666666
2 1.2666666666666666
3 1.2666666666666666
4 1.2666666666666666
5 1.4666666666666666
6 1.4666666666666666
7 1.4666666666666666
8 1.5666666666666667
9 1.5666666666666667
10 1.5666666666666667
11 1.5666666666666667
12 1.7666666666666666
13 1.7666666666666666
14 1.7666666666666666
15 1.7666666666666666
16 1.8
17 1.9333333333333333
18 1.9333333333333333
19 1.9333333333333333
20 1.9333333333333333
21 1.9333333333333333
22 1.9333333333333333
23 1.9333333333333333
24 1.9333333333333333
25 1.9333333333333333
26 1.9333333333333333
27 1.9333333333333333
28 1.9333333333333333
29 1.9333333333333333
30 1.9333333333333333
31 1.9333333333333333
32 1.9333333333333333
33 1.9333333333333333
34 1.9333333333333333
35 1.9333333333333333
36 2.1
37 2.1
38 2.2333333333333334
39 2.4
40 2.4
41 2.4
42 2.4
43 2.4
44 2.4
45 2.4
46 2.5
47 2.5
48 2.5
49 2.5
50 2.5
51 2.5
52 2.5
53 2.5
54 2.5
55 2.6666666666666665
56 2.6666666666666665
57 2.6666666666666665
58 2.6666666666666665
59 2.6666666666666665
60 2.6666666666666665
61 2.6666666666666665
62 2.6666666666666665
63 2.6666666666666665
64 2.6666666666666665
65 2.6666666666666665
66 2.6666666666666665
67 2.6666666666666665
68 2.6666666666666665
69 2.6666666666666665
70 2.6666666666666665
71 2.8
72 2.8
73 3.066666666666667
74 3.066666666666667
75 3.066666666666667
76 3.066666666666667
77 3.066666666666667
78 3.066666666666667
79 3.066666666666667
80 3.066666666666667
81 3.066666666666667
82 3.066666666666667
83 3.066666666666667
84 3.066666666666667
85 3.066666666666667
86 3.066666666666667
87 3.066666666666667
88 3.066666666666667
89 3.066666666666667
90 3.066666666666667
91 3.066666666666667
92 3.066666666666667
93 3.066666666666667
94 3.066666666666667
95 3.066666666666667
96 3.066666666666667
97 3.066666666666667
98 3.066666666666667
99 3.1
100 3.1
101 3.1
102 3.1
103 3.1
104 3.1
105 3.1
106 3.1
107 3.1
108 3.1
109 3.1
110 3.1666666666666665
111 3.1666666666666665
112 3.1666666666666665
113 3.1666666666666665
114 3.1666666666666665
115 3.1666666666666665
116 3.1666666666666665
117 3.1666666666666665
118 3.1666666666666665
119 3.1666666666666665
120 3.1666666666666665
121 3.1666666666666665
122 3.1666666666666665
123 3.1666666666666665
124 3.1666666666666665
125 3.1666666666666665
126 3.1666666666666665
127 3.2666666666666666
128 3.2666666666666666
129 3.2666666666666666
130 3.2666666666666666
131 3.2666666666666666
132 3.2666666666666666
133 3.2666666666666666
134 3.2666666666666666
135 3.2666666666666666
136 3.3666666666666667
137 3.3666666666666667
138 3.3666666666666667
139 3.3666666666666667
140 3.3666666666666667
141 3.3666666666666667
142 3.3666666666666667
143 3.3666666666666667
144 3.3666666666666667
145 3.3666666666666667
146 3.3666666666666667
147 3.3666666666666667
148 3.3666666666666667
149 3.3666666666666667
150 3.3666666666666667
151 3.3666666666666667
152 3.3666666666666667
153 3.3666666666666667
154 3.3666666666666667
155 3.3666666666666667
156 3.3666666666666667
157 3.3666666666666667
158 3.3666666666666667
159 3.3666666666666667
160 3.3666666666666667
161 3.3666666666666667
162 3.566666666666667
163 3.566666666666667
164 3.566666666666667
165 3.566666666666667
166 3.566666666666667
167 3.6333333333333333
168 3.6333333333333333
169 3.6333333333333333
170 3.6333333333333333
171 3.6333333333333333
172 3.6333333333333333
173 3.6333333333333333
174 3.6333333333333333
175 3.6333333333333333
176 3.6333333333333333
177 3.6333333333333333
178 3.6333333333333333
179 3.6333333333333333
180 3.6333333333333333
181 3.6333333333333333
182 3.6333333333333333
183 3.6333333333333333
184 3.6333333333333333
185 3.6333333333333333
186 3.6333333333333333
187 3.6333333333333333
188 3.6333333333333333
189 3.6333333333333333
190 3.6333333333333333
191 3.6333333333333333
192 3.6333333333333333
193 3.6333333333333333
194 3.6333333333333333
195 3.6333333333333333
196 3.6333333333333333
197 3.6333333333333333
198 3.6333333333333333
199 3.6333333333333333
200 3.6333333333333333
201 3.6333333333333333
202 3.6333333333333333
203 3.6333333333333333
204 3.6333333333333333
205 3.6333333333333333
206 3.6333333333333333
207 3.6333333333333333
208 3.6333333333333333
209 3.6333333333333333
210 3.6333333333333333
211 3.6333333333333333
212 3.6333333333333333
213 3.6333333333333333
214 3.6333333333333333
215 3.6333333333333333
216 3.6333333333333333
217 3.6333333333333333
218 3.6333333333333333
219 3.6333333333333333
220 3.6333333333333333
221 3.6333333333333333
222 3.6333333333333333
223 3.6333333333333333
224 3.6333333333333333
225 3.6333333333333333
226 3.6333333333333333
227 3.6333333333333333
228 3.6333333333333333
229 3.6333333333333333
230 3.6333333333333333
231 3.7
232 3.7
233 3.7
234 3.7
235 3.7
236 3.7
237 3.7
238 3.7
239 3.7
240 3.7
241 3.7
242 3.7
243 3.7
244 3.7
245 3.7
246 3.7
247 3.7
248 3.7
249 3.7
250 3.7
251 3.7
252 3.7
253 3.7
254 3.7
255 3.7
256 3.7
257 3.7
258 3.7
259 3.7
260 3.7
261 3.7
262 3.7
263 3.7
264 3.7
265 3.7
266 3.7
267 3.7
268 3.7
269 3.7
270 3.7
271 3.7
272 3.7
273 3.7
274 3.7
275 3.7
276 3.7
277 3.7
278 3.8
279 3.8
280 3.8
281 3.8
282 3.8
283 3.8
284 3.8
285 3.8
286 3.8
287 3.8
288 3.8
289 3.8
290 3.8
291 3.8
292 3.8
293 3.8
294 3.8
295 3.8
296 3.8
297 3.8
298 3.8
299 3.8
300 3.8
301 3.8
302 3.8
303 3.8
304 3.8
305 3.8
306 3.8
307 3.8
308 3.8
309 3.8
310 3.8
311 3.8
312 3.8
313 3.8
314 3.8
315 3.8
316 3.8
317 3.8
318 3.8
319 3.8
320 3.8
321 3.8
322 3.8
323 3.8
324 3.8
325 3.8
326 3.8
327 3.8
328 3.8
329 3.8
330 3.8
331 3.8
332 3.8
333 3.8
334 3.8
335 3.8
336 3.8
337 3.8
338 3.8
339 3.8
340 3.8
341 3.8
342 3.8
343 3.8
344 3.8
345 3.8
346 3.8
347 3.8
348 3.8
349 3.8
350 3.8
351 3.8
352 3.8
353 3.8
354 3.8
355 3.8
356 3.8
357 3.8
358 3.8
359 3.8
360 3.8
361 3.8
362 3.8
363 3.8
364 3.8
365 3.8
366 3.8
367 3.8
368 3.8
369 3.8
370 3.8
371 3.8
372 3.8
373 3.8
374 3.8
375 3.8
376 3.8
377 3.8
378 3.8
379 3.8
380 3.8
381 3.8
382 3.8
383 3.8
384 3.8
385 3.8
386 3.8
387 3.933333333333333
388 3.933333333333333
389 3.933333333333333
390 3.933333333333333
391 3.933333333333333
392 3.933333333333333
393 3.933333333333333
394 3.933333333333333
395 3.933333333333333
396 3.933333333333333
397 3.933333333333333
398 3.933333333333333
399 3.933333333333333
400 3.933333333333333
401 3.933333333333333
402 3.933333333333333
403 3.933333333333333
404 3.933333333333333
405 3.933333333333333
406 3.933333333333333
407 3.933333333333333
408 3.933333333333333
409 3.933333333333333
410 3.933333333333333
411 3.933333333333333
412 3.933333333333333
413 3.933333333333333
414 3.933333333333333
415 3.933333333333333
416 3.933333333333333
417 3.933333333333333
418 3.933333333333333
419 3.933333333333333
420 3.933333333333333
421 3.933333333333333
422 3.966666666666667
423 3.966666666666667
424 3.966666666666667
425 3.966666666666667
426 3.966666666666667
427 3.966666666666667
428 3.966666666666667
429 3.966666666666667
430 3.966666666666667
431 3.966666666666667
432 3.966666666666667
433 3.966666666666667
434 3.966666666666667
435 3.966666666666667
436 3.966666666666667
437 3.966666666666667
438 3.966666666666667
439 3.966666666666667
440 3.966666666666667
441 3.966666666666667
442 3.966666666666667
443 3.966666666666667
444 3.966666666666667
445 3.966666666666667
446 3.966666666666667
447 3.966666666666667
448 3.966666666666667
449 3.966666666666667
450 3.966666666666667
451 3.966666666666667
452 3.966666666666667
453 3.966666666666667
454 3.966666666666667
455 3.966666666666667
456 3.966666666666667
457 3.966666666666667
458 3.966666666666667
459 3.966666666666667
460 3.966666666666667
461 3.966666666666667
462 3.966666666666667
463 3.966666666666667
464 3.966666666666667
465 3.966666666666667
466 3.966666666666667
467 3.966666666666667
468 3.966666666666667
469 3.966666666666667
470 3.966666666666667
471 3.966666666666667
472 3.966666666666667
473 3.966666666666667
474 3.966666666666667
475 3.966666666666667
476 3.966666666666667
477 3.966666666666667
478 3.966666666666667
479 3.966666666666667
480 3.966666666666667
481 3.966666666666667
482 3.966666666666667
483 3.966666666666667
484 3.966666666666667
485 3.966666666666667
486 3.966666666666667
487 3.966666666666667
488 3.966666666666667
489 3.966666666666667
490 3.966666666666667
491 3.966666666666667
492 3.966666666666667
493 3.966666666666667
494 3.966666666666667
495 3.966666666666667
496 3.966666666666667
497 3.966666666666667
498 3.966666666666667
499 3.966666666666667
500 3.966666666666667
501 3.966666666666667
502 3.966666666666667
503 3.966666666666667
504 3.966666666666667
505 3.966666666666667
506 3.966666666666667
507 3.966666666666667
508 3.966666666666667
509 3.966666666666667
510 3.966666666666667
511 3.966666666666667
512 3.966666666666667
513 3.966666666666667
514 3.966666666666667
515 3.966666666666667
516 3.966666666666667
517 3.966666666666667
518 3.966666666666667
519 3.966666666666667
520 3.966666666666667
521 3.966666666666667
522 3.966666666666667
523 3.966666666666667
524 3.966666666666667
525 3.966666666666667
526 3.966666666666667
527 3.966666666666667
528 3.966666666666667
529 3.966666666666667
530 3.966666666666667
531 3.966666666666667
532 3.966666666666667
533 3.966666666666667
534 3.966666666666667
535 3.966666666666667
536 3.966666666666667
537 3.966666666666667
538 3.966666666666667
539 3.966666666666667
540 3.966666666666667
541 3.966666666666667
542 3.966666666666667
543 3.966666666666667
544 3.966666666666667
545 3.966666666666667
546 3.966666666666667
547 3.966666666666667
548 3.966666666666667
549 3.966666666666667
550 3.966666666666667
551 3.966666666666667
552 3.966666666666667
553 3.966666666666667
554 3.966666666666667
555 3.966666666666667
556 3.966666666666667
557 3.966666666666667
558 3.966666666666667
559 3.966666666666667
560 3.966666666666667
561 3.966666666666667
562 3.966666666666667
563 3.966666666666667
564 3.966666666666667
565 3.966666666666667
566 3.966666666666667
567 3.966666666666667
568 3.966666666666667
569 3.966666666666667
570 3.966666666666667
571 3.966666666666667
572 3.966666666666667
573 3.966666666666667
574 3.966666666666667
575 3.966666666666667
576 3.966666666666667
577 3.966666666666667
578 3.966666666666667
579 3.966666666666667
580 3.966666666666667
581 3.966666666666667
582 3.966666666666667
583 3.966666666666667
584 3.966666666666667
585 3.966666666666667
586 3.966666666666667
587 4.0
588 4.0
589 4.0
590 4.0
591 4.0
592 4.0
593 4.0
594 4.0
595 4.0
596 4.0
597 4.0
598 4.0
599 4.0
600 4.0
601 4.0
602 4.0
603 4.0
604 4.0
605 4.0
606 4.0
607 4.0
608 4.0
609 4.0
610 4.0
611 4.0
612 4.0
613 4.0
614 4.0
615 4.0
616 4.0
617 4.0
618 4.0
619 4.0
620 4.0
621 4.0
622 4.0
623 4.0
624 4.0
625 4.0
626 4.0
627 4.0
628 4.0
629 4.0
630 4.0
631 4.0
632 4.0
633 4.0
634 4.0
635 4.0
636 4.0
637 4.0
638 4.0
639 4.0
640 4.0
641 4.0
642 4.0
643 4.0
644 4.0
645 4.0
646 4.0
647 4.0
648 4.0
649 4.0
650 4.0
651 4.0
652 4.0
653 4.0
654 4.0
655 4.0
656 4.0
657 4.066666666666666
658 4.066666666666666
659 4.066666666666666
660 4.066666666666666
661 4.066666666666666
662 4.066666666666666
663 4.066666666666666
664 4.066666666666666
665 4.066666666666666
666 4.166666666666667
667 4.166666666666667
668 4.166666666666667
669 4.166666666666667
670 4.166666666666667
671 4.166666666666667
672 4.166666666666667
673 4.166666666666667
674 4.166666666666667
675 4.2
676 4.2
677 4.2
678 4.2
679 4.2
680 4.2
681 4.2
682 4.366666666666666
683 4.366666666666666
684 4.366666666666666
685 4.366666666666666
686 4.366666666666666
687 4.366666666666666
688 4.366666666666666
689 4.366666666666666
690 4.366666666666666
691 4.366666666666666
692 4.366666666666666
693 4.366666666666666
694 4.366666666666666
695 4.366666666666666
696 4.366666666666666
697 4.366666666666666
698 4.366666666666666
699 4.366666666666666
700 4.366666666666666
701 4.366666666666666
702 4.366666666666666
703 4.366666666666666
704 4.366666666666666
705 4.366666666666666
706 4.366666666666666
707 4.366666666666666
708 4.366666666666666
709 4.366666666666666
710 4.366666666666666
711 4.366666666666666
712 4.366666666666666
713 4.366666666666666
714 4.366666666666666
715 4.366666666666666
716 4.366666666666666
717 4.366666666666666
718 4.366666666666666
719 4.366666666666666
720 4.366666666666666
721 4.366666666666666
722 4.366666666666666
723 4.366666666666666
724 4.366666666666666
725 4.366666666666666
726 4.366666666666666
727 4.366666666666666
728 4.366666666666666
729 4.433333333333334
730 4.433333333333334
731 4.433333333333334
732 4.433333333333334
733 4.433333333333334
734 4.433333333333334
735 4.433333333333334
736 4.433333333333334
737 4.433333333333334
738 4.433333333333334
739 4.433333333333334
740 4.433333333333334
741 4.433333333333334
742 4.433333333333334
743 4.433333333333334
744 4.433333333333334
745 4.433333333333334
746 4.433333333333334
747 4.433333333333334
748 4.433333333333334
749 4.433333333333334
750 4.433333333333334
751 4.433333333333334
752 4.433333333333334
753 4.433333333333334
754 4.433333333333334
755 4.433333333333334
756 4.433333333333334
757 4.433333333333334
758 4.433333333333334
759 4.433333333333334
760 4.433333333333334
761 4.433333333333334
762 4.433333333333334
763 4.433333333333334
764 4.433333333333334
765 4.433333333333334
766 4.433333333333334
767 4.433333333333334
768 4.433333333333334
769 4.433333333333334
770 4.566666666666666
771 4.566666666666666
772 4.566666666666666
773 4.566666666666666
774 4.566666666666666
775 4.566666666666666
776 4.566666666666666
777 4.566666666666666
778 4.566666666666666
779 4.566666666666666
780 4.566666666666666
781 4.566666666666666
782 4.566666666666666
783 4.566666666666666
784 4.566666666666666
785 4.566666666666666
786 4.566666666666666
787 4.566666666666666
788 4.566666666666666
789 4.566666666666666
790 4.566666666666666
791 4.566666666666666
792 4.566666666666666
793 4.566666666666666
794 4.566666666666666
795 4.566666666666666
796 4.566666666666666
797 4.566666666666666
798 4.566666666666666
799 4.566666666666666
800 4.566666666666666
801 4.566666666666666
802 4.566666666666666
803 4.566666666666666
804 4.566666666666666
805 4.566666666666666
806 4.566666666666666
807 4.566666666666666
808 4.566666666666666
809 4.566666666666666
810 4.566666666666666
811 4.566666666666666
812 4.566666666666666
813 4.566666666666666
814 4.566666666666666
815 4.566666666666666
816 4.566666666666666
817 4.566666666666666
818 4.566666666666666
819 4.566666666666666
820 4.566666666666666
821 4.566666666666666
822 4.566666666666666
823 4.566666666666666
824 4.566666666666666
825 4.566666666666666
826 4.566666666666666
827 4.566666666666666
828 4.566666666666666
829 4.566666666666666
830 4.566666666666666
831 4.566666666666666
832 4.566666666666666
833 4.566666666666666
834 4.566666666666666
835 4.566666666666666
836 4.566666666666666
837 4.566666666666666
838 4.566666666666666
839 4.566666666666666
840 4.566666666666666
841 4.566666666666666
842 4.566666666666666
843 4.566666666666666
844 4.566666666666666
845 4.566666666666666
846 4.566666666666666
847 4.566666666666666
848 4.566666666666666
849 4.566666666666666
850 4.566666666666666
851 4.566666666666666
852 4.566666666666666
853 4.566666666666666
854 4.566666666666666
855 4.566666666666666
856 4.566666666666666
857 4.566666666666666
858 4.566666666666666
859 4.566666666666666
860 4.566666666666666
861 4.566666666666666
862 4.566666666666666
863 4.566666666666666
864 4.566666666666666
865 4.566666666666666
866 4.566666666666666
867 4.566666666666666
868 4.566666666666666
869 4.566666666666666
870 4.566666666666666
871 4.566666666666666
872 4.566666666666666
873 4.566666666666666
874 4.566666666666666
875 4.566666666666666
876 4.566666666666666
877 4.566666666666666
878 4.566666666666666
879 4.566666666666666
880 4.566666666666666
881 4.566666666666666
882 4.566666666666666
883 4.566666666666666
884 4.566666666666666
885 4.566666666666666
886 4.566666666666666
887 4.566666666666666
888 4.566666666666666
889 4.566666666666666
890 4.566666666666666
891 4.566666666666666
892 4.566666666666666
893 4.566666666666666
894 4.566666666666666
895 4.566666666666666
896 4.566666666666666
897 4.566666666666666
898 4.566666666666666
899 4.566666666666666
900 4.566666666666666
901 4.566666666666666
902 4.566666666666666
903 4.566666666666666
904 4.566666666666666
905 4.566666666666666
906 4.566666666666666
907 4.566666666666666
908 4.566666666666666
909 4.566666666666666
910 4.566666666666666
911 4.566666666666666
912 4.566666666666666
913 4.566666666666666
914 4.566666666666666
915 4.566666666666666
916 4.566666666666666
917 4.566666666666666
918 4.566666666666666
919 4.566666666666666
920 4.566666666666666
921 4.566666666666666
922 4.566666666666666
923 4.566666666666666
924 4.566666666666666
925 4.566666666666666
926 4.566666666666666
927 4.566666666666666
928 4.566666666666666
929 4.566666666666666
930 4.566666666666666
931 4.566666666666666
932 4.566666666666666
933 4.566666666666666
934 4.566666666666666
935 4.566666666666666
936 4.566666666666666
937 4.566666666666666
938 4.566666666666666
939 4.566666666666666
940 4.566666666666666
941 4.566666666666666
942 4.566666666666666
943 4.566666666666666
944 4.566666666666666
945 4.566666666666666
946 4.566666666666666
947 4.566666666666666
948 4.566666666666666
949 4.566666666666666
950 4.566666666666666
951 4.566666666666666
952 4.566666666666666
953 4.566666666666666
954 4.566666666666666
955 4.566666666666666
956 4.566666666666666
957 4.566666666666666
958 4.566666666666666
959 4.566666666666666
960 4.566666666666666
961 4.566666666666666
962 4.566666666666666
963 4.566666666666666
964 4.566666666666666
965 4.566666666666666
966 4.566666666666666
967 4.566666666666666
968 4.566666666666666
969 4.566666666666666
970 4.566666666666666
971 4.566666666666666
972 4.566666666666666
973 4.566666666666666
974 4.566666666666666
975 4.566666666666666
976 4.566666666666666
977 4.566666666666666
978 4.566666666666666
979 4.566666666666666
980 4.566666666666666
981 4.566666666666666
982 4.566666666666666
983 4.566666666666666
984 4.566666666666666
985 4.566666666666666
986 4.566666666666666
987 4.566666666666666
988 4.566666666666666
989 4.566666666666666
990 4.566666666666666
991 4.566666666666666
992 4.566666666666666
993 4.566666666666666
994 4.566666666666666
995 4.566666666666666
996 4.566666666666666
997 4.566666666666666
998 4.566666666666666
999 4.566666666666666
1000 4.566666666666666
1001 4.566666666666666
1002 4.566666666666666
1003 4.566666666666666
1004 4.566666666666666
1005 4.566666666666666
1006 4.566666666666666
1007 4.566666666666666
1008 4.566666666666666
1009 4.566666666666666
1010 4.566666666666666
1011 4.566666666666666
1012 4.566666666666666
1013 4.566666666666666
1014 4.566666666666666
1015 4.566666666666666
1016 4.566666666666666
1017 4.566666666666666
1018 4.566666666666666
1019 4.566666666666666
1020 4.566666666666666
1021 4.566666666666666
1022 4.6
1023 4.6
1024 4.6
1025 4.6
1026 4.6
1027 4.6
1028 4.6
1029 4.6
1030 4.6
1031 4.6
1032 4.6
1033 4.6
1034 4.6
1035 4.6
1036 4.6
1037 4.6
1038 4.6
1039 4.6
1040 4.6
1041 4.6
1042 4.6
1043 4.6
1044 4.6
1045 4.6
1046 4.6
1047 4.6
1048 4.6
1049 4.6
1050 4.6
1051 4.6
1052 4.6
1053 4.6
1054 4.6
1055 4.6
1056 4.6
1057 4.6
1058 4.6
1059 4.6
1060 4.6
1061 4.6
1062 4.6
1063 4.6
1064 4.6
1065 4.6
1066 4.6
1067 4.6
1068 4.6
1069 4.6
1070 4.6
1071 4.6
1072 4.6
1073 4.6
1074 4.6
1075 4.6
1076 4.6
1077 4.666666666666667
1078 4.666666666666667
1079 4.666666666666667
1080 4.666666666666667
1081 4.666666666666667
1082 4.666666666666667
1083 4.666666666666667
1084 4.666666666666667
1085 4.666666666666667
1086 4.666666666666667
1087 4.666666666666667
1088 4.666666666666667
1089 4.666666666666667
1090 4.666666666666667
1091 4.666666666666667
1092 4.666666666666667
1093 4.666666666666667
1094 4.666666666666667
1095 4.666666666666667
1096 4.666666666666667
1097 4.666666666666667
1098 4.666666666666667
1099 4.666666666666667
1100 4.666666666666667
1101 4.666666666666667
1102 4.666666666666667
1103 4.666666666666667
1104 4.666666666666667
1105 4.666666666666667
1106 4.666666666666667
1107 4.666666666666667
1108 4.666666666666667
1109 4.666666666666667
1110 4.666666666666667
1111 4.666666666666667
1112 4.666666666666667
1113 4.666666666666667
1114 4.666666666666667
1115 4.666666666666667
1116 4.666666666666667
1117 4.666666666666667
1118 4.666666666666667
1119 4.666666666666667
1120 4.666666666666667
1121 4.666666666666667
1122 4.666666666666667
1123 4.666666666666667
1124 4.666666666666667
1125 4.666666666666667
1126 4.666666666666667
1127 4.666666666666667
1128 4.666666666666667
1129 4.666666666666667
1130 4.666666666666667
1131 4.666666666666667
1132 4.666666666666667
1133 4.666666666666667
1134 4.666666666666667
1135 4.666666666666667
1136 4.666666666666667
1137 4.666666666666667
1138 4.666666666666667
1139 4.666666666666667
1140 4.666666666666667
1141 4.666666666666667
1142 4.666666666666667
1143 4.666666666666667
1144 4.666666666666667
1145 4.666666666666667
1146 4.666666666666667
1147 4.666666666666667
1148 4.666666666666667
1149 4.666666666666667
1150 4.666666666666667
1151 4.666666666666667
1152 4.666666666666667
1153 4.666666666666667
1154 4.666666666666667
1155 4.666666666666667
1156 4.666666666666667
1157 4.666666666666667
1158 4.666666666666667
1159 4.666666666666667
1160 4.666666666666667
1161 4.666666666666667
1162 4.666666666666667
1163 4.666666666666667
1164 4.666666666666667
1165 4.666666666666667
1166 4.666666666666667
1167 4.666666666666667
1168 4.666666666666667
1169 4.666666666666667
1170 4.666666666666667
1171 4.7
1172 4.7
1173 4.7
1174 4.7
1175 4.7
1176 4.7
1177 4.7
1178 4.7
1179 4.7
1180 4.7
1181 4.7
1182 4.7
1183 4.7
1184 4.7
1185 4.7
1186 4.7
1187 4.7
1188 4.7
1189 4.7
1190 4.7
1191 4.7
1192 4.7
1193 4.7
1194 4.7
1195 4.7
1196 4.7
1197 4.7
1198 4.7
1199 4.7
1200 4.7
1201 4.7
1202 4.733333333333333
1203 4.733333333333333
1204 4.733333333333333
1205 4.733333333333333
1206 4.733333333333333
1207 4.733333333333333
1208 4.733333333333333
1209 4.733333333333333
1210 4.733333333333333
1211 4.833333333333333
1212 4.833333333333333
1213 4.833333333333333
1214 4.833333333333333
1215 4.833333333333333
1216 4.833333333333333
1217 4.833333333333333
1218 4.833333333333333
1219 4.833333333333333
1220 4.833333333333333
1221 4.833333333333333
1222 4.833333333333333
1223 4.833333333333333
1224 4.833333333333333
1225 4.833333333333333
1226 4.833333333333333
1227 4.833333333333333
1228 4.833333333333333
1229 4.833333333333333
1230 4.833333333333333
1231 4.833333333333333
1232 4.833333333333333
1233 4.833333333333333
1234 4.833333333333333
1235 4.833333333333333
1236 4.833333333333333
1237 4.833333333333333
1238 4.833333333333333
1239 4.833333333333333
1240 4.833333333333333
1241 4.833333333333333
1242 4.833333333333333
1243 4.833333333333333
1244 4.833333333333333
1245 4.833333333333333
1246 4.833333333333333
1247 4.833333333333333
1248 4.833333333333333
1249 4.833333333333333
1250 4.833333333333333
1251 4.833333333333333
1252 4.833333333333333
1253 4.833333333333333
1254 4.833333333333333
1255 4.833333333333333
1256 4.833333333333333
1257 4.833333333333333
1258 4.833333333333333
1259 4.833333333333333
1260 4.833333333333333
1261 4.833333333333333
1262 4.833333333333333
1263 4.833333333333333
1264 4.833333333333333
1265 4.833333333333333
1266 4.833333333333333
1267 4.833333333333333
1268 4.833333333333333
1269 4.833333333333333
1270 4.833333333333333
1271 4.833333333333333
1272 4.833333333333333
1273 4.833333333333333
1274 4.833333333333333
1275 4.833333333333333
1276 4.833333333333333
1277 4.833333333333333
1278 4.833333333333333
1279 4.833333333333333
1280 4.833333333333333
1281 4.833333333333333
1282 4.833333333333333
1283 4.833333333333333
1284 4.833333333333333
1285 4.833333333333333
1286 4.833333333333333
1287 4.833333333333333
1288 4.833333333333333
1289 4.833333333333333
1290 4.833333333333333
1291 4.833333333333333
1292 4.833333333333333
1293 4.833333333333333
1294 4.833333333333333
1295 4.833333333333333
1296 4.833333333333333
1297 4.833333333333333
1298 4.833333333333333
1299 4.833333333333333
1300 4.833333333333333
1301 4.833333333333333
1302 4.833333333333333
1303 4.833333333333333
1304 4.833333333333333
1305 4.833333333333333
1306 4.833333333333333
1307 4.833333333333333
1308 4.833333333333333
1309 4.833333333333333
1310 4.833333333333333
1311 4.833333333333333
1312 4.833333333333333
1313 4.833333333333333
1314 4.833333333333333
1315 4.833333333333333
1316 4.833333333333333
1317 4.833333333333333
1318 4.833333333333333
1319 4.833333333333333
1320 4.833333333333333
1321 4.833333333333333
1322 4.833333333333333
1323 4.833333333333333
1324 4.833333333333333
1325 4.833333333333333
1326 4.833333333333333
1327 4.833333333333333
1328 4.833333333333333
1329 4.833333333333333
1330 4.833333333333333
1331 4.833333333333333
1332 4.833333333333333
1333 4.833333333333333
1334 4.833333333333333
1335 4.833333333333333
1336 4.833333333333333
1337 4.833333333333333
1338 4.833333333333333
1339 4.833333333333333
1340 4.833333333333333
1341 4.833333333333333
1342 4.833333333333333
1343 4.833333333333333
1344 4.833333333333333
1345 4.833333333333333
1346 4.833333333333333
1347 4.833333333333333
1348 4.833333333333333
1349 4.833333333333333
1350 4.833333333333333
1351 4.833333333333333
1352 4.833333333333333
1353 4.833333333333333
1354 4.833333333333333
1355 4.833333333333333
1356 4.833333333333333
1357 4.833333333333333
1358 4.833333333333333
1359 4.833333333333333
1360 4.833333333333333
1361 4.833333333333333
1362 4.833333333333333
1363 4.833333333333333
1364 4.833333333333333
1365 4.833333333333333
1366 4.833333333333333
1367 4.833333333333333
1368 4.833333333333333
1369 4.833333333333333
1370 4.833333333333333
1371 4.833333333333333
1372 4.833333333333333
1373 4.833333333333333
1374 4.833333333333333
1375 4.833333333333333
1376 4.833333333333333
1377 4.833333333333333
1378 4.833333333333333
1379 4.833333333333333
1380 4.833333333333333
1381 4.833333333333333
1382 4.833333333333333
1383 4.833333333333333
1384 4.833333333333333
1385 4.833333333333333
1386 4.833333333333333
1387 4.833333333333333
1388 4.833333333333333
1389 4.833333333333333
1390 4.833333333333333
1391 4.833333333333333
1392 4.833333333333333
1393 4.833333333333333
1394 4.833333333333333
1395 4.833333333333333
1396 4.833333333333333
1397 4.833333333333333
1398 4.833333333333333
1399 4.833333333333333
1400 4.833333333333333
1401 4.833333333333333
1402 4.833333333333333
1403 4.833333333333333
1404 4.833333333333333
1405 4.833333333333333
1406 4.833333333333333
1407 4.833333333333333
1408 4.833333333333333
1409 4.833333333333333
1410 4.833333333333333
1411 4.833333333333333
1412 4.833333333333333
1413 4.833333333333333
1414 4.833333333333333
1415 4.833333333333333
1416 4.833333333333333
1417 4.833333333333333
1418 4.833333333333333
1419 4.833333333333333
1420 4.833333333333333
1421 4.833333333333333
1422 4.833333333333333
1423 4.833333333333333
1424 4.833333333333333
1425 4.833333333333333
1426 4.833333333333333
1427 4.833333333333333
1428 4.833333333333333
1429 4.833333333333333
1430 4.833333333333333
1431 4.833333333333333
1432 4.833333333333333
1433 4.833333333333333
1434 4.833333333333333
1435 4.833333333333333
1436 4.833333333333333
1437 4.833333333333333
1438 4.833333333333333
1439 4.833333333333333
1440 4.833333333333333
1441 4.833333333333333
1442 4.833333333333333
1443 4.833333333333333
1444 4.833333333333333
1445 4.833333333333333
1446 4.833333333333333
1447 4.833333333333333
1448 4.833333333333333
1449 4.833333333333333
1450 4.833333333333333
1451 4.833333333333333
1452 4.833333333333333
1453 4.833333333333333
1454 4.833333333333333
1455 4.833333333333333
1456 4.833333333333333
1457 4.833333333333333
1458 4.833333333333333
1459 4.833333333333333
1460 4.833333333333333
1461 4.833333333333333
1462 4.833333333333333
1463 4.833333333333333
1464 4.833333333333333
1465 4.833333333333333
1466 4.833333333333333
1467 4.833333333333333
1468 4.833333333333333
1469 4.833333333333333
1470 4.833333333333333
1471 4.833333333333333
1472 4.833333333333333
1473 4.833333333333333
1474 4.833333333333333
1475 4.833333333333333
1476 4.833333333333333
1477 4.833333333333333
1478 4.833333333333333
1479 4.833333333333333
1480 4.833333333333333
1481 4.833333333333333
1482 4.833333333333333
1483 4.833333333333333
1484 4.833333333333333
1485 4.833333333333333
1486 4.833333333333333
1487 4.833333333333333
1488 4.833333333333333
1489 4.833333333333333
1490 4.833333333333333
1491 4.833333333333333
1492 4.833333333333333
1493 4.833333333333333
1494 4.833333333333333
1495 4.833333333333333
1496 4.833333333333333
1497 4.833333333333333
1498 4.833333333333333
1499 4.833333333333333
