0 0.7068936256624956
1 0.7896770359493009
2 0.7896770359493009
3 0.7896770359493009
4 0.8025666273394647
5 0.8078240570115831
6 0.8078240570115831
7 0.8078240570115831
8 0.8078240570115831
9 0.8078793230751747
10 0.8084771936957617
11 0.8086900421285922
12 0.8086900421285922
13 0.8086900421285922
14 0.8086900421285922
15 0.8086900421285922
16 0.8086900421285922
17 0.8086900421285922
18 0.8086900421285922
19 0.8086900421285922
20 0.8086900421285922
21 0.8086900421285922
22 0.8087629134188583
23 0.8087629134188583
24 0.8087629134188583
25 0.8087629134188583
26 0.8087629134188583
27 0.8087629134188583
28 0.8087629134188583
29 0.8087629134188583
30 0.8087629134188583
31 0.8087629134188583
32 0.8087629134188583
33 0.8087643149653695
34 0.8087643149653695
35 0.8087643149653695
36 0.8087643149653695
37 0.8087643149653695
38 0.808764423871597
39 0.808764423871597
40 0.808764423871597
41 0.808764423871597
42 0.808764423871597
43 0.808764423871597
44 0.808764423871597
45 0.808764423871597
46 0.808764423871597
47 0.808764423871597
48 0.808764423871597
49 0.808764423871597
50 0.808764423871597
51 0.8087644280738425
52 0.8087644280738425
53 0.8087644280738425
54 0.8087644280738425
55 0.8087644280738425
56 0.8087644280738425
57 0.8087644280738425
58 0.8087644280738425
59 0.8087644280738425
60 0.8087644280738425
61 0.8087644280738425
62 0.8087644280738425
63 0.8087644292382187
64 0.8087644292382187
65 0.8087644294250426
66 0.8087644313931995
67 0.8087644314342018
68 0.8087644314342018
69 0.8087644558870071
70 0.8087644558870071
71 0.8087644558870071
72 0.8087644558870071
73 0.8087644558870071
74 0.8087644558870071
75 0.8087645523797389
76 0.8087645575609168
77 0.8087645575609168
78 0.8087645575609168
79 0.8087645575609168
80 0.8087645575609168
81 0.8087645575609168
82 0.8087645575609168
83 0.8087645575609168
84 0.8087645575609168
85 0.8087645575609168
86 0.8087645575609168
87 0.8087645575609168
88 0.8087645575609168
89 0.8087645575609168
90 0.8087645575609168
91 0.8087645575609168
92 0.8087645575609168
93 0.8087645575609168
94 0.8087645575609168
95 0.8087645575609168
96 0.8087645612837387
97 0.8087645612837387
98 0.8087645612837387
99 0.8087645612837387
100 0.8087645612837387
101 0.8087645612837387
102 0.8087645612837387
103 0.8087645612837387
104 0.8087645612837387
105 0.8087645612837387
106 0.8087645612837387
107 0.8087645612837387
108 0.808764589137031
109 0.808764589137031
110 0.808764589137031
111 0.808764589137031
112 0.808764589137031
113 0.808764589137031
114 0.808764589137031
115 0.808764589137031
116 0.808764589137031
117 0.808764589137031
118 0.808764589137031
119 0.808764589137031
120 0.808764589137031
121 0.808764589137031
122 0.808764589137031
123 0.808764589137031
124 0.808764589137031
125 0.808764589137031
126 0.808764589137031
127 0.808764589137031
128 0.808764589137031
129 0.808764589137031
130 0.808764589137031
131 0.808764589137031
132 0.808764589137031
133 0.808764589137031
134 0.808764589137031
135 0.808764589137031
136 0.808764589137031
137 0.8087645891465708
138 0.8087645891465708
139 0.8087645891465708
140 0.8087645891465708
141 0.8087645891465708
142 0.8087645891465708
143 0.8087645891465708
144 0.8087645891465708
145 0.8087645891465708
146 0.8087645891465708
147 0.8087645891465719
148 0.8087645891465719
149 0.8087645891465719
150 0.8087645891465719
151 0.8087645891465719
152 0.8087645891465719
153 0.8087645891465719
154 0.8087645891465719
155 0.8087645940646367
156 0.8087645940646367
157 0.8087645940646367
158 0.8087645940646367
159 0.8087645940646367
160 0.8087645940646367
161 0.8087645940646367
162 0.8087645940646367
163 0.8087646034886437
164 0.8087646034886437
165 0.8087646034886437
166 0.8087646034886437
167 0.8087646034886437
168 0.8087646034886437
169 0.8087646034886437
170 0.8087646034886437
171 0.8087646034886437
172 0.8087646034886437
173 0.8087646034886437
174 0.8087646034886437
175 0.8087646034886437
176 0.8087646034886437
177 0.8087646034886437
178 0.8087646034886437
179 0.8087646034886437
180 0.8087646034886437
181 0.8087646034886437
182 0.8087646034886437
183 0.8087646034886437
184 0.8087646034886437
185 0.8087646034886437
186 0.8087646034886437
187 0.8087646034886437
188 0.8087646034886437
189 0.8087646034886437
190 0.8087646034886437
191 0.8087646034886437
192 0.8087646034886437
193 0.8087646034886437
194 0.8087646034886437
195 0.8087646034886437
196 0.8087646034886437
197 0.8087646034886437
198 0.8087646034886437
199 0.8087646034886437
200 0.8087646034886437
201 0.8087646034886437
202 0.8087646034886437
203 0.808764608553502
204 0.808764608553502
205 0.808764608553502
206 0.808764608553502
207 0.808764608553502
208 0.808764608553502
209 0.808764608553502
210 0.808764608553502
211 0.808764608553502
212 0.808764608553502
213 0.808764608553502
214 0.808764608553502
215 0.808764608553502
216 0.808764608553502
217 0.808764608553502
218 0.808764608553502
219 0.808764608553502
220 0.808764608553502
221 0.8087646085535033
222 0.8087646085535033
223 0.8087646085535033
224 0.8087646085535033
225 0.8087646085535033
226 0.8087646085535033
227 0.8087646085535033
228 0.8087646085535033
229 0.8087646085535033
230 0.8087646085535033
231 0.8087646085535033
232 0.8087646085535033
233 0.8087646085535033
234 0.8087646085535033
235 0.8087646085535033
236 0.8087646085535033
237 0.8087646085535033
238 0.8087646085535033
239 0.8087646085535033
240 0.8087646085535033
241 0.8087646085535033
242 0.8087646085535033
243 0.8087646085535033
244 0.8087646085535033
245 0.8087646085535033
246 0.8087646085535033
247 0.8087646085535033
248 0.8087646085535033
249 0.8087646085535033
250 0.8087646085535033
251 0.8087646085535033
252 0.8087646085535033
253 0.8087646085535033
254 0.8087646085535033
255 0.8087646085535033
256 0.8087646085535033
257 0.8087646085535033
258 0.8087646085535033
259 0.8087646085535033
260 0.8087646085535033
261 0.8087646085535033
262 0.8087646085535033
263 0.8087646085535033
264 0.8087646085535034
265 0.8087646085535034
266 0.8087646085535034
267 0.8087646085535034
268 0.8087646085535034
269 0.8087646085535034
270 0.8087646085535034
271 0.8087646085535034
272 0.8087646085535034
273 0.8087646085535034
274 0.8087646085535034
275 0.8087646085535034
276 0.8087646085535034
277 0.8087646085535034
278 0.8087646085535034
279 0.8087646085535034
280 0.8087646085535034
281 0.8087646085535034
282 0.8087646085535034
283 0.8087646085535034
284 0.8087646085535034
285 0.8087646085535034
286 0.8087646085535034
287 0.8087646085535034
288 0.8087646085535034
289 0.8087646085535034
290 0.8087646085535034
291 0.8087646085535034
292 0.8087646085535034
293 0.8087646085535034
294 0.8087646085535034
295 0.8087646085535034
296 0.8087646085535034
297 0.8087646085535034
298 0.8087646085535034
299 0.8087646085535034
300 0.8087646085535034
301 0.8087646085535034
302 0.8087646085535034
303 0.8087646085535034
304 0.8087646085535034
305 0.8087646085535034
306 0.8087646085535034
307 0.8087646085535034
308 0.8087646085535034
309 0.8087646085535034
310 0.8087646085535034
311 0.8087646085535034
312 0.8087646085535034
313 0.8087646085535034
314 0.8087646085535034
315 0.8087646085535034
316 0.8087646085535034
317 0.8087646085535034
318 0.8087646085535034
319 0.8087646085535034
320 0.8087646085535034
321 0.8087646085535034
322 0.8087646085535034
323 0.8087646085535034
324 0.8087646085535034
325 0.8087646085535034
326 0.8087646085535034
327 0.8087646085535034
328 0.8087646085535034
329 0.8087646085535034
330 0.8087646085535034
331 0.8087646085535034
332 0.8087646085535034
333 0.8087646085535034
334 0.8087646085535034
335 0.8087646085535034
336 0.8087646085535034
337 0.8087646085535034
338 0.8087646085535034
339 0.8087646085535034
340 0.8087646085535034
341 0.8087646085535034
342 0.8087646085535034
343 0.8087646085535034
344 0.8087646085535034
345 0.8087646085535034
346 0.8087646085535034
347 0.8087646085535034
348 0.8087646085535034
349 0.8087646085535034
350 0.8087646085535034
351 0.8087646085535034
352 0.8087646085535034
353 0.8087646085535034
354 0.8087646085535034
355 0.8087646085535034
356 0.8087646085535034
357 0.8087646085535034
358 0.8087646085535034
359 0.8087646085535034
360 0.8087646085535034
361 0.8087646085535034
362 0.8087646085535034
363 0.8087646085535034
364 0.8087646085535034
365 0.8087646085535034
366 0.8087646085535034
367 0.8087646085535034
368 0.8087646085535034
369 0.8087646085535034
370 0.8087646085535034
371 0.8087646085535034
372 0.8087646085535034
373 0.8087646085535034
374 0.8087646085535034
375 0.8087646085535034
376 0.8087646085535034
377 0.8087646085535034
378 0.8087646085535034
379 0.8087646085535034
380 0.8087646085535034
381 0.8087646085535034
382 0.8087646085535034
383 0.8087646085535034
384 0.8087646085535034
385 0.8087646085535034
386 0.8087646085535034
387 0.8087646085535034
388 0.8087646085535034
389 0.8087646085535034
390 0.8087646085535034
391 0.8087646085535034
392 0.8087646085535034
393 0.8087646085535034
394 0.8087646085535034
395 0.8087646085535034
396 0.8087646085535034
397 0.8087646085535034
398 0.8087646085535034
399 0.8087646085535034
400 0.8087646085535034
401 0.8087646085535034
402 0.8087646085535034
403 0.8087646085535034
404 0.8087646085535034
405 0.8087646085535034
406 0.8087646085535034
407 0.8087646085535034
408 0.8087646085535034
409 0.8087646085535034
410 0.8087646085535034
411 0.8087646085535034
412 0.8087646085535034
413 0.8087646085535034
414 0.8087646085535034
415 0.8087646085535034
416 0.8087646085535034
417 0.8087646085535034
418 0.8087646085535034
419 0.8087646085535034
420 0.8087646085535034
421 0.8087646085535034
422 0.8087646085535034
423 0.8087646085535034
424 0.8087646085535034
425 0.8087646085535034
426 0.8087646085535034
427 0.8087646085535034
428 0.8087646085535034
429 0.8087646085535034
430 0.8087646085535034
431 0.8087646085535034
432 0.8087646085535034
433 0.8087646085535034
434 0.8087646085535034
435 0.8087646085535034
436 0.8087646085535034
437 0.8087646085535034
438 0.8087646085535034
439 0.8087664583869153
440 0.8087664583869153
441 0.8087664583869153
442 0.8087664583869153
443 0.8087664583869153
444 0.8087664583869153
445 0.8087664583869153
446 0.8087664583869153
447 0.8087664583869153
448 0.8087681765272234
449 0.8087681765272234
450 0.8087681765272234
451 0.8087681765272234
452 0.8087681765272234
453 0.8087681765272234
454 0.8087681765272234
455 0.8087681765272234
456 0.8087681765272234
457 0.8087681765272234
458 0.8087681765272234
459 0.8087681765272234
460 0.8087681765272234
461 0.8087681765272234
462 0.8087681765272234
463 0.8087681765272234
464 0.8087681969153838
465 0.8087681969153838
466 0.8087681969153838
467 0.8087681969153838
468 0.8087681969153838
469 0.8087681969153838
470 0.8087681969153838
471 0.8087681969153838
472 0.8087681969153838
473 0.8087681969153838
474 0.8087681969153923
475 0.8087681969153923
476 0.8087681969153923
477 0.8087681969153923
478 0.8087681969153923
479 0.8087681969166707
480 0.8087681969166707
481 0.8087681969166707
482 0.8087681969166707
483 0.8087681969166707
484 0.8087681969166707
485 0.8087681969166707
486 0.8087681969166707
487 0.8087681969166707
488 0.8087681969166707
489 0.8087681969305159
490 0.8087681969305159
491 0.8087681969305159
492 0.8087681969305159
493 0.808768277723252
494 0.808768277723252
495 0.808768277723252
496 0.808768277723252
497 0.8087682777349171
498 0.8087682777349171
499 0.8087682777349171
500 0.8087682777349171
501 0.8087682777349171
502 0.8087682777349171
503 0.8087682777349171
504 0.8087682777349171
505 0.8087682777349171
506 0.8087682777349171
507 0.8087682777349171
508 0.8087682777349171
509 0.8087682777349171
510 0.8087682777349171
511 0.8087682777349171
512 0.8087682777349171
513 0.8087682777349171
514 0.8087682777349171
515 0.8087682777349171
516 0.8087682777349171
517 0.8087682777349171
518 0.8087682777349171
519 0.8087682777349171
520 0.8087682777349171
521 0.8087682777349171
522 0.8087682777349171
523 0.8087682777349171
524 0.8087682777349171
525 0.8087682777349171
526 0.8087682777349171
527 0.8087682777349171
528 0.8087682777349171
529 0.8087682777349171
530 0.808768277738384
531 0.808768277738384
532 0.808768277738384
533 0.808768277738384
534 0.808768277738384
535 0.8087682820497042
536 0.8087682820497042
537 0.8087682820497042
538 0.8087682820497042
539 0.8087682820497042
540 0.8087682820497042
541 0.8087684172302276
542 0.8087684172302276
543 0.8087684172302276
544 0.8087684172302276
545 0.8087684172302276
546 0.8087684172302276
547 0.8087684172302276
548 0.8087684172302276
549 0.8087684172302276
550 0.8087684172302276
551 0.8087684172302276
552 0.8087684172302276
553 0.8087684172302276
554 0.8087684172302276
555 0.8087684172302276
556 0.8087684172302276
557 0.8087684172302276
558 0.8087684172302276
559 0.8087684172302276
560 0.8087684172302276
561 0.8087684172302276
562 0.8087684172302276
563 0.8087684172302276
564 0.8087684172302276
565 0.8087684173713418
566 0.8087684173713418
567 0.8087684173713418
568 0.8087684173713418
569 0.8087684173713418
570 0.8087684173713418
571 0.8087684173713418
572 0.8087684173713418
573 0.8087684173713418
574 0.8087684173713418
575 0.8087684173713418
576 0.8087684173713418
577 0.8087684173713418
578 0.8087684173713418
579 0.8087684173713418
580 0.8087684173713418
581 0.8087684173713418
582 0.8087684173713418
583 0.8087684173713418
584 0.8087684173713418
585 0.8087684182153857
586 0.8087689152759652
587 0.8087689152759652
588 0.8087689152759652
589 0.8087689152759652
590 0.8087689152759652
591 0.8087689152759652
592 0.8087689152759652
593 0.8087689152759652
594 0.8087689152759652
595 0.8087689152759652
596 0.8087689152759652
597 0.8087689152759652
598 0.8087689152759652
599 0.8087689152759652
600 0.8087689152759652
601 0.8087689152759652
602 0.8087689152759652
603 0.8087689152759652
604 0.8087689152759652
605 0.8087689152759652
606 0.8087689152759652
607 0.8087689152759652
608 0.8087689152759652
609 0.8087689152759652
610 0.8087689152759652
611 0.8087689152759652
612 0.8087689152759652
613 0.8087689152759652
614 0.8087689152759652
615 0.8087689152759652
616 0.8087689152759652
617 0.8087689152759652
618 0.8087689152759652
619 0.8087689152759652
620 0.8087689152759652
621 0.8087689152759652
622 0.8087689152759652
623 0.8087689152759652
624 0.8087689152759652
625 0.8087689152759652
626 0.8087689152759652
627 0.8087689152759652
628 0.8087689152759652
629 0.8087689152759652
630 0.8087689152759652
631 0.8087689152759652
632 0.8087689152759652
633 0.8087689152759652
634 0.8087689152759652
635 0.8087689152759652
636 0.8087689152759652
637 0.8087689152759652
638 0.8087689152759652
639 0.8087689152759652
640 0.8087689152759652
641 0.8087689152759652
642 0.8087689152759652
643 0.8087689152759652
644 0.8087689152759652
645 0.8087689152759652
646 0.8087689152759652
647 0.8087689152759652
648 0.80876891527665
649 0.80876891527665
650 0.80876891527665
651 0.80876891527665
652 0.80876891527665
653 0.80876891527665
654 0.80876891527665
655 0.80876891527665
656 0.808768915277431
657 0.808768915277431
658 0.808768915277431
659 0.808768915277431
660 0.808768915277431
661 0.808768915277431
662 0.808768915277431
663 0.808768915277431
664 0.808768915277431
665 0.808768915277431
666 0.808768915277431
667 0.808768915277431
668 0.808768915277431
669 0.808768915277431
670 0.808768915277431
671 0.808768915277431
672 0.808768915277431
673 0.808768915277431
674 0.808768915277431
675 0.808768915277431
676 0.808768915277431
677 0.808768915277431
678 0.808768915277431
679 0.808768915277431
680 0.8087689155463331
681 0.8087689155463331
682 0.8087689155463331
683 0.8087689155463331
684 0.8087689155463331
685 0.8087689155463331
686 0.8087689155463331
687 0.8087689155463331
688 0.8087689155463331
689 0.8087689155463331
690 0.8087689155463331
691 0.8087689155463331
692 0.8087689157758186
693 0.8087689157758186
694 0.8087689157758186
695 0.8087689157758186
696 0.8087689168081076
697 0.8087689168081076
698 0.8087689168081076
699 0.8087689168081076
700 0.8087689168081076
701 0.8087689168081076
702 0.8087689168081076
703 0.8087689168081076
704 0.8087689168081076
705 0.8087689168081076
706 0.8087689168081076
707 0.8087689168081076
708 0.8087689168081076
709 0.8087689168081076
710 0.8087689174348074
711 0.8087689174348074
712 0.8087689174348074
713 0.8087689174348074
714 0.8087689174348074
715 0.8087689174348074
716 0.8087689174348074
717 0.8087689174348074
718 0.8087689174348074
719 0.8087689174348074
720 0.8087689174348074
721 0.8087689175510788
722 0.8087689175510788
723 0.8087689175510788
724 0.8087689175510788
725 0.8087689175510788
726 0.8087689175510788
727 0.8087689175510788
728 0.8087689175510788
729 0.8087689175510788
730 0.8087689175510788
731 0.8087689175510788
732 0.8087689175510788
733 0.8087689175510788
734 0.8087689175510788
735 0.8087689175510788
736 0.8087689175510788
737 0.8087689175510788
738 0.8087689175510788
739 0.8087689175510788
740 0.8087689175510788
741 0.8087689175510788
742 0.8087689175510788
743 0.8087689175510788
744 0.8087689175510788
745 0.8087689175510788
746 0.8087689175510788
747 0.8087689175510788
748 0.8087689175510788
749 0.8087689175510788
750 0.8087689175510788
751 0.8087689175510788
752 0.8087689175510788
753 0.8087689175510788
754 0.8087689175510788
755 0.8087689175510788
756 0.8087689175510788
757 0.8087689175510788
758 0.8087689175510788
759 0.8087689175510788
760 0.8087689175510788
761 0.8087689175510788
762 0.8087689175510788
763 0.8087689175510788
764 0.8087689175510788
765 0.8087689175510788
766 0.8087689175510788
767 0.8087689175510788
768 0.8087689175510788
769 0.8087689175510788
770 0.8087689175510788
771 0.8087689178132018
772 0.8087689178132018
773 0.8087689178132018
774 0.8087689178132018
775 0.8087689178132018
776 0.8087689178132018
777 0.8087689178132018
778 0.8087689178132018
779 0.8087689178132018
780 0.8087689178132018
781 0.8087689178132018
782 0.8087689178132018
783 0.8087689178132018
784 0.8087689178132018
785 0.8087689178132018
786 0.8087689178132018
787 0.8087689178132018
788 0.8087689178132018
789 0.8087689178132018
790 0.8087689178132018
791 0.8087689178132018
792 0.8087689178132018
793 0.8087689178132018
794 0.8087689178132018
795 0.8087689178132018
796 0.8087689178132018
797 0.8087689178187267
798 0.8087689178187267
799 0.8087689178187267
800 0.8087689178187267
801 0.8087689178187267
802 0.8087689178187267
803 0.8087689178187267
804 0.8087689178187267
805 0.8087689178187267
806 0.8087689178187267
807 0.8087689178187267
808 0.8087689178187267
809 0.8087689178187267
810 0.8087689178187267
811 0.8087689178187267
812 0.8087689178187267
813 0.8087689178187267
814 0.8087689178187267
815 0.8087689178187267
816 0.8087689178187267
817 0.8087689178187267
818 0.8087689178187267
819 0.8087689178187267
820 0.8087689178187267
821 0.8087689178187267
822 0.8087689178187267
823 0.8087689178187267
824 0.8087689178187267
825 0.8087689178187267
826 0.8087689178187267
827 0.8087689178187267
828 0.8087689178187267
829 0.8087689178187267
830 0.8087689178187267
831 0.8087689178187267
832 0.8087689178187267
833 0.8087689178187267
834 0.8087689178187267
835 0.8087689178187267
836 0.8087689178187267
837 0.8087689178187267
838 0.8087689178187267
839 0.8087689178187267
840 0.8087689178187267
841 0.8087689178187267
842 0.8087689178187267
843 0.8087689178187267
844 0.8087689178187267
845 0.8087689178187267
846 0.8087689178187267
847 0.8087689178187267
848 0.8087689178187267
849 0.8087689178187267
850 0.8087689178187267
851 0.8087689178187267
852 0.8087689178187267
853 0.8087689178187267
854 0.8087689178209801
855 0.8087689178209801
856 0.8087689178209801
857 0.8087689178209801
858 0.8087689178209801
859 0.8087689178209801
860 0.8087689178209801
861 0.8087689178209801
862 0.8087689178209801
863 0.8087689178209801
864 0.8087689178209801
865 0.8087689178209801
866 0.8087689178376138
867 0.8087689178376138
868 0.8087689178376138
869 0.8087689178376138
870 0.8087689178376138
871 0.8087689178376138
872 0.8087689178376138
873 0.8087689178376138
874 0.8087689178376138
875 0.8087689178376138
876 0.8087689178376138
877 0.8087689178376138
878 0.8087689178376138
879 0.8087689178376138
880 0.8087689178376138
881 0.8087689178376138
882 0.8087689178376138
883 0.8087689178376138
884 0.8087689178376138
885 0.8087689178376138
886 0.8087689178376138
887 0.8087689178376166
888 0.8087689178376166
889 0.8087689178376166
890 0.8087689178376166
891 0.8087689178376166
892 0.8087689178376166
893 0.8087689178376166
894 0.8087689178376166
895 0.8087689178376166
896 0.8087689178376166
897 0.8087689178376166
898 0.8087689178849916
899 0.8087689178849916
900 0.8087689178849916
901 0.8087689178849916
902 0.8087689178849916
903 0.8087689178849916
904 0.8087689178849916
905 0.8087689178849916
906 0.8087689178849916
907 0.8087689178849916
908 0.8087689178849916
909 0.8087689178849916
910 0.8087689178849916
911 0.8087689178849916
912 0.8087689178849916
913 0.8087689178849916
914 0.8087689178849916
915 0.8087689178849916
916 0.8087689178849916
917 0.8087689178849916
918 0.8087689178849916
919 0.8087689178849916
920 0.8087689178849916
921 0.8087689178849916
922 0.8087689178849916
923 0.8087689178849916
924 0.8087689178849916
925 0.8087689178849916
926 0.8087689178849916
927 0.8087689178849916
928 0.8087689178849916
929 0.8087689178849916
930 0.8087689178849916
931 0.8087689178849916
932 0.8087689178849916
933 0.8087689178849916
934 0.8087689178849916
935 0.8087689178849916
936 0.8087689178849916
937 0.8087689178849916
938 0.8087689178849916
939 0.8087689178849916
940 0.8087689178849916
941 0.8087689178849916
942 0.8087689178849916
943 0.8087689178849916
944 0.8087689178849916
945 0.8087689178849916
946 0.8087689178998619
947 0.8087689178998619
948 0.8087689178998619
949 0.8087689178998619
950 0.8087689178998619
951 0.8087689178998619
952 0.8087689178998619
953 0.8087689178998619
954 0.8087689178998619
955 0.8087689178998619
956 0.8087689178998619
957 0.8087689178998619
958 0.8087689178998619
959 0.8087689178998619
960 0.8087689178998619
961 0.8087689178998619
962 0.8087689178998619
963 0.8087689178998619
964 0.8087689178998619
965 0.8087689178998619
966 0.8087689178998619
967 0.8087689178998619
968 0.8087689178998619
969 0.8087689178998619
970 0.8087689178998619
971 0.8087689178998619
972 0.8087689178998619
973 0.8087689178998619
974 0.8087689178998619
975 0.80876891790134
976 0.80876891790134
977 0.80876891790134
978 0.80876891790134
979 0.80876891790134
980 0.80876891790134
981 0.80876891790134
982 0.80876891790134
983 0.80876891790134
984 0.80876891790134
985 0.80876891790134
986 0.80876891790134
987 0.80876891790134
988 0.80876891790134
989 0.80876891790134
990 0.80876891790134
991 0.80876891790134
992 0.80876891790134
993 0.8087689179063347
994 0.8087689179063347
995 0.8087689179063347
996 0.8087689179063347
997 0.8087689179063347
998 0.8087689179063347
999 0.8087689179063347
1000 0.8087689179063347
1001 0.8087689179063347
1002 0.8087689179063347
1003 0.8087689179063347
1004 0.8087689179063347
1005 0.8087689179063347
1006 0.8087689179063347
1007 0.8087689179063347
1008 0.8087689179063347
1009 0.8087689179063347
1010 0.8087689179063347
1011 0.8087689179063347
1012 0.8087689179063347
1013 0.8087689179063347
1014 0.8087689179063347
1015 0.8087689179063347
1016 0.8087689179063347
1017 0.8087689179063347
1018 0.8087689179063347
1019 0.8087689179063347
1020 0.8087689179063347
1021 0.8087689179063347
1022 0.8087689179063347
1023 0.8087689179063347
1024 0.8087689179063347
1025 0.8087689179063347
1026 0.8087689179063347
1027 0.8087689179063347
1028 0.8087689179063347
1029 0.8087689179063347
1030 0.8087689179063347
1031 0.8087689179063347
1032 0.8087689179063347
1033 0.8087689179063347
1034 0.8087689179063347
1035 0.8087689179063347
1036 0.8087689179063347
1037 0.8087689179063347
1038 0.8087689179063347
1039 0.8087689179063347
1040 0.8087689179063347
1041 0.8087689179063347
1042 0.8087689179063347
1043 0.8087689179063347
1044 0.8087689179063347
1045 0.8087689179063347
1046 0.8087689179063347
1047 0.8087689179063347
1048 0.8087689179063347
1049 0.8087689179063347
1050 0.8087689179063347
1051 0.8087689179063347
1052 0.8087689179063347
1053 0.8087689179063347
1054 0.8087689179063347
1055 0.8087689179063347
1056 0.8087689179063347
1057 0.8087689179063347
1058 0.8087689179063347
1059 0.8087689179063347
1060 0.8087689179063347
1061 0.8087689179063347
1062 0.8087689179063347
1063 0.8087689179063347
1064 0.8087689179063347
1065 0.8087689179063347
1066 0.8087689179063347
1067 0.8087689179063347
1068 0.8087689179063347
1069 0.8087689179063347
1070 0.8087689179063347
1071 0.8087689179063347
1072 0.8087689179063347
1073 0.8087689179063347
1074 0.8087689179063347
1075 0.8087689179063347
1076 0.8087689179063347
1077 0.8087689179063347
1078 0.8087689179063347
1079 0.8087689179063347
1080 0.8087689179063347
1081 0.8087689179063347
1082 0.8087689179063347
1083 0.8087689179063347
1084 0.8087689179063347
1085 0.8087689179063347
1086 0.8087689179063347
1087 0.8087689179063347
1088 0.8087689179063347
1089 0.8087689179063347
1090 0.8087689179063347
1091 0.8087689179063347
1092 0.8087689179063347
1093 0.8087689179063347
1094 0.8087689179063347
1095 0.8087689179063347
1096 0.8087689179063347
1097 0.8087689179063347
1098 0.8087689179063347
1099 0.8087689179063347
1100 0.8087689179063347
1101 0.8087689179063347
1102 0.8087689179063347
1103 0.8087689179063347
1104 0.8087689179063347
1105 0.8087689179063347
1106 0.8087689179063347
1107 0.8087689179063347
1108 0.8087689179063347
1109 0.8087689179063347
1110 0.8087689179063347
1111 0.8087689179063347
1112 0.8087689179063347
1113 0.8087689179063347
1114 0.8087689179063347
1115 0.8087689179063347
1116 0.8087689179063347
1117 0.8087689179063347
1118 0.8087689179063347
1119 0.8087689179063347
1120 0.8087689179063347
1121 0.8087689179063347
1122 0.8087689179063347
1123 0.8087689179063347
1124 0.8087689179063347
1125 0.8087689179063347
1126 0.8087689179063347
1127 0.8087689179063347
1128 0.8087689179063347
1129 0.8087689179063347
1130 0.8087689179063347
1131 0.8087689179063347
1132 0.8087689179063347
1133 0.8087689179063347
1134 0.8087689179063347
1135 0.8087689179063347
1136 0.8087689179063347
1137 0.8087689179063347
1138 0.8087689179063347
1139 0.8087689179063347
1140 0.8087689179063347
1141 0.8087689179063347
1142 0.8087689179063347
1143 0.8087689179063347
1144 0.8087689179063347
1145 0.8087689179063347
1146 0.8087689179063347
1147 0.8087689179063347
1148 0.8087689179063347
1149 0.8087689179063347
1150 0.8087689179063347
1151 0.8087689179063347
1152 0.8087689179063347
1153 0.8087689179063347
1154 0.8087689179063347
1155 0.8087689179063347
1156 0.8087689179063347
1157 0.8087689179063347
1158 0.8087689179063347
1159 0.8087689179063347
1160 0.8087689179063347
1161 0.8087689179063347
1162 0.8087689179063347
1163 0.8087689179063347
1164 0.8087689179063347
1165 0.8087689179063347
1166 0.8087689179063347
1167 0.8087689179063347
1168 0.8087689179063347
1169 0.8087689179063347
1170 0.8087689179063347
1171 0.8087689179063347
1172 0.8087689179063347
1173 0.8087689179063347
1174 0.8087689179063347
1175 0.8087689179063347
1176 0.8087689179077013
1177 0.8087689179077013
1178 0.8087689179077013
1179 0.8087689179077013
1180 0.8087689179077013
1181 0.8087689179077013
1182 0.8087689179077013
1183 0.8087689179077013
1184 0.8087689179077013
1185 0.8087689179077013
1186 0.8087689179077013
1187 0.8087689179077013
1188 0.8087689179077013
1189 0.8087689179077013
1190 0.8087689179077013
1191 0.8087689179077013
1192 0.8087689179077013
1193 0.8087689179077013
1194 0.8087689179077013
1195 0.8087689179077013
1196 0.8087689179077013
1197 0.8087689179077017
1198 0.8087689179077017
1199 0.8087689179077017
1200 0.8087689179077017
1201 0.8087689179077017
1202 0.8087689179077017
1203 0.8087689179077017
1204 0.8087689179077017
1205 0.8087689179077017
1206 0.8087689179077017
1207 0.8087689179077017
1208 0.8087689179077017
1209 0.8087689179077017
1210 0.8087689179077017
1211 0.8087689179077017
1212 0.8087689179077017
1213 0.8087689179077017
1214 0.8087689179077017
1215 0.8087689179077017
1216 0.8087689179077017
1217 0.8087689179077017
1218 0.8087689179077017
1219 0.8087689179077017
1220 0.8087689179077017
1221 0.8087689179077017
1222 0.8087689179077017
1223 0.8087689179077017
1224 0.8087689179077017
1225 0.8087689179077017
1226 0.8087689179077017
1227 0.8087689179077017
1228 0.8087689179077017
1229 0.8087689179077017
1230 0.8087689179077017
1231 0.8087689179077017
1232 0.8087689179077017
1233 0.8087689179077017
1234 0.8087689179077017
1235 0.8087689179077017
1236 0.8087689179077017
1237 0.8087689179077017
1238 0.8087689179077017
1239 0.8087689179077017
1240 0.8087689179077017
1241 0.8087689179077017
1242 0.8087689179077017
1243 0.8087689179077017
1244 0.8087689179077017
1245 0.8087689179077017
1246 0.8087689179077017
1247 0.8087689179077017
1248 0.8087689179077017
1249 0.8087689179077017
1250 0.8087689179077017
1251 0.8087689179077017
1252 0.8087689179077017
1253 0.8087689179077017
1254 0.8087689179077017
1255 0.8087689179077017
1256 0.8087689179077017
1257 0.8087689179077017
1258 0.8087689179077017
1259 0.8087689179077017
1260 0.8087689179077017
1261 0.8087689179077017
1262 0.8087689179077017
1263 0.8087689179077017
1264 0.8087689179077017
1265 0.8087689179077017
1266 0.8087689179077017
1267 0.8087689179077017
1268 0.8087689179077017
1269 0.8087689179077017
1270 0.8087689179077017
1271 0.8087689179077017
1272 0.8087689179077017
1273 0.8087689179077017
1274 0.8087689179077017
1275 0.8087689179077017
1276 0.8087689179077017
1277 0.8087689179077017
1278 0.8087689179077017
1279 0.8087689179077017
1280 0.8087689179077017
1281 0.8087689179077017
1282 0.8087689179077017
1283 0.8087689179077017
1284 0.8087689179077017
1285 0.8087689179077017
1286 0.8087689179077017
1287 0.8087689179077017
1288 0.8087689179077017
1289 0.8087689179077017
1290 0.8087689179077017
1291 0.8087689179077017
1292 0.8087689179077017
1293 0.8087689179077017
1294 0.8087689179077017
1295 0.8087689179077017
1296 0.8087689179077017
1297 0.8087689179077017
1298 0.8087689179077017
1299 0.8087689179077017
1300 0.8087689179077017
1301 0.8087689179077017
1302 0.8087689179077017
1303 0.8087689179077017
1304 0.8087689179077017
1305 0.8087689179077017
1306 0.8087689179077017
1307 0.8087689179077017
1308 0.8087689179077017
1309 0.8087689179077017
1310 0.8087689179077017
1311 0.8087689179077017
1312 0.8087689179077017
1313 0.8087689179077017
1314 0.8087689179077017
1315 0.8087689179077017
1316 0.8087689179077017
1317 0.8087689179077017
1318 0.8087689179077017
1319 0.8087689179077017
1320 0.8087689179077017
1321 0.8087689179077017
1322 0.8087689179077017
1323 0.8087689179077017
1324 0.8087689179077017
1325 0.8087689179077017
1326 0.8087689179077017
1327 0.8087689179077017
1328 0.8087689179077017
1329 0.8087689179077017
1330 0.8087689179077017
1331 0.8087689179077017
1332 0.8087689179077017
1333 0.8087689179077017
1334 0.8087689179077017
1335 0.8087689179077017
1336 0.8087689179077017
1337 0.8087689179077017
1338 0.8087689179077017
1339 0.8087689179077017
1340 0.8087689179077017
1341 0.8087689179077017
1342 0.8087689179077017
1343 0.8087689179077017
1344 0.8087689179077017
1345 0.8087689179077017
1346 0.8087689179077017
1347 0.8087689179077017
1348 0.8087689179077017
1349 0.8087689179077017
1350 0.8087689179077017
1351 0.8087689179077017
1352 0.8087689179077017
1353 0.8087689179077017
1354 0.8087689179077017
1355 0.8087689179077017
1356 0.8087689179077017
1357 0.8087689179077017
1358 0.8087689179077017
1359 0.8087689179077017
1360 0.8087689179077017
1361 0.8087689179077017
1362 0.8087689179077017
1363 0.8087689179077017
1364 0.8087689179077017
1365 0.8087689179077017
1366 0.8087689179077017
1367 0.8087689179077017
1368 0.8087689179077017
1369 0.8087689179077017
1370 0.8087689179077017
1371 0.8087689179077017
1372 0.8087689179077017
1373 0.8087689179077017
1374 0.8087689179077017
1375 0.8087689179077017
1376 0.8087689179077017
1377 0.8087689179077017
1378 0.8087689179077017
1379 0.8087689179077017
1380 0.8087689179077017
1381 0.8087689179077017
1382 0.8087689179077017
1383 0.8087689179077017
1384 0.8087689179077017
1385 0.8087689179077017
1386 0.8087689179077017
1387 0.8087689179077017
1388 0.8087689179077017
1389 0.8087689179077017
1390 0.8087689179077017
1391 0.8087689179077017
1392 0.8087689179077017
1393 0.8087689179077017
1394 0.8087689179077017
1395 0.8087689179077017
1396 0.8087689179077017
1397 0.8087689179077017
1398 0.8087689179077017
1399 0.8087689179077017
1400 0.8087689179077017
1401 0.8087689179077017
1402 0.8087689179077017
1403 0.8087689179077017
1404 0.8087689179077017
1405 0.8087689179077017
1406 0.8087689179077017
1407 0.8087689179077017
1408 0.8087689179077017
1409 0.8087689179077017
1410 0.8087689179077017
1411 0.8087689179077017
1412 0.8087689179077017
1413 0.8087689179077017
1414 0.8087689179077017
1415 0.8087689179077017
1416 0.8087689179077017
1417 0.8087689179077017
1418 0.8087689179077017
1419 0.8087689179077017
1420 0.8087689179077017
1421 0.8087689179077017
1422 0.8087689179077017
1423 0.8087689179077017
1424 0.8087689179077017
1425 0.8087689179077017
1426 0.8087689179077017
1427 0.8087689179077017
1428 0.8087689179077017
1429 0.8087689179077017
1430 0.8087689179077017
1431 0.8087689179077017
1432 0.8087689179077017
1433 0.8087689179077017
1434 0.8087689179077017
1435 0.8087689179077017
1436 0.8087689179077017
1437 0.8087689179077017
1438 0.8087689179077017
1439 0.8087689179077017
1440 0.8087689179077017
1441 0.8087689179077017
1442 0.8087689179077017
1443 0.8087689179077017
1444 0.8087689179077017
1445 0.8087689179077017
1446 0.8087689179077017
1447 0.8087689179077017
1448 0.8087689179077017
1449 0.8087689179077017
1450 0.8087689179077017
1451 0.8087689179077017
1452 0.8087689179077017
1453 0.8087689179077017
1454 0.8087689179077017
1455 0.8087689179077017
1456 0.8087689179077017
1457 0.8087689179077017
1458 0.8087689179077017
1459 0.8087689179077017
1460 0.8087689179077017
1461 0.8087689179077017
1462 0.8087689179077017
1463 0.8087689179077017
1464 0.8087689179077017
1465 0.8087689179077017
1466 0.8087689179077017
1467 0.8087689179077017
1468 0.8087689179077017
1469 0.8087689179077017
1470 0.8087689179077017
1471 0.8087689179077017
1472 0.8087689179077017
1473 0.8087689179077017
1474 0.8087689179077017
1475 0.8087689179077017
1476 0.8087689179077017
1477 0.8087689179077017
1478 0.8087689179077017
1479 0.8087689179077017
1480 0.8087689179077017
1481 0.8087689179077017
1482 0.8087689179077017
1483 0.8087689179077017
1484 0.8087689179077017
1485 0.8087689179077017
1486 0.8087689179077017
1487 0.8087689179077017
1488 0.8087689179077017
1489 0.8087689179077017
1490 0.8087689179077017
1491 0.8087689179077017
1492 0.8087689179077017
1493 0.8087689179077017
1494 0.8087689179077017
1495 0.8087689179077017
1496 0.8087689179077017
1497 0.8087689179077017
1498 0.8087689179077017
1499 0.8087689179077017
