0 0.4776234567901234
1 0.5200617283950617
2 0.5200617283950617
3 0.5200617283950617
4 0.5200617283950617
5 0.5200617283950617
6 0.5447530864197531
7 0.5447530864197531
8 0.5447530864197531
9 0.5648148148148149
10 0.5802469135802469
11 0.5802469135802469
12 0.5802469135802469
13 0.587962962962963
14 0.6180555555555556
15 0.6203703703703703
16 0.6203703703703703
17 0.6203703703703703
18 0.6234567901234568
19 0.6234567901234568
20 0.6234567901234568
21 0.6350308641975309
22 0.6350308641975309
23 0.6350308641975309
24 0.6674382716049383
25 0.6674382716049383
26 0.6674382716049383
27 0.6674382716049383
28 0.6712962962962963
29 0.6712962962962963
30 0.6712962962962963
31 0.6712962962962963
32 0.6712962962962963
33 0.6712962962962963
34 0.6898148148148149
35 0.6898148148148149
36 0.6898148148148149
37 0.6898148148148149
38 0.6898148148148149
39 0.6898148148148149
40 0.6898148148148149
41 0.6898148148148149
42 0.6898148148148149
43 0.6898148148148149
44 0.6898148148148149
45 0.6898148148148149
46 0.691358024691358
47 0.691358024691358
48 0.6990740740740741
49 0.6990740740740741
50 0.6990740740740741
51 0.6990740740740741
52 0.6990740740740741
53 0.6990740740740741
54 0.6998456790123457
55 0.7114197530864197
56 0.7114197530864197
57 0.7114197530864197
58 0.7114197530864197
59 0.7307098765432098
60 0.7307098765432098
61 0.7307098765432098
62 0.7307098765432098
63 0.7307098765432098
64 0.7307098765432098
65 0.7307098765432098
66 0.7307098765432098
67 0.7307098765432098
68 0.7307098765432098
69 0.7307098765432098
70 0.7307098765432098
71 0.7307098765432098
72 0.7307098765432098
73 0.7407407407407407
74 0.7407407407407407
75 0.7407407407407407
76 0.7407407407407407
77 0.7407407407407407
78 0.7407407407407407
79 0.7407407407407407
80 0.7407407407407407
81 0.7407407407407407
82 0.7407407407407407
83 0.7407407407407407
84 0.7407407407407407
85 0.7407407407407407
86 0.7407407407407407
87 0.7407407407407407
88 0.7407407407407407
89 0.7407407407407407
90 0.7407407407407407
91 0.7407407407407407
92 0.7407407407407407
93 0.7407407407407407
94 0.7407407407407407
95 0.7407407407407407
96 0.7407407407407407
97 0.7407407407407407
98 0.7407407407407407
99 0.742283950617284
100 0.742283950617284
101 0.742283950617284
102 0.742283950617284
103 0.742283950617284
104 0.742283950617284
105 0.7739197530864197
106 0.7739197530864197
107 0.7739197530864197
108 0.7739197530864197
109 0.7739197530864197
110 0.7739197530864197
111 0.7739197530864197
112 0.7739197530864197
113 0.7739197530864197
114 0.7739197530864197
115 0.7739197530864197
116 0.7739197530864197
117 0.7739197530864197
118 0.7739197530864197
119 0.7739197530864197
120 0.7739197530864197
121 0.7739197530864197
122 0.7739197530864197
123 0.7739197530864197
124 0.7739197530864197
125 0.7739197530864197
126 0.7739197530864197
127 0.7739197530864197
128 0.7739197530864197
129 0.7739197530864197
130 0.7739197530864197
131 0.7739197530864197
132 0.7739197530864197
133 0.7739197530864197
134 0.7739197530864197
135 0.7739197530864197
136 0.7739197530864197
137 0.7739197530864197
138 0.7739197530864197
139 0.7739197530864197
140 0.7739197530864197
141 0.7739197530864197
142 0.7739197530864197
143 0.7739197530864197
144 0.7739197530864197
145 0.7739197530864197
146 0.7739197530864197
147 0.7739197530864197
148 0.7739197530864197
149 0.7739197530864197
150 0.7739197530864197
151 0.7739197530864197
152 0.7739197530864197
153 0.7739197530864197
154 0.7739197530864197
155 0.7739197530864197
156 0.7739197530864197
157 0.7739197530864197
158 0.7739197530864197
159 0.7739197530864197
160 0.7739197530864197
161 0.7739197530864197
162 0.7739197530864197
163 0.7739197530864197
164 0.7739197530864197
165 0.7739197530864197
166 0.7739197530864197
167 0.7739197530864197
168 0.7739197530864197
169 0.7739197530864197
170 0.7739197530864197
171 0.7739197530864197
172 0.7739197530864197
173 0.7739197530864197
174 0.7739197530864197
175 0.7739197530864197
176 0.7739197530864197
177 0.7739197530864197
178 0.7800925925925926
179 0.7800925925925926
180 0.7800925925925926
181 0.7986111111111112
182 0.7986111111111112
183 0.7986111111111112
184 0.7986111111111112
185 0.7986111111111112
186 0.7986111111111112
187 0.7986111111111112
188 0.7986111111111112
189 0.7986111111111112
190 0.7986111111111112
191 0.7986111111111112
192 0.7986111111111112
193 0.7986111111111112
194 0.7986111111111112
195 0.7986111111111112
196 0.7986111111111112
197 0.7986111111111112
198 0.7986111111111112
199 0.7986111111111112
200 0.7986111111111112
201 0.7986111111111112
202 0.7986111111111112
203 0.7986111111111112
204 0.8016975308641976
205 0.8016975308641976
206 0.8016975308641976
207 0.8016975308641976
208 0.8016975308641976
209 0.8016975308641976
210 0.8016975308641976
211 0.8016975308641976
212 0.8016975308641976
213 0.8016975308641976
214 0.8016975308641976
215 0.8016975308641976
216 0.8016975308641976
217 0.8016975308641976
218 0.8016975308641976
219 0.8016975308641976
220 0.8016975308641976
221 0.8016975308641976
222 0.8016975308641976
223 0.8016975308641976
224 0.808641975308642
225 0.808641975308642
226 0.808641975308642
227 0.808641975308642
228 0.808641975308642
229 0.808641975308642
230 0.808641975308642
231 0.808641975308642
232 0.808641975308642
233 0.808641975308642
234 0.808641975308642
235 0.808641975308642
236 0.808641975308642
237 0.808641975308642
238 0.808641975308642
239 0.808641975308642
240 0.808641975308642
241 0.808641975308642
242 0.808641975308642
243 0.808641975308642
244 0.808641975308642
245 0.808641975308642
246 0.808641975308642
247 0.808641975308642
248 0.808641975308642
249 0.808641975308642
250 0.808641975308642
251 0.808641975308642
252 0.808641975308642
253 0.808641975308642
254 0.808641975308642
255 0.808641975308642
256 0.808641975308642
257 0.808641975308642
258 0.808641975308642
259 0.808641975308642
260 0.808641975308642
261 0.808641975308642
262 0.808641975308642
263 0.808641975308642
264 0.8256172839506173
265 0.8256172839506173
266 0.8256172839506173
267 0.8256172839506173
268 0.8256172839506173
269 0.8256172839506173
270 0.8256172839506173
271 0.8256172839506173
272 0.8256172839506173
273 0.8256172839506173
274 0.8256172839506173
275 0.8256172839506173
276 0.8256172839506173
277 0.8256172839506173
278 0.8256172839506173
279 0.8256172839506173
280 0.8256172839506173
281 0.8256172839506173
282 0.8256172839506173
283 0.8256172839506173
284 0.8256172839506173
285 0.8256172839506173
286 0.8256172839506173
287 0.8256172839506173
288 0.8256172839506173
289 0.8256172839506173
290 0.8256172839506173
291 0.8256172839506173
292 0.8256172839506173
293 0.8256172839506173
294 0.8256172839506173
295 0.8256172839506173
296 0.8256172839506173
297 0.8256172839506173
298 0.8256172839506173
299 0.8256172839506173
300 0.8256172839506173
301 0.8256172839506173
302 0.8256172839506173
303 0.8256172839506173
304 0.8256172839506173
305 0.8256172839506173
306 0.8256172839506173
307 0.8256172839506173
308 0.8256172839506173
309 0.8256172839506173
310 0.8256172839506173
311 0.8256172839506173
312 0.8256172839506173
313 0.8256172839506173
314 0.8256172839506173
315 0.8256172839506173
316 0.871141975308642
317 0.871141975308642
318 0.871141975308642
319 0.871141975308642
320 0.871141975308642
321 0.871141975308642
322 0.871141975308642
323 0.871141975308642
324 0.871141975308642
325 0.871141975308642
326 0.871141975308642
327 0.871141975308642
328 0.871141975308642
329 0.871141975308642
330 0.871141975308642
331 0.871141975308642
332 0.871141975308642
333 0.871141975308642
334 0.871141975308642
335 0.871141975308642
336 0.871141975308642
337 0.871141975308642
338 0.871141975308642
339 0.871141975308642
340 0.871141975308642
341 0.871141975308642
342 0.871141975308642
343 0.871141975308642
344 0.871141975308642
345 0.871141975308642
346 0.871141975308642
347 0.871141975308642
348 0.871141975308642
349 0.871141975308642
350 0.871141975308642
351 0.871141975308642
352 0.871141975308642
353 0.871141975308642
354 0.871141975308642
355 0.871141975308642
356 0.871141975308642
357 0.871141975308642
358 0.871141975308642
359 0.871141975308642
360 0.871141975308642
361 0.871141975308642
362 0.871141975308642
363 0.871141975308642
364 0.871141975308642
365 0.871141975308642
366 0.871141975308642
367 0.871141975308642
368 0.871141975308642
369 0.871141975308642
370 0.871141975308642
371 0.871141975308642
372 0.871141975308642
373 0.871141975308642
374 0.871141975308642
375 0.871141975308642
376 0.871141975308642
377 0.871141975308642
378 0.871141975308642
379 0.871141975308642
380 0.871141975308642
381 0.871141975308642
382 0.871141975308642
383 0.871141975308642
384 0.871141975308642
385 0.871141975308642
386 0.871141975308642
387 0.871141975308642
388 0.871141975308642
389 0.871141975308642
390 0.871141975308642
391 0.871141975308642
392 0.871141975308642
393 0.871141975308642
394 0.871141975308642
395 0.871141975308642
396 0.871141975308642
397 0.871141975308642
398 0.871141975308642
399 0.871141975308642
400 0.871141975308642
401 0.871141975308642
402 0.871141975308642
403 0.871141975308642
404 0.871141975308642
405 0.871141975308642
406 0.871141975308642
407 0.871141975308642
408 0.871141975308642
409 0.871141975308642
410 0.871141975308642
411 0.871141975308642
412 0.871141975308642
413 0.871141975308642
414 0.871141975308642
415 0.871141975308642
416 0.871141975308642
417 0.871141975308642
418 0.871141975308642
419 0.871141975308642
420 0.871141975308642
421 0.871141975308642
422 0.871141975308642
423 0.871141975308642
424 0.871141975308642
425 0.871141975308642
426 0.871141975308642
427 0.871141975308642
428 0.871141975308642
429 0.871141975308642
430 0.871141975308642
431 0.871141975308642
432 0.871141975308642
433 0.871141975308642
434 0.871141975308642
435 0.871141975308642
436 0.871141975308642
437 0.871141975308642
438 0.871141975308642
439 0.871141975308642
440 0.871141975308642
441 0.871141975308642
442 0.871141975308642
443 0.871141975308642
444 0.871141975308642
445 0.871141975308642
446 0.871141975308642
447 0.871141975308642
448 0.871141975308642
449 0.871141975308642
450 0.871141975308642
451 0.871141975308642
452 0.871141975308642
453 0.871141975308642
454 0.871141975308642
455 0.871141975308642
456 0.871141975308642
457 0.871141975308642
458 0.871141975308642
459 0.871141975308642
460 0.871141975308642
461 0.871141975308642
462 0.871141975308642
463 0.871141975308642
464 0.871141975308642
465 0.871141975308642
466 0.871141975308642
467 0.871141975308642
468 0.871141975308642
469 0.871141975308642
470 0.871141975308642
471 0.871141975308642
472 0.871141975308642
473 0.871141975308642
474 0.871141975308642
475 0.871141975308642
476 0.871141975308642
477 0.871141975308642
478 0.871141975308642
479 0.871141975308642
480 0.871141975308642
481 0.871141975308642
482 0.871141975308642
483 0.871141975308642
484 0.871141975308642
485 0.871141975308642
486 0.871141975308642
487 0.871141975308642
488 0.871141975308642
489 0.871141975308642
490 0.871141975308642
491 0.871141975308642
492 0.871141975308642
493 0.871141975308642
494 0.871141975308642
495 0.871141975308642
496 0.871141975308642
497 0.871141975308642
498 0.871141975308642
499 0.871141975308642
500 0.871141975308642
501 0.871141975308642
502 0.871141975308642
503 0.871141975308642
504 0.871141975308642
505 0.871141975308642
506 0.871141975308642
507 0.871141975308642
508 0.871141975308642
509 0.871141975308642
510 0.871141975308642
511 0.871141975308642
512 0.871141975308642
513 0.871141975308642
514 0.871141975308642
515 0.871141975308642
516 0.871141975308642
517 0.871141975308642
518 0.871141975308642
519 0.871141975308642
520 0.871141975308642
521 0.871141975308642
522 0.871141975308642
523 0.871141975308642
524 0.871141975308642
525 0.871141975308642
526 0.871141975308642
527 0.871141975308642
528 0.871141975308642
529 0.871141975308642
530 0.871141975308642
531 0.871141975308642
532 0.871141975308642
533 0.871141975308642
534 0.871141975308642
535 0.871141975308642
536 0.871141975308642
537 0.871141975308642
538 0.871141975308642
539 0.871141975308642
540 0.871141975308642
541 0.871141975308642
542 0.871141975308642
543 0.871141975308642
544 0.871141975308642
545 0.871141975308642
546 0.871141975308642
547 0.871141975308642
548 0.871141975308642
549 0.871141975308642
550 0.871141975308642
551 0.871141975308642
552 0.871141975308642
553 0.871141975308642
554 0.871141975308642
555 0.871141975308642
556 0.871141975308642
557 0.871141975308642
558 0.871141975308642
559 0.871141975308642
560 0.871141975308642
561 0.871141975308642
562 0.871141975308642
563 0.871141975308642
564 0.871141975308642
565 0.871141975308642
566 0.871141975308642
567 0.871141975308642
568 0.871141975308642
569 0.871141975308642
570 0.871141975308642
571 0.871141975308642
572 0.871141975308642
573 0.871141975308642
574 0.871141975308642
575 0.871141975308642
576 0.871141975308642
577 0.871141975308642
578 0.871141975308642
579 0.871141975308642
580 0.871141975308642
581 0.871141975308642
582 0.871141975308642
583 0.871141975308642
584 0.871141975308642
585 0.871141975308642
586 0.871141975308642
587 0.871141975308642
588 0.871141975308642
589 0.871141975308642
590 0.871141975308642
591 0.871141975308642
592 0.871141975308642
593 0.871141975308642
594 0.871141975308642
595 0.871141975308642
596 0.871141975308642
597 0.871141975308642
598 0.871141975308642
599 0.871141975308642
600 0.871141975308642
601 0.871141975308642
602 0.871141975308642
603 0.871141975308642
604 0.871141975308642
605 0.871141975308642
606 0.871141975308642
607 0.871141975308642
608 0.871141975308642
609 0.871141975308642
610 0.871141975308642
611 0.871141975308642
612 0.871141975308642
613 0.871141975308642
614 0.871141975308642
615 0.871141975308642
616 0.871141975308642
617 0.871141975308642
618 0.871141975308642
619 0.871141975308642
620 0.871141975308642
621 0.871141975308642
622 0.871141975308642
623 0.871141975308642
624 0.871141975308642
625 0.871141975308642
626 0.871141975308642
627 0.871141975308642
628 0.871141975308642
629 0.871141975308642
630 0.871141975308642
631 0.871141975308642
632 0.871141975308642
633 0.871141975308642
634 0.871141975308642
635 0.871141975308642
636 0.871141975308642
637 0.871141975308642
638 0.871141975308642
639 0.871141975308642
640 0.871141975308642
641 0.871141975308642
642 0.871141975308642
643 0.871141975308642
644 0.871141975308642
645 0.871141975308642
646 0.871141975308642
647 0.871141975308642
648 0.871141975308642
649 0.871141975308642
650 0.871141975308642
651 0.871141975308642
652 0.871141975308642
653 0.871141975308642
654 0.871141975308642
655 0.871141975308642
656 0.871141975308642
657 0.871141975308642
658 0.871141975308642
659 0.871141975308642
660 0.871141975308642
661 0.871141975308642
662 0.871141975308642
663 0.871141975308642
664 0.871141975308642
665 0.871141975308642
666 0.871141975308642
667 0.871141975308642
668 0.871141975308642
669 0.871141975308642
670 0.871141975308642
671 0.871141975308642
672 0.871141975308642
673 0.871141975308642
674 0.871141975308642
675 0.871141975308642
676 0.871141975308642
677 0.871141975308642
678 0.871141975308642
679 0.871141975308642
680 0.871141975308642
681 0.871141975308642
682 0.871141975308642
683 0.871141975308642
684 0.8757716049382716
685 0.8757716049382716
686 0.8757716049382716
687 0.8757716049382716
688 0.8757716049382716
689 0.8757716049382716
690 0.8757716049382716
691 0.8757716049382716
692 0.8757716049382716
693 0.8757716049382716
694 0.8757716049382716
695 0.8757716049382716
696 0.8757716049382716
697 0.8757716049382716
698 0.8757716049382716
699 0.8757716049382716
700 0.8757716049382716
701 0.8757716049382716
702 0.8757716049382716
703 0.8757716049382716
704 0.8757716049382716
705 0.8757716049382716
706 0.8757716049382716
707 0.8757716049382716
708 0.8757716049382716
709 0.8757716049382716
710 0.8757716049382716
711 0.8757716049382716
712 0.8757716049382716
713 0.8757716049382716
714 0.8757716049382716
715 0.8757716049382716
716 0.8757716049382716
717 0.8757716049382716
718 0.8757716049382716
719 0.8757716049382716
720 0.8757716049382716
721 0.8757716049382716
722 0.8757716049382716
723 0.8757716049382716
724 0.8757716049382716
725 0.8757716049382716
726 0.8757716049382716
727 0.8757716049382716
728 0.8757716049382716
729 0.8757716049382716
730 0.8757716049382716
731 0.8757716049382716
732 0.8757716049382716
733 0.8757716049382716
734 0.8757716049382716
735 0.8757716049382716
736 0.8757716049382716
737 0.8757716049382716
738 0.8757716049382716
739 0.8757716049382716
740 0.8757716049382716
741 0.8757716049382716
742 0.8757716049382716
743 0.8757716049382716
744 0.8757716049382716
745 0.8757716049382716
746 0.8757716049382716
747 0.8757716049382716
748 0.8757716049382716
749 0.8757716049382716
750 0.8757716049382716
751 0.8757716049382716
752 0.8757716049382716
753 0.8757716049382716
754 0.8757716049382716
755 0.8757716049382716
756 0.8757716049382716
757 0.8757716049382716
758 0.8757716049382716
759 0.8757716049382716
760 0.8757716049382716
761 0.8757716049382716
762 0.8757716049382716
763 0.8757716049382716
764 0.8757716049382716
765 0.8757716049382716
766 0.8757716049382716
767 0.8757716049382716
768 0.8757716049382716
769 0.8757716049382716
770 0.8757716049382716
771 0.8757716049382716
772 0.8757716049382716
773 0.8757716049382716
774 0.8757716049382716
775 0.8757716049382716
776 0.8757716049382716
777 0.8757716049382716
778 0.8757716049382716
779 0.8757716049382716
780 0.8757716049382716
781 0.8757716049382716
782 0.8757716049382716
783 0.8757716049382716
784 0.8757716049382716
785 0.8757716049382716
786 0.8757716049382716
787 0.8757716049382716
788 0.8757716049382716
789 0.8757716049382716
790 0.8757716049382716
791 0.8757716049382716
792 0.8757716049382716
793 0.8757716049382716
794 0.8757716049382716
795 0.8757716049382716
796 0.8757716049382716
797 0.8757716049382716
798 0.8757716049382716
799 0.8757716049382716
800 0.8757716049382716
801 0.8757716049382716
802 0.8757716049382716
803 0.8757716049382716
804 0.8757716049382716
805 0.8757716049382716
806 0.8757716049382716
807 0.8757716049382716
808 0.8757716049382716
809 0.8757716049382716
810 0.8757716049382716
811 0.8757716049382716
812 0.8757716049382716
813 0.8757716049382716
814 0.8757716049382716
815 0.8757716049382716
816 0.8757716049382716
817 0.8757716049382716
818 0.8757716049382716
819 0.8757716049382716
820 0.8757716049382716
821 0.8757716049382716
822 0.8757716049382716
823 0.8757716049382716
824 0.8757716049382716
825 0.8757716049382716
826 0.8757716049382716
827 0.8757716049382716
828 0.8757716049382716
829 0.8757716049382716
830 0.8757716049382716
831 0.8757716049382716
832 0.8757716049382716
833 0.8757716049382716
834 0.8757716049382716
835 0.8757716049382716
836 0.8757716049382716
837 0.8757716049382716
838 0.8757716049382716
839 0.8757716049382716
840 0.8757716049382716
841 0.8757716049382716
842 0.8757716049382716
843 0.8757716049382716
844 0.8757716049382716
845 0.8757716049382716
846 0.8757716049382716
847 0.8757716049382716
848 0.8757716049382716
849 0.8757716049382716
850 0.8757716049382716
851 0.8757716049382716
852 0.8757716049382716
853 0.8757716049382716
854 0.8757716049382716
855 0.8757716049382716
856 0.8757716049382716
857 0.8757716049382716
858 0.8757716049382716
859 0.8757716049382716
860 0.8757716049382716
861 0.8757716049382716
862 0.8757716049382716
863 0.8757716049382716
864 0.8757716049382716
865 0.8757716049382716
866 0.8757716049382716
867 0.8757716049382716
868 0.8757716049382716
869 0.8757716049382716
870 0.8757716049382716
871 0.8757716049382716
872 0.8757716049382716
873 0.8757716049382716
874 0.8757716049382716
875 0.8757716049382716
876 0.8757716049382716
877 0.8757716049382716
878 0.8757716049382716
879 0.8757716049382716
880 0.8757716049382716
881 0.8757716049382716
882 0.8757716049382716
883 0.8757716049382716
884 0.8757716049382716
885 0.8757716049382716
886 0.8757716049382716
887 0.8757716049382716
888 0.8757716049382716
889 0.8757716049382716
890 0.8757716049382716
891 0.8757716049382716
892 0.8757716049382716
893 0.8757716049382716
894 0.8757716049382716
895 0.8757716049382716
896 0.8757716049382716
897 0.8757716049382716
898 0.8757716049382716
899 0.8757716049382716
900 0.8757716049382716
901 0.8757716049382716
902 0.8757716049382716
903 0.8757716049382716
904 0.8757716049382716
905 0.8757716049382716
906 0.8757716049382716
907 0.8757716049382716
908 0.8757716049382716
909 0.8757716049382716
910 0.8757716049382716
911 0.8757716049382716
912 0.8757716049382716
913 0.8757716049382716
914 0.8757716049382716
915 0.8757716049382716
916 0.8757716049382716
917 0.8757716049382716
918 0.8757716049382716
919 0.8757716049382716
920 0.8757716049382716
921 0.8757716049382716
922 0.8757716049382716
923 0.8757716049382716
924 0.8757716049382716
925 0.8757716049382716
926 0.8757716049382716
927 0.8757716049382716
928 0.8757716049382716
929 0.8757716049382716
930 0.8757716049382716
931 0.8757716049382716
932 0.8757716049382716
933 0.8757716049382716
934 0.8757716049382716
935 0.8757716049382716
936 0.8757716049382716
937 0.8757716049382716
938 0.8757716049382716
939 0.8757716049382716
940 0.8757716049382716
941 0.8757716049382716
942 0.8757716049382716
943 0.8757716049382716
944 0.8757716049382716
945 0.8757716049382716
946 0.8757716049382716
947 0.8757716049382716
948 0.8757716049382716
949 0.8757716049382716
950 0.8757716049382716
951 0.8757716049382716
952 0.8757716049382716
953 0.8757716049382716
954 0.8757716049382716
955 0.8757716049382716
956 0.8757716049382716
957 0.8757716049382716
958 0.8757716049382716
959 0.8757716049382716
960 0.8757716049382716
961 0.8757716049382716
962 0.8757716049382716
963 0.8757716049382716
964 0.8757716049382716
965 0.8757716049382716
966 0.8757716049382716
967 0.8757716049382716
968 0.8757716049382716
969 0.8757716049382716
970 0.8757716049382716
971 0.8757716049382716
972 0.8757716049382716
973 0.8757716049382716
974 0.8757716049382716
975 0.8757716049382716
976 0.8757716049382716
977 0.8757716049382716
978 0.8757716049382716
979 0.8757716049382716
980 0.8757716049382716
981 0.8757716049382716
982 0.8757716049382716
983 0.8757716049382716
984 0.8757716049382716
985 0.8757716049382716
986 0.8757716049382716
987 0.8757716049382716
988 0.8757716049382716
989 0.8757716049382716
990 0.8757716049382716
991 0.8757716049382716
992 0.8757716049382716
993 0.8757716049382716
994 0.8757716049382716
995 0.8757716049382716
996 0.8757716049382716
997 0.8757716049382716
998 0.8757716049382716
999 0.8757716049382716
