0 0.63671875
1 0.6484375
2 0.65234375
3 0.68359375
4 0.69140625
5 0.73828125
6 0.73828125
7 0.73828125
8 0.73828125
9 0.73828125
10 0.73828125
11 0.8359375
12 0.8359375
13 0.8359375
14 0.8359375
15 0.8359375
16 0.8359375
17 0.8359375
18 0.8359375
19 0.8359375
20 0.8359375
21 0.8359375
22 0.8359375
23 0.8359375
24 0.8359375
25 0.8359375
26 0.8359375
27 0.8359375
28 0.8359375
29 0.8359375
30 0.8359375
31 0.8359375
32 0.8359375
33 0.8359375
34 0.8359375
35 0.8359375
36 0.8359375
37 0.8359375
38 0.8359375
39 0.8359375
40 0.8671875
41 0.8671875
42 0.8671875
43 0.8671875
44 0.8671875
45 0.8984375
46 0.8984375
47 0.8984375
48 0.8984375
49 0.8984375
50 0.8984375
51 0.8984375
52 0.8984375
53 0.8984375
54 0.8984375
55 0.8984375
56 0.8984375
57 0.8984375
58 0.8984375
59 0.8984375
60 0.8984375
61 0.8984375
62 0.8984375
63 0.8984375
64 0.8984375
65 0.8984375
66 0.8984375
67 0.8984375
68 0.8984375
69 0.8984375
70 0.8984375
71 0.8984375
72 0.8984375
73 0.8984375
74 0.8984375
75 0.8984375
76 0.8984375
77 0.8984375
78 0.8984375
79 0.8984375
80 0.8984375
81 0.8984375
82 0.8984375
83 0.8984375
84 0.8984375
85 0.8984375
86 0.8984375
87 0.8984375
88 0.8984375
89 0.8984375
90 0.8984375
91 0.8984375
92 0.8984375
93 0.8984375
94 0.8984375
95 0.8984375
96 0.8984375
97 0.8984375
98 0.8984375
99 0.8984375
100 0.8984375
101 0.8984375
102 0.8984375
103 0.8984375
104 0.8984375
105 0.8984375
106 0.8984375
107 0.8984375
108 0.8984375
109 0.8984375
110 0.8984375
111 0.8984375
112 0.8984375
113 0.8984375
114 0.8984375
115 0.8984375
116 0.8984375
117 0.8984375
118 0.8984375
119 0.8984375
120 0.8984375
121 0.8984375
122 0.91015625
123 0.91015625
124 0.91015625
125 0.91015625
126 0.91015625
127 0.91015625
128 0.91015625
129 0.91015625
130 0.91015625
131 0.91015625
132 0.91015625
133 0.91015625
134 0.91015625
135 0.91015625
136 0.91015625
137 0.91015625
138 0.91015625
139 0.91015625
140 0.91015625
141 0.91015625
142 0.91015625
143 0.91015625
144 0.91015625
145 0.91015625
146 0.91015625
147 0.91015625
148 0.91015625
149 0.91796875
150 0.91796875
151 0.91796875
152 0.91796875
153 0.91796875
154 0.91796875
155 0.91796875
156 0.91796875
157 0.91796875
158 0.91796875
159 0.91796875
160 0.91796875
161 0.91796875
162 0.91796875
163 0.91796875
164 0.91796875
165 0.91796875
166 0.91796875
167 0.91796875
168 0.91796875
169 0.91796875
170 0.91796875
171 0.91796875
172 0.91796875
173 0.91796875
174 0.91796875
175 0.91796875
176 0.91796875
177 0.91796875
178 0.91796875
179 0.91796875
180 0.91796875
181 0.91796875
182 0.91796875
183 0.91796875
184 0.91796875
185 0.91796875
186 0.91796875
187 0.91796875
188 0.91796875
189 0.91796875
190 0.91796875
191 0.91796875
192 0.91796875
193 0.91796875
194 0.91796875
195 0.91796875
196 0.91796875
197 0.91796875
198 0.91796875
199 0.91796875
