0 -0.028307291666666668
1 0.36861979166666664
2 0.539140625
3 0.61515625
4 0.63453125
5 0.6447135416666666
6 0.6564583333333334
7 0.6718489583333334
8 0.6833072916666667
9 0.6944791666666666
10 0.7022395833333334
11 0.7090885416666667
12 0.71984375
13 0.7324739583333333
14 0.7435416666666667
15 0.7567447916666666
16 0.7711197916666667
17 0.78296875
18 0.7959375
19 0.8081770833333334
20 0.8213020833333333
21 0.8358072916666667
22 0.8463541666666666
23 0.85109375
24 0.8590625
25 0.8649479166666667
26 0.8720052083333333
27 0.879765625
28 0.8892708333333333
29 0.8962239583333333
30 0.9015885416666667
31 0.907734375
32 0.9158072916666666
33 0.9266666666666666
34 0.9343489583333333
35 0.943515625
36 0.9461979166666666
37 0.9540625
38 0.9597916666666667
39 0.9655729166666667
40 0.968515625
41 0.972265625
42 0.9739322916666666
43 0.9757552083333333
44 0.9808854166666666
45 0.9832552083333334
46 0.9861197916666666
47 0.9871354166666667
48 0.9899479166666667
49 0.9913541666666666
50 0.9924739583333333
51 0.99265625
52 0.99265625
53 0.993515625
54 0.993828125
55 0.9953125
56 0.9952604166666666
57 0.9957291666666667
58 0.9958333333333333
59 0.9957291666666667
60 0.995703125
61 0.995546875
62 0.995546875
63 0.99546875
64 0.9953125
65 0.99609375
66 0.996875
67 0.996875
68 0.99703125
69 0.9978125
70 0.9978125
71 0.9982291666666666
72 0.9986979166666666
73 0.9986979166666666
74 0.9986979166666666
75 0.998828125
76 0.998828125
77 0.998828125
78 0.998828125
79 0.998828125
80 0.9987239583333334
81 0.9987239583333334
82 0.9987239583333334
83 0.9987239583333334
84 0.9987239583333334
85 0.9987239583333334
86 0.9987239583333334
87 0.9987239583333334
88 0.9986458333333333
89 0.9985677083333333
90 0.9984895833333334
91 0.9984895833333334
92 0.9984895833333334
93 0.9984895833333334
94 0.9984895833333334
95 0.9984895833333334
96 0.998515625
97 0.9987239583333334
98 0.9987239583333334
99 0.9987239583333334
100 0.9987239583333334
101 0.9990364583333333
102 0.999140625
103 0.999140625
104 0.999140625
105 0.999140625
106 0.999140625
107 0.9990625
108 0.9990625
109 0.998984375
110 0.998984375
111 0.998984375
112 0.998984375
113 0.998984375
114 0.998984375
115 0.998984375
116 0.998984375
117 0.998984375
118 0.99890625
119 0.99890625
120 0.99890625
121 0.99890625
122 0.99890625
123 0.99890625
124 0.99890625
125 0.99890625
126 0.99890625
127 0.9988802083333334
128 0.9988802083333334
129 0.9988802083333334
130 0.9988802083333334
131 0.9988802083333334
132 0.9988802083333334
133 0.9988802083333334
134 0.9988802083333334
135 0.9988802083333334
136 0.998828125
137 0.998828125
138 0.998828125
139 0.998828125
140 0.998828125
141 0.998828125
142 0.998828125
143 0.998828125
144 0.998828125
145 0.998828125
146 0.998828125
147 0.998828125
148 0.998828125
149 0.998828125
150 0.998828125
151 0.998828125
152 0.998828125
153 0.99890625
154 0.99890625
155 0.99890625
156 0.998984375
157 0.998984375
158 0.998984375
159 0.998984375
160 0.998984375
161 0.99921875
162 0.99921875
163 0.999296875
164 0.999296875
165 0.999296875
166 0.999375
167 0.999375
168 0.999375
169 0.999375
170 0.999375
171 0.999375
172 0.999375
173 0.999375
174 0.999609375
175 0.999609375
176 0.999609375
177 0.999609375
178 0.999609375
179 0.999609375
180 0.999609375
181 0.99984375
182 0.99984375
183 0.99984375
184 0.99984375
185 0.99984375
186 0.99984375
187 0.99984375
188 0.99984375
189 0.99984375
190 0.99984375
191 0.99984375
192 0.99984375
193 0.99984375
194 0.99984375
195 0.99984375
196 0.99984375
197 0.99984375
198 0.99984375
199 0.99984375
