0 0.5869140625
1 0.603515625
2 0.603515625
3 0.603515625
4 0.6513671875
5 0.6513671875
6 0.6513671875
7 0.6630859375
8 0.6630859375
9 0.6630859375
10 0.7060546875
11 0.7060546875
12 0.7060546875
13 0.7060546875
14 0.7060546875
15 0.7060546875
16 0.7314453125
17 0.7314453125
18 0.732421875
19 0.732421875
20 0.7998046875
21 0.7998046875
22 0.7998046875
23 0.7998046875
24 0.7998046875
25 0.83984375
26 0.83984375
27 0.83984375
28 0.83984375
29 0.875
30 0.875
31 0.875
32 0.875
33 0.875
34 0.875
35 0.875
36 0.875
37 0.875
38 0.875
39 0.875
40 0.875
41 0.912109375
42 0.912109375
43 0.912109375
44 0.912109375
45 0.912109375
46 0.912109375
47 0.912109375
48 0.912109375
49 0.912109375
50 0.912109375
51 0.912109375
52 0.912109375
53 0.912109375
54 0.912109375
55 0.912109375
56 0.912109375
57 0.912109375
58 0.912109375
59 0.912109375
60 0.912109375
61 0.912109375
62 0.912109375
63 0.912109375
64 0.912109375
65 0.912109375
66 0.912109375
67 0.912109375
68 0.912109375
69 0.912109375
70 0.912109375
71 0.912109375
72 0.912109375
73 0.912109375
74 0.912109375
75 0.912109375
76 0.912109375
77 0.912109375
78 0.912109375
79 0.912109375
80 0.912109375
81 0.912109375
82 0.912109375
83 0.912109375
84 0.912109375
85 0.912109375
86 0.912109375
87 0.912109375
88 0.912109375
89 0.912109375
90 0.9453125
91 0.9453125
92 0.9453125
93 0.9453125
94 0.9453125
95 0.9453125
96 0.9453125
97 0.9453125
98 0.9453125
99 0.9453125
100 0.9453125
101 0.9453125
102 0.9453125
103 0.9453125
104 0.9453125
105 0.9453125
106 0.9453125
107 0.9453125
108 0.9453125
109 0.9453125
110 0.9453125
111 0.9453125
112 0.9453125
113 0.9453125
114 0.9453125
115 0.9453125
116 0.9501953125
117 0.9501953125
118 0.9501953125
119 0.9501953125
120 0.9501953125
121 0.9501953125
122 0.9501953125
123 0.9501953125
124 0.9501953125
125 0.9501953125
126 0.9501953125
127 0.9501953125
128 0.9501953125
129 0.9501953125
130 0.9501953125
131 0.9501953125
132 0.9501953125
133 0.9501953125
134 0.9501953125
135 0.9501953125
136 0.9501953125
137 0.9501953125
138 0.9501953125
139 0.9501953125
140 0.9501953125
141 0.9501953125
142 0.9501953125
143 0.9501953125
144 0.9501953125
145 0.9501953125
146 0.9501953125
147 0.9501953125
148 0.9501953125
149 0.9501953125
150 0.9501953125
151 0.9501953125
152 0.9501953125
153 0.9501953125
154 0.9501953125
155 0.9501953125
156 0.9501953125
157 0.9501953125
158 0.9501953125
159 0.9501953125
160 0.9501953125
161 0.9501953125
162 0.9501953125
163 0.9501953125
164 0.9501953125
165 0.9501953125
166 0.9501953125
167 0.9501953125
168 0.9501953125
169 0.9501953125
170 0.9501953125
171 0.9501953125
172 0.9501953125
173 0.9501953125
174 0.9501953125
175 0.9501953125
176 0.9501953125
177 0.9501953125
178 0.9501953125
179 0.9501953125
180 0.9501953125
181 0.9501953125
182 0.9501953125
183 0.9501953125
184 0.9501953125
185 0.9501953125
186 0.9501953125
187 0.9501953125
188 0.9501953125
189 0.9501953125
190 0.9501953125
191 0.9501953125
192 0.9501953125
193 0.9501953125
194 0.9501953125
195 0.9501953125
196 0.9501953125
197 0.9501953125
198 0.9501953125
199 0.9501953125
200 0.9501953125
201 0.9501953125
202 0.9501953125
203 0.9501953125
204 0.9501953125
205 0.9501953125
206 0.9501953125
207 0.9501953125
208 0.9501953125
209 0.9501953125
210 0.9501953125
211 0.9501953125
212 0.9501953125
213 0.9501953125
214 0.9501953125
215 0.9501953125
216 0.9501953125
217 0.9501953125
218 0.9501953125
219 0.9501953125
220 0.9501953125
221 0.9501953125
222 0.9501953125
223 0.9501953125
224 0.9501953125
225 0.9501953125
226 0.9501953125
227 0.9501953125
228 0.9501953125
229 0.9501953125
230 0.9501953125
231 0.9501953125
232 0.9501953125
233 0.9501953125
234 0.9501953125
235 0.9501953125
236 0.9501953125
237 0.9501953125
238 0.9501953125
239 0.9501953125
240 0.9501953125
241 0.9501953125
242 0.9501953125
243 0.9501953125
244 0.9501953125
245 0.9501953125
246 0.9501953125
247 0.9501953125
248 0.9501953125
249 0.9501953125
250 0.9501953125
251 0.9501953125
252 0.9501953125
253 0.9501953125
254 0.9501953125
255 0.9501953125
256 0.9501953125
257 0.9501953125
258 0.9501953125
259 0.9501953125
260 0.9501953125
261 0.9501953125
262 0.9501953125
263 0.9501953125
264 0.9501953125
265 0.9501953125
266 0.9501953125
267 0.9501953125
268 0.9501953125
269 0.9501953125
270 0.9501953125
271 0.9501953125
272 0.9501953125
273 0.9501953125
274 0.9501953125
275 0.9501953125
276 0.9501953125
277 0.9501953125
278 0.9501953125
279 0.9501953125
280 0.9501953125
281 0.9501953125
282 0.9501953125
283 0.9501953125
284 0.9501953125
285 0.9501953125
286 0.9501953125
287 0.9501953125
288 0.9501953125
289 0.9501953125
290 0.9501953125
291 0.9501953125
292 0.9501953125
293 0.9501953125
294 0.9501953125
295 0.9501953125
296 0.9501953125
297 0.9501953125
298 0.9501953125
299 0.9501953125
300 0.9501953125
301 0.9501953125
302 0.9501953125
303 0.9501953125
304 0.9501953125
305 0.9501953125
306 0.9501953125
307 0.9501953125
308 0.9501953125
309 0.9501953125
310 0.9501953125
311 0.9501953125
312 0.9501953125
313 0.9501953125
314 0.9501953125
315 0.9501953125
316 0.9501953125
317 0.9501953125
318 0.9501953125
319 0.9501953125
320 0.9501953125
321 0.9501953125
322 0.9501953125
323 0.9501953125
324 0.9501953125
325 0.9501953125
326 0.9501953125
327 0.9501953125
328 0.9501953125
329 0.9501953125
330 0.9501953125
331 0.9501953125
332 0.9501953125
333 0.9501953125
334 0.9501953125
335 0.9501953125
336 0.9501953125
337 0.9501953125
338 0.9501953125
339 0.9501953125
340 0.9501953125
341 0.9501953125
342 0.9501953125
343 0.9501953125
344 0.9501953125
345 0.9501953125
346 0.9501953125
347 0.9501953125
348 0.9501953125
349 0.9501953125
350 0.9501953125
351 0.9501953125
352 0.9501953125
353 0.9501953125
354 0.9501953125
355 0.9501953125
356 0.9501953125
357 0.9501953125
358 0.9501953125
359 0.9501953125
360 0.9501953125
361 0.9501953125
362 0.9501953125
363 0.9501953125
364 0.9501953125
365 0.9501953125
366 0.9501953125
367 0.9501953125
368 0.9501953125
369 0.9501953125
370 0.9501953125
371 0.9501953125
372 0.9501953125
373 0.9501953125
374 0.9501953125
375 0.9501953125
376 0.9501953125
377 0.9501953125
378 0.9501953125
379 0.9501953125
380 0.9501953125
381 0.9501953125
382 0.9501953125
383 0.9501953125
384 0.9501953125
385 0.9501953125
386 0.9501953125
387 0.9501953125
388 0.9501953125
389 0.9501953125
390 0.9501953125
391 0.9501953125
392 0.9501953125
393 0.9501953125
394 0.9501953125
395 0.9501953125
396 0.9501953125
397 0.9501953125
398 0.9501953125
399 0.9501953125
400 0.9501953125
401 0.9501953125
402 0.9501953125
403 0.9501953125
404 0.9501953125
405 0.9501953125
406 0.9501953125
407 0.9501953125
408 0.9501953125
409 0.9501953125
410 0.9501953125
411 0.9501953125
412 0.9501953125
413 0.9501953125
414 0.9501953125
415 0.9501953125
416 0.9501953125
417 0.9501953125
418 0.955078125
419 0.955078125
420 0.955078125
421 0.955078125
422 0.955078125
423 0.955078125
424 0.955078125
425 0.955078125
426 0.955078125
427 0.955078125
428 0.955078125
429 0.955078125
430 0.955078125
431 0.955078125
432 0.955078125
433 0.955078125
434 0.955078125
435 0.955078125
436 0.955078125
437 0.955078125
438 0.955078125
439 0.955078125
440 0.955078125
441 0.955078125
442 0.955078125
443 0.955078125
444 0.955078125
445 0.955078125
446 0.955078125
447 0.955078125
448 0.955078125
449 0.955078125
450 0.955078125
451 0.955078125
452 0.955078125
453 0.955078125
454 0.955078125
455 0.955078125
456 0.955078125
457 0.955078125
458 0.955078125
459 0.955078125
460 0.955078125
461 0.955078125
462 0.955078125
463 0.955078125
464 0.955078125
465 0.955078125
466 0.955078125
467 0.955078125
468 0.955078125
469 0.955078125
470 0.955078125
471 0.955078125
472 0.955078125
473 0.9599609375
474 0.9599609375
475 0.9599609375
476 0.9599609375
477 0.9599609375
478 0.9599609375
479 0.9599609375
480 0.9599609375
481 0.9599609375
482 0.9599609375
483 0.9599609375
484 0.9599609375
485 0.9599609375
486 0.9599609375
487 0.9599609375
488 0.9599609375
489 0.9599609375
490 0.9599609375
491 0.9599609375
492 0.9599609375
493 0.9599609375
494 0.9599609375
495 0.9599609375
496 0.9599609375
497 0.9599609375
498 0.9599609375
499 0.9599609375
500 0.9599609375
501 0.9599609375
502 0.9599609375
503 0.9599609375
504 0.9599609375
505 0.9599609375
506 0.9599609375
507 0.9599609375
508 0.9599609375
509 0.9599609375
510 0.9599609375
511 0.9599609375
512 0.9599609375
513 0.9599609375
514 0.9599609375
515 0.9599609375
516 0.9599609375
517 0.9599609375
518 0.9599609375
519 0.9599609375
520 0.9599609375
521 0.9599609375
522 0.9599609375
523 0.9599609375
524 0.9599609375
525 0.9599609375
526 0.9599609375
527 0.9599609375
528 0.9599609375
529 0.9599609375
530 0.9599609375
531 0.9599609375
532 0.9599609375
533 0.9599609375
534 0.9599609375
535 0.9599609375
536 0.9599609375
537 0.9599609375
538 0.9599609375
539 0.9599609375
540 0.9599609375
541 0.9599609375
542 0.9599609375
543 0.9599609375
544 0.9599609375
545 0.9599609375
546 0.9599609375
547 0.9599609375
548 0.9599609375
549 0.9599609375
550 0.9599609375
551 0.9599609375
552 0.9599609375
553 0.9599609375
554 0.9599609375
555 0.9599609375
556 0.9599609375
557 0.9599609375
558 0.9599609375
559 0.9599609375
560 0.9599609375
561 0.9599609375
562 0.9599609375
563 0.9599609375
564 0.9599609375
565 0.9599609375
566 0.9599609375
567 0.9599609375
568 0.9599609375
569 0.9599609375
570 0.9599609375
571 0.9599609375
572 0.9599609375
573 0.9599609375
574 0.9599609375
575 0.9599609375
576 0.966796875
577 0.966796875
578 0.966796875
579 0.966796875
580 0.966796875
581 0.966796875
582 0.966796875
583 0.966796875
584 0.966796875
585 0.966796875
586 0.966796875
587 0.966796875
588 0.966796875
589 0.966796875
590 0.966796875
591 0.966796875
592 0.966796875
593 0.966796875
594 0.966796875
595 0.966796875
596 0.966796875
597 0.966796875
598 0.966796875
599 0.966796875
600 0.966796875
601 0.966796875
602 0.966796875
603 0.966796875
604 0.966796875
605 0.966796875
606 0.966796875
607 0.966796875
608 0.966796875
609 0.966796875
610 0.966796875
611 0.966796875
612 0.966796875
613 0.966796875
614 0.966796875
615 0.966796875
616 0.966796875
617 0.966796875
618 0.966796875
619 0.966796875
620 0.966796875
621 0.966796875
622 0.966796875
623 0.9755859375
624 0.9755859375
625 0.9755859375
626 0.9755859375
627 0.9755859375
628 0.9755859375
629 0.9755859375
630 0.9755859375
631 0.9755859375
632 0.9755859375
633 0.9755859375
634 0.9755859375
635 0.9755859375
636 0.9755859375
637 0.9755859375
638 0.9755859375
639 0.9755859375
640 0.9755859375
641 0.9755859375
642 0.9755859375
643 0.9755859375
644 0.9755859375
645 0.9755859375
646 0.9755859375
647 0.9755859375
648 0.9755859375
649 0.9755859375
650 0.986328125
651 0.986328125
652 0.986328125
653 0.986328125
654 0.986328125
655 0.986328125
656 0.986328125
657 0.986328125
658 0.986328125
659 0.986328125
660 0.986328125
661 0.986328125
662 0.986328125
663 0.986328125
664 0.986328125
665 0.986328125
666 0.986328125
667 0.986328125
668 0.986328125
669 0.986328125
670 0.986328125
671 0.986328125
672 0.986328125
673 0.986328125
674 0.986328125
675 0.986328125
676 0.986328125
677 0.986328125
678 0.986328125
679 0.986328125
680 0.986328125
681 0.986328125
682 0.986328125
683 0.986328125
684 0.986328125
685 0.986328125
686 0.986328125
687 0.986328125
688 0.986328125
689 0.986328125
690 0.986328125
691 0.986328125
692 0.986328125
693 0.986328125
694 0.986328125
695 0.986328125
696 0.986328125
697 0.986328125
698 0.986328125
699 0.986328125
700 0.986328125
701 0.986328125
702 0.986328125
703 0.986328125
704 0.986328125
705 0.986328125
706 0.986328125
707 0.986328125
708 0.986328125
709 0.994140625
710 0.994140625
711 0.994140625
712 0.994140625
713 0.994140625
714 0.994140625
715 0.994140625
716 0.994140625
717 0.994140625
718 0.994140625
719 0.994140625
720 0.994140625
721 0.994140625
722 0.994140625
723 0.994140625
724 0.994140625
725 0.994140625
726 0.994140625
727 0.994140625
728 0.994140625
729 0.994140625
730 0.994140625
731 0.994140625
732 0.994140625
733 0.994140625
734 0.994140625
735 0.994140625
736 0.994140625
737 0.994140625
738 0.994140625
739 0.994140625
740 0.994140625
741 0.994140625
742 0.994140625
743 0.994140625
744 0.994140625
745 0.994140625
746 0.994140625
747 0.994140625
748 0.994140625
749 0.994140625
750 0.994140625
751 0.994140625
752 0.994140625
753 0.994140625
754 0.994140625
755 0.994140625
756 0.994140625
757 0.994140625
758 0.994140625
759 0.994140625
760 0.994140625
761 0.994140625
762 0.994140625
763 0.994140625
764 0.994140625
765 0.994140625
766 0.994140625
767 0.994140625
768 0.994140625
769 0.994140625
770 0.994140625
771 0.994140625
772 0.994140625
773 0.994140625
774 0.994140625
775 0.994140625
776 0.994140625
777 0.994140625
778 0.994140625
779 0.994140625
780 0.994140625
781 0.994140625
782 0.994140625
783 0.994140625
784 0.994140625
785 0.994140625
786 0.994140625
787 0.994140625
788 0.994140625
789 0.994140625
790 0.994140625
791 0.994140625
792 0.994140625
793 0.994140625
794 0.994140625
795 0.994140625
796 0.994140625
797 0.994140625
798 0.994140625
799 0.994140625
800 0.994140625
801 0.994140625
802 0.994140625
803 0.994140625
804 0.994140625
805 0.994140625
806 0.994140625
807 0.994140625
808 0.994140625
809 0.994140625
810 0.994140625
811 0.994140625
812 0.994140625
813 0.994140625
814 0.994140625
815 0.994140625
816 0.994140625
817 0.994140625
818 0.994140625
819 0.994140625
820 0.994140625
821 0.994140625
822 0.994140625
823 0.994140625
824 0.994140625
825 0.994140625
826 0.994140625
827 0.994140625
828 0.994140625
829 0.994140625
830 0.994140625
831 0.994140625
832 0.994140625
833 0.994140625
834 0.994140625
835 0.994140625
836 0.994140625
837 0.994140625
838 0.994140625
839 0.994140625
840 0.994140625
841 0.994140625
842 0.994140625
843 0.994140625
844 0.994140625
845 0.994140625
846 0.994140625
847 0.994140625
848 0.994140625
849 0.994140625
850 0.994140625
851 0.994140625
852 0.994140625
853 0.994140625
854 0.994140625
855 0.994140625
856 0.994140625
857 0.994140625
858 0.994140625
859 0.994140625
860 0.994140625
861 0.994140625
862 0.994140625
863 0.994140625
864 0.994140625
865 0.994140625
866 0.994140625
867 0.994140625
868 0.994140625
869 0.994140625
870 0.994140625
871 0.994140625
872 0.994140625
873 0.994140625
874 0.994140625
875 0.994140625
876 0.994140625
877 0.994140625
878 0.994140625
879 0.994140625
880 0.994140625
881 0.994140625
882 0.994140625
883 0.994140625
884 0.994140625
885 0.994140625
886 0.994140625
887 0.994140625
888 0.994140625
889 0.994140625
890 0.994140625
891 0.994140625
892 0.994140625
893 0.994140625
894 0.994140625
895 0.994140625
896 0.994140625
897 0.994140625
898 0.994140625
899 0.994140625
900 0.994140625
901 0.994140625
902 0.994140625
903 0.994140625
904 0.994140625
905 0.994140625
906 0.994140625
907 0.994140625
908 0.994140625
909 0.994140625
910 0.994140625
911 0.994140625
912 0.994140625
913 0.994140625
914 0.994140625
915 0.994140625
916 0.994140625
917 0.994140625
918 0.994140625
919 0.994140625
920 0.994140625
921 0.994140625
922 0.994140625
923 0.994140625
924 0.994140625
925 0.994140625
926 0.994140625
927 0.994140625
928 0.994140625
929 0.994140625
930 0.994140625
931 0.994140625
932 0.994140625
933 0.994140625
934 0.994140625
935 0.994140625
936 0.994140625
937 0.994140625
938 0.994140625
939 0.994140625
940 0.994140625
941 0.994140625
942 0.994140625
943 0.994140625
944 0.994140625
945 0.994140625
946 0.994140625
947 0.994140625
948 0.994140625
949 0.994140625
950 0.994140625
951 0.994140625
952 0.994140625
953 0.994140625
954 0.994140625
955 0.994140625
956 0.994140625
957 0.994140625
958 0.994140625
959 0.994140625
960 0.994140625
961 0.994140625
962 0.994140625
963 0.994140625
964 0.994140625
965 0.994140625
966 0.994140625
967 0.994140625
968 0.994140625
969 0.994140625
970 0.994140625
971 0.994140625
972 0.994140625
973 0.994140625
974 0.994140625
975 0.994140625
976 0.994140625
977 0.994140625
978 0.994140625
979 0.994140625
980 0.994140625
981 0.994140625
982 0.994140625
983 0.994140625
984 0.994140625
985 0.994140625
986 0.994140625
987 0.994140625
988 0.994140625
989 0.994140625
990 0.994140625
991 0.994140625
992 0.994140625
993 0.994140625
994 0.994140625
995 0.994140625
996 0.994140625
997 0.994140625
998 0.994140625
999 0.994140625
