0 0.73046875
1 0.75
2 0.77734375
3 0.77734375
4 0.77734375
5 0.77734375
6 0.79296875
7 0.79296875
8 0.79296875
9 0.79296875
10 0.79296875
11 0.79296875
12 0.79296875
13 0.79296875
14 0.79296875
15 0.79296875
16 0.79296875
17 0.80859375
18 0.80859375
19 0.80859375
20 0.80859375
21 0.80859375
22 0.80859375
23 0.80859375
24 0.80859375
25 0.80859375
26 0.80859375
27 0.8125
28 0.8125
29 0.8125
30 0.8125
31 0.82421875
32 0.82421875
33 0.82421875
34 0.82421875
35 0.82421875
36 0.8359375
37 0.8359375
38 0.8359375
39 0.8359375
40 0.84765625
41 0.84765625
42 0.84765625
43 0.84765625
44 0.84765625
45 0.84765625
46 0.85546875
47 0.85546875
48 0.85546875
49 0.859375
50 0.859375
51 0.859375
52 0.859375
53 0.859375
54 0.859375
55 0.875
56 0.875
57 0.875
58 0.875
59 0.875
60 0.875
61 0.875
62 0.875
63 0.875
64 0.875
65 0.875
66 0.875
67 0.875
68 0.875
69 0.875
70 0.875
71 0.875
72 0.875
73 0.875
74 0.875
75 0.875
76 0.875
77 0.875
78 0.875
79 0.875
80 0.875
81 0.875
82 0.875
83 0.875
84 0.875
85 0.875
86 0.875
87 0.875
88 0.875
89 0.875
90 0.875
91 0.875
92 0.875
93 0.875
94 0.875
95 0.875
96 0.875
97 0.875
98 0.875
99 0.875
100 0.875
101 0.875
102 0.875
103 0.875
104 0.875
105 0.875
106 0.875
107 0.875
108 0.875
109 0.875
110 0.875
111 0.875
112 0.875
113 0.875
114 0.875
115 0.875
116 0.875
117 0.875
118 0.875
119 0.875
120 0.875
121 0.875
122 0.875
123 0.875
124 0.875
125 0.875
126 0.875
127 0.875
128 0.875
129 0.875
130 0.875
131 0.875
132 0.875
133 0.87890625
134 0.87890625
135 0.87890625
136 0.87890625
137 0.87890625
138 0.87890625
139 0.87890625
140 0.87890625
141 0.87890625
142 0.87890625
143 0.87890625
144 0.87890625
145 0.87890625
146 0.87890625
147 0.87890625
148 0.87890625
149 0.87890625
150 0.87890625
151 0.87890625
152 0.87890625
153 0.87890625
154 0.87890625
155 0.87890625
156 0.87890625
157 0.87890625
158 0.87890625
159 0.87890625
160 0.87890625
161 0.87890625
162 0.87890625
163 0.87890625
164 0.87890625
165 0.87890625
166 0.87890625
167 0.87890625
168 0.87890625
169 0.87890625
170 0.87890625
171 0.88671875
172 0.88671875
173 0.88671875
174 0.88671875
175 0.88671875
176 0.88671875
177 0.88671875
178 0.88671875
179 0.88671875
180 0.88671875
181 0.88671875
182 0.88671875
183 0.88671875
184 0.88671875
185 0.88671875
186 0.88671875
187 0.88671875
188 0.88671875
189 0.88671875
190 0.88671875
191 0.88671875
192 0.88671875
193 0.88671875
194 0.88671875
195 0.88671875
196 0.88671875
197 0.88671875
198 0.88671875
199 0.88671875
200 0.88671875
201 0.88671875
202 0.88671875
203 0.88671875
204 0.88671875
205 0.88671875
206 0.88671875
207 0.88671875
208 0.88671875
209 0.88671875
210 0.88671875
211 0.88671875
212 0.88671875
213 0.88671875
214 0.88671875
215 0.88671875
216 0.88671875
217 0.88671875
218 0.88671875
219 0.88671875
220 0.88671875
221 0.88671875
222 0.88671875
223 0.88671875
224 0.88671875
225 0.88671875
226 0.88671875
227 0.88671875
228 0.88671875
229 0.88671875
230 0.88671875
231 0.88671875
232 0.88671875
233 0.88671875
234 0.88671875
235 0.88671875
236 0.88671875
237 0.88671875
238 0.88671875
239 0.88671875
240 0.88671875
241 0.88671875
242 0.88671875
243 0.88671875
244 0.88671875
245 0.88671875
246 0.88671875
247 0.88671875
248 0.88671875
249 0.88671875
250 0.88671875
251 0.88671875
252 0.88671875
253 0.88671875
254 0.88671875
255 0.88671875
256 0.88671875
257 0.88671875
258 0.88671875
259 0.88671875
260 0.88671875
261 0.88671875
262 0.88671875
263 0.88671875
264 0.88671875
265 0.88671875
266 0.88671875
267 0.88671875
268 0.88671875
269 0.88671875
270 0.88671875
271 0.88671875
272 0.88671875
273 0.88671875
274 0.88671875
275 0.88671875
276 0.88671875
277 0.88671875
278 0.88671875
279 0.88671875
280 0.88671875
281 0.88671875
282 0.88671875
283 0.88671875
284 0.88671875
285 0.88671875
286 0.88671875
287 0.88671875
288 0.88671875
289 0.88671875
290 0.88671875
291 0.88671875
292 0.88671875
293 0.88671875
294 0.88671875
295 0.88671875
296 0.88671875
297 0.88671875
298 0.88671875
299 0.88671875
300 0.88671875
301 0.88671875
302 0.88671875
303 0.88671875
304 0.88671875
305 0.88671875
306 0.88671875
307 0.88671875
308 0.88671875
309 0.88671875
310 0.88671875
311 0.88671875
312 0.88671875
313 0.88671875
314 0.88671875
315 0.88671875
316 0.88671875
317 0.88671875
318 0.88671875
319 0.88671875
320 0.88671875
321 0.88671875
322 0.88671875
323 0.88671875
324 0.88671875
325 0.88671875
326 0.88671875
327 0.88671875
328 0.88671875
329 0.88671875
330 0.88671875
331 0.88671875
332 0.88671875
333 0.88671875
334 0.88671875
335 0.88671875
336 0.88671875
337 0.88671875
338 0.88671875
339 0.88671875
340 0.88671875
341 0.88671875
342 0.88671875
343 0.88671875
344 0.88671875
345 0.88671875
346 0.88671875
347 0.88671875
348 0.88671875
349 0.88671875
350 0.88671875
351 0.88671875
352 0.88671875
353 0.88671875
354 0.88671875
355 0.88671875
356 0.88671875
357 0.88671875
358 0.88671875
359 0.88671875
360 0.88671875
361 0.88671875
362 0.88671875
363 0.88671875
364 0.88671875
365 0.88671875
366 0.88671875
367 0.88671875
368 0.88671875
369 0.88671875
370 0.88671875
371 0.88671875
372 0.88671875
373 0.88671875
374 0.88671875
375 0.88671875
376 0.88671875
377 0.88671875
378 0.88671875
379 0.88671875
380 0.88671875
381 0.88671875
382 0.88671875
383 0.88671875
384 0.88671875
385 0.88671875
386 0.88671875
387 0.88671875
388 0.88671875
389 0.88671875
390 0.88671875
391 0.88671875
392 0.88671875
393 0.88671875
394 0.88671875
395 0.88671875
396 0.88671875
397 0.88671875
398 0.88671875
399 0.88671875
400 0.88671875
401 0.88671875
402 0.88671875
403 0.88671875
404 0.88671875
405 0.88671875
406 0.88671875
407 0.88671875
408 0.88671875
409 0.88671875
410 0.88671875
411 0.88671875
412 0.88671875
413 0.88671875
414 0.88671875
415 0.88671875
416 0.88671875
417 0.88671875
418 0.88671875
419 0.88671875
420 0.88671875
421 0.88671875
422 0.88671875
423 0.88671875
424 0.88671875
425 0.88671875
426 0.88671875
427 0.88671875
428 0.88671875
429 0.88671875
430 0.88671875
431 0.88671875
432 0.88671875
433 0.88671875
434 0.88671875
435 0.88671875
436 0.88671875
437 0.88671875
438 0.88671875
439 0.88671875
440 0.88671875
441 0.89453125
442 0.89453125
443 0.89453125
444 0.89453125
445 0.89453125
446 0.89453125
447 0.89453125
448 0.89453125
449 0.89453125
450 0.89453125
451 0.89453125
452 0.89453125
453 0.89453125
454 0.89453125
455 0.89453125
456 0.89453125
457 0.89453125
458 0.89453125
459 0.89453125
460 0.89453125
461 0.89453125
462 0.89453125
463 0.89453125
464 0.89453125
465 0.89453125
466 0.89453125
467 0.89453125
468 0.89453125
469 0.89453125
470 0.89453125
471 0.89453125
472 0.89453125
473 0.89453125
474 0.89453125
475 0.89453125
476 0.89453125
477 0.89453125
478 0.89453125
479 0.89453125
480 0.89453125
481 0.89453125
482 0.89453125
483 0.89453125
484 0.89453125
485 0.89453125
486 0.89453125
487 0.89453125
488 0.89453125
489 0.89453125
490 0.89453125
491 0.89453125
492 0.89453125
493 0.89453125
494 0.89453125
495 0.89453125
496 0.89453125
497 0.89453125
498 0.89453125
499 0.89453125
500 0.89453125
501 0.89453125
502 0.89453125
503 0.89453125
504 0.89453125
505 0.89453125
506 0.89453125
507 0.89453125
508 0.89453125
509 0.89453125
510 0.89453125
511 0.89453125
512 0.89453125
513 0.89453125
514 0.89453125
515 0.89453125
516 0.89453125
517 0.89453125
518 0.89453125
519 0.89453125
520 0.89453125
521 0.89453125
522 0.89453125
523 0.89453125
524 0.89453125
525 0.89453125
526 0.89453125
527 0.89453125
528 0.89453125
529 0.89453125
530 0.89453125
531 0.89453125
532 0.89453125
533 0.89453125
534 0.89453125
535 0.89453125
536 0.89453125
537 0.89453125
538 0.89453125
539 0.89453125
540 0.89453125
541 0.89453125
542 0.89453125
543 0.89453125
544 0.89453125
545 0.89453125
546 0.89453125
547 0.89453125
548 0.89453125
549 0.89453125
550 0.89453125
551 0.89453125
552 0.89453125
553 0.89453125
554 0.89453125
555 0.89453125
556 0.89453125
557 0.89453125
558 0.89453125
559 0.89453125
560 0.89453125
561 0.89453125
562 0.89453125
563 0.89453125
564 0.89453125
565 0.89453125
566 0.89453125
567 0.89453125
568 0.89453125
569 0.89453125
570 0.89453125
571 0.89453125
572 0.89453125
573 0.89453125
574 0.89453125
575 0.89453125
576 0.89453125
577 0.89453125
578 0.89453125
579 0.89453125
580 0.89453125
581 0.89453125
582 0.89453125
583 0.89453125
584 0.89453125
585 0.89453125
586 0.89453125
587 0.89453125
588 0.89453125
589 0.89453125
590 0.89453125
591 0.89453125
592 0.89453125
593 0.89453125
594 0.89453125
595 0.89453125
596 0.89453125
597 0.89453125
598 0.89453125
599 0.89453125
600 0.89453125
601 0.89453125
602 0.89453125
603 0.89453125
604 0.89453125
605 0.89453125
606 0.89453125
607 0.89453125
608 0.89453125
609 0.89453125
610 0.89453125
611 0.89453125
612 0.89453125
613 0.89453125
614 0.89453125
615 0.89453125
616 0.89453125
617 0.89453125
618 0.89453125
619 0.89453125
620 0.89453125
621 0.89453125
622 0.89453125
623 0.89453125
624 0.89453125
625 0.89453125
626 0.89453125
627 0.89453125
628 0.89453125
629 0.89453125
630 0.89453125
631 0.89453125
632 0.89453125
633 0.89453125
634 0.89453125
635 0.89453125
636 0.89453125
637 0.89453125
638 0.89453125
639 0.89453125
640 0.89453125
641 0.89453125
642 0.89453125
643 0.89453125
644 0.89453125
645 0.89453125
646 0.89453125
647 0.89453125
648 0.89453125
649 0.89453125
650 0.89453125
651 0.89453125
652 0.89453125
653 0.89453125
654 0.89453125
655 0.89453125
656 0.89453125
657 0.89453125
658 0.89453125
659 0.89453125
660 0.89453125
661 0.89453125
662 0.89453125
663 0.89453125
664 0.89453125
665 0.89453125
666 0.89453125
667 0.89453125
668 0.89453125
669 0.89453125
670 0.89453125
671 0.89453125
672 0.89453125
673 0.89453125
674 0.89453125
675 0.89453125
676 0.89453125
677 0.89453125
678 0.89453125
679 0.89453125
680 0.89453125
681 0.89453125
682 0.89453125
683 0.89453125
684 0.89453125
685 0.89453125
686 0.89453125
687 0.89453125
688 0.89453125
689 0.89453125
690 0.89453125
691 0.89453125
692 0.89453125
693 0.89453125
694 0.89453125
695 0.89453125
696 0.89453125
697 0.89453125
698 0.89453125
699 0.89453125
700 0.89453125
701 0.89453125
702 0.89453125
703 0.89453125
704 0.89453125
705 0.89453125
706 0.89453125
707 0.89453125
708 0.89453125
709 0.89453125
710 0.89453125
711 0.89453125
712 0.89453125
713 0.89453125
714 0.89453125
715 0.89453125
716 0.89453125
717 0.89453125
718 0.89453125
719 0.89453125
720 0.89453125
721 0.89453125
722 0.89453125
723 0.89453125
724 0.89453125
725 0.89453125
726 0.89453125
727 0.89453125
728 0.89453125
729 0.89453125
730 0.89453125
731 0.89453125
732 0.89453125
733 0.89453125
734 0.89453125
735 0.89453125
736 0.89453125
737 0.89453125
738 0.89453125
739 0.89453125
740 0.89453125
741 0.89453125
742 0.89453125
743 0.89453125
744 0.89453125
745 0.89453125
746 0.89453125
747 0.89453125
748 0.8984375
749 0.8984375
750 0.8984375
751 0.8984375
752 0.8984375
753 0.8984375
754 0.8984375
755 0.8984375
756 0.8984375
757 0.8984375
758 0.8984375
759 0.8984375
760 0.8984375
761 0.8984375
762 0.8984375
763 0.8984375
764 0.8984375
765 0.8984375
766 0.8984375
767 0.8984375
768 0.8984375
769 0.8984375
770 0.8984375
771 0.8984375
772 0.8984375
773 0.8984375
774 0.8984375
775 0.8984375
776 0.8984375
777 0.8984375
778 0.8984375
779 0.8984375
780 0.8984375
781 0.8984375
782 0.8984375
783 0.8984375
784 0.8984375
785 0.8984375
786 0.8984375
787 0.8984375
788 0.8984375
789 0.8984375
790 0.8984375
791 0.8984375
792 0.8984375
793 0.8984375
794 0.8984375
795 0.8984375
796 0.8984375
797 0.8984375
798 0.8984375
799 0.8984375
800 0.8984375
801 0.8984375
802 0.8984375
803 0.8984375
804 0.8984375
805 0.8984375
806 0.8984375
807 0.8984375
808 0.8984375
809 0.8984375
810 0.8984375
811 0.8984375
812 0.8984375
813 0.8984375
814 0.8984375
815 0.8984375
816 0.8984375
817 0.8984375
818 0.8984375
819 0.8984375
820 0.8984375
821 0.90234375
822 0.90234375
823 0.90234375
824 0.90234375
825 0.90234375
826 0.90234375
827 0.90234375
828 0.90234375
829 0.90234375
830 0.90234375
831 0.90234375
832 0.90234375
833 0.90234375
834 0.90234375
835 0.90234375
836 0.90234375
837 0.90234375
838 0.90234375
839 0.90234375
840 0.90234375
841 0.90234375
842 0.90234375
843 0.90234375
844 0.90234375
845 0.90234375
846 0.90234375
847 0.90234375
848 0.90234375
849 0.90234375
850 0.90234375
851 0.90234375
852 0.90234375
853 0.90234375
854 0.90234375
855 0.90234375
856 0.90234375
857 0.90234375
858 0.90234375
859 0.90234375
860 0.90234375
861 0.90234375
862 0.90234375
863 0.90625
864 0.90625
865 0.90625
866 0.90625
867 0.90625
868 0.90625
869 0.90625
870 0.90625
871 0.90625
872 0.90625
873 0.90625
874 0.90625
875 0.90625
876 0.90625
877 0.90625
878 0.90625
879 0.90625
880 0.90625
881 0.90625
882 0.90625
883 0.90625
884 0.90625
885 0.90625
886 0.90625
887 0.90625
888 0.90625
889 0.90625
890 0.90625
891 0.90625
892 0.90625
893 0.90625
894 0.90625
895 0.90625
896 0.90625
897 0.90625
898 0.90625
899 0.90625
900 0.90625
901 0.90625
902 0.90625
903 0.90625
904 0.90625
905 0.90625
906 0.90625
907 0.90625
908 0.90625
909 0.90625
910 0.90625
911 0.90625
912 0.90625
913 0.90625
914 0.90625
915 0.90625
916 0.90625
917 0.90625
918 0.90625
919 0.90625
920 0.90625
921 0.90625
922 0.90625
923 0.90625
924 0.90625
925 0.90625
926 0.90625
927 0.90625
928 0.90625
929 0.90625
930 0.90625
931 0.90625
932 0.90625
933 0.90625
934 0.90625
935 0.90625
936 0.90625
937 0.9140625
938 0.9140625
939 0.9140625
940 0.9140625
941 0.9140625
942 0.9140625
943 0.9140625
944 0.9140625
945 0.9140625
946 0.9140625
947 0.9140625
948 0.9140625
949 0.9140625
950 0.9140625
951 0.9140625
952 0.9140625
953 0.9140625
954 0.9140625
955 0.9140625
956 0.9140625
957 0.9140625
958 0.9140625
959 0.9140625
960 0.9140625
961 0.9140625
962 0.9140625
963 0.9140625
964 0.9140625
965 0.9140625
966 0.9140625
967 0.9140625
968 0.9140625
969 0.9140625
970 0.9140625
971 0.9140625
972 0.9140625
973 0.9140625
974 0.9140625
975 0.9140625
976 0.9140625
977 0.9140625
978 0.9140625
979 0.9140625
980 0.9140625
981 0.9140625
982 0.9140625
983 0.9140625
984 0.9140625
985 0.9140625
986 0.9140625
987 0.9140625
988 0.9140625
989 0.9140625
990 0.9140625
991 0.9140625
992 0.9140625
993 0.9140625
994 0.9140625
995 0.9140625
996 0.9140625
997 0.9140625
998 0.9140625
999 0.9140625
1000 0.9140625
1001 0.9140625
1002 0.9140625
1003 0.9140625
1004 0.9140625
1005 0.9140625
1006 0.9140625
1007 0.9140625
1008 0.9140625
1009 0.9140625
1010 0.9140625
1011 0.9140625
1012 0.9140625
1013 0.9140625
1014 0.9140625
1015 0.9140625
1016 0.9140625
1017 0.9140625
1018 0.9140625
1019 0.9140625
1020 0.9140625
1021 0.9140625
1022 0.9140625
1023 0.9140625
1024 0.9140625
1025 0.9140625
1026 0.9140625
1027 0.9140625
1028 0.9140625
1029 0.9140625
1030 0.9140625
1031 0.9140625
1032 0.9140625
1033 0.9140625
1034 0.9140625
1035 0.9140625
1036 0.9140625
1037 0.9140625
1038 0.9140625
1039 0.9140625
1040 0.9140625
1041 0.9140625
1042 0.9140625
1043 0.9140625
1044 0.9140625
1045 0.9140625
1046 0.9140625
1047 0.9140625
1048 0.9140625
1049 0.9140625
1050 0.9140625
1051 0.9140625
1052 0.9140625
1053 0.9140625
1054 0.9140625
1055 0.9140625
1056 0.9140625
1057 0.9140625
1058 0.9140625
1059 0.9140625
1060 0.9140625
1061 0.9140625
1062 0.9140625
1063 0.9140625
1064 0.9140625
1065 0.9140625
1066 0.9140625
1067 0.9140625
1068 0.9140625
1069 0.9140625
1070 0.9140625
1071 0.9140625
1072 0.9140625
1073 0.9140625
1074 0.9140625
1075 0.9140625
1076 0.9140625
1077 0.9140625
1078 0.9140625
1079 0.9140625
1080 0.9140625
1081 0.9140625
1082 0.9140625
1083 0.9140625
1084 0.9140625
1085 0.9140625
1086 0.9140625
1087 0.9140625
1088 0.9140625
1089 0.9140625
1090 0.9140625
1091 0.9140625
1092 0.9140625
1093 0.9140625
1094 0.9140625
1095 0.9140625
1096 0.9140625
1097 0.9140625
1098 0.9140625
1099 0.9140625
1100 0.9140625
1101 0.9140625
1102 0.9140625
1103 0.9140625
1104 0.9140625
1105 0.9140625
1106 0.9140625
1107 0.9140625
1108 0.9140625
1109 0.9140625
1110 0.9140625
1111 0.9140625
1112 0.9140625
1113 0.9140625
1114 0.9140625
1115 0.9140625
1116 0.9140625
1117 0.9140625
1118 0.9140625
1119 0.9140625
1120 0.9140625
1121 0.9140625
1122 0.9140625
1123 0.9140625
1124 0.9140625
1125 0.9140625
1126 0.9140625
1127 0.9140625
1128 0.9140625
1129 0.9140625
1130 0.9140625
1131 0.9140625
1132 0.9140625
1133 0.9140625
1134 0.9140625
1135 0.9140625
1136 0.9140625
1137 0.9140625
1138 0.9140625
1139 0.9140625
1140 0.9140625
1141 0.9140625
1142 0.9140625
1143 0.9140625
1144 0.9140625
1145 0.9140625
1146 0.9140625
1147 0.9140625
1148 0.9140625
1149 0.9140625
1150 0.9140625
1151 0.9140625
1152 0.9140625
1153 0.9140625
1154 0.9140625
1155 0.9140625
1156 0.9140625
1157 0.9140625
1158 0.9140625
1159 0.9140625
1160 0.9140625
1161 0.9140625
1162 0.9140625
1163 0.9140625
1164 0.9140625
1165 0.9140625
1166 0.9140625
1167 0.9140625
1168 0.9140625
1169 0.9140625
1170 0.9140625
1171 0.9140625
1172 0.9140625
1173 0.9140625
1174 0.9140625
1175 0.9140625
1176 0.9140625
1177 0.9140625
1178 0.9140625
1179 0.9140625
1180 0.9140625
1181 0.9140625
1182 0.9140625
1183 0.9140625
1184 0.9140625
1185 0.9140625
1186 0.9140625
1187 0.9140625
1188 0.9140625
1189 0.9140625
1190 0.9140625
1191 0.9140625
1192 0.9140625
1193 0.9140625
1194 0.9140625
1195 0.9140625
1196 0.9140625
1197 0.9140625
1198 0.9140625
1199 0.9140625
1200 0.9140625
1201 0.9140625
1202 0.9140625
1203 0.9140625
1204 0.9140625
1205 0.9140625
1206 0.9140625
1207 0.9140625
1208 0.9140625
1209 0.9140625
1210 0.9140625
1211 0.9140625
1212 0.9140625
1213 0.9140625
1214 0.9140625
1215 0.9140625
1216 0.9140625
1217 0.9140625
1218 0.9140625
1219 0.9140625
1220 0.9140625
1221 0.9140625
1222 0.9140625
1223 0.9140625
1224 0.9140625
1225 0.9140625
1226 0.9140625
1227 0.9140625
1228 0.9140625
1229 0.9140625
1230 0.9140625
1231 0.9140625
1232 0.9140625
1233 0.9140625
1234 0.9140625
1235 0.9140625
1236 0.9140625
1237 0.9140625
1238 0.9140625
1239 0.9140625
1240 0.9140625
1241 0.9140625
1242 0.9140625
1243 0.9140625
1244 0.9140625
1245 0.9140625
1246 0.9140625
1247 0.9140625
1248 0.9140625
1249 0.9140625
1250 0.9140625
1251 0.9140625
1252 0.9140625
1253 0.9140625
1254 0.9140625
1255 0.9140625
1256 0.9140625
1257 0.9140625
1258 0.9140625
1259 0.9140625
1260 0.9140625
1261 0.9140625
1262 0.9140625
1263 0.9140625
1264 0.9140625
1265 0.9140625
1266 0.9140625
1267 0.9140625
1268 0.9140625
1269 0.9140625
1270 0.9140625
1271 0.9140625
1272 0.9140625
1273 0.9140625
1274 0.9140625
1275 0.9140625
1276 0.9140625
1277 0.9140625
1278 0.9140625
1279 0.9140625
1280 0.9140625
1281 0.9140625
1282 0.9140625
1283 0.9140625
1284 0.9140625
1285 0.9140625
1286 0.9140625
1287 0.9140625
1288 0.9140625
1289 0.9140625
1290 0.9140625
1291 0.9140625
1292 0.9140625
1293 0.9140625
1294 0.9140625
1295 0.9140625
1296 0.9140625
1297 0.9140625
1298 0.9140625
1299 0.9140625
1300 0.9140625
1301 0.9140625
1302 0.9140625
1303 0.9140625
1304 0.9140625
1305 0.9140625
1306 0.9140625
1307 0.9140625
1308 0.9140625
1309 0.9140625
1310 0.9140625
1311 0.9140625
1312 0.9140625
1313 0.9140625
1314 0.9140625
1315 0.9140625
1316 0.9140625
1317 0.9140625
1318 0.9140625
1319 0.9140625
1320 0.9140625
1321 0.9140625
1322 0.9140625
1323 0.9140625
1324 0.9140625
1325 0.9140625
1326 0.9140625
1327 0.9140625
1328 0.9140625
1329 0.9140625
1330 0.9140625
1331 0.9140625
1332 0.9140625
1333 0.9140625
1334 0.9140625
1335 0.9140625
1336 0.9140625
1337 0.9140625
1338 0.9140625
1339 0.9140625
1340 0.9140625
1341 0.9140625
1342 0.9140625
1343 0.9140625
1344 0.9140625
1345 0.9140625
1346 0.9140625
1347 0.9140625
1348 0.9140625
1349 0.9140625
1350 0.9140625
1351 0.9140625
1352 0.9140625
1353 0.9140625
1354 0.9140625
1355 0.9140625
1356 0.9140625
1357 0.9140625
1358 0.9140625
1359 0.9140625
1360 0.9140625
1361 0.9140625
1362 0.9140625
1363 0.9140625
1364 0.9140625
1365 0.9140625
1366 0.9140625
1367 0.9140625
1368 0.9140625
1369 0.9140625
1370 0.9140625
1371 0.9140625
1372 0.9140625
1373 0.9140625
1374 0.9140625
1375 0.9140625
1376 0.9140625
1377 0.9140625
1378 0.9140625
1379 0.9140625
1380 0.9140625
1381 0.9140625
1382 0.9140625
1383 0.9140625
1384 0.9140625
1385 0.9140625
1386 0.9140625
1387 0.9140625
1388 0.9140625
1389 0.9140625
1390 0.9140625
1391 0.9140625
1392 0.9140625
1393 0.9140625
1394 0.9140625
1395 0.9140625
1396 0.9140625
1397 0.9140625
1398 0.9140625
1399 0.9140625
1400 0.9140625
1401 0.9140625
1402 0.9140625
1403 0.9140625
1404 0.9140625
1405 0.9140625
1406 0.9140625
1407 0.9140625
1408 0.9140625
1409 0.9140625
1410 0.9140625
1411 0.9140625
1412 0.9140625
1413 0.9140625
1414 0.9140625
1415 0.9140625
1416 0.9140625
1417 0.9140625
1418 0.9140625
1419 0.9140625
1420 0.9140625
1421 0.9140625
1422 0.9140625
1423 0.9140625
1424 0.9140625
1425 0.9140625
1426 0.9140625
1427 0.9140625
1428 0.9140625
1429 0.9140625
1430 0.9140625
1431 0.9140625
1432 0.9140625
1433 0.9140625
1434 0.9140625
1435 0.9140625
1436 0.9140625
1437 0.9140625
1438 0.9140625
1439 0.9140625
1440 0.9140625
1441 0.9140625
1442 0.9140625
1443 0.9140625
1444 0.9140625
1445 0.9140625
1446 0.9140625
1447 0.9140625
1448 0.9140625
1449 0.9140625
1450 0.9140625
1451 0.9140625
1452 0.9140625
1453 0.9140625
1454 0.9140625
1455 0.9140625
1456 0.9140625
1457 0.9140625
1458 0.9140625
1459 0.9140625
1460 0.9140625
1461 0.9140625
1462 0.9140625
1463 0.9140625
1464 0.9140625
1465 0.9140625
1466 0.9140625
1467 0.9140625
1468 0.9140625
1469 0.9140625
1470 0.9140625
1471 0.9140625
1472 0.9140625
1473 0.9140625
1474 0.9140625
1475 0.9140625
1476 0.9140625
1477 0.9140625
1478 0.9140625
1479 0.9140625
1480 0.9140625
1481 0.9140625
1482 0.9140625
1483 0.9140625
1484 0.9140625
1485 0.9140625
1486 0.9140625
1487 0.9140625
1488 0.9140625
1489 0.9140625
1490 0.9140625
1491 0.9140625
1492 0.9140625
1493 0.9140625
1494 0.9140625
1495 0.9140625
1496 0.9140625
1497 0.9140625
1498 0.9140625
1499 0.9140625
1500 0.9140625
1501 0.9140625
1502 0.9140625
1503 0.9140625
1504 0.9140625
1505 0.9140625
1506 0.9140625
1507 0.9140625
1508 0.9140625
1509 0.9140625
1510 0.9140625
1511 0.9140625
1512 0.9140625
1513 0.9140625
1514 0.9140625
1515 0.9140625
1516 0.9140625
1517 0.9140625
1518 0.9140625
1519 0.9140625
1520 0.9140625
1521 0.9140625
1522 0.9140625
1523 0.9140625
1524 0.9140625
1525 0.9140625
1526 0.9140625
1527 0.9140625
1528 0.9140625
1529 0.9140625
1530 0.9140625
1531 0.9140625
1532 0.9140625
1533 0.9140625
1534 0.9140625
1535 0.9140625
1536 0.9140625
1537 0.9140625
1538 0.9140625
1539 0.9140625
1540 0.9140625
1541 0.9140625
1542 0.9140625
1543 0.9140625
1544 0.9140625
1545 0.9140625
1546 0.9140625
1547 0.9140625
1548 0.9140625
1549 0.9140625
1550 0.9140625
1551 0.9140625
1552 0.9140625
1553 0.9140625
1554 0.9140625
1555 0.9140625
1556 0.9140625
1557 0.9140625
1558 0.9140625
1559 0.9140625
1560 0.9140625
1561 0.9140625
1562 0.9140625
1563 0.9140625
1564 0.9140625
1565 0.9140625
1566 0.9140625
1567 0.9140625
1568 0.9140625
1569 0.9140625
1570 0.9140625
1571 0.9140625
1572 0.9140625
1573 0.9140625
1574 0.9140625
1575 0.9140625
1576 0.9140625
1577 0.9140625
1578 0.9140625
1579 0.9140625
1580 0.9140625
1581 0.9140625
1582 0.9140625
1583 0.9140625
1584 0.9140625
1585 0.9140625
1586 0.9140625
1587 0.9140625
1588 0.9140625
1589 0.9140625
1590 0.9140625
1591 0.9140625
1592 0.9140625
1593 0.9140625
1594 0.9140625
1595 0.9140625
1596 0.9140625
1597 0.9140625
1598 0.9140625
1599 0.9140625
1600 0.9140625
1601 0.9140625
1602 0.9140625
1603 0.9140625
1604 0.9140625
1605 0.9140625
1606 0.9140625
1607 0.9140625
1608 0.9140625
1609 0.9140625
1610 0.9140625
1611 0.9140625
1612 0.9140625
1613 0.9140625
1614 0.9140625
1615 0.9140625
1616 0.9140625
1617 0.9140625
1618 0.9140625
1619 0.9140625
1620 0.9140625
1621 0.9140625
1622 0.9140625
1623 0.9140625
1624 0.9140625
1625 0.9140625
1626 0.9140625
1627 0.9140625
1628 0.9140625
1629 0.9140625
1630 0.9140625
1631 0.9140625
1632 0.9140625
1633 0.9140625
1634 0.9140625
1635 0.9140625
1636 0.9140625
1637 0.9140625
1638 0.9140625
1639 0.9140625
1640 0.9140625
1641 0.9140625
1642 0.9140625
1643 0.9140625
1644 0.9140625
1645 0.9140625
1646 0.9140625
1647 0.9140625
1648 0.9140625
1649 0.9140625
1650 0.9140625
1651 0.9140625
1652 0.9140625
1653 0.9140625
1654 0.9140625
1655 0.9140625
1656 0.9140625
1657 0.9140625
1658 0.9140625
1659 0.9140625
1660 0.9140625
1661 0.9140625
1662 0.9140625
1663 0.9140625
1664 0.9140625
1665 0.9140625
1666 0.9140625
1667 0.9140625
1668 0.9140625
1669 0.9140625
1670 0.9140625
1671 0.9140625
1672 0.9140625
1673 0.9140625
1674 0.9140625
1675 0.9140625
1676 0.9140625
1677 0.9140625
1678 0.9140625
1679 0.9140625
1680 0.9140625
1681 0.9140625
1682 0.9140625
1683 0.9140625
1684 0.9140625
1685 0.9140625
1686 0.9140625
1687 0.9140625
1688 0.9140625
1689 0.9140625
1690 0.9140625
1691 0.9140625
1692 0.9140625
1693 0.9140625
1694 0.9140625
1695 0.9140625
1696 0.9140625
1697 0.9140625
1698 0.9140625
1699 0.9140625
1700 0.9140625
1701 0.9140625
1702 0.9140625
1703 0.9140625
1704 0.9140625
1705 0.9140625
1706 0.9140625
1707 0.9140625
1708 0.9140625
1709 0.9140625
1710 0.9140625
1711 0.9140625
1712 0.9140625
1713 0.9140625
1714 0.9140625
1715 0.9140625
1716 0.9140625
1717 0.9140625
1718 0.9140625
1719 0.9140625
1720 0.9140625
1721 0.9140625
1722 0.9140625
1723 0.9140625
1724 0.9140625
1725 0.9140625
1726 0.9140625
1727 0.9140625
1728 0.9140625
1729 0.9140625
1730 0.9140625
1731 0.9140625
1732 0.9140625
1733 0.9140625
1734 0.9140625
1735 0.9140625
1736 0.9140625
1737 0.9140625
1738 0.9140625
1739 0.9140625
1740 0.9140625
1741 0.9140625
1742 0.9140625
1743 0.9140625
1744 0.9140625
1745 0.9140625
1746 0.9140625
1747 0.9140625
1748 0.9140625
1749 0.9140625
1750 0.9140625
1751 0.9140625
1752 0.9140625
1753 0.9140625
1754 0.9140625
1755 0.9140625
1756 0.9140625
1757 0.9140625
1758 0.9140625
1759 0.9140625
1760 0.9140625
1761 0.9140625
1762 0.9140625
1763 0.9140625
1764 0.9140625
1765 0.9140625
1766 0.9140625
1767 0.9140625
1768 0.9140625
1769 0.9140625
1770 0.9140625
1771 0.9140625
1772 0.9140625
1773 0.9140625
1774 0.9140625
1775 0.9140625
1776 0.9140625
1777 0.9140625
1778 0.9140625
1779 0.9140625
1780 0.9140625
1781 0.9140625
1782 0.9140625
1783 0.9140625
1784 0.9140625
1785 0.9140625
1786 0.9140625
1787 0.9140625
1788 0.9140625
1789 0.9140625
1790 0.9140625
1791 0.9140625
1792 0.9140625
1793 0.9140625
1794 0.9140625
1795 0.9140625
1796 0.9140625
1797 0.9140625
1798 0.9140625
1799 0.9140625
1800 0.9140625
1801 0.9140625
1802 0.9140625
1803 0.9140625
1804 0.9140625
1805 0.9140625
1806 0.9140625
1807 0.9140625
1808 0.9140625
1809 0.9140625
1810 0.9140625
1811 0.9140625
1812 0.9140625
1813 0.9140625
1814 0.9140625
1815 0.9140625
1816 0.9140625
1817 0.9140625
1818 0.9140625
1819 0.9140625
1820 0.9140625
1821 0.9140625
1822 0.9140625
1823 0.9140625
1824 0.9140625
1825 0.9140625
1826 0.9140625
1827 0.9140625
1828 0.9140625
1829 0.9140625
1830 0.9140625
1831 0.9140625
1832 0.9140625
1833 0.9140625
1834 0.9140625
1835 0.9140625
1836 0.9140625
1837 0.9140625
1838 0.9140625
1839 0.9140625
1840 0.9140625
1841 0.9140625
1842 0.9140625
1843 0.9140625
1844 0.9140625
1845 0.9140625
1846 0.9140625
1847 0.9140625
1848 0.9140625
1849 0.9140625
1850 0.9140625
1851 0.9140625
1852 0.9140625
1853 0.9140625
1854 0.9140625
1855 0.9140625
1856 0.9140625
1857 0.9140625
1858 0.9140625
1859 0.9140625
1860 0.9140625
1861 0.9140625
1862 0.9140625
1863 0.9140625
1864 0.9140625
1865 0.9140625
1866 0.9140625
1867 0.9140625
1868 0.9140625
1869 0.9140625
1870 0.9140625
1871 0.9140625
1872 0.9140625
1873 0.9140625
1874 0.9140625
1875 0.9140625
1876 0.9140625
1877 0.9140625
1878 0.9140625
1879 0.9140625
1880 0.9140625
1881 0.9140625
1882 0.9140625
1883 0.9140625
1884 0.9140625
1885 0.9140625
1886 0.9140625
1887 0.9140625
1888 0.9140625
1889 0.9140625
1890 0.9140625
1891 0.9140625
1892 0.9140625
1893 0.9140625
1894 0.9140625
1895 0.9140625
1896 0.9140625
1897 0.9140625
1898 0.9140625
1899 0.9140625
1900 0.9140625
1901 0.9140625
1902 0.9140625
1903 0.9140625
1904 0.9140625
1905 0.9140625
1906 0.9140625
1907 0.9140625
1908 0.9140625
1909 0.9140625
1910 0.9140625
1911 0.9140625
1912 0.9140625
1913 0.9140625
1914 0.9140625
1915 0.9140625
1916 0.9140625
1917 0.9140625
1918 0.9140625
1919 0.9140625
1920 0.9140625
1921 0.9140625
1922 0.9140625
1923 0.9140625
1924 0.9140625
1925 0.9140625
1926 0.9140625
1927 0.9140625
1928 0.9140625
1929 0.9140625
1930 0.9140625
1931 0.9140625
1932 0.9140625
1933 0.9140625
1934 0.9140625
1935 0.9140625
1936 0.9140625
1937 0.9140625
1938 0.9140625
1939 0.9140625
1940 0.9140625
1941 0.9140625
1942 0.9140625
1943 0.9140625
1944 0.9140625
1945 0.9140625
1946 0.9140625
1947 0.9140625
1948 0.9140625
1949 0.9140625
1950 0.9140625
1951 0.9140625
1952 0.9140625
1953 0.9140625
1954 0.9140625
1955 0.9140625
1956 0.9140625
1957 0.9140625
1958 0.9140625
1959 0.9140625
1960 0.9140625
1961 0.9140625
1962 0.9140625
1963 0.9140625
1964 0.9140625
1965 0.9140625
1966 0.9140625
1967 0.9140625
1968 0.9140625
1969 0.9140625
1970 0.9140625
1971 0.9140625
1972 0.9140625
1973 0.9140625
1974 0.9140625
1975 0.9140625
1976 0.9140625
1977 0.9140625
1978 0.9140625
1979 0.9140625
1980 0.9140625
1981 0.9140625
1982 0.9140625
1983 0.9140625
1984 0.9140625
1985 0.9140625
1986 0.9140625
1987 0.9140625
1988 0.9140625
1989 0.9140625
1990 0.9140625
1991 0.9140625
1992 0.9140625
1993 0.9140625
1994 0.9140625
1995 0.9140625
1996 0.9140625
1997 0.9140625
1998 0.9140625
1999 0.9140625
2000 0.9140625
2001 0.9140625
2002 0.9140625
2003 0.9140625
2004 0.9140625
2005 0.9140625
2006 0.9140625
2007 0.9140625
2008 0.9140625
2009 0.9140625
2010 0.9140625
2011 0.9140625
2012 0.9140625
2013 0.9140625
2014 0.9140625
2015 0.9140625
2016 0.9140625
2017 0.9140625
2018 0.9140625
2019 0.9140625
2020 0.9140625
2021 0.9140625
2022 0.9140625
2023 0.9140625
2024 0.9140625
2025 0.9140625
2026 0.9140625
2027 0.9140625
2028 0.9140625
2029 0.9140625
2030 0.9140625
2031 0.9140625
2032 0.9140625
2033 0.9140625
2034 0.9140625
2035 0.9140625
2036 0.9140625
2037 0.9140625
2038 0.9140625
2039 0.9140625
2040 0.9140625
2041 0.9140625
2042 0.9140625
2043 0.9140625
2044 0.9140625
2045 0.9140625
2046 0.9140625
2047 0.9140625
2048 0.9140625
2049 0.9140625
2050 0.9140625
2051 0.9140625
2052 0.9140625
2053 0.9140625
2054 0.9140625
2055 0.9140625
2056 0.9140625
2057 0.9140625
2058 0.9140625
2059 0.9140625
2060 0.9140625
2061 0.9140625
2062 0.9140625
2063 0.9140625
2064 0.9140625
2065 0.9140625
2066 0.9140625
2067 0.9140625
2068 0.9140625
2069 0.9140625
2070 0.9140625
2071 0.9140625
2072 0.9140625
2073 0.9140625
2074 0.9140625
2075 0.9140625
2076 0.9140625
2077 0.9140625
2078 0.9140625
2079 0.9140625
2080 0.9140625
2081 0.9140625
2082 0.9140625
2083 0.9140625
2084 0.9140625
2085 0.9140625
2086 0.9140625
2087 0.9140625
2088 0.9140625
2089 0.9140625
2090 0.9140625
2091 0.9140625
2092 0.9140625
2093 0.9140625
2094 0.9140625
2095 0.9140625
2096 0.9140625
2097 0.9140625
2098 0.9140625
2099 0.9140625
2100 0.9140625
2101 0.9140625
2102 0.9140625
2103 0.9140625
2104 0.9140625
2105 0.9140625
2106 0.9140625
2107 0.9140625
2108 0.9140625
2109 0.9140625
2110 0.9140625
2111 0.9140625
2112 0.9140625
2113 0.9140625
2114 0.9140625
2115 0.9140625
2116 0.9140625
2117 0.9140625
2118 0.9140625
2119 0.9140625
2120 0.9140625
2121 0.9140625
2122 0.9140625
2123 0.9140625
2124 0.9140625
2125 0.9140625
2126 0.9140625
2127 0.9140625
2128 0.9140625
2129 0.9140625
2130 0.9140625
2131 0.9140625
2132 0.9140625
2133 0.9140625
2134 0.9140625
2135 0.9140625
2136 0.9140625
2137 0.9140625
2138 0.9140625
2139 0.9140625
2140 0.9140625
2141 0.9140625
2142 0.9140625
2143 0.9140625
2144 0.9140625
2145 0.9140625
2146 0.9140625
2147 0.9140625
2148 0.9140625
2149 0.9140625
2150 0.9140625
2151 0.9140625
2152 0.9140625
2153 0.9140625
2154 0.9140625
2155 0.9140625
2156 0.9140625
2157 0.9140625
2158 0.9140625
2159 0.9140625
2160 0.9140625
2161 0.9140625
2162 0.9140625
2163 0.9140625
2164 0.9140625
2165 0.9140625
2166 0.9140625
2167 0.9140625
2168 0.9140625
2169 0.9140625
2170 0.9140625
2171 0.9140625
2172 0.9140625
2173 0.9140625
2174 0.9140625
2175 0.9140625
2176 0.9140625
2177 0.9140625
2178 0.9140625
2179 0.9140625
2180 0.9140625
2181 0.9140625
2182 0.9140625
2183 0.9140625
2184 0.9140625
2185 0.9140625
2186 0.9140625
2187 0.9140625
2188 0.9140625
2189 0.9140625
2190 0.9140625
2191 0.9140625
2192 0.9140625
2193 0.9140625
2194 0.9140625
2195 0.9140625
2196 0.9140625
2197 0.9140625
2198 0.9140625
2199 0.9140625
2200 0.9140625
2201 0.9140625
2202 0.9140625
2203 0.9140625
2204 0.9140625
2205 0.9140625
2206 0.9140625
2207 0.9140625
2208 0.9140625
2209 0.9140625
2210 0.9140625
2211 0.9140625
2212 0.9140625
2213 0.9140625
2214 0.9140625
2215 0.9140625
2216 0.9140625
2217 0.9140625
2218 0.9140625
2219 0.9140625
2220 0.9140625
2221 0.9140625
2222 0.9140625
2223 0.9140625
2224 0.9140625
2225 0.9140625
2226 0.9140625
2227 0.9140625
2228 0.9140625
2229 0.9140625
2230 0.9140625
2231 0.9140625
2232 0.9140625
2233 0.9140625
2234 0.9140625
2235 0.9140625
2236 0.9140625
2237 0.9140625
2238 0.9140625
2239 0.9140625
2240 0.9140625
2241 0.9140625
2242 0.9140625
2243 0.9140625
2244 0.9140625
2245 0.9140625
2246 0.9140625
2247 0.9140625
2248 0.9140625
2249 0.9140625
2250 0.9140625
2251 0.9140625
2252 0.9140625
2253 0.9140625
2254 0.9140625
2255 0.9140625
2256 0.9140625
2257 0.9140625
2258 0.9140625
2259 0.9140625
2260 0.9140625
2261 0.9140625
2262 0.9140625
2263 0.9140625
2264 0.9140625
2265 0.9140625
2266 0.9140625
2267 0.9140625
2268 0.9140625
2269 0.9140625
2270 0.9140625
2271 0.9140625
2272 0.9140625
2273 0.9140625
2274 0.9140625
2275 0.9140625
2276 0.9140625
2277 0.9140625
2278 0.9140625
2279 0.9140625
2280 0.9140625
2281 0.9140625
2282 0.9140625
2283 0.9140625
2284 0.9140625
2285 0.9140625
2286 0.9140625
2287 0.9140625
2288 0.9140625
2289 0.9140625
2290 0.9140625
2291 0.9140625
2292 0.9140625
2293 0.9140625
2294 0.9140625
2295 0.9140625
2296 0.9140625
2297 0.9140625
2298 0.9140625
2299 0.9140625
2300 0.9140625
2301 0.9140625
2302 0.9140625
2303 0.9140625
2304 0.9140625
2305 0.9140625
2306 0.9140625
2307 0.9140625
2308 0.9140625
2309 0.9140625
2310 0.9140625
2311 0.9140625
2312 0.9140625
2313 0.9140625
2314 0.9140625
2315 0.9140625
2316 0.9140625
2317 0.9140625
2318 0.9140625
2319 0.9140625
2320 0.9140625
2321 0.9140625
2322 0.9140625
2323 0.9140625
2324 0.9140625
2325 0.9140625
2326 0.9140625
2327 0.9140625
2328 0.9140625
2329 0.9140625
2330 0.9140625
2331 0.9140625
2332 0.9140625
2333 0.9140625
2334 0.9140625
2335 0.9140625
2336 0.9140625
2337 0.9140625
2338 0.9140625
2339 0.9140625
2340 0.9140625
2341 0.9140625
2342 0.9140625
2343 0.9140625
2344 0.9140625
2345 0.9140625
2346 0.9140625
2347 0.9140625
2348 0.9140625
2349 0.9140625
2350 0.9140625
2351 0.9140625
2352 0.9140625
2353 0.9140625
2354 0.9140625
2355 0.9140625
2356 0.9140625
2357 0.9140625
2358 0.9140625
2359 0.9140625
2360 0.9140625
2361 0.9140625
2362 0.9140625
2363 0.9140625
2364 0.9140625
2365 0.9140625
2366 0.9140625
2367 0.9140625
2368 0.9140625
2369 0.9140625
2370 0.9140625
2371 0.9140625
2372 0.9140625
2373 0.9140625
2374 0.9140625
2375 0.9140625
2376 0.9140625
2377 0.9140625
2378 0.9140625
2379 0.9140625
2380 0.9140625
2381 0.9140625
2382 0.9140625
2383 0.9140625
2384 0.9140625
2385 0.9140625
2386 0.9140625
2387 0.9140625
2388 0.9140625
2389 0.9140625
2390 0.9140625
2391 0.9140625
2392 0.9140625
2393 0.9140625
2394 0.9140625
2395 0.9140625
2396 0.9140625
2397 0.9140625
2398 0.9140625
2399 0.9140625
2400 0.9140625
2401 0.9140625
2402 0.9140625
2403 0.9140625
2404 0.9140625
2405 0.9140625
2406 0.9140625
2407 0.9140625
2408 0.9140625
2409 0.9140625
2410 0.9140625
2411 0.9140625
2412 0.9140625
2413 0.9140625
2414 0.9140625
2415 0.9140625
2416 0.9140625
2417 0.9140625
2418 0.9140625
2419 0.9140625
2420 0.9140625
2421 0.9140625
2422 0.9140625
2423 0.9140625
2424 0.9140625
2425 0.9140625
2426 0.9140625
2427 0.9140625
2428 0.9140625
2429 0.9140625
2430 0.9140625
2431 0.9140625
2432 0.9140625
2433 0.9140625
2434 0.9140625
2435 0.9140625
2436 0.9140625
2437 0.9140625
2438 0.9140625
2439 0.9140625
2440 0.9140625
2441 0.9140625
2442 0.9140625
2443 0.9140625
2444 0.9140625
2445 0.9140625
2446 0.9140625
2447 0.9140625
2448 0.9140625
2449 0.9140625
2450 0.9140625
2451 0.9140625
2452 0.9140625
2453 0.9140625
2454 0.9140625
2455 0.9140625
2456 0.9140625
2457 0.9140625
2458 0.9140625
2459 0.9140625
2460 0.9140625
2461 0.9140625
2462 0.9140625
2463 0.9140625
2464 0.9140625
2465 0.9140625
2466 0.9140625
2467 0.9140625
2468 0.9140625
2469 0.9140625
2470 0.9140625
2471 0.9140625
2472 0.9140625
2473 0.9140625
2474 0.9140625
2475 0.9140625
2476 0.9140625
2477 0.9140625
2478 0.9140625
2479 0.9140625
2480 0.9140625
2481 0.9140625
2482 0.9140625
2483 0.9140625
2484 0.9140625
2485 0.9140625
2486 0.9140625
2487 0.9140625
2488 0.9140625
2489 0.9140625
2490 0.9140625
2491 0.9140625
2492 0.9140625
2493 0.9140625
2494 0.9140625
2495 0.9140625
2496 0.9140625
2497 0.9140625
2498 0.9140625
2499 0.9140625
