0 0.0
1 0.0
2 0.0
3 0.0
4 0.0
5 0.1
6 0.1
7 0.1
8 0.1
9 0.1
10 0.6
11 0.6
12 1.1333333333333333
13 1.1333333333333333
14 1.1333333333333333
15 1.1333333333333333
16 1.1333333333333333
17 1.1333333333333333
18 1.1333333333333333
19 1.1333333333333333
20 1.3
21 1.3
22 1.3
23 1.3
24 1.3333333333333333
25 1.3333333333333333
26 1.3333333333333333
27 1.3333333333333333
28 1.3333333333333333
29 1.3333333333333333
30 1.3333333333333333
31 1.3333333333333333
32 1.4
33 1.4333333333333333
34 1.4333333333333333
35 1.4333333333333333
36 1.4666666666666666
37 1.4666666666666666
38 1.4666666666666666
39 1.5666666666666667
40 1.5666666666666667
41 1.5666666666666667
42 1.5666666666666667
43 1.5666666666666667
44 1.5666666666666667
45 1.5666666666666667
46 1.5666666666666667
47 1.5666666666666667
48 1.6333333333333333
49 1.6333333333333333
50 1.6333333333333333
51 1.6333333333333333
52 1.6333333333333333
53 1.6333333333333333
54 1.6333333333333333
55 1.6333333333333333
56 1.6333333333333333
57 1.6333333333333333
58 1.6333333333333333
59 1.6333333333333333
60 1.6333333333333333
61 1.6333333333333333
62 1.6333333333333333
63 1.6333333333333333
64 1.6333333333333333
65 1.6333333333333333
66 1.6666666666666667
67 1.6666666666666667
68 1.6666666666666667
69 1.6666666666666667
70 1.7333333333333334
71 1.7333333333333334
72 1.7333333333333334
73 1.7333333333333334
74 1.7333333333333334
75 1.7333333333333334
76 1.7333333333333334
77 1.7333333333333334
78 1.7333333333333334
79 1.7333333333333334
80 1.7333333333333334
81 1.7333333333333334
82 1.7333333333333334
83 1.7333333333333334
84 1.7333333333333334
85 1.7333333333333334
86 1.7333333333333334
87 1.7333333333333334
88 1.7333333333333334
89 1.7333333333333334
90 1.7333333333333334
91 1.7333333333333334
92 1.7333333333333334
93 1.7333333333333334
94 1.7333333333333334
95 1.8
96 1.8
97 1.8
98 1.8
99 1.8
100 1.8
101 1.8
102 1.8
103 1.8
104 1.8
105 1.8
106 1.8
107 1.8
108 1.8
109 1.8
110 1.8
111 1.8
112 1.8
113 1.8
114 1.8
115 1.8
116 1.8
117 1.8
118 1.8
119 1.8
120 1.8
121 1.8
122 1.8
123 1.8
124 1.8
125 1.8
126 1.8
127 1.8
128 1.8
129 1.8
130 1.8
131 1.8
132 1.8666666666666667
133 1.8666666666666667
134 1.8666666666666667
135 1.8666666666666667
136 1.8666666666666667
137 1.8666666666666667
138 1.8666666666666667
139 1.8666666666666667
140 1.8666666666666667
141 1.8666666666666667
142 1.8666666666666667
143 1.8666666666666667
144 1.8666666666666667
145 1.8666666666666667
146 1.8666666666666667
147 1.8666666666666667
148 1.9
149 1.9
150 1.9
151 1.9
152 1.9
153 1.9
154 1.9
155 1.9
156 1.9
157 1.9
158 1.9
159 1.9
160 1.9
161 1.9
162 1.9
163 1.9
164 1.9
165 1.9
166 1.9
167 1.9
168 1.9
169 1.9
170 1.9
171 1.9
172 1.9
173 1.9
174 1.9
175 1.9
176 1.9
177 1.9
178 1.9
179 1.9
180 1.9
181 1.9
182 1.9
183 1.9
184 1.9
185 1.9
186 1.9
187 1.9
188 1.9
189 1.9
190 1.9
191 1.9
192 1.9
193 1.9
194 1.9
195 1.9
196 1.9
197 1.9
198 1.9
199 1.9
200 1.9
201 1.9
202 1.9
203 1.9
204 1.9
205 1.9
206 1.9
207 1.9
208 1.9
209 1.9
210 1.9
211 1.9
212 1.9
213 1.9
214 1.9
215 1.9
216 1.9
217 1.9
218 1.9
219 1.9
220 1.9
221 1.9
222 1.9
223 1.9
224 1.9
225 1.9
226 1.9
227 1.9
228 1.9
229 1.9
230 1.9
231 2.0
232 2.0
233 2.0
234 2.0
235 2.0
236 2.0
237 2.0
238 2.0
239 2.0
240 2.0
241 2.0
242 2.0
243 2.0
244 2.0
245 2.0
246 2.0
247 2.0
248 2.0
249 2.0
250 2.0
251 2.0
252 2.0
253 2.0
254 2.0
255 2.0
256 2.0
257 2.0
258 2.0
259 2.0
260 2.0
261 2.0
262 2.0
263 2.0
264 2.0
265 2.0
266 2.0
267 2.0
268 2.0
269 2.0
270 2.033333333333333
271 2.033333333333333
272 2.033333333333333
273 2.033333333333333
274 2.1
275 2.1
276 2.1
277 2.1
278 2.1
279 2.1
280 2.1
281 2.1
282 2.1
283 2.1
284 2.1
285 2.1
286 2.1
287 2.1
288 2.1
289 2.1
290 2.1
291 2.1
292 2.1
293 2.1
294 2.1
295 2.1
296 2.1
297 2.1
298 2.1
299 2.1
300 2.1
301 2.1
302 2.1
303 2.1
304 2.1
305 2.1
306 2.1
307 2.1
308 2.1
309 2.1
310 2.1
311 2.1
312 2.1
313 2.1
314 2.1
315 2.1
316 2.1
317 2.1
318 2.1
319 2.1
320 2.1
321 2.1
322 2.1
323 2.1
324 2.1
325 2.1
326 2.1
327 2.1
328 2.1
329 2.1
330 2.1
331 2.1
332 2.1
333 2.1
334 2.1
335 2.1
336 2.1
337 2.1
338 2.1
339 2.1
340 2.1
341 2.1
342 2.1
343 2.1
344 2.1
345 2.1
346 2.1
347 2.1
348 2.1
349 2.1
350 2.1
351 2.1
352 2.1
353 2.1
354 2.1
355 2.1
356 2.1
357 2.1
358 2.1
359 2.1
360 2.1
361 2.1
362 2.1
363 2.1
364 2.1
365 2.1
366 2.1
367 2.1
368 2.1
369 2.1
370 2.1
371 2.1
372 2.1
373 2.1
374 2.1
375 2.1
376 2.1
377 2.1
378 2.1
379 2.1
380 2.1
381 2.1
382 2.1
383 2.1
384 2.1
385 2.1
386 2.1
387 2.1
388 2.1
389 2.1
390 2.1
391 2.1
392 2.1
393 2.1
394 2.1
395 2.1
396 2.1
397 2.1
398 2.1
399 2.1
400 2.1
401 2.1
402 2.1
403 2.1
404 2.1
405 2.1
406 2.1
407 2.1
408 2.1
409 2.1
410 2.1
411 2.1
412 2.1
413 2.1
414 2.1
415 2.1
416 2.1
417 2.1
418 2.1
419 2.1
420 2.1
421 2.1
422 2.1333333333333333
423 2.1333333333333333
424 2.1333333333333333
425 2.1333333333333333
426 2.1333333333333333
427 2.1333333333333333
428 2.1333333333333333
429 2.1333333333333333
430 2.1333333333333333
431 2.1333333333333333
432 2.1333333333333333
433 2.1333333333333333
434 2.1333333333333333
435 2.1333333333333333
436 2.1333333333333333
437 2.1333333333333333
438 2.1333333333333333
439 2.1333333333333333
440 2.1333333333333333
441 2.1333333333333333
442 2.1333333333333333
443 2.1333333333333333
444 2.1333333333333333
445 2.1333333333333333
446 2.1333333333333333
447 2.1333333333333333
448 2.1333333333333333
449 2.1333333333333333
450 2.1333333333333333
451 2.1333333333333333
452 2.1333333333333333
453 2.1333333333333333
454 2.1333333333333333
455 2.1333333333333333
456 2.1333333333333333
457 2.1333333333333333
458 2.1333333333333333
459 2.1333333333333333
460 2.1333333333333333
461 2.1333333333333333
462 2.1333333333333333
463 2.1333333333333333
464 2.1333333333333333
465 2.1333333333333333
466 2.1333333333333333
467 2.1333333333333333
468 2.1333333333333333
469 2.1333333333333333
470 2.1333333333333333
471 2.1333333333333333
472 2.1333333333333333
473 2.1333333333333333
474 2.1333333333333333
475 2.1333333333333333
476 2.1333333333333333
477 2.1333333333333333
478 2.1333333333333333
479 2.1333333333333333
480 2.1333333333333333
481 2.1333333333333333
482 2.1333333333333333
483 2.1333333333333333
484 2.1333333333333333
485 2.1333333333333333
486 2.1333333333333333
487 2.1333333333333333
488 2.1333333333333333
489 2.1333333333333333
490 2.1333333333333333
491 2.1333333333333333
492 2.1333333333333333
493 2.1333333333333333
494 2.1333333333333333
495 2.1333333333333333
496 2.1333333333333333
497 2.1333333333333333
498 2.1333333333333333
499 2.1333333333333333
500 2.1333333333333333
501 2.1333333333333333
502 2.1333333333333333
503 2.1333333333333333
504 2.1333333333333333
505 2.1333333333333333
506 2.1333333333333333
507 2.1333333333333333
508 2.1666666666666665
509 2.1666666666666665
510 2.1666666666666665
511 2.1666666666666665
512 2.1666666666666665
513 2.1666666666666665
514 2.1666666666666665
515 2.1666666666666665
516 2.1666666666666665
517 2.1666666666666665
518 2.1666666666666665
519 2.1666666666666665
520 2.1666666666666665
521 2.1666666666666665
522 2.1666666666666665
523 2.1666666666666665
524 2.1666666666666665
525 2.1666666666666665
526 2.1666666666666665
527 2.1666666666666665
528 2.1666666666666665
529 2.1666666666666665
530 2.1666666666666665
531 2.1666666666666665
532 2.1666666666666665
533 2.1666666666666665
534 2.1666666666666665
535 2.1666666666666665
536 2.1666666666666665
537 2.1666666666666665
538 2.1666666666666665
539 2.1666666666666665
540 2.1666666666666665
541 2.1666666666666665
542 2.1666666666666665
543 2.1666666666666665
544 2.1666666666666665
545 2.1666666666666665
546 2.1666666666666665
547 2.1666666666666665
548 2.1666666666666665
549 2.1666666666666665
550 2.1666666666666665
551 2.1666666666666665
552 2.1666666666666665
553 2.1666666666666665
554 2.1666666666666665
555 2.1666666666666665
556 2.2333333333333334
557 2.2333333333333334
558 2.2333333333333334
559 2.2333333333333334
560 2.2333333333333334
561 2.2333333333333334
562 2.2333333333333334
563 2.2333333333333334
564 2.2333333333333334
565 2.2333333333333334
566 2.2333333333333334
567 2.2333333333333334
568 2.2333333333333334
569 2.2333333333333334
570 2.2333333333333334
571 2.2333333333333334
572 2.2333333333333334
573 2.2333333333333334
574 2.2333333333333334
575 2.2333333333333334
576 2.2333333333333334
577 2.2333333333333334
578 2.2333333333333334
579 2.2333333333333334
580 2.2333333333333334
581 2.2333333333333334
582 2.2333333333333334
583 2.2333333333333334
584 2.2333333333333334
585 2.2333333333333334
586 2.2333333333333334
587 2.2333333333333334
588 2.2333333333333334
589 2.2333333333333334
590 2.2333333333333334
591 2.2333333333333334
592 2.2333333333333334
593 2.2333333333333334
594 2.2333333333333334
595 2.2333333333333334
596 2.2333333333333334
597 2.2333333333333334
598 2.2333333333333334
599 2.2333333333333334
600 2.2333333333333334
601 2.2333333333333334
602 2.2333333333333334
603 2.2333333333333334
604 2.2333333333333334
605 2.2333333333333334
606 2.2333333333333334
607 2.2333333333333334
608 2.2333333333333334
609 2.2333333333333334
610 2.2333333333333334
611 2.2333333333333334
612 2.2333333333333334
613 2.2333333333333334
614 2.2333333333333334
615 2.2333333333333334
616 2.2333333333333334
617 2.2333333333333334
618 2.2333333333333334
619 2.2333333333333334
620 2.2333333333333334
621 2.2333333333333334
622 2.2333333333333334
623 2.2333333333333334
624 2.2333333333333334
625 2.2333333333333334
626 2.2333333333333334
627 2.2333333333333334
628 2.2333333333333334
629 2.2333333333333334
630 2.2333333333333334
631 2.2333333333333334
632 2.2333333333333334
633 2.2333333333333334
634 2.2333333333333334
635 2.2333333333333334
636 2.2333333333333334
637 2.2333333333333334
638 2.2333333333333334
639 2.2333333333333334
640 2.2333333333333334
641 2.2333333333333334
642 2.2333333333333334
643 2.2333333333333334
644 2.2333333333333334
645 2.2333333333333334
646 2.2333333333333334
647 2.2333333333333334
648 2.2333333333333334
649 2.2333333333333334
650 2.2333333333333334
651 2.2333333333333334
652 2.2333333333333334
653 2.2333333333333334
654 2.2333333333333334
655 2.2333333333333334
656 2.2333333333333334
657 2.2333333333333334
658 2.2333333333333334
659 2.2333333333333334
660 2.2333333333333334
661 2.2333333333333334
662 2.2333333333333334
663 2.2333333333333334
664 2.2333333333333334
665 2.2333333333333334
666 2.2333333333333334
667 2.2333333333333334
668 2.2333333333333334
669 2.2333333333333334
670 2.2333333333333334
671 2.2333333333333334
672 2.2333333333333334
673 2.2333333333333334
674 2.2333333333333334
675 2.2333333333333334
676 2.2333333333333334
677 2.2333333333333334
678 2.2333333333333334
679 2.2333333333333334
680 2.2333333333333334
681 2.2333333333333334
682 2.2333333333333334
683 2.2333333333333334
684 2.2333333333333334
685 2.2333333333333334
686 2.2333333333333334
687 2.2333333333333334
688 2.2333333333333334
689 2.2333333333333334
690 2.2333333333333334
691 2.2333333333333334
692 2.2333333333333334
693 2.2333333333333334
694 2.2333333333333334
695 2.2333333333333334
696 2.2333333333333334
697 2.2333333333333334
698 2.2333333333333334
699 2.2333333333333334
700 2.2333333333333334
701 2.2333333333333334
702 2.2333333333333334
703 2.2333333333333334
704 2.2333333333333334
705 2.2333333333333334
706 2.2333333333333334
707 2.2333333333333334
708 2.2333333333333334
709 2.2333333333333334
710 2.2333333333333334
711 2.2333333333333334
712 2.2333333333333334
713 2.2333333333333334
714 2.2333333333333334
715 2.2333333333333334
716 2.2333333333333334
717 2.2333333333333334
718 2.2333333333333334
719 2.2333333333333334
720 2.2333333333333334
721 2.2333333333333334
722 2.2333333333333334
723 2.2333333333333334
724 2.2333333333333334
725 2.2333333333333334
726 2.2333333333333334
727 2.2333333333333334
728 2.2666666666666666
729 2.2666666666666666
730 2.2666666666666666
731 2.2666666666666666
732 2.2666666666666666
733 2.2666666666666666
734 2.2666666666666666
735 2.2666666666666666
736 2.2666666666666666
737 2.2666666666666666
738 2.2666666666666666
739 2.2666666666666666
740 2.2666666666666666
741 2.2666666666666666
742 2.2666666666666666
743 2.2666666666666666
744 2.2666666666666666
745 2.2666666666666666
746 2.2666666666666666
747 2.2666666666666666
748 2.2666666666666666
749 2.2666666666666666
750 2.2666666666666666
751 2.2666666666666666
752 2.2666666666666666
753 2.2666666666666666
754 2.2666666666666666
755 2.2666666666666666
756 2.2666666666666666
757 2.2666666666666666
758 2.2666666666666666
759 2.2666666666666666
760 2.2666666666666666
761 2.2666666666666666
762 2.2666666666666666
763 2.2666666666666666
764 2.2666666666666666
765 2.2666666666666666
766 2.2666666666666666
767 2.2666666666666666
768 2.2666666666666666
769 2.2666666666666666
770 2.2666666666666666
771 2.2666666666666666
772 2.2666666666666666
773 2.2666666666666666
774 2.2666666666666666
775 2.2666666666666666
776 2.2666666666666666
777 2.2666666666666666
778 2.2666666666666666
779 2.2666666666666666
780 2.2666666666666666
781 2.2666666666666666
782 2.2666666666666666
783 2.2666666666666666
784 2.2666666666666666
785 2.2666666666666666
786 2.2666666666666666
787 2.2666666666666666
788 2.2666666666666666
789 2.2666666666666666
790 2.3666666666666667
791 2.3666666666666667
792 2.3666666666666667
793 2.3666666666666667
794 2.3666666666666667
795 2.3666666666666667
796 2.3666666666666667
797 2.3666666666666667
798 2.3666666666666667
799 2.3666666666666667
800 2.3666666666666667
801 2.3666666666666667
802 2.3666666666666667
803 2.3666666666666667
804 2.3666666666666667
805 2.3666666666666667
806 2.3666666666666667
807 2.3666666666666667
808 2.3666666666666667
809 2.3666666666666667
810 2.3666666666666667
811 2.3666666666666667
812 2.3666666666666667
813 2.3666666666666667
814 2.3666666666666667
815 2.3666666666666667
816 2.3666666666666667
817 2.3666666666666667
818 2.3666666666666667
819 2.3666666666666667
820 2.3666666666666667
821 2.3666666666666667
822 2.3666666666666667
823 2.3666666666666667
824 2.3666666666666667
825 2.3666666666666667
826 2.3666666666666667
827 2.3666666666666667
828 2.3666666666666667
829 2.3666666666666667
830 2.3666666666666667
831 2.3666666666666667
832 2.3666666666666667
833 2.3666666666666667
834 2.3666666666666667
835 2.3666666666666667
836 2.3666666666666667
837 2.3666666666666667
838 2.3666666666666667
839 2.3666666666666667
840 2.3666666666666667
841 2.3666666666666667
842 2.3666666666666667
843 2.3666666666666667
844 2.3666666666666667
845 2.3666666666666667
846 2.3666666666666667
847 2.3666666666666667
848 2.3666666666666667
849 2.3666666666666667
850 2.3666666666666667
851 2.3666666666666667
852 2.3666666666666667
853 2.3666666666666667
854 2.3666666666666667
855 2.3666666666666667
856 2.3666666666666667
857 2.3666666666666667
858 2.3666666666666667
859 2.3666666666666667
860 2.3666666666666667
861 2.3666666666666667
862 2.3666666666666667
863 2.3666666666666667
864 2.3666666666666667
865 2.3666666666666667
866 2.3666666666666667
867 2.3666666666666667
868 2.3666666666666667
869 2.3666666666666667
870 2.3666666666666667
871 2.3666666666666667
872 2.3666666666666667
873 2.3666666666666667
874 2.3666666666666667
875 2.3666666666666667
876 2.3666666666666667
877 2.3666666666666667
878 2.3666666666666667
879 2.3666666666666667
880 2.3666666666666667
881 2.3666666666666667
882 2.3666666666666667
883 2.3666666666666667
884 2.3666666666666667
885 2.3666666666666667
886 2.3666666666666667
887 2.3666666666666667
888 2.3666666666666667
889 2.3666666666666667
890 2.3666666666666667
891 2.3666666666666667
892 2.433333333333333
893 2.433333333333333
894 2.433333333333333
895 2.433333333333333
896 2.433333333333333
897 2.433333333333333
898 2.433333333333333
899 2.433333333333333
900 2.433333333333333
901 2.433333333333333
902 2.433333333333333
903 2.433333333333333
904 2.433333333333333
905 2.433333333333333
906 2.433333333333333
907 2.433333333333333
908 2.433333333333333
909 2.433333333333333
910 2.433333333333333
911 2.433333333333333
912 2.433333333333333
913 2.433333333333333
914 2.433333333333333
915 2.433333333333333
916 2.433333333333333
917 2.433333333333333
918 2.433333333333333
919 2.433333333333333
920 2.433333333333333
921 2.433333333333333
922 2.433333333333333
923 2.433333333333333
924 2.433333333333333
925 2.433333333333333
926 2.433333333333333
927 2.433333333333333
928 2.433333333333333
929 2.433333333333333
930 2.433333333333333
931 2.433333333333333
932 2.433333333333333
933 2.433333333333333
934 2.433333333333333
935 2.433333333333333
936 2.433333333333333
937 2.433333333333333
938 2.433333333333333
939 2.433333333333333
940 2.433333333333333
941 2.433333333333333
942 2.433333333333333
943 2.433333333333333
944 2.433333333333333
945 2.433333333333333
946 2.433333333333333
947 2.433333333333333
948 2.433333333333333
949 2.433333333333333
950 2.433333333333333
951 2.433333333333333
952 2.433333333333333
953 2.433333333333333
954 2.433333333333333
955 2.433333333333333
956 2.433333333333333
957 2.433333333333333
958 2.433333333333333
959 2.433333333333333
960 2.433333333333333
961 2.433333333333333
962 2.433333333333333
963 2.433333333333333
964 2.433333333333333
965 2.433333333333333
966 2.433333333333333
967 2.433333333333333
968 2.433333333333333
969 2.433333333333333
970 2.433333333333333
971 2.433333333333333
972 2.433333333333333
973 2.433333333333333
974 2.433333333333333
975 2.433333333333333
976 2.433333333333333
977 2.433333333333333
978 2.433333333333333
979 2.433333333333333
980 2.433333333333333
981 2.433333333333333
982 2.433333333333333
983 2.433333333333333
984 2.433333333333333
985 2.433333333333333
986 2.433333333333333
987 2.433333333333333
988 2.433333333333333
989 2.433333333333333
990 2.433333333333333
991 2.433333333333333
992 2.433333333333333
993 2.433333333333333
994 2.433333333333333
995 2.433333333333333
996 2.433333333333333
997 2.433333333333333
998 2.433333333333333
999 2.433333333333333
1000 2.433333333333333
1001 2.433333333333333
1002 2.433333333333333
1003 2.433333333333333
1004 2.433333333333333
1005 2.433333333333333
1006 2.433333333333333
1007 2.433333333333333
1008 2.433333333333333
1009 2.433333333333333
1010 2.433333333333333
1011 2.433333333333333
1012 2.433333333333333
1013 2.433333333333333
1014 2.433333333333333
1015 2.433333333333333
1016 2.433333333333333
1017 2.433333333333333
1018 2.433333333333333
1019 2.433333333333333
1020 2.433333333333333
1021 2.433333333333333
1022 2.433333333333333
1023 2.433333333333333
1024 2.433333333333333
1025 2.433333333333333
1026 2.433333333333333
1027 2.433333333333333
1028 2.433333333333333
1029 2.433333333333333
1030 2.433333333333333
1031 2.433333333333333
1032 2.433333333333333
1033 2.433333333333333
1034 2.433333333333333
1035 2.433333333333333
1036 2.433333333333333
1037 2.433333333333333
1038 2.433333333333333
1039 2.433333333333333
1040 2.433333333333333
1041 2.433333333333333
1042 2.433333333333333
1043 2.433333333333333
1044 2.433333333333333
1045 2.433333333333333
1046 2.433333333333333
1047 2.433333333333333
1048 2.433333333333333
1049 2.433333333333333
1050 2.433333333333333
1051 2.433333333333333
1052 2.433333333333333
1053 2.433333333333333
1054 2.433333333333333
1055 2.433333333333333
1056 2.433333333333333
1057 2.433333333333333
1058 2.433333333333333
1059 2.433333333333333
1060 2.433333333333333
1061 2.433333333333333
1062 2.433333333333333
1063 2.433333333333333
1064 2.433333333333333
1065 2.433333333333333
1066 2.433333333333333
1067 2.433333333333333
1068 2.433333333333333
1069 2.433333333333333
1070 2.433333333333333
1071 2.433333333333333
1072 2.433333333333333
1073 2.433333333333333
1074 2.433333333333333
1075 2.433333333333333
1076 2.433333333333333
1077 2.433333333333333
1078 2.433333333333333
1079 2.433333333333333
1080 2.433333333333333
1081 2.433333333333333
1082 2.433333333333333
1083 2.433333333333333
1084 2.433333333333333
1085 2.433333333333333
1086 2.433333333333333
1087 2.433333333333333
1088 2.433333333333333
1089 2.433333333333333
1090 2.433333333333333
1091 2.433333333333333
1092 2.433333333333333
1093 2.433333333333333
1094 2.433333333333333
1095 2.433333333333333
1096 2.433333333333333
1097 2.433333333333333
1098 2.433333333333333
1099 2.433333333333333
1100 2.433333333333333
1101 2.433333333333333
1102 2.433333333333333
1103 2.433333333333333
1104 2.433333333333333
1105 2.433333333333333
1106 2.433333333333333
1107 2.433333333333333
1108 2.433333333333333
1109 2.433333333333333
1110 2.433333333333333
1111 2.433333333333333
1112 2.433333333333333
1113 2.433333333333333
1114 2.433333333333333
1115 2.433333333333333
1116 2.433333333333333
1117 2.433333333333333
1118 2.433333333333333
1119 2.433333333333333
1120 2.433333333333333
1121 2.433333333333333
1122 2.433333333333333
1123 2.433333333333333
1124 2.433333333333333
1125 2.433333333333333
1126 2.433333333333333
1127 2.433333333333333
1128 2.433333333333333
1129 2.433333333333333
1130 2.433333333333333
1131 2.433333333333333
1132 2.433333333333333
1133 2.433333333333333
1134 2.433333333333333
1135 2.433333333333333
1136 2.433333333333333
1137 2.433333333333333
1138 2.433333333333333
1139 2.433333333333333
1140 2.433333333333333
1141 2.433333333333333
1142 2.433333333333333
1143 2.433333333333333
1144 2.433333333333333
1145 2.433333333333333
1146 2.433333333333333
1147 2.433333333333333
1148 2.433333333333333
1149 2.433333333333333
1150 2.433333333333333
1151 2.433333333333333
1152 2.433333333333333
1153 2.433333333333333
1154 2.433333333333333
1155 2.433333333333333
1156 2.433333333333333
1157 2.433333333333333
1158 2.433333333333333
1159 2.433333333333333
1160 2.433333333333333
1161 2.433333333333333
1162 2.433333333333333
1163 2.433333333333333
1164 2.433333333333333
1165 2.433333333333333
1166 2.433333333333333
1167 2.433333333333333
1168 2.433333333333333
1169 2.433333333333333
1170 2.433333333333333
1171 2.433333333333333
1172 2.433333333333333
1173 2.433333333333333
1174 2.433333333333333
1175 2.433333333333333
1176 2.433333333333333
1177 2.433333333333333
1178 2.433333333333333
1179 2.433333333333333
1180 2.433333333333333
1181 2.433333333333333
1182 2.433333333333333
1183 2.433333333333333
1184 2.433333333333333
1185 2.433333333333333
1186 2.433333333333333
1187 2.433333333333333
1188 2.433333333333333
1189 2.433333333333333
1190 2.433333333333333
1191 2.433333333333333
1192 2.433333333333333
1193 2.433333333333333
1194 2.433333333333333
1195 2.433333333333333
1196 2.433333333333333
1197 2.433333333333333
1198 2.433333333333333
1199 2.433333333333333
1200 2.433333333333333
1201 2.433333333333333
1202 2.433333333333333
1203 2.433333333333333
1204 2.433333333333333
1205 2.433333333333333
1206 2.433333333333333
1207 2.433333333333333
1208 2.433333333333333
1209 2.433333333333333
1210 2.433333333333333
1211 2.433333333333333
1212 2.433333333333333
1213 2.433333333333333
1214 2.433333333333333
1215 2.433333333333333
1216 2.433333333333333
1217 2.433333333333333
1218 2.433333333333333
1219 2.433333333333333
1220 2.433333333333333
1221 2.433333333333333
1222 2.433333333333333
1223 2.433333333333333
1224 2.433333333333333
1225 2.433333333333333
1226 2.433333333333333
1227 2.433333333333333
1228 2.433333333333333
1229 2.433333333333333
1230 2.433333333333333
1231 2.433333333333333
1232 2.433333333333333
1233 2.433333333333333
1234 2.433333333333333
1235 2.433333333333333
1236 2.433333333333333
1237 2.433333333333333
1238 2.433333333333333
1239 2.433333333333333
1240 2.433333333333333
1241 2.433333333333333
1242 2.433333333333333
1243 2.433333333333333
1244 2.433333333333333
1245 2.433333333333333
1246 2.433333333333333
1247 2.433333333333333
1248 2.433333333333333
1249 2.433333333333333
1250 2.433333333333333
1251 2.433333333333333
1252 2.433333333333333
1253 2.433333333333333
1254 2.433333333333333
1255 2.433333333333333
1256 2.433333333333333
1257 2.433333333333333
1258 2.433333333333333
1259 2.433333333333333
1260 2.433333333333333
1261 2.433333333333333
1262 2.433333333333333
1263 2.433333333333333
1264 2.433333333333333
1265 2.433333333333333
1266 2.433333333333333
1267 2.433333333333333
1268 2.433333333333333
1269 2.433333333333333
1270 2.433333333333333
1271 2.433333333333333
1272 2.433333333333333
1273 2.433333333333333
1274 2.433333333333333
1275 2.433333333333333
1276 2.433333333333333
1277 2.433333333333333
1278 2.433333333333333
1279 2.433333333333333
1280 2.433333333333333
1281 2.433333333333333
1282 2.433333333333333
1283 2.433333333333333
1284 2.433333333333333
1285 2.433333333333333
1286 2.433333333333333
1287 2.433333333333333
1288 2.433333333333333
1289 2.433333333333333
1290 2.433333333333333
1291 2.433333333333333
1292 2.433333333333333
1293 2.433333333333333
1294 2.433333333333333
1295 2.433333333333333
1296 2.433333333333333
1297 2.433333333333333
1298 2.433333333333333
1299 2.433333333333333
1300 2.433333333333333
1301 2.433333333333333
1302 2.433333333333333
1303 2.433333333333333
1304 2.433333333333333
1305 2.433333333333333
1306 2.433333333333333
1307 2.433333333333333
1308 2.433333333333333
1309 2.433333333333333
1310 2.433333333333333
1311 2.433333333333333
1312 2.433333333333333
1313 2.433333333333333
1314 2.433333333333333
1315 2.433333333333333
1316 2.433333333333333
1317 2.433333333333333
1318 2.433333333333333
1319 2.433333333333333
1320 2.433333333333333
1321 2.433333333333333
1322 2.433333333333333
1323 2.433333333333333
1324 2.433333333333333
1325 2.433333333333333
1326 2.433333333333333
1327 2.433333333333333
1328 2.433333333333333
1329 2.433333333333333
1330 2.433333333333333
1331 2.433333333333333
1332 2.433333333333333
1333 2.433333333333333
1334 2.433333333333333
1335 2.433333333333333
1336 2.433333333333333
1337 2.433333333333333
1338 2.433333333333333
1339 2.433333333333333
1340 2.433333333333333
1341 2.433333333333333
1342 2.433333333333333
1343 2.433333333333333
1344 2.433333333333333
1345 2.433333333333333
1346 2.433333333333333
1347 2.433333333333333
1348 2.433333333333333
1349 2.433333333333333
1350 2.433333333333333
1351 2.433333333333333
1352 2.433333333333333
1353 2.433333333333333
1354 2.433333333333333
1355 2.433333333333333
1356 2.433333333333333
1357 2.433333333333333
1358 2.433333333333333
1359 2.433333333333333
1360 2.433333333333333
1361 2.433333333333333
1362 2.433333333333333
1363 2.433333333333333
1364 2.433333333333333
1365 2.433333333333333
1366 2.433333333333333
1367 2.433333333333333
1368 2.433333333333333
1369 2.433333333333333
1370 2.433333333333333
1371 2.433333333333333
1372 2.433333333333333
1373 2.433333333333333
1374 2.433333333333333
1375 2.433333333333333
1376 2.433333333333333
1377 2.433333333333333
1378 2.433333333333333
1379 2.433333333333333
1380 2.433333333333333
1381 2.433333333333333
1382 2.433333333333333
1383 2.433333333333333
1384 2.433333333333333
1385 2.433333333333333
1386 2.433333333333333
1387 2.433333333333333
1388 2.433333333333333
1389 2.433333333333333
1390 2.433333333333333
1391 2.433333333333333
1392 2.433333333333333
1393 2.433333333333333
1394 2.433333333333333
1395 2.433333333333333
1396 2.433333333333333
1397 2.433333333333333
1398 2.433333333333333
1399 2.433333333333333
1400 2.433333333333333
1401 2.433333333333333
1402 2.433333333333333
1403 2.433333333333333
1404 2.433333333333333
1405 2.433333333333333
1406 2.433333333333333
1407 2.433333333333333
1408 2.433333333333333
1409 2.433333333333333
1410 2.433333333333333
1411 2.433333333333333
1412 2.433333333333333
1413 2.433333333333333
1414 2.433333333333333
1415 2.433333333333333
1416 2.433333333333333
1417 2.433333333333333
1418 2.433333333333333
1419 2.433333333333333
1420 2.433333333333333
1421 2.433333333333333
1422 2.433333333333333
1423 2.433333333333333
1424 2.433333333333333
1425 2.433333333333333
1426 2.433333333333333
1427 2.433333333333333
1428 2.433333333333333
1429 2.433333333333333
1430 2.433333333333333
1431 2.433333333333333
1432 2.433333333333333
1433 2.433333333333333
1434 2.433333333333333
1435 2.433333333333333
1436 2.433333333333333
1437 2.433333333333333
1438 2.433333333333333
1439 2.433333333333333
1440 2.433333333333333
1441 2.433333333333333
1442 2.433333333333333
1443 2.433333333333333
1444 2.433333333333333
1445 2.433333333333333
1446 2.433333333333333
1447 2.433333333333333
1448 2.433333333333333
1449 2.433333333333333
1450 2.433333333333333
1451 2.433333333333333
1452 2.433333333333333
1453 2.433333333333333
1454 2.433333333333333
1455 2.433333333333333
1456 2.433333333333333
1457 2.433333333333333
1458 2.433333333333333
1459 2.433333333333333
1460 2.433333333333333
1461 2.433333333333333
1462 2.433333333333333
1463 2.433333333333333
1464 2.433333333333333
1465 2.433333333333333
1466 2.433333333333333
1467 2.433333333333333
1468 2.433333333333333
1469 2.433333333333333
1470 2.433333333333333
1471 2.433333333333333
1472 2.433333333333333
1473 2.433333333333333
1474 2.433333333333333
1475 2.433333333333333
1476 2.433333333333333
1477 2.433333333333333
1478 2.433333333333333
1479 2.433333333333333
1480 2.433333333333333
1481 2.433333333333333
1482 2.433333333333333
1483 2.433333333333333
1484 2.433333333333333
1485 2.433333333333333
1486 2.433333333333333
1487 2.433333333333333
1488 2.433333333333333
1489 2.433333333333333
1490 2.433333333333333
1491 2.433333333333333
1492 2.433333333333333
1493 2.433333333333333
1494 2.433333333333333
1495 2.433333333333333
1496 2.433333333333333
1497 2.433333333333333
1498 2.433333333333333
1499 2.433333333333333
