0 0.8
1 0.9666666666666667
2 0.9666666666666667
3 0.9666666666666667
4 1.0333333333333334
5 1.5333333333333334
6 1.5333333333333334
7 1.6333333333333333
8 1.6666666666666667
9 1.6666666666666667
10 1.7
11 2.3666666666666667
12 2.5
13 2.5
14 2.5
15 2.5
16 2.5
17 2.5
18 2.5
19 2.533333333333333
20 2.8666666666666667
21 2.8666666666666667
22 2.8666666666666667
23 2.8666666666666667
24 2.8666666666666667
25 2.8666666666666667
26 2.8666666666666667
27 2.8666666666666667
28 2.8666666666666667
29 2.8666666666666667
30 3.2333333333333334
31 3.2333333333333334
32 3.2333333333333334
33 3.3333333333333335
34 3.3333333333333335
35 3.3333333333333335
36 3.3333333333333335
37 3.3333333333333335
38 3.3333333333333335
39 3.8333333333333335
40 3.8333333333333335
41 3.8333333333333335
42 3.8333333333333335
43 3.8333333333333335
44 3.8333333333333335
45 3.8333333333333335
46 3.8333333333333335
47 4.133333333333334
48 4.133333333333334
49 4.133333333333334
50 4.166666666666667
51 4.166666666666667
52 4.166666666666667
53 4.166666666666667
54 4.166666666666667
55 4.166666666666667
56 4.166666666666667
57 4.166666666666667
58 4.166666666666667
59 4.166666666666667
60 4.166666666666667
61 4.166666666666667
62 4.166666666666667
63 4.166666666666667
64 4.166666666666667
65 4.166666666666667
66 4.166666666666667
67 4.166666666666667
68 4.166666666666667
69 4.166666666666667
70 4.4
71 4.4
72 4.4
73 4.4
74 4.4
75 4.4
76 4.4
77 4.4
78 4.4
79 4.4
80 4.4
81 4.4
82 4.4
83 4.4
84 4.4
85 4.4
86 4.4
87 4.4
88 4.4
89 4.4
90 4.4
91 4.4
92 4.4
93 4.466666666666667
94 4.466666666666667
95 4.466666666666667
96 4.466666666666667
97 4.466666666666667
98 4.466666666666667
99 4.466666666666667
100 4.466666666666667
101 4.466666666666667
102 4.466666666666667
103 4.466666666666667
104 4.466666666666667
105 4.466666666666667
106 4.466666666666667
107 4.466666666666667
108 4.466666666666667
109 4.466666666666667
110 4.466666666666667
111 4.466666666666667
112 4.533333333333333
113 4.533333333333333
114 4.533333333333333
115 4.533333333333333
116 4.533333333333333
117 4.533333333333333
118 4.533333333333333
119 4.533333333333333
120 4.533333333333333
121 4.533333333333333
122 4.533333333333333
123 4.533333333333333
124 4.533333333333333
125 4.533333333333333
126 4.633333333333334
127 4.633333333333334
128 4.633333333333334
129 4.633333333333334
130 4.633333333333334
131 4.633333333333334
132 4.633333333333334
133 4.666666666666667
134 4.666666666666667
135 4.666666666666667
136 4.666666666666667
137 4.666666666666667
138 4.666666666666667
139 4.666666666666667
140 4.666666666666667
141 4.666666666666667
142 4.666666666666667
143 4.666666666666667
144 4.733333333333333
145 4.733333333333333
146 4.733333333333333
147 4.733333333333333
148 4.733333333333333
149 4.733333333333333
150 4.733333333333333
151 4.733333333333333
152 4.733333333333333
153 4.733333333333333
154 4.733333333333333
155 4.733333333333333
156 4.733333333333333
157 4.733333333333333
158 4.733333333333333
159 4.733333333333333
160 4.733333333333333
161 4.733333333333333
162 4.733333333333333
163 4.733333333333333
164 4.733333333333333
165 4.733333333333333
166 4.733333333333333
167 4.733333333333333
168 4.733333333333333
169 4.733333333333333
170 4.733333333333333
171 4.733333333333333
172 4.733333333333333
173 4.733333333333333
174 4.733333333333333
175 4.733333333333333
176 4.733333333333333
177 4.733333333333333
178 4.733333333333333
179 4.733333333333333
180 4.733333333333333
181 4.733333333333333
182 4.733333333333333
183 4.733333333333333
184 4.733333333333333
185 4.733333333333333
186 4.733333333333333
187 4.733333333333333
188 4.766666666666667
189 4.766666666666667
190 4.766666666666667
191 4.766666666666667
192 4.766666666666667
193 4.766666666666667
194 4.766666666666667
195 4.766666666666667
196 4.766666666666667
197 4.766666666666667
198 4.766666666666667
199 4.766666666666667
200 4.766666666666667
201 4.766666666666667
202 4.766666666666667
203 4.766666666666667
204 4.866666666666666
205 4.866666666666666
206 4.866666666666666
207 4.866666666666666
208 4.866666666666666
209 4.866666666666666
210 4.866666666666666
211 4.866666666666666
212 4.866666666666666
213 4.866666666666666
214 4.866666666666666
215 4.866666666666666
216 4.866666666666666
217 4.866666666666666
218 4.866666666666666
219 4.866666666666666
220 4.866666666666666
221 4.866666666666666
222 4.866666666666666
223 4.866666666666666
224 4.866666666666666
225 4.866666666666666
226 4.866666666666666
227 4.866666666666666
228 4.866666666666666
229 4.866666666666666
230 4.866666666666666
231 4.866666666666666
232 4.866666666666666
233 4.866666666666666
234 4.866666666666666
235 4.866666666666666
236 4.866666666666666
237 4.866666666666666
238 4.866666666666666
239 4.866666666666666
240 4.866666666666666
241 4.866666666666666
242 4.866666666666666
243 4.866666666666666
244 4.866666666666666
245 4.866666666666666
246 4.866666666666666
247 4.866666666666666
248 4.866666666666666
249 4.866666666666666
250 4.866666666666666
251 4.866666666666666
252 4.866666666666666
253 4.866666666666666
254 4.866666666666666
255 4.866666666666666
256 4.866666666666666
257 4.866666666666666
258 4.866666666666666
259 4.866666666666666
260 4.866666666666666
261 4.866666666666666
262 4.866666666666666
263 4.866666666666666
264 4.866666666666666
265 4.866666666666666
266 4.866666666666666
267 4.866666666666666
268 4.866666666666666
269 4.866666666666666
270 4.866666666666666
271 4.866666666666666
272 4.866666666666666
273 4.866666666666666
274 4.866666666666666
275 4.866666666666666
276 4.866666666666666
277 4.866666666666666
278 4.966666666666667
279 4.966666666666667
280 4.966666666666667
281 4.966666666666667
282 4.966666666666667
283 4.966666666666667
284 4.966666666666667
285 4.966666666666667
286 4.966666666666667
287 4.966666666666667
288 4.966666666666667
289 4.966666666666667
290 4.966666666666667
291 4.966666666666667
292 4.966666666666667
293 4.966666666666667
294 4.966666666666667
295 4.966666666666667
296 4.966666666666667
297 4.966666666666667
298 4.966666666666667
299 4.966666666666667
300 4.966666666666667
301 4.966666666666667
302 4.966666666666667
303 4.966666666666667
304 4.966666666666667
305 4.966666666666667
306 4.966666666666667
307 4.966666666666667
308 4.966666666666667
309 4.966666666666667
310 4.966666666666667
311 4.966666666666667
312 4.966666666666667
313 4.966666666666667
314 4.966666666666667
315 4.966666666666667
316 4.966666666666667
317 4.966666666666667
318 4.966666666666667
319 4.966666666666667
320 4.966666666666667
321 4.966666666666667
322 4.966666666666667
323 4.966666666666667
324 4.966666666666667
325 4.966666666666667
326 4.966666666666667
327 4.966666666666667
328 4.966666666666667
329 4.966666666666667
330 4.966666666666667
331 4.966666666666667
332 4.966666666666667
333 4.966666666666667
334 4.966666666666667
335 4.966666666666667
336 4.966666666666667
337 4.966666666666667
338 4.966666666666667
339 4.966666666666667
340 4.966666666666667
341 4.966666666666667
342 4.966666666666667
343 4.966666666666667
344 4.966666666666667
345 4.966666666666667
346 4.966666666666667
347 4.966666666666667
348 4.966666666666667
349 4.966666666666667
350 4.966666666666667
351 4.966666666666667
352 4.966666666666667
353 5.0
354 5.0
355 5.0
356 5.0
357 5.0
358 5.0
359 5.0
360 5.0
361 5.0
362 5.0
363 5.0
364 5.0
365 5.0
366 5.0
367 5.0
368 5.0
369 5.0
370 5.0
371 5.0
372 5.0
373 5.0
374 5.0
375 5.0
376 5.0
377 5.0
378 5.0
379 5.0
380 5.0
381 5.0
382 5.0
383 5.0
384 5.0
385 5.0
386 5.0
387 5.0
388 5.0
389 5.0
390 5.0
391 5.0
392 5.0
393 5.0
394 5.0
395 5.0
396 5.0
397 5.0
398 5.0
399 5.0
400 5.0
401 5.0
402 5.0
403 5.0
404 5.0
405 5.0
406 5.0
407 5.0
408 5.0
409 5.0
410 5.0
411 5.0
412 5.0
413 5.0
414 5.0
415 5.0
416 5.0
417 5.0
418 5.0
419 5.0
420 5.0
421 5.0
422 5.0
423 5.0
424 5.0
425 5.0
426 5.0
427 5.0
428 5.0
429 5.0
430 5.0
431 5.0
432 5.0
433 5.0
434 5.0
435 5.0
436 5.0
437 5.0
438 5.0
439 5.0
440 5.0
441 5.0
442 5.0
443 5.0
444 5.0
445 5.0
446 5.0
447 5.0
448 5.0
449 5.0
450 5.0
451 5.0
452 5.0
453 5.0
454 5.0
455 5.0
456 5.0
457 5.0
458 5.0
459 5.0
460 5.0
461 5.0
462 5.0
463 5.0
464 5.0
465 5.0
466 5.0
467 5.0
468 5.0
469 5.0
470 5.0
471 5.0
472 5.0
473 5.0
474 5.0
475 5.0
476 5.0
477 5.0
478 5.0
479 5.0
480 5.0
481 5.0
482 5.0
483 5.0
484 5.0
485 5.0
486 5.0
487 5.0
488 5.0
489 5.0
490 5.0
491 5.0
492 5.0
493 5.0
494 5.0
495 5.0
496 5.0
497 5.0
498 5.0
499 5.0
500 5.0
501 5.0
502 5.0
503 5.0
504 5.0
505 5.0
506 5.0
507 5.0
508 5.0
509 5.0
510 5.0
511 5.0
512 5.0
513 5.0
514 5.0
515 5.0
516 5.0
517 5.0
518 5.0
519 5.0
520 5.0
521 5.0
522 5.0
523 5.0
524 5.0
525 5.0
526 5.0
527 5.0
528 5.0
529 5.0
530 5.0
531 5.0
532 5.0
533 5.0
534 5.0
535 5.0
536 5.0
537 5.0
538 5.0
539 5.0
540 5.0
541 5.0
542 5.0
543 5.0
544 5.0
545 5.0
546 5.0
547 5.0
548 5.0
549 5.0
550 5.0
551 5.0
552 5.0
553 5.0
554 5.0
555 5.0
556 5.0
557 5.0
558 5.0
559 5.0
560 5.0
561 5.0
562 5.0
563 5.0
564 5.0
565 5.0
566 5.0
567 5.0
568 5.0
569 5.0
570 5.0
571 5.0
572 5.0
573 5.0
574 5.0
575 5.0
576 5.0
577 5.0
578 5.0
579 5.0
580 5.0
581 5.0
582 5.0
583 5.0
584 5.0
585 5.0
586 5.0
587 5.0
588 5.0
589 5.0
590 5.0
591 5.0
592 5.0
593 5.0
594 5.0
595 5.0
596 5.0
597 5.0
598 5.0
599 5.0
600 5.0
601 5.0
602 5.0
603 5.0
604 5.0
605 5.0
606 5.0
607 5.0
608 5.0
609 5.0
610 5.1
611 5.1
612 5.1
613 5.1
614 5.1
615 5.1
616 5.1
617 5.1
618 5.1
619 5.1
620 5.1
621 5.1
622 5.1
623 5.1
624 5.1
625 5.1
626 5.1
627 5.1
628 5.1
629 5.1
630 5.1
631 5.1
632 5.1
633 5.1
634 5.1
635 5.1
636 5.1
637 5.1
638 5.1
639 5.1
640 5.1
641 5.1
642 5.1
643 5.1
644 5.1
645 5.1
646 5.1
647 5.1
648 5.1
649 5.1
650 5.1
651 5.1
652 5.1
653 5.1
654 5.1
655 5.1
656 5.1
657 5.1
658 5.1
659 5.1
660 5.1
661 5.1
662 5.1
663 5.1
664 5.1
665 5.1
666 5.1
667 5.1
668 5.1
669 5.1
670 5.1
671 5.1
672 5.1
673 5.1
674 5.1
675 5.1
676 5.1
677 5.1
678 5.1
679 5.1
680 5.1
681 5.1
682 5.1
683 5.1
684 5.1
685 5.1
686 5.1
687 5.1
688 5.1
689 5.1
690 5.1
691 5.1
692 5.1
693 5.1
694 5.1
695 5.1
696 5.1
697 5.1
698 5.1
699 5.1
700 5.1
701 5.1
702 5.1
703 5.1
704 5.1
705 5.1
706 5.1
707 5.1
708 5.133333333333334
709 5.133333333333334
710 5.133333333333334
711 5.133333333333334
712 5.133333333333334
713 5.133333333333334
714 5.133333333333334
715 5.133333333333334
716 5.133333333333334
717 5.133333333333334
718 5.133333333333334
719 5.133333333333334
720 5.133333333333334
721 5.133333333333334
722 5.133333333333334
723 5.133333333333334
724 5.133333333333334
725 5.133333333333334
726 5.133333333333334
727 5.133333333333334
728 5.133333333333334
729 5.133333333333334
730 5.133333333333334
731 5.133333333333334
732 5.133333333333334
733 5.133333333333334
734 5.133333333333334
735 5.133333333333334
736 5.133333333333334
737 5.133333333333334
738 5.133333333333334
739 5.133333333333334
740 5.133333333333334
741 5.133333333333334
742 5.133333333333334
743 5.133333333333334
744 5.133333333333334
745 5.133333333333334
746 5.133333333333334
747 5.133333333333334
748 5.133333333333334
749 5.133333333333334
750 5.133333333333334
751 5.133333333333334
752 5.133333333333334
753 5.133333333333334
754 5.133333333333334
755 5.133333333333334
756 5.133333333333334
757 5.133333333333334
758 5.133333333333334
759 5.133333333333334
760 5.133333333333334
761 5.133333333333334
762 5.133333333333334
763 5.133333333333334
764 5.133333333333334
765 5.133333333333334
766 5.133333333333334
767 5.133333333333334
768 5.133333333333334
769 5.133333333333334
770 5.133333333333334
771 5.133333333333334
772 5.133333333333334
773 5.133333333333334
774 5.133333333333334
775 5.133333333333334
776 5.133333333333334
777 5.133333333333334
778 5.133333333333334
779 5.133333333333334
780 5.133333333333334
781 5.133333333333334
782 5.133333333333334
783 5.133333333333334
784 5.133333333333334
785 5.133333333333334
786 5.133333333333334
787 5.133333333333334
788 5.133333333333334
789 5.133333333333334
790 5.133333333333334
791 5.133333333333334
792 5.133333333333334
793 5.133333333333334
794 5.133333333333334
795 5.133333333333334
796 5.133333333333334
797 5.133333333333334
798 5.133333333333334
799 5.133333333333334
800 5.133333333333334
801 5.133333333333334
802 5.133333333333334
803 5.133333333333334
804 5.133333333333334
805 5.133333333333334
806 5.133333333333334
807 5.133333333333334
808 5.133333333333334
809 5.133333333333334
810 5.133333333333334
811 5.133333333333334
812 5.133333333333334
813 5.133333333333334
814 5.133333333333334
815 5.133333333333334
816 5.133333333333334
817 5.133333333333334
818 5.133333333333334
819 5.133333333333334
820 5.133333333333334
821 5.133333333333334
822 5.133333333333334
823 5.133333333333334
824 5.133333333333334
825 5.133333333333334
826 5.133333333333334
827 5.133333333333334
828 5.133333333333334
829 5.133333333333334
830 5.133333333333334
831 5.133333333333334
832 5.133333333333334
833 5.133333333333334
834 5.133333333333334
835 5.133333333333334
836 5.133333333333334
837 5.133333333333334
838 5.133333333333334
839 5.133333333333334
840 5.133333333333334
841 5.133333333333334
842 5.133333333333334
843 5.133333333333334
844 5.133333333333334
845 5.133333333333334
846 5.133333333333334
847 5.133333333333334
848 5.133333333333334
849 5.133333333333334
850 5.133333333333334
851 5.133333333333334
852 5.133333333333334
853 5.133333333333334
854 5.2
855 5.2
856 5.2
857 5.2
858 5.2
859 5.2
860 5.2
861 5.2
862 5.2
863 5.2
864 5.2
865 5.2
866 5.2
867 5.2
868 5.2
869 5.2
870 5.2
871 5.2
872 5.2
873 5.2
874 5.2
875 5.2
876 5.2
877 5.2
878 5.2
879 5.2
880 5.2
881 5.2
882 5.2
883 5.2
884 5.2
885 5.2
886 5.2
887 5.2
888 5.233333333333333
889 5.233333333333333
890 5.233333333333333
891 5.233333333333333
892 5.233333333333333
893 5.233333333333333
894 5.233333333333333
895 5.233333333333333
896 5.233333333333333
897 5.233333333333333
898 5.233333333333333
899 5.233333333333333
900 5.233333333333333
901 5.233333333333333
902 5.233333333333333
903 5.233333333333333
904 5.233333333333333
905 5.233333333333333
906 5.233333333333333
907 5.233333333333333
908 5.233333333333333
909 5.233333333333333
910 5.266666666666667
911 5.266666666666667
912 5.266666666666667
913 5.266666666666667
914 5.266666666666667
915 5.266666666666667
916 5.266666666666667
917 5.266666666666667
918 5.266666666666667
919 5.266666666666667
920 5.266666666666667
921 5.266666666666667
922 5.266666666666667
923 5.266666666666667
924 5.266666666666667
925 5.266666666666667
926 5.266666666666667
927 5.266666666666667
928 5.266666666666667
929 5.566666666666666
930 5.566666666666666
931 5.566666666666666
932 5.566666666666666
933 5.566666666666666
934 5.566666666666666
935 5.566666666666666
936 5.566666666666666
937 5.566666666666666
938 5.566666666666666
939 5.566666666666666
940 5.566666666666666
941 5.566666666666666
942 5.566666666666666
943 5.566666666666666
944 5.566666666666666
945 5.566666666666666
946 5.566666666666666
947 5.566666666666666
948 5.566666666666666
949 5.566666666666666
950 5.566666666666666
951 5.566666666666666
952 5.566666666666666
953 5.566666666666666
954 5.566666666666666
955 5.566666666666666
956 5.566666666666666
957 5.566666666666666
958 5.566666666666666
959 5.566666666666666
960 5.566666666666666
961 5.566666666666666
962 5.566666666666666
963 5.566666666666666
964 5.566666666666666
965 5.566666666666666
966 5.566666666666666
967 5.566666666666666
968 5.566666666666666
969 5.566666666666666
970 5.566666666666666
971 5.566666666666666
972 5.566666666666666
973 5.566666666666666
974 5.566666666666666
975 5.566666666666666
976 5.566666666666666
977 5.566666666666666
978 5.566666666666666
979 5.566666666666666
980 5.566666666666666
981 5.566666666666666
982 5.566666666666666
983 5.566666666666666
984 5.566666666666666
985 5.566666666666666
986 5.566666666666666
987 5.566666666666666
988 5.566666666666666
989 5.566666666666666
990 5.566666666666666
991 5.566666666666666
992 5.566666666666666
993 5.566666666666666
994 5.566666666666666
995 5.566666666666666
996 5.566666666666666
997 5.566666666666666
998 5.566666666666666
999 5.566666666666666
1000 5.566666666666666
1001 5.566666666666666
1002 5.566666666666666
1003 5.566666666666666
1004 5.566666666666666
1005 5.566666666666666
1006 5.566666666666666
1007 5.633333333333334
1008 5.633333333333334
1009 5.633333333333334
1010 5.633333333333334
1011 5.633333333333334
1012 5.633333333333334
1013 5.633333333333334
1014 5.633333333333334
1015 5.633333333333334
1016 5.633333333333334
1017 5.633333333333334
1018 5.633333333333334
1019 5.633333333333334
1020 5.633333333333334
1021 5.633333333333334
1022 5.633333333333334
1023 5.633333333333334
1024 5.633333333333334
1025 5.633333333333334
1026 5.633333333333334
1027 5.633333333333334
1028 5.633333333333334
1029 5.633333333333334
1030 5.633333333333334
1031 5.633333333333334
1032 5.633333333333334
1033 5.633333333333334
1034 5.633333333333334
1035 5.633333333333334
1036 5.633333333333334
1037 5.633333333333334
1038 5.633333333333334
1039 5.633333333333334
1040 5.633333333333334
1041 5.633333333333334
1042 5.633333333333334
1043 5.633333333333334
1044 5.633333333333334
1045 5.633333333333334
1046 5.633333333333334
1047 5.633333333333334
1048 5.633333333333334
1049 5.633333333333334
1050 5.633333333333334
1051 5.633333333333334
1052 5.633333333333334
1053 5.633333333333334
1054 5.633333333333334
1055 5.633333333333334
1056 5.633333333333334
1057 5.633333333333334
1058 5.633333333333334
1059 5.633333333333334
1060 5.633333333333334
1061 5.633333333333334
1062 5.633333333333334
1063 5.633333333333334
1064 5.633333333333334
1065 5.633333333333334
1066 5.633333333333334
1067 5.633333333333334
1068 5.633333333333334
1069 5.633333333333334
1070 5.633333333333334
1071 5.633333333333334
1072 5.633333333333334
1073 5.633333333333334
1074 5.633333333333334
1075 5.633333333333334
1076 5.633333333333334
1077 5.633333333333334
1078 5.633333333333334
1079 5.633333333333334
1080 5.633333333333334
1081 5.633333333333334
1082 5.633333333333334
1083 5.633333333333334
1084 5.633333333333334
1085 5.633333333333334
1086 5.633333333333334
1087 5.633333333333334
1088 5.633333333333334
1089 5.633333333333334
1090 5.633333333333334
1091 5.633333333333334
1092 5.633333333333334
1093 5.633333333333334
1094 5.633333333333334
1095 5.633333333333334
1096 5.633333333333334
1097 5.633333333333334
1098 5.633333333333334
1099 5.633333333333334
1100 5.633333333333334
1101 5.633333333333334
1102 5.633333333333334
1103 5.633333333333334
1104 5.633333333333334
1105 5.633333333333334
1106 5.633333333333334
1107 5.633333333333334
1108 5.633333333333334
1109 5.666666666666667
1110 5.666666666666667
1111 5.666666666666667
1112 5.666666666666667
1113 5.666666666666667
1114 5.666666666666667
1115 5.666666666666667
1116 5.666666666666667
1117 5.666666666666667
1118 5.666666666666667
1119 5.8
1120 5.8
1121 5.8
1122 5.8
1123 5.8
1124 5.8
1125 5.8
1126 5.8
1127 5.8
1128 5.8
1129 5.8
1130 5.8
1131 5.8
1132 5.8
1133 5.8
1134 5.8
1135 5.833333333333333
1136 5.833333333333333
1137 5.833333333333333
1138 5.833333333333333
1139 5.833333333333333
1140 5.833333333333333
1141 5.833333333333333
1142 5.833333333333333
1143 5.833333333333333
1144 5.833333333333333
1145 5.833333333333333
1146 5.833333333333333
1147 5.833333333333333
1148 5.833333333333333
1149 5.833333333333333
1150 5.833333333333333
1151 5.833333333333333
1152 5.833333333333333
1153 5.833333333333333
1154 5.9
1155 5.9
1156 5.9
1157 5.9
1158 5.9
1159 5.9
1160 5.9
1161 5.9
1162 5.9
1163 5.9
1164 5.9
1165 5.9
1166 5.9
1167 5.9
1168 5.9
1169 5.9
1170 5.9
1171 5.9
1172 5.9
1173 5.9
1174 5.9
1175 5.9
1176 5.9
1177 5.9
1178 5.9
1179 5.9
1180 5.9
1181 5.9
1182 5.9
1183 5.9
1184 5.9
1185 5.9
1186 5.9
1187 5.9
1188 5.9
1189 5.9
1190 5.9
1191 5.9
1192 5.9
1193 5.9
1194 5.9
1195 5.9
1196 5.9
1197 5.9
1198 5.9
1199 5.9
1200 5.9
1201 5.9
1202 5.9
1203 5.9
1204 5.9
1205 5.9
1206 5.9
1207 5.9
1208 5.9
1209 5.9
1210 5.9
1211 5.9
1212 5.9
1213 5.9
1214 5.9
1215 5.9
1216 5.9
1217 5.9
1218 5.9
1219 5.9
1220 5.9
1221 5.9
1222 5.9
1223 5.9
1224 5.9
1225 5.9
1226 5.9
1227 5.9
1228 5.9
1229 5.9
1230 5.9
1231 5.9
1232 5.9
1233 5.9
1234 5.9
1235 5.9
1236 5.9
1237 5.9
1238 5.9
1239 5.966666666666667
1240 5.966666666666667
1241 5.966666666666667
1242 5.966666666666667
1243 5.966666666666667
1244 5.966666666666667
1245 5.966666666666667
1246 5.966666666666667
1247 5.966666666666667
1248 5.966666666666667
1249 5.966666666666667
1250 5.966666666666667
1251 5.966666666666667
1252 6.0
1253 6.0
1254 6.0
1255 6.0
1256 6.0
1257 6.0
1258 6.0
1259 6.0
1260 6.0
1261 6.0
1262 6.0
1263 6.0
1264 6.0
1265 6.0
1266 6.0
1267 6.0
1268 6.0
1269 6.0
1270 6.0
1271 6.0
1272 6.0
1273 6.0
1274 6.0
1275 6.0
1276 6.0
1277 6.0
1278 6.0
1279 6.0
1280 6.0
1281 6.0
1282 6.0
1283 6.0
1284 6.0
1285 6.0
1286 6.0
1287 6.0
1288 6.0
1289 6.0
1290 6.0
1291 6.0
1292 6.0
1293 6.0
1294 6.0
1295 6.0
1296 6.0
1297 6.0
1298 6.0
1299 6.0
1300 6.0
1301 6.0
1302 6.0
1303 6.0
1304 6.0
1305 6.0
1306 6.0
1307 6.0
1308 6.0
1309 6.0
1310 6.0
1311 6.0
1312 6.0
1313 6.0
1314 6.0
1315 6.0
1316 6.0
1317 6.0
1318 6.0
1319 6.0
1320 6.0
1321 6.0
1322 6.0
1323 6.0
1324 6.0
1325 6.0
1326 6.0
1327 6.0
1328 6.0
1329 6.0
1330 6.0
1331 6.0
1332 6.0
1333 6.0
1334 6.0
1335 6.0
1336 6.0
1337 6.0
1338 6.0
1339 6.0
1340 6.0
1341 6.0
1342 6.0
1343 6.0
1344 6.0
1345 6.0
1346 6.0
1347 6.0
1348 6.0
1349 6.0
1350 6.0
1351 6.0
1352 6.0
1353 6.0
1354 6.0
1355 6.0
1356 6.0
1357 6.0
1358 6.0
1359 6.0
1360 6.0
1361 6.0
1362 6.0
1363 6.0
1364 6.0
1365 6.0
1366 6.0
1367 6.0
1368 6.0
1369 6.0
1370 6.0
1371 6.0
1372 6.0
1373 6.0
1374 6.0
1375 6.0
1376 6.0
1377 6.0
1378 6.0
1379 6.0
1380 6.0
1381 6.0
1382 6.0
1383 6.0
1384 6.0
1385 6.0
1386 6.0
1387 6.0
1388 6.0
1389 6.0
1390 6.0
1391 6.0
1392 6.0
1393 6.0
1394 6.0
1395 6.0
1396 6.0
1397 6.0
1398 6.0
1399 6.0
1400 6.0
1401 6.0
1402 6.0
1403 6.033333333333333
1404 6.033333333333333
1405 6.033333333333333
1406 6.033333333333333
1407 6.033333333333333
1408 6.033333333333333
1409 6.033333333333333
1410 6.033333333333333
1411 6.033333333333333
1412 6.033333333333333
1413 6.033333333333333
1414 6.033333333333333
1415 6.033333333333333
1416 6.033333333333333
1417 6.033333333333333
1418 6.033333333333333
1419 6.033333333333333
1420 6.033333333333333
1421 6.033333333333333
1422 6.033333333333333
1423 6.033333333333333
1424 6.033333333333333
1425 6.033333333333333
1426 6.033333333333333
1427 6.033333333333333
1428 6.033333333333333
1429 6.033333333333333
1430 6.033333333333333
1431 6.033333333333333
1432 6.033333333333333
1433 6.033333333333333
1434 6.033333333333333
1435 6.033333333333333
1436 6.033333333333333
1437 6.033333333333333
1438 6.033333333333333
1439 6.033333333333333
1440 6.033333333333333
1441 6.033333333333333
1442 6.033333333333333
1443 6.033333333333333
1444 6.033333333333333
1445 6.033333333333333
1446 6.033333333333333
1447 6.033333333333333
1448 6.033333333333333
1449 6.033333333333333
1450 6.033333333333333
1451 6.033333333333333
1452 6.033333333333333
1453 6.033333333333333
1454 6.033333333333333
1455 6.033333333333333
1456 6.033333333333333
1457 6.033333333333333
1458 6.033333333333333
1459 6.033333333333333
1460 6.033333333333333
1461 6.033333333333333
1462 6.033333333333333
1463 6.033333333333333
1464 6.033333333333333
1465 6.033333333333333
1466 6.033333333333333
1467 6.033333333333333
1468 6.033333333333333
1469 6.033333333333333
1470 6.033333333333333
1471 6.033333333333333
1472 6.033333333333333
1473 6.033333333333333
1474 6.033333333333333
1475 6.033333333333333
1476 6.033333333333333
1477 6.033333333333333
1478 6.033333333333333
1479 6.033333333333333
1480 6.033333333333333
1481 6.033333333333333
1482 6.033333333333333
1483 6.033333333333333
1484 6.033333333333333
1485 6.033333333333333
1486 6.033333333333333
1487 6.033333333333333
1488 6.033333333333333
1489 6.033333333333333
1490 6.033333333333333
1491 6.033333333333333
1492 6.033333333333333
1493 6.033333333333333
1494 6.033333333333333
1495 6.033333333333333
1496 6.033333333333333
1497 6.033333333333333
1498 6.033333333333333
1499 6.033333333333333
