0 0.4342912317597254
1 0.6555534900107471
2 0.6555534900107471
3 0.6660516142177473
4 0.6660516142177473
5 0.6726932124166448
6 0.6726932124166448
7 0.6809492879759372
8 0.6809492879759372
9 0.6809492879759372
10 0.6809492879759372
11 0.6809492879759372
12 0.6809492879759372
13 0.6849058147348137
14 0.6849058147348137
15 0.6849058147348137
16 0.6849058147348137
17 0.6877371350758053
18 0.6877371350758053
19 0.6877371350758053
20 0.6877371350758053
21 0.6877371350758053
22 0.6877371350758053
23 0.6882119189329758
24 0.6896093936191299
25 0.6896093936191299
26 0.6896093936191299
27 0.6896093936191299
28 0.6896093936191299
29 0.6896093936191299
30 0.6896093936191299
31 0.6896093936191299
32 0.6896093936191299
33 0.6896093936191299
34 0.6898485665230679
35 0.6898485665230679
36 0.6898485665230679
37 0.6903060775469512
38 0.6903060775469512
39 0.6903060775469512
40 0.6903060775469512
41 0.6903060775469512
42 0.6903060775469512
43 0.6903060775469512
44 0.6903060775469512
45 0.6903060775469512
46 0.6903060775469512
47 0.6903060775469512
48 0.6903060775469512
49 0.6903060775469512
50 0.6903060775469512
51 0.6903060775469512
52 0.6915342812322474
53 0.6915342812322474
54 0.6915342812322474
55 0.6915342812322474
56 0.6915342812322474
57 0.6915342812322474
58 0.6915342812322474
59 0.6915342812322474
60 0.6915342812322474
61 0.6915342812322474
62 0.6915342812322474
63 0.6915342812322474
64 0.6915342812322474
65 0.6937989579745769
66 0.6937989579745769
67 0.6937989579745769
68 0.6937989579745769
69 0.6937989579745769
70 0.6937989579745769
71 0.6937989579745769
72 0.6937989579745769
73 0.6937989579745769
74 0.6937989579745769
75 0.6937989579745769
76 0.6937989579745769
77 0.6937989579745769
78 0.6937989579745769
79 0.6937989579745769
80 0.6937989579745769
81 0.6937989579745769
82 0.6937989579745769
83 0.6937989579745769
84 0.6937989579745769
85 0.6937989579745769
86 0.6937989579745769
87 0.6937989579745769
88 0.6937989579745769
89 0.6937989579745769
90 0.6937989579745769
91 0.6937989579745769
92 0.6937989579745769
93 0.6937989579745769
94 0.6937989579745769
95 0.6937989579745769
96 0.6937989579745769
97 0.6937989579745769
98 0.6937989579745769
99 0.6937989579745769
100 0.6937989579745769
101 0.6937989579745769
102 0.6937989579745769
103 0.6937989579745769
104 0.6937989579745769
105 0.6937989579745769
106 0.6937989579745769
107 0.6937989579745769
108 0.6937989579745769
109 0.6937989579745769
110 0.6937989579745769
111 0.6937989579745769
112 0.6937989579745769
113 0.6937989579745769
114 0.6937989579745769
115 0.6937989579745769
116 0.6937989579745769
117 0.6937989579745769
118 0.6937989579745769
119 0.6937989579745769
120 0.6937989579745769
121 0.6937989579745769
122 0.6937989579745769
123 0.6937989579745769
124 0.6937989579745769
125 0.6937989579745769
126 0.6937989579745769
127 0.6937989579745769
128 0.6937989579745769
129 0.6937989579745769
130 0.6937989579745769
131 0.7378970811733745
132 0.7378970811733745
133 0.7378970811733745
134 0.7378970811733745
135 0.7378970811733745
136 0.7378970811733745
137 0.7378970811733745
138 0.7378970811733745
139 0.7378970811733745
140 0.7378970811733745
141 0.7378970811733745
142 0.7378970811733745
143 0.7378970811733745
144 0.7378970811733745
145 0.7378970811733745
146 0.7378970811733745
147 0.7378970811733745
148 0.7378970811733745
149 0.7378970811733745
150 0.7378970811733745
151 0.7378970811733745
152 0.7378970811733745
153 0.7378970811733745
154 0.7378970811733745
155 0.7378970811733745
156 0.7378970811733745
157 0.7378970811733745
158 0.7378970811733745
159 0.7378970811733745
160 0.7378970811733745
161 0.8617167009893603
162 0.8617167009893603
163 0.8617167009893603
164 0.8617167009893603
165 0.8617167009893603
166 0.8617167009893603
167 0.8617167009893603
168 0.8617167009893603
169 0.8617167009893603
170 0.8617167009893603
171 0.8617167009893603
172 0.8617167009893603
173 0.8617167009893603
174 0.8617167009893603
175 0.8617167009893603
176 0.8617167009893603
177 0.8617167009893603
178 0.8617167009893603
179 0.8617167009893603
180 0.8617167009893603
181 0.8617167009893603
182 0.8617167009893603
183 0.8617167009893603
184 0.8617167009893603
185 0.8617167009893603
186 0.8617167009893603
187 0.8617167009893603
188 0.8617167009893603
189 0.8617167009893603
190 0.8617167009893603
191 0.8617167009893603
192 0.8617167009893603
193 0.8617167009893603
194 0.8617167009893603
195 0.8617167009893603
196 0.8617167009893603
197 0.8617167009893603
198 0.8617167009893603
199 0.8617167009893603
200 0.8617167009893603
201 0.8617167009893603
202 0.8617167009893603
203 0.8617167009893603
204 0.8617167009893603
205 0.8617167009893603
206 0.8617167009893603
207 0.8617167009893603
208 0.8617167009893603
209 0.8617167009893603
210 0.8617167009893603
211 0.8617167009893603
212 0.8617167009893603
213 0.8617167009893603
214 0.8617167009893603
215 0.8617167009893603
216 0.8617167009893603
217 0.8617167009893603
218 0.8617167009893603
219 0.8617167009893603
220 0.8617167009893603
221 0.8617167009893603
222 0.8617167009893603
223 0.8617167009893603
224 0.8617167009893603
225 0.8617167009893603
226 0.8617167009893603
227 0.8617167009893603
228 0.8617167009893603
229 0.8617167009893603
230 0.8617167009893603
231 0.8617167009893603
232 0.8617167009893603
233 0.8617167009893603
234 0.8617167009893603
235 0.8617167009893603
236 0.8617167009893603
237 0.8617167009893603
238 0.8617167009893603
239 0.8617167009893603
240 0.8617167009893603
241 0.8617167009893603
242 0.8617167009893603
243 0.8617167009893603
244 0.8617167009893603
245 0.8617167009893603
246 0.8617167009893603
247 0.8617167009893603
248 0.8617167009893603
249 0.8617167009893603
250 0.8617167009893603
251 0.8617167009893603
252 0.8617167009893603
253 0.8617167009893603
254 0.8617167009893603
255 0.8617167009893603
256 0.8617167009893603
257 0.8617167009893603
258 0.8617167009893603
259 0.8617167009893603
260 0.8617167009893603
261 0.8617167009893603
262 0.8617167009893603
263 0.8617167009893603
264 0.8617167009893603
265 0.8617167009893603
266 0.8617167009893603
267 0.8617167009893603
268 0.8617167009893603
269 0.8617167009893603
270 0.8617167009893603
271 0.8617167009893603
272 0.8617167009893603
273 0.8617167009893603
274 0.8617167009893603
275 0.8617167009893603
276 0.8617167009893603
277 0.8617167009893603
278 0.8617167009893603
279 0.8617167009893603
280 0.8617167009893603
281 0.8617167009893603
282 0.8617167009893603
283 0.8617167009893603
284 0.8617167009893603
285 0.8617167009893603
286 0.8617167009893603
287 0.8617167009893603
288 0.8617167009893603
289 0.8617167009893603
290 0.8617167009893603
291 0.8617167009893603
292 0.8617167009893603
293 0.8617167009893603
294 0.8617167009893603
295 0.8617167009893603
296 0.8617167009893603
297 0.8617167009893603
298 0.8617167009893603
299 0.8617167009893603
300 0.8617167009893603
301 0.8617167009893603
302 0.8617167009893603
303 0.8617167009893603
304 0.8617167009893603
305 0.8617167009893603
306 0.8617167009893603
307 0.8617167009893603
308 0.8617167009893603
309 0.8617167009893603
310 0.8617167009893603
311 0.8617167009893603
312 0.8617167009893603
313 0.8617167009893603
314 0.8617167009893603
315 0.8617167009893603
316 0.8617167009893603
317 0.8617167009893603
318 0.8617167009893603
319 0.8617167009893603
320 0.8617167009893603
321 0.8617167009893603
322 0.8617167009893603
323 0.8617167009893603
324 0.8617167009893603
325 0.8617167009893603
326 0.8617167009893603
327 0.8617167009893603
328 0.8617167009893603
329 0.8617167009893603
330 0.8617167009893603
331 0.8617167009893603
332 0.8617167009893603
333 0.8617167009893603
334 0.8617167009893603
335 0.8617167009893603
336 0.8617167009893603
337 0.8617167009893603
338 0.8617167009893603
339 0.8617167009893603
340 0.8617167009893603
341 0.8617167009893603
342 0.8617167009893603
343 0.8617167009893603
344 0.8617167009893603
345 0.8617167009893603
346 0.8617167009893603
347 0.8617167009893603
348 0.8617167009893603
349 0.8617167009893603
350 0.8617167009893603
351 0.8617167009893603
352 0.8617167009893603
353 0.8617167009893603
354 0.8617167009893603
355 0.8617167009893603
356 0.8617167009893603
357 0.8617167009893603
358 0.8617167009893603
359 0.8617167009893603
360 0.8617167009893603
361 0.8617167009893603
362 0.8617167009893603
363 0.8617167009893603
364 0.8617167009893603
365 0.8617167009893603
366 0.8617167009893603
367 0.8617167009893603
368 0.8617167009893603
369 0.8617167009893603
370 0.8617167009893603
371 0.8617167009893603
372 0.8617167009893603
373 0.8617167009893603
374 0.8617167009893603
375 0.8617167009893603
376 0.8617167009893603
377 0.8617167009893603
378 0.8617167009893603
379 0.8617167009893603
380 0.8617167009893603
381 0.8617167009893603
382 0.8617167009893603
383 0.8617167009893603
384 0.8617167009893603
385 0.8617167009893603
386 0.8617167009893603
387 0.8617167009893603
388 0.8617167009893603
389 0.8617167009893603
390 0.8617167009893603
391 0.8617167009893603
392 0.8617167009893603
393 0.8617167009893603
394 0.8617167009893603
395 0.8617167009893603
396 0.8617167009893603
397 0.8617167009893603
398 0.8617167009893603
399 0.8617167009893603
400 0.8617167009893603
401 0.8617167009893603
402 0.8617167009893603
403 0.8617167009893603
404 0.8617167009893603
405 0.8617167009893603
406 0.8617167009893603
407 0.8617167009893603
408 0.8617167009893603
409 0.8617167009893603
410 0.8617167009893603
411 0.8617167009893603
412 0.8617167009893603
413 0.8617167009893603
414 0.8617167009893603
415 0.8617167009893603
416 0.8617167009893603
417 0.8617167009893603
418 0.8617167009893603
419 0.8617167009893603
420 0.8617167009893603
421 0.8617167009893603
422 0.8617167009893603
423 0.8617167009893603
424 0.8617167009893603
425 0.8617167009893603
426 0.8617167009893603
427 0.8617167009893603
428 0.8617167009893603
429 0.8617167009893603
430 0.8617167009893603
431 0.8617167009893603
432 0.8617167009893603
433 0.8617167009893603
434 0.8617167009893603
435 0.8617167009893603
436 0.8617167009893603
437 0.8617167009893603
438 0.8617167009893603
439 0.8617167009893603
440 0.8617167009893603
441 0.8617167009893603
442 0.8617167009893603
443 0.8617167009893603
444 0.8617167009893603
445 0.8617167009893603
446 0.8617167009893603
447 0.8617167009893603
448 0.8617167009893603
449 0.8617167009893603
450 0.8617167009893603
451 0.8617167009893603
452 0.8617167009893603
453 0.8617167009893603
454 0.8617167009893603
455 0.8617167009893603
456 0.8617167009893603
457 0.8617167009893603
458 0.8617167009893603
459 0.8617167009893603
460 0.8617167009893603
461 0.8617167009893603
462 0.8617167009893603
463 0.8617167009893603
464 0.8617167009893603
465 0.8617167009893603
466 0.8617167009893603
467 0.8617167009893603
468 0.8617167009893603
469 0.8617167009893603
470 0.8617167009893603
471 0.8617167009893603
472 0.8617167009893603
473 0.8617167009893603
474 0.8617167009893603
475 0.8617167009893603
476 0.8617167009893603
477 0.8617167009893603
478 0.8617167009893603
479 0.8617167009893603
480 0.8617167009893603
481 0.8617167009893603
482 0.8617167009893603
483 0.8617167009893603
484 0.8617167009893603
485 0.8617167009893603
486 0.8617167009893603
487 0.8617167009893603
488 0.8617167009893603
489 0.8617167009893603
490 0.8617167009893603
491 0.8617167009893603
492 0.8617167009893603
493 0.8617167009893603
494 0.8617167009893603
495 0.8617167009893603
496 0.8617167009893603
497 0.8617167009893603
498 0.8617167009893603
499 0.8617167009893603
500 0.8617167009893603
501 0.8617167009893603
502 0.8617167009893603
503 0.8617167009893603
504 0.8617167009893603
505 0.8617167009893603
506 0.8617167009893603
507 0.8617167009893603
508 0.8617167009893603
509 0.8617167009893603
510 0.8617167009893603
511 0.8617167009893603
512 0.8617167009893603
513 0.8617167009893603
514 0.8617167009893603
515 0.8617167009893603
516 0.8719956940545629
517 0.8719956940545629
518 0.8719956940545629
519 0.8719956940545629
520 0.8719956940545629
521 0.8719956940545629
522 0.8719956940545629
523 0.8719956940545629
524 0.8719956940545629
525 0.8719956940545629
526 0.8719956940545629
527 0.8719956940545629
528 0.8719956940545629
529 0.8719956940545629
530 0.8719956940545629
531 0.8719956940545629
532 0.8719956940545629
533 0.8719956940545629
534 0.8719956940545629
535 0.8719956940545629
536 0.8719956940545629
537 0.8719956940545629
538 0.8719956940545629
539 0.8719956940545629
540 0.8719956940545629
541 0.8719956940545629
542 0.8719956940545629
543 0.8719956940545629
544 0.8719956940545629
545 0.8719956940545629
546 0.8719956940545629
547 0.8719956940545629
548 0.8719956940545629
549 0.8719956940545629
550 0.8719956940545629
551 0.8719956940545629
552 0.8719956940545629
553 0.8719956940545629
554 0.8719956940545629
555 0.8719956940545629
556 0.8719956940545629
557 0.8719956940545629
558 0.8719956940545629
559 0.8719956940545629
560 0.8719956940545629
561 0.8719956940545629
562 0.8719956940545629
563 0.8719956940545629
564 0.8719956940545629
565 0.8719956940545629
566 0.8719956940545629
567 0.8719956940545629
568 0.8719956940545629
569 0.8719956940545629
570 0.8719956940545629
571 0.8719956940545629
572 0.8719956940545629
573 0.9200875627941894
574 0.9200875627941894
575 0.9200875627941894
576 0.9200875627941894
577 0.9200875627941894
578 0.9200875627941894
579 0.9200875627941894
580 0.9200875627941894
581 0.9200875627941894
582 0.9200875627941894
583 0.9200875627941894
584 0.9200875627941894
585 0.9200875627941894
586 0.9200875627941894
587 0.9200875627941894
588 0.9200875627941894
589 0.9200875627941894
590 0.9200875627941894
591 0.9200875627941894
592 0.9200875627941894
593 0.9200875627941894
594 0.9200875627941894
595 0.9200875627941894
596 0.9200875627941894
597 0.9200875627941894
598 0.9200875627941894
599 0.9200875627941894
600 0.9200875627941894
601 0.9200875627941894
602 0.9200875627941894
603 0.9200875627941894
604 0.9200875627941894
605 0.9200875627941894
606 0.9200875627941894
607 0.9200875627941894
608 0.9200875627941894
609 0.9200875627941894
610 0.9200875627941894
611 0.9200875627941894
612 0.9200875627941894
613 0.9200875627941894
614 0.9200875627941894
615 0.9200875627941894
616 0.9200875627941894
617 0.9200875627941894
618 0.9200875627941894
619 0.9200875627941894
620 0.9200875627941894
621 0.9200875627941894
622 0.9200875627941894
623 0.9200875627941894
624 0.9200875627941894
625 0.9200875627941894
626 0.9200875627941894
627 0.9200875627941894
628 0.9200875627941894
629 0.9200875627941894
630 0.9200875627941894
631 0.9200875627941894
632 0.9200875627941894
633 0.9200875627941894
634 0.9200875627941894
635 0.9200875627941894
636 0.9200875627941894
637 0.9200875627941894
638 0.9200875627941894
639 0.9200875627941894
640 0.9200875627941894
641 0.9200875627941894
642 0.9200875627941894
643 0.9200875627941894
644 0.9200875627941894
645 0.9200875627941894
646 0.9200875627941894
647 0.9200875627941894
648 0.9200875627941894
649 0.9200875627941894
650 0.9200875627941894
651 0.9200875627941894
652 0.9200875627941894
653 0.9200875627941894
654 0.9200875627941894
655 0.9200875627941894
656 0.9200875627941894
657 0.9200875627941894
658 0.9200875627941894
659 0.9200875627941894
660 0.9200875627941894
661 0.9200875627941894
662 0.9200875627941894
663 0.9200875627941894
664 0.9200875627941894
665 0.9200875627941894
666 0.9200875627941894
667 0.9200875627941894
668 0.9200875627941894
669 0.9200875627941894
670 0.9200875627941894
671 0.9200875627941894
672 0.9200875627941894
673 0.9200875627941894
674 0.9200875627941894
675 0.9200875627941894
676 0.9200875627941894
677 0.9200875627941894
678 0.9200875627941894
679 0.9200875627941894
680 0.9200875627941894
681 0.9200875627941894
682 0.9200875627941894
683 0.9200875627941894
684 0.9200875627941894
685 0.9200875627941894
686 0.9200875627941894
687 0.9200875627941894
688 0.9200875627941894
689 0.9200875627941894
690 0.9200875627941894
691 0.9200875627941894
692 0.9200875627941894
693 0.9200875627941894
694 0.9200875627941894
695 0.9200875627941894
696 0.9200875627941894
697 0.9200875627941894
698 0.9200875627941894
699 0.9200875627941894
700 0.9200875627941894
701 0.9200875627941894
702 0.9200875627941894
703 0.9200875627941894
704 0.9200875627941894
705 0.9200875627941894
706 0.9200875627941894
707 0.9200875627941894
708 0.9200875627941894
709 0.9200875627941894
710 0.9200875627941894
711 0.9200875627941894
712 0.9200875627941894
713 0.9200875627941894
714 0.9200875627941894
715 0.9200875627941894
716 0.9200875627941894
717 0.9200875627941894
718 0.9200875627941894
719 0.9200875627941894
720 0.9200875627941894
721 0.9200875627941894
722 0.9200875627941894
723 0.9200875627941894
724 0.9200875627941894
725 0.9200875627941894
726 0.9200875627941894
727 0.9200875627941894
728 0.9200875627941894
729 0.9200875627941894
730 0.9200875627941894
731 0.9200875627941894
732 0.9200875627941894
733 0.9200875627941894
734 0.9776946929731996
735 0.9776946929731996
736 0.9776946929731996
737 0.9776946929731996
738 0.9776946929731996
739 0.9776946929731996
740 0.9776946929731996
741 0.9776946929731996
742 0.9776946929731996
743 0.9776946929731996
744 0.9776946929731996
745 0.9776946929731996
746 0.9776946929731996
747 0.9776946929731996
748 0.9776946929731996
749 0.9776946929731996
750 0.9776946929731996
751 0.9776946929731996
752 0.9776946929731996
753 0.9776946929731996
754 0.9776946929731996
755 0.9776946929731996
756 0.9776946929731996
757 0.9776946929731996
758 0.9776946929731996
759 0.9776946929731996
760 0.9776946929731996
761 0.9776946929731996
762 0.9776946929731996
763 0.9776946929731996
764 0.9776946929731996
765 0.9776946929731996
766 0.9776946929731996
767 0.9776946929731996
768 0.9776946929731996
769 0.9776946929731996
770 0.9776946929731996
771 0.9776946929731996
772 0.9776946929731996
773 0.9776946929731996
774 0.9776946929731996
775 0.9776946929731996
776 0.9776946929731996
777 0.9776946929731996
778 0.9776946929731996
779 0.9776946929731996
780 0.9776946929731996
781 0.9776946929731996
782 0.9776946929731996
783 0.9776946929731996
784 0.9776946929731996
785 0.9776946929731996
786 0.9776946929731996
787 0.9776946929731996
788 0.9776946929731996
789 0.9776946929731996
790 0.9776946929731996
791 0.9776946929731996
792 0.9776946929731996
793 0.9776946929731996
794 0.9776946929731996
795 0.9776946929731996
796 0.9776946929731996
797 0.9776946929731996
798 0.9776946929731996
799 0.9776946929731996
800 0.9776946929731996
801 0.9776946929731996
802 0.9776946929731996
803 0.9776946929731996
804 0.9776946929731996
805 0.9776946929731996
806 0.9776946929731996
807 0.9776946929731996
808 0.9776946929731996
809 0.9776946929731996
810 0.9776946929731996
811 0.9776946929731996
812 0.9776946929731996
813 0.9776946929731996
814 0.9776946929731996
815 0.9776946929731996
816 0.9776946929731996
817 0.9776946929731996
818 0.9776946929731996
819 0.9776946929731996
820 0.9776946929731996
821 0.9776946929731996
822 0.9776946929731996
823 0.9776946929731996
824 0.9776946929731996
825 0.9776946929731996
826 0.9776946929731996
827 0.9776946929731996
828 0.9776946929731996
829 0.9776946929731996
830 0.9776946929731996
831 0.9776946929731996
832 0.9776946929731996
833 0.9776946929731996
834 0.9776946929731996
835 0.9776946929731996
836 0.9776946929731996
837 0.9776946929731996
838 0.9776946929731996
839 0.9776946929731996
840 0.9776946929731996
841 0.9776946929731996
842 0.9776946929731996
843 0.9776946929731996
844 0.9776946929731996
845 0.9776946929731996
846 0.9776946929731996
847 0.9776946929731996
848 0.9776946929731996
849 0.9776946929731996
850 0.9776946929731996
851 0.9776946929731996
852 0.9776946929731996
853 0.9776946929731996
854 0.9776946929731996
855 0.9776946929731996
856 0.9776946929731996
857 0.9776946929731996
858 0.9776946929731996
859 0.9776946929731996
860 0.9776946929731996
861 0.9776946929731996
862 0.9776946929731996
863 0.9776946929731996
864 0.9776946929731996
865 0.9776946929731996
866 0.9776946929731996
867 0.9776946929731996
868 0.9776946929731996
869 0.9776946929731996
870 0.9776946929731996
871 0.9776946929731996
872 0.9776946929731996
873 0.9776946929731996
874 0.9776946929731996
875 0.9776946929731996
876 0.9776946929731996
877 0.9776946929731996
878 0.9776946929731996
879 0.9776946929731996
880 0.9776946929731996
881 0.9776946929731996
882 0.9776946929731996
883 0.9776946929731996
884 0.9776946929731996
885 0.9776946929731996
886 0.9776946929731996
887 0.9776946929731996
888 0.9776946929731996
889 0.9776946929731996
890 0.9776946929731996
891 0.9776946929731996
892 0.9776946929731996
893 0.9776946929731996
894 0.9776946929731996
895 0.9776946929731996
896 0.9776946929731996
897 0.9776946929731996
898 0.9776946929731996
899 0.9776946929731996
900 0.9776946929731996
901 0.9776946929731996
902 0.9776946929731996
903 0.9776946929731996
904 0.9776946929731996
905 0.9776946929731996
906 0.9776946929731996
907 0.9776946929731996
908 0.9776946929731996
909 0.9776946929731996
910 0.9776946929731996
911 0.9776946929731996
912 0.9776946929731996
913 0.9776946929731996
914 0.9776946929731996
915 0.9776946929731996
916 0.9776946929731996
917 0.9776946929731996
918 0.9776946929731996
919 0.9776946929731996
920 0.9776946929731996
921 0.9776946929731996
922 0.9776946929731996
923 0.9776946929731996
924 0.9776946929731996
925 0.9776946929731996
926 0.9776946929731996
927 0.9776946929731996
928 0.9776946929731996
929 0.9776946929731996
930 0.9776946929731996
931 0.9776946929731996
932 0.9776946929731996
933 0.9776946929731996
934 0.9776946929731996
935 0.9776946929731996
936 0.9776946929731996
937 0.9776946929731996
938 0.9776946929731996
939 0.9776946929731996
940 0.9776946929731996
941 0.9776946929731996
942 0.9776946929731996
943 0.9776946929731996
944 0.9776946929731996
945 0.9776946929731996
946 0.9776946929731996
947 0.9776946929731996
948 0.9776946929731996
949 0.9776946929731996
950 0.9776946929731996
951 0.9776946929731996
952 0.9776946929731996
953 0.9776946929731996
954 0.9776946929731996
955 0.9776946929731996
956 0.9776946929731996
957 0.9776946929731996
958 0.9776946929731996
959 0.9776946929731996
960 0.9776946929731996
961 0.9776946929731996
962 0.9776946929731996
963 0.9776946929731996
964 0.9776946929731996
965 0.9776946929731996
966 0.9776946929731996
967 0.9776946929731996
968 0.9776946929731996
969 0.9776946929731996
970 0.9776946929731996
971 0.9776946929731996
972 0.9776946929731996
973 0.9776946929731996
974 0.9776946929731996
975 0.9776946929731996
976 0.9776946929731996
977 0.9776946929731996
978 0.9776946929731996
979 0.9776946929731996
980 0.9776946929731996
981 0.9776946929731996
982 0.9776946929731996
983 0.9776946929731996
984 0.9776946929731996
985 0.9776946929731996
986 0.9776946929731996
987 0.9776946929731996
988 0.9776946929731996
989 0.9776946929731996
990 0.9776946929731996
991 0.9776946929731996
992 0.9776946929731996
993 0.9776946929731996
994 0.9776946929731996
995 0.9776946929731996
996 0.9776946929731996
997 0.9776946929731996
998 0.9776946929731996
999 0.9776946929731996
