0 0.27795839681745205
1 0.32984238068166727
2 0.33545211724699964
3 0.31378275787656823
4 0.3091634860222172
5 0.289738492605353
6 0.2118248824287936
7 0.1551354694739049
8 0.1507031520001704
9 0.163456221043791
10 0.14687277443644797
11 0.13799017200702923
12 0.13900750170619913
13 0.1004163965245329
14 0.18153114420149552
15 0.3403006796121451
16 0.5336996251162027
17 0.6356915074365499
18 0.6599440204757335
19 0.5840273865849525
20 0.4185584179349106
21 0.4597719793882605
22 0.5449994599537011
23 0.6393237737604579
24 0.6418111266972791
25 0.5589467179547347
26 0.4919779846448589
27 0.19251697283805694
28 0.18577447480870835
29 0.18703777661962429
30 0.18717024859349402
31 0.18667578538692797
32 0.18711222198309604
33 0.18021316715879707
34 0.18842017588102516
35 0.17994014545448317
36 0.1815608957336133
37 0.18355060256872502
38 0.18461120257300584
39 0.18473497257191407
40 0.1765551809108615
41 0.17749725865021693
42 0.1778064071067269
43 0.17727337573648413
44 0.17689585089175228
45 0.1775557347820483
46 0.17783758831564647
47 0.17792905432333372
48 0.17758509069414846
49 0.17847853409045122
50 0.17943468212320193
51 0.18022211569707008
52 0.18077606560077908
53 0.18210620029467395
54 0.18204354393391933
55 0.17430677117493323
56 0.1745790292578042
57 0.17509919567416024
58 0.17695852679086435
59 0.17838156930157628
60 0.17989075347790662
61 0.1809980607277221
62 0.18196749636126738
63 0.18258421465917668
64 0.17378653918915016
65 0.1739262168612752
66 0.17362415858089952
67 0.17362415858089952
68 0.17362415858089952
69 0.17368511204990034
70 0.17348495503182926
71 0.17348495503182926
72 0.1742080936109378
73 0.1744757170834369
74 0.17461144123187108
75 0.1758581255508702
76 0.1769625986242544
77 0.17668845564152696
78 0.17668845564152696
79 0.17724185804263198
80 0.1769945108888002
81 0.17648508781089142
82 0.17599620344902966
83 0.17670792775586167
84 0.17687020722550487
85 0.1773785758756889
86 0.1779113911688594
87 0.1785046153607187
88 0.17924134867025993
89 0.1792649564605428
90 0.179442284370599
91 0.179442284370599
92 0.17961721338195563
93 0.1801148319120227
94 0.1809277940839716
95 0.18149477044293494
96 0.18149477044293494
97 0.1825766466623457
98 0.1825766466623457
99 0.18336490058781182
100 0.18430687447850316
101 0.18486479346262544
102 0.1746879115106462
103 0.1753515272092549
104 0.1745036829790817
105 0.1745036829790817
106 0.1752084339699473
107 0.1756996029518296
108 0.175808323532374
109 0.17628846767032255
110 0.17628846767032255
111 0.17628846767032255
112 0.17628846767032255
113 0.17702956636261769
114 0.17767339842295318
115 0.17767339842295318
116 0.17767339842295318
117 0.17767339842295318
118 0.17767339842295318
119 0.17767339842295318
120 0.17767339842295318
121 0.1770656413496734
122 0.1770656413496734
123 0.17872761429853867
124 0.1787276142985387
125 0.17872761429853867
126 0.17872761429853867
127 0.17872761429853867
128 0.17894074145926925
129 0.17894074145926925
130 0.17945815111110733
131 0.17956346866641304
132 0.17956346866641304
133 0.17956346866641304
134 0.17956346866641304
135 0.17986092174754081
136 0.18016340209374662
137 0.18016340209374662
138 0.18074031283172184
139 0.18096391454667296
140 0.18096391454667296
141 0.18144281717351846
142 0.1815068840073491
143 0.18157440922705634
144 0.18157440922705634
145 0.18130933984329017
146 0.18130933984329017
147 0.18130933984329017
148 0.18130933984329017
149 0.18130933984329017
150 0.18136038903742327
151 0.18199821804790522
152 0.18151241368162543
153 0.18144806474784414
154 0.18144806474784414
155 0.18144806474784414
156 0.18203285384665407
157 0.1820520914541252
158 0.18232166605831443
159 0.18255802712625147
160 0.18255802712625147
161 0.17214188559453403
162 0.17229596687310428
163 0.17201205867320193
164 0.1723876980708906
165 0.1723876980708906
166 0.1718310174943211
167 0.1718310174943211
168 0.1718310174943211
169 0.1718310174943211
170 0.17170418634847556
171 0.1717948834740058
172 0.1717948834740058
173 0.1717948834740058
174 0.1717948834740058
175 0.1717948834740058
176 0.17259201765229953
177 0.1725712087103114
178 0.1725712087103114
179 0.17256987257694764
180 0.17256987257694764
181 0.17256987257694764
182 0.17256987257694764
183 0.1608140054266507
184 0.1608140054266507
185 0.160614750622116
186 0.160614750622116
187 0.160614750622116
188 0.160614750622116
189 0.160614750622116
190 0.16039966258634242
191 0.16039966258634242
192 0.16039966258634242
193 0.16036154059917854
194 0.16038999076429233
195 0.16038999076429233
196 0.1595679914704378
197 0.1595679914704378
198 0.1595679914704378
199 0.1595679914704378
