0 0.07222203496173524
1 0.18945079644864354
2 0.2465270797130251
3 0.2800610045868341
4 0.3034391263102891
5 0.31896139978563426
6 0.35022973032186705
7 0.36831137640544476
8 0.38334539632154596
9 0.3907577830063864
10 0.392757693187118
11 0.40252370027637385
12 0.4044117789289263
13 0.40871127838126675
14 0.4167525687885205
15 0.42034556513600646
16 0.42957933034208984
17 0.4346914348628372
18 0.43949347279405404
19 0.4582259186948396
20 0.47100729610550623
21 0.4815335850092858
22 0.507038673208718
23 0.5268522216274255
24 0.5521518566152106
25 0.583081551590554
26 0.597200387133042
27 0.612767965874458
28 0.634953824662559
29 0.6418745813697726
30 0.6494252014392569
31 0.6527381326291394
32 0.655249763872888
33 0.660072746884394
34 0.6613819922506966
35 0.6640596142770596
36 0.6677650082553283
37 0.6700791520954817
38 0.6716788586298208
39 0.6732144467583278
40 0.674258192519607
41 0.6748693449559886
42 0.6754401660964616
43 0.6757992877827228
44 0.6763247202412558
45 0.6766533776678753
46 0.6769614075725129
47 0.67748691995371
48 0.6776723742162066
49 0.6782248937313254
50 0.6783303283475749
51 0.6786624893822527
52 0.6788720274100422
53 0.6797026219578868
54 0.6800460084828096
55 0.6803223247799944
56 0.6803849636353909
57 0.6805826595067488
58 0.6805826595067488
59 0.6809324685394488
60 0.681053016178304
61 0.6813929595749956
62 0.6813976969345411
63 0.6815612728981403
64 0.682031971452246
65 0.6820636496525827
66 0.6820724748481004
67 0.6822470641026136
68 0.6824175563933439
69 0.6826171921005075
70 0.6827269394969544
71 0.682914609470361
72 0.682914609470361
73 0.682914609470361
74 0.6830119038254626
75 0.6832435185832143
76 0.6833559737103188
77 0.6835268823747376
78 0.6837290802329151
79 0.6841141525869757
80 0.684217880089556
81 0.6845088098625648
82 0.6846312918835754
83 0.6846393801155655
84 0.6846410223457547
85 0.6849001384559777
86 0.6849377554139372
87 0.6849896165888816
88 0.6850907019115963
89 0.6855008612015364
90 0.6857581864329105
91 0.6858540701199751
92 0.6859101759456092
93 0.686060646022149
94 0.6863463880481455
95 0.6864794165992213
96 0.6864979864666145
97 0.6868612001527484
98 0.6870612091539248
99 0.6873575233597076
100 0.6876393060215642
101 0.687892645721097
102 0.6879872025271897
103 0.6880882429020437
104 0.6882997430468382
105 0.688419439662615
106 0.6886666011946097
107 0.6887920656817801
108 0.6888418283881579
109 0.6889731667666714
110 0.6892514335921782
111 0.6893024218000768
112 0.6893024218000768
113 0.6893498743131307
114 0.6893965660355211
115 0.6895065544833447
116 0.689604848055076
117 0.6897245082254784
118 0.6898182828820745
119 0.6899389392154335
120 0.6917628753370674
121 0.691805143667974
122 0.6918770610554158
123 0.6918770610554158
124 0.6919341834437975
125 0.6919341834437975
126 0.6919784328688491
127 0.6920837763681242
128 0.6921397156569269
129 0.6923015406955854
130 0.6923064691066861
131 0.692376629988605
132 0.6923881458263369
133 0.6937640163478465
134 0.6937640163478465
135 0.6937841079703057
136 0.6937919139757088
137 0.6937919139757088
138 0.6938550461615874
139 0.693933653958443
140 0.6939643697531034
141 0.6939816604867793
142 0.6939816604867793
143 0.6940321084211719
144 0.6940321084211719
145 0.6940607399255311
146 0.694087591900625
147 0.6941054423782653
148 0.6941430229810169
149 0.6942280173347024
150 0.694260362408527
151 0.6942831390629768
152 0.6943013908256677
153 0.6943084801153817
154 0.6943462474757343
155 0.6943913424254938
156 0.6944121275899334
157 0.6944121275899334
158 0.6944606595370114
159 0.6945100381177647
160 0.6945100381177647
161 0.6945447774057476
162 0.6945447774057476
163 0.6945999634329435
164 0.6945999634329435
165 0.6945999634329435
166 0.6945999634329435
167 0.6946213142659353
168 0.6946569719325233
169 0.6946789259190609
170 0.6946995473762265
171 0.6947260568845799
172 0.6947288535604547
173 0.6947643775576156
174 0.6947857506706382
175 0.6947857506706382
176 0.6948754264964778
177 0.6948754264964778
178 0.6948754264964778
179 0.6949093884636539
180 0.6949093884636539
181 0.6949094831160132
182 0.694934941192498
183 0.694934941192498
184 0.694949838903955
185 0.6949547441659957
186 0.6949786377010354
187 0.6949786377010354
188 0.6950051946573452
189 0.6950172599902554
190 0.6950445218391893
191 0.6950727774536936
192 0.6950727774536936
193 0.6951152795480391
194 0.6951152795480391
195 0.6951418163018931
196 0.6951418163018931
197 0.6951418163018931
198 0.6951418163018931
199 0.6951536137116205
200 0.6951536137116205
201 0.6951919392944064
202 0.6951919392944064
203 0.6952087600077783
204 0.6952920966871262
205 0.6952920966871262
206 0.6953161039776171
207 0.6953161039776171
208 0.6953333699290616
209 0.6953602570106296
210 0.6953790589737093
211 0.695414470919017
212 0.6954561825294825
213 0.6954871345702344
214 0.6954871345702344
215 0.6954871345702344
216 0.6954871345702344
217 0.6955198129291957
218 0.695525603716377
219 0.6955388093285986
220 0.6970735654117067
221 0.6970928833763732
222 0.6970945374243884
223 0.6971186010783051
224 0.6971186010783051
225 0.6971186010783051
226 0.6971186010783051
227 0.6971263159266621
228 0.6971771422779887
229 0.6971771422779887
230 0.69719507232238
231 0.697215774030422
232 0.6972218825740815
233 0.6972218825740815
234 0.6972218825740815
235 0.6972218825740815
236 0.6972301142808481
237 0.6972504959248941
238 0.6972504959248941
239 0.6972720370198335
240 0.6973148554752975
241 0.6973160594463201
242 0.6973160594463201
243 0.6973235403699292
244 0.6973235403699292
245 0.6973455818671094
246 0.6973742860973418
247 0.6973801035495357
248 0.6973801035495357
249 0.6973954176631775
250 0.6973954176631775
251 0.6973954176631775
252 0.6973954176631775
253 0.6974157320822362
254 0.6974333895055967
255 0.6974333895055967
256 0.697445319227878
257 0.697445319227878
258 0.6974556960550972
259 0.6974556960550972
260 0.6974984415682063
261 0.6975211465927158
262 0.6975362220871394
263 0.6975381802565933
264 0.6975510812208914
265 0.6975591326738662
266 0.6975620489002832
267 0.6980255284237019
268 0.6980322462836683
269 0.6980448296317515
270 0.6980674581870058
271 0.6989168928823234
272 0.6989168928823234
273 0.7003338461303246
274 0.7003338461303246
275 0.7003426584731425
276 0.7003578012685573
277 0.7003665472173763
278 0.7027945435068423
279 0.7027945435068423
280 0.7041899765905183
281 0.7041983649140445
282 0.7041983649140445
283 0.7041983649140445
284 0.7041983649140445
285 0.7041986199746859
286 0.7042047634935588
287 0.7042047634935588
288 0.7042047634935588
289 0.7042047634935588
290 0.7042432989348629
291 0.7042432989348629
292 0.7042432989348629
293 0.7042432989348629
294 0.704243362365473
295 0.7042478237557837
296 0.7053679493868941
297 0.7053679493868941
298 0.7053679493868941
299 0.7053679493868941
300 0.7053775115576275
301 0.7053775115576275
302 0.7053775115576275
303 0.7053775115576275
304 0.7053775115576275
305 0.7053775115576275
306 0.7053775115576275
307 0.7053775115576275
308 0.7053775115576275
309 0.7065088113806368
310 0.7076324580081829
311 0.7076362537224478
312 0.709088826249291
313 0.7090934982845991
314 0.7090934982845991
315 0.709097582535239
316 0.7105735891632122
317 0.7123943340718278
318 0.7135837466714685
319 0.7135837466714685
320 0.7141698381449777
321 0.7141698381449777
322 0.7171453192229318
323 0.7171510759791885
324 0.7171510759791885
325 0.7196694733359955
326 0.7196694733359955
327 0.7196694733359955
328 0.7196694733359955
329 0.7196694733359955
330 0.7211826072908432
331 0.7226981221960233
332 0.7226981221960233
333 0.7226981221960233
334 0.7226981221960233
335 0.7226981221960233
336 0.7226981221960233
337 0.7226981221960233
338 0.7226981221960233
339 0.7226981221960233
340 0.7226981221960233
341 0.7226981221960233
342 0.7226981221960233
343 0.7232835003153472
344 0.7263299317245039
345 0.7263299317245039
346 0.7275665477554577
347 0.7275665477554577
348 0.7276144288521961
349 0.7290675614975742
350 0.7290675614975742
351 0.7305814193674849
352 0.7305814193674849
353 0.7305814193674849
354 0.7318032411480386
355 0.7318032411480386
356 0.7318032411480386
357 0.7334449214563494
358 0.7334449214563494
359 0.7334449214563494
360 0.7334449214563494
361 0.7334449214563494
362 0.7342286560576176
363 0.7342286560576176
364 0.7342286560576176
365 0.7353930915279241
366 0.7355112048769172
367 0.7355112048769172
368 0.7355112048769172
369 0.7367025583701536
370 0.7367025583701536
371 0.7367025583701536
372 0.7367025583701536
373 0.7367025583701536
374 0.7367025583701536
375 0.737426506711406
376 0.737426506711406
377 0.737426506711406
378 0.7386800365249419
379 0.7386800365249419
380 0.7386800365249419
381 0.7386800365249419
382 0.7386833597915031
383 0.7386833597915031
384 0.7413046529626882
385 0.7427905961597651
386 0.7427905961597651
387 0.7427905961597651
388 0.7469396960849138
389 0.7497260871173382
390 0.7497260871173382
391 0.7497260871173382
392 0.7497260871173382
393 0.7497260871173382
394 0.7509123763283176
395 0.7521619089457608
396 0.7521619089457608
397 0.7521619089457608
398 0.7521935063946396
399 0.7521935063946396
400 0.7521935063946396
401 0.7534247350527711
402 0.7542977404506144
403 0.7553820170623112
404 0.7568639653549956
405 0.759321164075503
406 0.759321164075503
407 0.759321164075503
408 0.759321164075503
409 0.7610000934258833
410 0.7659682868077745
411 0.7659682868077745
412 0.7659682868077745
413 0.7659682868077745
414 0.7659682868077745
415 0.7659682868077745
416 0.7659682868077745
417 0.7671809363737673
418 0.770147564958176
419 0.7717669834345062
420 0.7717669834345062
421 0.7717669834345062
422 0.7717673328983726
423 0.7740469342221428
424 0.7740469342221428
425 0.7740469342221428
426 0.7740469342221428
427 0.7740469342221428
428 0.7765022319072925
429 0.7765022319072925
430 0.7765022319072925
431 0.7765022319072925
432 0.7765022319072925
433 0.7780728204809639
434 0.7780728204809639
435 0.7780728204809639
436 0.7780728204809639
437 0.7800756625317798
438 0.7800756625317798
439 0.7800756625317798
440 0.7800756625317798
441 0.781573175962556
442 0.781573175962556
443 0.781573175962556
444 0.781573175962556
445 0.781573175962556
446 0.781573175962556
447 0.7829797300992428
448 0.7862312770423532
449 0.7862312770423532
450 0.7862312770423532
451 0.7862312770423532
452 0.7862312770423532
453 0.7862312770423532
454 0.7862312770423532
455 0.7901157262642158
456 0.7901157262642158
457 0.791613909408797
458 0.791613909408797
459 0.7964379501214761
460 0.7964379501214761
461 0.7964379501214761
462 0.7965456436674799
463 0.7976962927740457
464 0.7976962927740457
465 0.7976962927740457
466 0.7976962927740457
467 0.7976962927740457
468 0.7992561721671548
469 0.7992561721671548
470 0.8030361783962896
471 0.8030361783962896
472 0.8030361783962896
473 0.8030361783962896
474 0.8045307478415925
475 0.8045307478415925
476 0.8059711476019541
477 0.8059711476019541
478 0.8074541385939793
479 0.8074541385939793
480 0.8074541385939793
481 0.8074541385939793
482 0.8074541385939793
483 0.8088267695907935
484 0.8128141539652485
485 0.8141600705839319
486 0.8141600705839319
487 0.8179692184129662
488 0.8194447806675791
489 0.8218090265758786
490 0.8218090265758786
491 0.8218090265758786
492 0.8218090265758786
493 0.8218090265758786
494 0.8218090265758786
495 0.8218807768074159
496 0.8218807768074159
497 0.8218807768074159
498 0.823190461457726
499 0.823190461457726
500 0.8245041718606226
501 0.8280305077431345
502 0.82916679585418
503 0.82916679585418
504 0.8302378578707288
505 0.8302378578707288
506 0.8302378578707288
507 0.832708454553314
508 0.832708454553314
509 0.832708454553314
510 0.8348600068058457
511 0.8348600068058457
512 0.8348600068058457
513 0.8348600068058457
514 0.8348600068058457
515 0.8348600068058457
516 0.8361864205053985
517 0.8410416659234105
518 0.8426182965779163
519 0.8436270176993463
520 0.8436270176993463
521 0.8436270176993463
522 0.8436270176993463
523 0.8445108980313093
524 0.8445108980313093
525 0.8449744050247899
526 0.8456637221664549
527 0.8460135613968436
528 0.8473863515830885
529 0.8474651506364288
530 0.8474651506364288
531 0.8474651506364288
532 0.8474651506364288
533 0.8474651506364288
534 0.8482002169121278
535 0.8482002169121278
536 0.8482002169121278
537 0.8482002169121278
538 0.8483820589989165
539 0.8483820589989165
540 0.8483820589989165
541 0.8483820589989165
542 0.8483820589989165
543 0.8497865444111955
544 0.8497865444111955
545 0.8497865444111955
546 0.8497865444111955
547 0.8497865444111955
548 0.8501908708651446
549 0.8501908708651446
550 0.8501908708651446
551 0.8501908708651446
552 0.8501908708651446
553 0.8501908708651446
554 0.8501908708651446
555 0.8501908708651446
556 0.8501908708651446
557 0.8501908708651446
558 0.8502353334665189
559 0.8502353334665189
560 0.8504022530981724
561 0.8516836164370438
562 0.8525216329466416
563 0.8525216329466416
564 0.8525902008506712
565 0.8525902008506712
566 0.8525902008506712
567 0.8525902008506712
568 0.852953912226849
569 0.852953912226849
570 0.8530259804410992
571 0.8542196917006745
572 0.8545097587680003
573 0.8545097587680003
574 0.8545108577314725
575 0.8548438240355138
576 0.8548438240355138
577 0.8548438240355138
578 0.8548438240355138
579 0.8548438240355138
580 0.8566674080270864
581 0.8567137705447702
582 0.8569231481838101
583 0.8581835644829807
584 0.8581835644829807
585 0.8581835644829807
586 0.8585035330349924
587 0.8586070859340141
588 0.8586070859340141
589 0.8586070859340141
590 0.8586070859340141
591 0.8586070859340141
592 0.8591917959652506
593 0.8600188036592518
594 0.8601198215965955
595 0.8601198215965955
596 0.8601198215965955
597 0.8601198215965955
598 0.8601198215965955
599 0.8601198215965955
600 0.8601198215965955
601 0.8601198215965955
602 0.8601198215965955
603 0.8601198215965955
604 0.8601198215965955
605 0.8601198215965955
606 0.8609404588253453
607 0.8611793387828517
608 0.8623952232244246
609 0.8623952232244246
610 0.8623952232244246
611 0.8623952232244246
612 0.8623952232244246
613 0.8623952232244246
614 0.8623952232244246
615 0.8623952232244246
616 0.8623952232244246
617 0.8623952232244246
618 0.8623952232244246
619 0.8623952232244246
620 0.8629913074874586
621 0.8629913074874586
622 0.8629913074874586
623 0.8629913074874586
624 0.8629913074874586
625 0.8631339447769087
626 0.8631339447769087
627 0.8631339447769087
628 0.8631339447769087
629 0.8631339447769087
630 0.8635788904029127
631 0.8635788904029127
632 0.8654107599022899
633 0.8654107599022899
634 0.8654107599022899
635 0.8654107599022899
636 0.8654107599022899
637 0.8654107599022899
638 0.8654107599022899
639 0.865731301300901
640 0.865731301300901
641 0.8660200144754018
642 0.8661720196025917
643 0.8661909065708389
644 0.8661909065708389
645 0.8661909065708389
646 0.8671951737828771
647 0.8671951737828771
648 0.8686174735150345
649 0.8700301010307424
650 0.8711982211101565
651 0.8713482019330544
652 0.8716733054080641
653 0.8716733054080641
654 0.8723487980656983
655 0.8723714912419527
656 0.8732765406388177
657 0.8732765406388177
658 0.8734232827653332
659 0.8745229250889096
660 0.8747006224785849
661 0.8747006224785849
662 0.8747006224785849
663 0.8747006224785849
664 0.8747006224785849
665 0.8747006224785849
666 0.8753149076048011
667 0.8763814932349621
668 0.8763814932349621
669 0.8766060072562644
670 0.8766060072562644
671 0.8766060072562644
672 0.8766060072562644
673 0.8766060072562644
674 0.8766060072562644
675 0.8778108629847526
676 0.8781626830527128
677 0.8781626830527128
678 0.8781626830527128
679 0.8781626830527128
680 0.879341542592087
681 0.8812450872123421
682 0.8812450872123421
683 0.8823240506626735
684 0.8823240506626735
685 0.8823240506626735
686 0.8828898896588564
687 0.8828898896588564
688 0.8829361639156577
689 0.8829361639156577
690 0.8829361639156577
691 0.8829361639156577
692 0.8829361639156577
693 0.8829361639156577
694 0.8832731988681678
695 0.8832731988681678
696 0.8839607339818847
697 0.883994912891483
698 0.883994912891483
699 0.883994912891483
700 0.883994912891483
701 0.883994912891483
702 0.883994912891483
703 0.883994912891483
704 0.883994912891483
705 0.883994912891483
706 0.883994912891483
707 0.883994912891483
708 0.883994912891483
709 0.883994912891483
710 0.883994912891483
711 0.883994912891483
712 0.883994912891483
713 0.883994912891483
714 0.883994912891483
715 0.884139565634828
716 0.8842327696816323
717 0.8842327696816323
718 0.8842327696816323
719 0.8842327696816323
720 0.884801351611458
721 0.884801351611458
722 0.884801351611458
723 0.8857394397299855
724 0.8865879403262177
725 0.8865879403262177
726 0.8865879403262177
727 0.8865879403262177
728 0.8865879403262177
729 0.8865879403262177
730 0.8866165254394831
731 0.8866165254394831
732 0.8866165254394831
733 0.8866165254394831
734 0.8866165254394831
735 0.8866165254394831
736 0.8866165254394831
737 0.8866165815616347
738 0.8866165815616347
739 0.8876997259621635
740 0.8876997259621635
741 0.8876997259621635
742 0.8876997259621635
743 0.8877262142684776
744 0.8877262142684776
745 0.8877262142684776
746 0.8889767178225435
747 0.8889767178225435
748 0.8889767178225435
749 0.8900450567277062
750 0.890156201240344
751 0.890156201240344
752 0.890156201240344
753 0.890156201240344
754 0.890156201240344
755 0.890156201240344
756 0.890156201240344
757 0.890156201240344
758 0.890156201240344
759 0.8909529731684106
760 0.8909529731684106
761 0.8910148445521756
762 0.8910148445521756
763 0.8915411049353951
764 0.8915771677456287
765 0.8915771677456287
766 0.8915771677456287
767 0.8915771677456287
768 0.8915771677456287
769 0.8915771677456287
770 0.8915771677456287
771 0.8916662166067258
772 0.8917227906784099
773 0.8917227906784099
774 0.8917227906784099
775 0.8917227906784099
776 0.8917227906784099
777 0.891812909808638
778 0.891812909808638
779 0.891812909808638
780 0.891812909808638
781 0.891812909808638
782 0.891812909808638
783 0.891812909808638
784 0.891812909808638
785 0.8930028086399578
786 0.8930028086399578
787 0.8930028086399578
788 0.8930028086399578
789 0.8930028086399578
790 0.8930028086399578
791 0.8930028086399578
792 0.8937187677396956
793 0.8937187677396956
794 0.8937540703341261
795 0.8937540703341261
796 0.893820119017121
797 0.8947987699011435
798 0.8947987699011435
799 0.8947987699011435
800 0.8953040915313514
801 0.8953040915313514
802 0.8953040915313514
803 0.8953212671099081
804 0.8953212671099081
805 0.8953348766133052
806 0.8953348766133052
807 0.8953348766133052
808 0.8953348766133052
809 0.8953348766133052
810 0.8953813209496002
811 0.8953813209496002
812 0.8953813209496002
813 0.8953813209496002
814 0.8953813209496002
815 0.8953813209496002
816 0.8958842930754446
817 0.8958842930754446
818 0.8958842930754446
819 0.8958842930754446
820 0.8958842930754446
821 0.8958842930754446
822 0.8958842930754446
823 0.8958842930754446
824 0.8958842930754446
825 0.8958842930754446
826 0.8958842930754446
827 0.895885530940561
828 0.8991568756664471
829 0.8991568756664471
830 0.8998758509343814
831 0.8998758509343814
832 0.8998758509343814
833 0.8998758509343814
834 0.8998758509343814
835 0.8998758509343814
836 0.8998758509343814
837 0.8998758509343814
838 0.8998758509343814
839 0.8998758509343814
840 0.8998758509343814
841 0.9007064827814328
842 0.9007064827814328
843 0.9007064827814328
844 0.9007064827814328
845 0.9007064827814328
846 0.9007064827814328
847 0.9007064827814328
848 0.9007064827814328
849 0.9007064827814328
850 0.9019509001935446
851 0.9019509001935446
852 0.9024323911242663
853 0.9024323911242663
854 0.9036282222635998
855 0.9036282222635998
856 0.9036282222635998
857 0.9036282222635998
858 0.9041561337425899
859 0.9041561337425899
860 0.9041561337425899
861 0.9041561337425899
862 0.9041561337425899
863 0.9050516794280656
864 0.9050516794280656
865 0.9050516794280656
866 0.9050516794280656
867 0.9050516794280656
868 0.9050516794280656
869 0.9062364657150916
870 0.9062364657150916
871 0.9068212464791466
872 0.9077101361179675
873 0.9077101361179675
874 0.9077101361179675
875 0.9077101361179675
876 0.9085735262721713
877 0.9085735262721713
878 0.9085735262721713
879 0.9085735262721713
880 0.909437359533745
881 0.909440760957859
882 0.909440760957859
883 0.909440760957859
884 0.909440760957859
885 0.909440760957859
886 0.909440760957859
887 0.909440760957859
888 0.909440760957859
889 0.9102756541267414
890 0.9102756541267414
891 0.9102756541267414
892 0.9102756541267414
893 0.9114492609069704
894 0.9114492609069704
895 0.9126216041850524
896 0.9126216041850524
897 0.9135202551335623
898 0.9135202551335623
899 0.9141973155774964
900 0.9141973155774964
901 0.9141973155774964
902 0.9151646010547084
903 0.9151646010547084
904 0.9151646010547084
905 0.91561180780939
906 0.91561180780939
907 0.9167718796608455
908 0.9167718796608455
909 0.9179300503755329
910 0.9190881370499997
911 0.9190881370499997
912 0.9190881370499997
913 0.9190881370499997
914 0.9190881370499997
915 0.9190881370499997
916 0.9190881370499997
917 0.9195234387655282
918 0.9195234387655282
919 0.9195234387655282
920 0.9206746350895935
921 0.9206746350895935
922 0.9206746350895935
923 0.9206746350895935
924 0.9206746350895935
925 0.9211072880184896
926 0.9211072880184896
927 0.9211072880184896
928 0.9222568013555613
929 0.9234306255342557
930 0.9242464796993852
931 0.9242464796993852
932 0.9264562819972957
933 0.9264562819972957
934 0.9264562819972957
935 0.9264562819972957
936 0.9264562819972957
937 0.9274980762686346
938 0.9274980762686346
939 0.9274980762686346
940 0.9274980762686346
941 0.9274980762686346
942 0.9274980762686346
943 0.9292753941878285
944 0.9292753941878285
945 0.9292753941878285
946 0.9292753941878285
947 0.9292753941878285
948 0.9292753941878285
949 0.9292753941878285
950 0.9292753941878285
951 0.9292753941878285
952 0.9292753941878285
953 0.9292753941878285
954 0.9292753941878285
955 0.9292753941878285
956 0.9305485695520822
957 0.9305485695520822
958 0.9305485695520822
959 0.9305485695520822
960 0.9305485695520822
961 0.9305485695520822
962 0.9305485695520822
963 0.9305485695520822
964 0.9314733519771984
965 0.9322461950091174
966 0.9322461950091174
967 0.9331370623212105
968 0.9331370623212105
969 0.9331370623212105
970 0.9331370623212105
971 0.9331370623212105
972 0.9331370623212105
973 0.9331370623212105
974 0.9331370623212105
975 0.9331370623212105
976 0.9331370623212105
977 0.9337428146972216
978 0.9337428146972216
979 0.9337428146972216
980 0.9345628193027008
981 0.9345628193027008
982 0.9358769691298644
983 0.936539986306106
984 0.936539986306106
985 0.936539986306106
986 0.936539986306106
987 0.936539986306106
988 0.936539986306106
989 0.936539986306106
990 0.936539986306106
991 0.936539986306106
992 0.936539986306106
993 0.936539986306106
994 0.936539986306106
995 0.9372623588185275
996 0.9379811524944978
997 0.9379811524944978
998 0.9379811524944978
999 0.9379811524944978
