0 0.06666666666666667
1 0.23333333333333334
2 0.23333333333333334
3 0.23333333333333334
4 0.23333333333333334
5 0.23333333333333334
6 0.23333333333333334
7 0.23333333333333334
8 0.23333333333333334
9 0.23333333333333334
10 0.23333333333333334
11 0.4
12 0.4
13 0.4
14 0.4
15 0.6333333333333333
16 0.6333333333333333
17 0.6333333333333333
18 0.6333333333333333
19 0.6333333333333333
20 0.9666666666666667
21 0.9666666666666667
22 0.9666666666666667
23 0.9666666666666667
24 0.9666666666666667
25 0.9666666666666667
26 0.9666666666666667
27 0.9666666666666667
28 0.9666666666666667
29 0.9666666666666667
30 1.0666666666666667
31 1.0666666666666667
32 1.0666666666666667
33 1.0666666666666667
34 1.2666666666666666
35 1.2666666666666666
36 1.2666666666666666
37 1.2666666666666666
38 1.2666666666666666
39 1.2666666666666666
40 1.2666666666666666
41 1.2666666666666666
42 1.2666666666666666
43 1.2666666666666666
44 1.2666666666666666
45 1.2666666666666666
46 1.2666666666666666
47 1.3666666666666667
48 1.3666666666666667
49 1.3666666666666667
50 1.3666666666666667
51 1.3666666666666667
52 1.3666666666666667
53 1.3666666666666667
54 1.3666666666666667
55 1.3666666666666667
56 1.3666666666666667
57 1.3666666666666667
58 1.3666666666666667
59 1.4
60 1.4
61 1.4
62 1.4
63 1.4
64 1.4
65 1.4333333333333333
66 1.4333333333333333
67 1.4333333333333333
68 1.4333333333333333
69 1.4333333333333333
70 1.4333333333333333
71 1.4333333333333333
72 1.4333333333333333
73 1.4333333333333333
74 1.5
75 1.5
76 1.5
77 1.5333333333333334
78 1.5333333333333334
79 1.5333333333333334
80 1.5333333333333334
81 1.5333333333333334
82 1.5333333333333334
83 1.5666666666666667
84 1.5666666666666667
85 1.5666666666666667
86 1.5666666666666667
87 1.5666666666666667
88 1.5666666666666667
89 1.5666666666666667
90 1.5666666666666667
91 1.5666666666666667
92 1.5666666666666667
93 1.5666666666666667
94 1.5666666666666667
95 1.5666666666666667
96 1.5666666666666667
97 1.5666666666666667
98 1.5666666666666667
99 1.5666666666666667
100 1.5666666666666667
101 1.5666666666666667
102 1.5666666666666667
103 1.5666666666666667
104 1.5666666666666667
105 1.5666666666666667
106 1.5666666666666667
107 1.5666666666666667
108 1.5666666666666667
109 1.5666666666666667
110 1.6
111 1.6
112 1.6
113 1.6
114 1.6
115 1.6
116 1.6
117 1.6
118 1.6
119 1.6
120 1.6
121 1.6
122 1.6
123 1.6333333333333333
124 1.6333333333333333
125 1.6333333333333333
126 1.6333333333333333
127 1.6333333333333333
128 1.6333333333333333
129 1.6333333333333333
130 1.6333333333333333
131 1.6333333333333333
132 1.6333333333333333
133 1.6333333333333333
134 1.6333333333333333
135 1.6333333333333333
136 1.6333333333333333
137 1.6333333333333333
138 1.6333333333333333
139 1.6333333333333333
140 1.6333333333333333
141 1.6333333333333333
142 1.6333333333333333
143 1.6333333333333333
144 1.6333333333333333
145 1.6333333333333333
146 1.6333333333333333
147 1.6333333333333333
148 1.6333333333333333
149 1.6333333333333333
150 1.6333333333333333
151 1.6333333333333333
152 1.6333333333333333
153 1.6333333333333333
154 1.6333333333333333
155 1.6333333333333333
156 1.6333333333333333
157 1.6333333333333333
158 1.6333333333333333
159 1.6333333333333333
160 1.6333333333333333
161 1.6333333333333333
162 1.6333333333333333
163 1.6333333333333333
164 1.6333333333333333
165 1.6333333333333333
166 1.6333333333333333
167 1.6333333333333333
168 1.6333333333333333
169 1.6333333333333333
170 1.6333333333333333
171 1.6333333333333333
172 1.6333333333333333
173 1.6333333333333333
174 1.6333333333333333
175 1.6333333333333333
176 1.6333333333333333
177 1.6333333333333333
178 1.6333333333333333
179 1.6333333333333333
180 1.6333333333333333
181 1.6333333333333333
182 1.6333333333333333
183 1.6333333333333333
184 1.6333333333333333
185 1.6333333333333333
186 1.6333333333333333
187 1.6333333333333333
188 1.6333333333333333
189 1.6333333333333333
190 1.6333333333333333
191 1.6333333333333333
192 1.6333333333333333
193 1.6333333333333333
194 1.6333333333333333
195 1.6333333333333333
196 1.6333333333333333
197 1.6333333333333333
198 1.6333333333333333
199 1.6333333333333333
200 1.6333333333333333
201 1.6333333333333333
202 1.6333333333333333
203 1.6333333333333333
204 1.6333333333333333
205 1.6333333333333333
206 1.6333333333333333
207 1.6333333333333333
208 1.6333333333333333
209 1.6333333333333333
210 1.6333333333333333
211 1.6333333333333333
212 1.6333333333333333
213 1.6333333333333333
214 1.6333333333333333
215 1.6333333333333333
216 1.6333333333333333
217 1.6333333333333333
218 1.6333333333333333
219 1.6333333333333333
220 1.6333333333333333
221 1.6333333333333333
222 1.6333333333333333
223 1.6333333333333333
224 1.6333333333333333
225 1.6333333333333333
226 1.6333333333333333
227 1.6333333333333333
228 1.6333333333333333
229 1.6333333333333333
230 1.6333333333333333
231 1.6333333333333333
232 1.6333333333333333
233 1.6333333333333333
234 1.6333333333333333
235 1.6333333333333333
236 1.6333333333333333
237 1.6333333333333333
238 1.6333333333333333
239 1.6333333333333333
240 1.6333333333333333
241 1.6333333333333333
242 1.6333333333333333
243 1.6333333333333333
244 1.6333333333333333
245 1.6333333333333333
246 1.6333333333333333
247 1.6333333333333333
248 1.6333333333333333
249 1.6333333333333333
250 1.6333333333333333
251 1.6333333333333333
252 1.6333333333333333
253 1.6333333333333333
254 1.6333333333333333
255 1.6333333333333333
256 1.6333333333333333
257 1.6333333333333333
258 1.6333333333333333
259 1.6333333333333333
260 1.6333333333333333
261 1.6333333333333333
262 1.6333333333333333
263 1.6333333333333333
264 1.6333333333333333
265 1.6333333333333333
266 1.6333333333333333
267 1.6333333333333333
268 1.6333333333333333
269 1.6333333333333333
270 1.6333333333333333
271 1.6333333333333333
272 1.6333333333333333
273 1.6333333333333333
274 1.6333333333333333
275 1.6333333333333333
276 1.6333333333333333
277 1.6333333333333333
278 1.6333333333333333
279 1.6333333333333333
280 1.6333333333333333
281 1.6333333333333333
282 1.6333333333333333
283 1.6333333333333333
284 1.6333333333333333
285 1.6333333333333333
286 1.6333333333333333
287 1.6333333333333333
288 1.6333333333333333
289 1.6333333333333333
290 1.6333333333333333
291 1.6333333333333333
292 1.6333333333333333
293 1.6333333333333333
294 1.6333333333333333
295 1.6333333333333333
296 1.6333333333333333
297 1.6333333333333333
298 1.6333333333333333
299 1.6333333333333333
300 1.6333333333333333
301 1.6333333333333333
302 1.6333333333333333
303 1.6333333333333333
304 1.6333333333333333
305 1.6333333333333333
306 1.6333333333333333
307 1.6333333333333333
308 1.6333333333333333
309 1.6333333333333333
310 1.6333333333333333
311 1.6333333333333333
312 1.6333333333333333
313 1.6333333333333333
314 1.6333333333333333
315 1.6333333333333333
316 1.6333333333333333
317 1.6333333333333333
318 1.6333333333333333
319 1.6333333333333333
320 1.6333333333333333
321 1.6333333333333333
322 1.6333333333333333
323 1.6333333333333333
324 1.6333333333333333
325 1.6333333333333333
326 1.6333333333333333
327 1.6333333333333333
328 1.6333333333333333
329 1.6333333333333333
330 1.6333333333333333
331 1.6333333333333333
332 1.6333333333333333
333 1.6333333333333333
334 1.6333333333333333
335 1.6333333333333333
336 1.6333333333333333
337 1.6333333333333333
338 1.6333333333333333
339 1.6333333333333333
340 1.6333333333333333
341 1.6333333333333333
342 1.6333333333333333
343 1.6333333333333333
344 1.6333333333333333
345 1.6333333333333333
346 1.6333333333333333
347 1.6333333333333333
348 1.6333333333333333
349 1.6333333333333333
350 1.6333333333333333
351 1.6333333333333333
352 1.6333333333333333
353 1.6333333333333333
354 1.6333333333333333
355 1.6333333333333333
356 1.6333333333333333
357 1.6333333333333333
358 1.6333333333333333
359 1.6333333333333333
360 1.6333333333333333
361 1.6333333333333333
362 1.6333333333333333
363 1.6333333333333333
364 1.6333333333333333
365 1.6333333333333333
366 1.6333333333333333
367 1.6333333333333333
368 1.6333333333333333
369 1.6333333333333333
370 1.6333333333333333
371 1.6333333333333333
372 1.6333333333333333
373 1.6333333333333333
374 1.6333333333333333
375 1.6333333333333333
376 1.6333333333333333
377 1.6333333333333333
378 1.6333333333333333
379 1.6333333333333333
380 1.6333333333333333
381 1.6333333333333333
382 1.6333333333333333
383 1.6333333333333333
384 1.6333333333333333
385 1.6333333333333333
386 1.6333333333333333
387 1.6333333333333333
388 1.6333333333333333
389 1.6333333333333333
390 1.6333333333333333
391 1.6333333333333333
392 1.6333333333333333
393 1.6333333333333333
394 1.6333333333333333
395 1.6333333333333333
396 1.6333333333333333
397 1.6333333333333333
398 1.6333333333333333
399 1.6333333333333333
400 1.6333333333333333
401 1.6333333333333333
402 1.6333333333333333
403 1.6333333333333333
404 1.6333333333333333
405 1.6333333333333333
406 1.6333333333333333
407 1.6333333333333333
408 1.6333333333333333
409 1.6333333333333333
410 1.6333333333333333
411 1.6333333333333333
412 1.6333333333333333
413 1.6333333333333333
414 1.6333333333333333
415 1.6333333333333333
416 1.6333333333333333
417 1.6333333333333333
418 1.6333333333333333
419 1.6333333333333333
420 1.6333333333333333
421 1.6333333333333333
422 1.6333333333333333
423 1.6333333333333333
424 1.6333333333333333
425 1.6333333333333333
426 1.6333333333333333
427 1.6333333333333333
428 1.6333333333333333
429 1.6333333333333333
430 1.6333333333333333
431 1.6333333333333333
432 1.6333333333333333
433 1.6333333333333333
434 1.6333333333333333
435 1.6333333333333333
436 1.6333333333333333
437 1.6333333333333333
438 1.6333333333333333
439 1.6333333333333333
440 1.6333333333333333
441 1.6333333333333333
442 1.6333333333333333
443 1.6333333333333333
444 1.6333333333333333
445 1.6333333333333333
446 1.6333333333333333
447 1.6333333333333333
448 1.6333333333333333
449 1.6333333333333333
450 1.6333333333333333
451 1.6333333333333333
452 1.6333333333333333
453 1.6333333333333333
454 1.6333333333333333
455 1.6333333333333333
456 1.6333333333333333
457 1.6333333333333333
458 1.6333333333333333
459 1.6333333333333333
460 1.6333333333333333
461 1.6333333333333333
462 1.6333333333333333
463 1.6333333333333333
464 1.6333333333333333
465 1.6333333333333333
466 1.6333333333333333
467 1.6333333333333333
468 1.6333333333333333
469 1.6333333333333333
470 1.6333333333333333
471 1.6333333333333333
472 1.6333333333333333
473 1.6333333333333333
474 1.6333333333333333
475 1.6333333333333333
476 1.6333333333333333
477 1.6333333333333333
478 1.6333333333333333
479 1.6333333333333333
480 1.6333333333333333
481 1.6333333333333333
482 1.6333333333333333
483 1.6333333333333333
484 1.6333333333333333
485 1.6333333333333333
486 1.6333333333333333
487 1.6333333333333333
488 1.6333333333333333
489 1.6333333333333333
490 1.6333333333333333
491 1.6333333333333333
492 1.6333333333333333
493 1.6333333333333333
494 1.6333333333333333
495 1.6333333333333333
496 1.6333333333333333
497 1.6333333333333333
498 1.6333333333333333
499 1.6333333333333333
500 1.6333333333333333
501 1.6333333333333333
502 1.6333333333333333
503 1.6333333333333333
504 1.6333333333333333
505 1.6333333333333333
506 1.6333333333333333
507 1.6333333333333333
508 1.6333333333333333
509 1.6333333333333333
510 1.6333333333333333
511 1.6333333333333333
512 1.6333333333333333
513 1.6333333333333333
514 1.6333333333333333
515 1.6333333333333333
516 1.6333333333333333
517 1.6333333333333333
518 1.6333333333333333
519 1.6333333333333333
520 1.6333333333333333
521 1.6333333333333333
522 1.6333333333333333
523 1.6333333333333333
524 1.6333333333333333
525 1.6333333333333333
526 1.6333333333333333
527 1.6333333333333333
528 1.6333333333333333
529 1.6333333333333333
530 1.6333333333333333
531 1.6333333333333333
532 1.6333333333333333
533 1.6333333333333333
534 1.6333333333333333
535 1.6333333333333333
536 1.6333333333333333
537 1.6333333333333333
538 1.6333333333333333
539 1.6333333333333333
540 1.6333333333333333
541 1.6333333333333333
542 1.6333333333333333
543 1.6333333333333333
544 1.6333333333333333
545 1.6333333333333333
546 1.6333333333333333
547 1.6333333333333333
548 1.6333333333333333
549 1.6333333333333333
550 1.6333333333333333
551 1.6333333333333333
552 1.6333333333333333
553 1.6333333333333333
554 1.6333333333333333
555 1.6333333333333333
556 1.6333333333333333
557 1.6333333333333333
558 1.6333333333333333
559 1.6333333333333333
560 1.6333333333333333
561 1.6333333333333333
562 1.6333333333333333
563 1.6333333333333333
564 1.6333333333333333
565 1.6333333333333333
566 1.6333333333333333
567 1.6333333333333333
568 1.6333333333333333
569 1.6333333333333333
570 1.6333333333333333
571 1.6333333333333333
572 1.6333333333333333
573 1.6333333333333333
574 1.6333333333333333
575 1.6333333333333333
576 1.6333333333333333
577 1.6333333333333333
578 1.6333333333333333
579 1.6333333333333333
580 1.6333333333333333
581 1.6333333333333333
582 1.6333333333333333
583 1.6333333333333333
584 1.6333333333333333
585 1.6333333333333333
586 1.6333333333333333
587 1.6333333333333333
588 1.6333333333333333
589 1.6333333333333333
590 1.6333333333333333
591 1.6333333333333333
592 1.6333333333333333
593 1.6333333333333333
594 1.6333333333333333
595 1.6333333333333333
596 1.6333333333333333
597 1.6333333333333333
598 1.6333333333333333
599 1.6333333333333333
600 1.6333333333333333
601 1.6333333333333333
602 1.6333333333333333
603 1.6333333333333333
604 1.6333333333333333
605 1.6333333333333333
606 1.6333333333333333
607 1.6333333333333333
608 1.6333333333333333
609 1.6333333333333333
610 1.6333333333333333
611 1.6333333333333333
612 1.6333333333333333
613 1.6333333333333333
614 1.6333333333333333
615 1.6333333333333333
616 1.6333333333333333
617 1.6333333333333333
618 1.6333333333333333
619 1.6333333333333333
620 1.6333333333333333
621 1.6333333333333333
622 1.6333333333333333
623 1.6333333333333333
624 1.6333333333333333
625 1.6333333333333333
626 1.6333333333333333
627 1.6333333333333333
628 1.6333333333333333
629 1.6333333333333333
630 1.6333333333333333
631 1.6333333333333333
632 1.6333333333333333
633 1.6333333333333333
634 1.6333333333333333
635 1.6333333333333333
636 1.6333333333333333
637 1.6333333333333333
638 1.6333333333333333
639 1.6333333333333333
640 1.6333333333333333
641 1.6333333333333333
642 1.6333333333333333
643 1.6333333333333333
644 1.6333333333333333
645 1.6333333333333333
646 1.6333333333333333
647 1.6333333333333333
648 1.6333333333333333
649 1.6333333333333333
650 1.6333333333333333
651 1.6333333333333333
652 1.6333333333333333
653 1.6333333333333333
654 1.6333333333333333
655 1.6333333333333333
656 1.6333333333333333
657 1.6333333333333333
658 1.6333333333333333
659 1.6333333333333333
660 1.6333333333333333
661 1.6333333333333333
662 1.6333333333333333
663 1.6333333333333333
664 1.6333333333333333
665 1.6333333333333333
666 1.6333333333333333
667 1.6333333333333333
668 1.6333333333333333
669 1.6333333333333333
670 1.6333333333333333
671 1.6333333333333333
672 1.6333333333333333
673 1.6333333333333333
674 1.6333333333333333
675 1.6333333333333333
676 1.6333333333333333
677 1.6333333333333333
678 1.6333333333333333
679 1.6333333333333333
680 1.6333333333333333
681 1.6333333333333333
682 1.6333333333333333
683 1.6333333333333333
684 1.6333333333333333
685 1.6333333333333333
686 1.6333333333333333
687 1.6333333333333333
688 1.6333333333333333
689 1.6333333333333333
690 1.6333333333333333
691 1.6333333333333333
692 1.6333333333333333
693 1.6333333333333333
694 1.6333333333333333
695 1.6333333333333333
696 1.6333333333333333
697 1.6333333333333333
698 1.6333333333333333
699 1.6333333333333333
700 1.6333333333333333
701 1.6333333333333333
702 1.6333333333333333
703 1.6333333333333333
704 1.6333333333333333
705 1.6333333333333333
706 1.6333333333333333
707 1.6333333333333333
708 1.6333333333333333
709 1.6333333333333333
710 1.6333333333333333
711 1.6333333333333333
712 1.6333333333333333
713 1.6333333333333333
714 1.6333333333333333
715 1.7
716 1.7
717 1.7
718 1.7
719 1.7
720 1.7
721 1.7
722 1.7
723 1.7
724 1.7
725 1.7
726 1.7
727 1.7
728 1.7
729 1.7
730 1.7
731 1.7
732 1.7
733 1.7
734 1.7
735 1.7
736 1.7
737 1.7
738 1.7
739 1.7
740 1.7
741 1.7
742 1.7
743 1.7
744 1.7
745 1.7
746 1.7
747 1.7
748 1.7
749 1.7
750 1.7
751 1.7
752 1.7
753 1.7
754 1.7
755 1.7
756 1.7
757 1.7
758 1.7
759 1.7
760 1.7
761 1.7
762 1.7
763 1.7
764 1.7
765 1.7
766 1.7
767 1.7
768 1.7
769 1.7
770 1.7
771 1.7
772 1.7
773 1.7
774 1.7
775 1.7
776 1.7
777 1.7
778 1.7
779 1.7
780 1.7
781 1.7
782 1.7
783 1.7
784 1.7
785 1.7
786 1.7
787 1.7
788 1.7
789 1.7
790 1.7
791 1.7
792 1.7
793 1.7
794 1.7
795 1.7
796 1.7
797 1.7
798 1.7
799 1.7
800 1.7
801 1.7
802 1.7
803 1.7
804 1.7
805 1.7
806 1.7
807 1.7
808 1.7
809 1.7
810 1.7
811 1.7
812 1.7
813 1.7
814 1.7
815 1.7
816 1.7
817 1.7
818 1.7
819 1.7
820 1.7
821 1.7
822 1.7
823 1.7
824 1.7
825 1.7
826 1.7
827 1.7
828 1.7
829 1.7
830 1.7
831 1.7
832 1.7
833 1.7
834 1.7
835 1.7
836 1.7
837 1.7
838 1.7
839 1.7
840 1.7
841 1.7
842 1.7
843 1.7
844 1.7
845 1.7
846 1.7
847 1.7
848 1.7
849 1.7
850 1.7
851 1.7
852 1.7
853 1.7
854 1.7
855 1.7
856 1.7
857 1.7
858 1.7
859 1.7
860 1.7
861 1.7
862 1.7
863 1.7
864 1.7
865 1.7
866 1.7
867 1.7
868 1.7
869 1.7
870 1.7
871 1.7
872 1.7
873 1.7
874 1.7
875 1.7
876 1.7
877 1.7
878 1.7
879 1.7
880 1.7
881 1.7
882 1.7
883 1.7
884 1.7
885 1.7
886 1.7
887 1.7
888 1.7
889 1.7
890 1.7
891 1.7
892 1.7
893 1.7
894 1.7
895 1.7
896 1.7
897 1.7
898 1.7
899 1.7
900 1.7
901 1.7
902 1.7
903 1.7
904 1.7
905 1.7
906 1.7
907 1.7
908 1.7
909 1.7
910 1.7
911 1.7
912 1.7
913 1.7
914 1.7
915 1.7
916 1.7
917 1.7
918 1.7
919 1.7
920 1.7
921 1.7
922 1.7
923 1.7
924 1.7
925 1.7
926 1.7
927 1.7
928 1.7
929 1.7
930 1.7
931 1.7
932 1.7
933 1.7
934 1.7
935 1.7
936 1.7
937 1.7
938 1.7
939 1.7
940 1.7
941 1.7
942 1.7
943 1.7
944 1.7
945 1.7
946 1.7
947 1.7
948 1.7
949 1.7
950 1.7
951 1.7
952 1.7
953 1.7
954 1.7
955 1.7
956 1.7
957 1.7
958 1.7
959 1.7
960 1.7
961 1.7
962 1.7
963 1.7
964 1.7
965 1.7
966 1.7
967 1.7
968 1.7
969 1.7
970 1.7
971 1.7
972 1.7
973 1.7
974 1.7
975 1.7
976 1.7
977 1.7
978 1.7
979 1.7
980 1.7
981 1.7
982 1.7
983 1.7
984 1.7
985 1.7
986 1.7
987 1.7
988 1.7
989 1.7
990 1.7
991 1.7
992 1.7
993 1.7
994 1.7
995 1.7
996 1.7
997 1.7
998 1.7
999 1.7
1000 1.7
1001 1.7
1002 1.7
1003 1.7
1004 1.7
1005 1.7
1006 1.7
1007 1.7
1008 1.7
1009 1.7
1010 1.7
1011 1.7
1012 1.7
1013 1.7
1014 1.7
1015 1.7
1016 1.7
1017 1.7
1018 1.7
1019 1.7
1020 1.7
1021 1.7
1022 1.7
1023 1.7
1024 1.7
1025 1.7
1026 1.7
1027 1.7
1028 1.7
1029 1.7
1030 1.7
1031 1.7
1032 1.7
1033 1.7
1034 1.7
1035 1.7
1036 1.7
1037 1.7
1038 1.7
1039 1.7
1040 1.7
1041 1.7
1042 1.7
1043 1.7
1044 1.7
1045 1.7
1046 1.7
1047 1.7
1048 1.7
1049 1.7
1050 1.7
1051 1.7
1052 1.7
1053 1.7
1054 1.7
1055 1.7
1056 1.7
1057 1.7
1058 1.7
1059 1.7
1060 1.7
1061 1.7
1062 1.7
1063 1.7
1064 1.7
1065 1.7
1066 1.7
1067 1.7
1068 1.7
1069 1.7
1070 1.7
1071 1.7
1072 1.7
1073 1.7
1074 1.7
1075 1.7
1076 1.7
1077 1.7
1078 1.7
1079 1.7
1080 1.7
1081 1.7
1082 1.7
1083 1.7
1084 1.7
1085 1.7
1086 1.7
1087 1.7
1088 1.7
1089 1.7
1090 1.7
1091 1.7
1092 1.7
1093 1.7
1094 1.7
1095 1.7
1096 1.7
1097 1.7
1098 1.7
1099 1.7
1100 1.7
1101 1.7
1102 1.7
1103 1.7
1104 1.7
1105 1.7
1106 1.7
1107 1.7
1108 1.7
1109 1.7
1110 1.7
1111 1.7
1112 1.7
1113 1.7
1114 1.7
1115 1.7
1116 1.7
1117 1.7
1118 1.7
1119 1.7
1120 1.7
1121 1.7
1122 1.7
1123 1.7
1124 1.7
1125 1.7
1126 1.7
1127 1.7
1128 1.7
1129 1.7
1130 1.7
1131 1.7
1132 1.7
1133 1.7
1134 1.7
1135 1.7
1136 1.7
1137 1.7
1138 1.7
1139 1.7
1140 1.7
1141 1.7
1142 1.7
1143 1.7
1144 1.7
1145 1.7
1146 1.7
1147 1.7
1148 1.7
1149 1.7
1150 1.7
1151 1.7
1152 1.7
1153 1.7
1154 1.7
1155 1.7
1156 1.7
1157 1.7
1158 1.7
1159 1.7
1160 1.7
1161 1.7
1162 1.7
1163 1.7
1164 1.7
1165 1.7
1166 1.7
1167 1.7
1168 1.7
1169 1.7
1170 1.7
1171 1.7
1172 1.7
1173 1.7
1174 1.7
1175 1.7
1176 1.7
1177 1.7
1178 1.7
1179 1.7
1180 1.7
1181 1.7
1182 1.7
1183 1.7
1184 1.7
1185 1.7
1186 1.7
1187 1.7
1188 1.7
1189 1.7
1190 1.7
1191 1.7
1192 1.7
1193 1.7333333333333334
1194 1.7333333333333334
1195 1.7333333333333334
1196 1.7333333333333334
1197 1.7333333333333334
1198 1.7333333333333334
1199 1.7333333333333334
1200 1.7333333333333334
1201 1.7333333333333334
1202 1.7333333333333334
1203 1.7333333333333334
1204 1.7333333333333334
1205 1.7333333333333334
1206 1.7333333333333334
1207 1.7333333333333334
1208 1.7333333333333334
1209 1.7333333333333334
1210 1.7333333333333334
1211 1.7333333333333334
1212 1.7333333333333334
1213 1.7333333333333334
1214 1.7333333333333334
1215 1.7333333333333334
1216 1.7333333333333334
1217 1.7333333333333334
1218 1.7333333333333334
1219 1.7333333333333334
1220 1.7333333333333334
1221 1.7333333333333334
1222 1.7333333333333334
1223 1.7333333333333334
1224 1.7333333333333334
1225 1.7333333333333334
1226 1.7333333333333334
1227 1.7333333333333334
1228 1.7333333333333334
1229 1.7333333333333334
1230 1.7333333333333334
1231 1.7333333333333334
1232 1.7333333333333334
1233 1.7333333333333334
1234 1.7333333333333334
1235 1.7333333333333334
1236 1.7333333333333334
1237 1.7333333333333334
1238 1.7333333333333334
1239 1.7333333333333334
1240 1.7333333333333334
1241 1.7333333333333334
1242 1.7333333333333334
1243 1.7333333333333334
1244 1.7333333333333334
1245 1.7333333333333334
1246 1.7333333333333334
1247 1.7333333333333334
1248 1.7333333333333334
1249 1.7333333333333334
1250 1.7333333333333334
1251 1.7333333333333334
1252 1.7333333333333334
1253 1.7333333333333334
1254 1.7333333333333334
1255 1.7333333333333334
1256 1.7333333333333334
1257 1.7333333333333334
1258 1.7333333333333334
1259 1.7333333333333334
1260 1.7333333333333334
1261 1.7333333333333334
1262 1.7333333333333334
1263 1.7333333333333334
1264 1.7333333333333334
1265 1.7333333333333334
1266 1.7333333333333334
1267 1.7333333333333334
1268 1.7333333333333334
1269 1.7333333333333334
1270 1.7333333333333334
1271 1.7333333333333334
1272 1.7333333333333334
1273 1.7333333333333334
1274 1.7333333333333334
1275 1.7333333333333334
1276 1.7333333333333334
1277 1.7333333333333334
1278 1.7333333333333334
1279 1.7333333333333334
1280 1.7333333333333334
1281 1.7333333333333334
1282 1.7333333333333334
1283 1.7333333333333334
1284 1.7333333333333334
1285 1.7333333333333334
1286 1.7333333333333334
1287 1.7333333333333334
1288 1.7333333333333334
1289 1.7333333333333334
1290 1.7333333333333334
1291 1.7333333333333334
1292 1.7333333333333334
1293 1.7333333333333334
1294 1.7333333333333334
1295 1.7333333333333334
1296 1.7333333333333334
1297 1.7333333333333334
1298 1.7333333333333334
1299 1.7333333333333334
1300 1.7333333333333334
1301 1.7333333333333334
1302 1.7333333333333334
1303 1.7333333333333334
1304 1.7333333333333334
1305 1.7333333333333334
1306 1.7333333333333334
1307 1.7333333333333334
1308 1.7333333333333334
1309 1.7333333333333334
1310 1.7333333333333334
1311 1.7333333333333334
1312 1.7333333333333334
1313 1.7333333333333334
1314 1.7333333333333334
1315 1.7333333333333334
1316 1.7333333333333334
1317 1.7333333333333334
1318 1.7333333333333334
1319 1.7333333333333334
1320 1.7333333333333334
1321 1.7333333333333334
1322 1.7333333333333334
1323 1.7333333333333334
1324 1.7333333333333334
1325 1.7333333333333334
1326 1.7333333333333334
1327 1.7333333333333334
1328 1.7333333333333334
1329 1.7333333333333334
1330 1.7333333333333334
1331 1.7333333333333334
1332 1.7333333333333334
1333 1.7333333333333334
1334 1.7333333333333334
1335 1.7333333333333334
1336 1.7333333333333334
1337 1.7333333333333334
1338 1.7333333333333334
1339 1.7333333333333334
1340 1.7333333333333334
1341 1.7333333333333334
1342 1.7333333333333334
1343 1.7333333333333334
1344 1.7333333333333334
1345 1.7333333333333334
1346 1.7333333333333334
1347 1.7333333333333334
1348 1.7333333333333334
1349 1.7333333333333334
1350 1.7333333333333334
1351 1.7333333333333334
1352 1.7333333333333334
1353 1.7333333333333334
1354 1.7333333333333334
1355 1.7333333333333334
1356 1.7333333333333334
1357 1.7333333333333334
1358 1.7333333333333334
1359 1.7333333333333334
1360 1.7333333333333334
1361 1.7333333333333334
1362 1.7333333333333334
1363 1.7333333333333334
1364 1.7333333333333334
1365 1.7333333333333334
1366 1.7333333333333334
1367 1.8
1368 1.8
1369 1.8
1370 1.8
1371 1.8
1372 1.8
1373 1.8
1374 1.8
1375 1.8
1376 1.8
1377 1.8
1378 1.8
1379 1.8
1380 1.8
1381 1.8
1382 1.8
1383 1.8
1384 1.8
1385 1.8
1386 1.8
1387 1.8
1388 1.8
1389 1.8
1390 1.8
1391 1.8
1392 1.8
1393 1.8
1394 1.8
1395 1.8
1396 1.8
1397 1.8
1398 1.8
1399 1.8
1400 1.8
1401 1.8
1402 1.8
1403 1.8
1404 1.8
1405 1.8
1406 1.8
1407 1.8
1408 1.8
1409 1.8
1410 1.8
1411 1.8
1412 1.8
1413 1.8
1414 1.8
1415 1.8
1416 1.8
1417 1.8
1418 1.8
1419 1.8
1420 1.8
1421 1.8
1422 1.8
1423 1.8
1424 1.8
1425 1.8
1426 1.8
1427 1.8
1428 1.8
1429 1.8
1430 1.8
1431 1.8
1432 1.8
1433 1.8
1434 1.8
1435 1.8
1436 1.8
1437 1.8
1438 1.8
1439 1.8
1440 1.8
1441 1.8
1442 1.8
1443 1.8
1444 1.8
1445 1.8
1446 1.8
1447 1.8
1448 1.8
1449 1.8
1450 1.8
1451 1.8
1452 1.8
1453 1.8
1454 1.8
1455 1.8
1456 1.8
1457 1.8
1458 1.8
1459 1.8
1460 1.8
1461 1.8
1462 1.8
1463 1.8
1464 1.8
1465 1.8
1466 1.8
1467 1.8
1468 1.8
1469 1.8
1470 1.8
1471 1.8
1472 1.8
1473 1.8
1474 1.8
1475 1.8
1476 1.8
1477 1.8
1478 1.8
1479 1.8
1480 1.8
1481 1.8
1482 1.8
1483 1.8
1484 1.8
1485 1.8
1486 1.8
1487 1.8
1488 1.8
1489 1.8
1490 1.8
1491 1.8
1492 1.8
1493 1.8
1494 1.8
1495 1.8
1496 1.8
1497 1.8
1498 1.8
1499 1.8
