0 0.7921461405133092
1 0.7921461405133092
2 0.7921461405133092
3 0.8012491132505082
4 0.8085103800899724
5 0.8085103800899724
6 0.8085103800899724
7 0.8085104215086107
8 0.8085104215086107
9 0.8085104215086107
10 0.8085104215086107
11 0.808510715028876
12 0.808510715028876
13 0.8085110916256513
14 0.8085119371653913
15 0.8085119371653913
16 0.808635289815257
17 0.808635289815257
18 0.8086352898422863
19 0.80865550374028
20 0.80865550374028
21 0.80867108985157
22 0.80867108985157
23 0.80867108985157
24 0.80867108985157
25 0.80867108985157
26 0.80867108985157
27 0.80867108985157
28 0.80867108985157
29 0.8086945528438507
30 0.8086945528971652
31 0.8086945528971652
32 0.8086945528971652
33 0.8086945528971652
34 0.8086945528971652
35 0.8086945528971652
36 0.8086945528971652
37 0.8086945528971652
38 0.8086945528971652
39 0.808748300667856
40 0.808748300667856
41 0.8087491765708419
42 0.8087491765708419
43 0.8087491765708419
44 0.8087491765708419
45 0.8087491765708419
46 0.8087491765708419
47 0.8087491765708419
48 0.8087491765708419
49 0.8087491765708419
50 0.8087491765708419
51 0.8087491765708419
52 0.8087491765708419
53 0.8087491765708419
54 0.8087491765708419
55 0.8087491765708419
56 0.8087491765708419
57 0.8087491765708419
58 0.8087491765708419
59 0.8087491765708419
60 0.8087491765708419
61 0.8087491765708419
62 0.8087491765708419
63 0.8087491765708419
64 0.8087491765708419
65 0.8087491765708419
66 0.8087491765708419
67 0.8087491765708419
68 0.8087491765708419
69 0.8087494779157204
70 0.8087494779157204
71 0.8087494779157204
72 0.8087494779157204
73 0.8087495685650803
74 0.8087495685650803
75 0.8087495685650803
76 0.8087495685650803
77 0.8087495685650803
78 0.8087495685650803
79 0.8087495685650803
80 0.8087495685650803
81 0.8087495685650803
82 0.8087495685650803
83 0.8087495685650803
84 0.8087495685650803
85 0.808749689465366
86 0.808749689465366
87 0.808749689465366
88 0.808749689465366
89 0.8087497692143945
90 0.808751744011532
91 0.808751744011532
92 0.808751744011532
93 0.808751744011532
94 0.8087521764287211
95 0.8087521788234671
96 0.8087525800993587
97 0.8087525800993587
98 0.8087525800993587
99 0.8087525800993587
100 0.8087525800993587
101 0.8087525800993587
102 0.8087525800993587
103 0.8087545197141941
104 0.8087545197141941
105 0.8087545197141941
106 0.8087545197141941
107 0.8087545197141941
108 0.8087545197141941
109 0.8087545197141941
110 0.8087545197141941
111 0.8087545197141941
112 0.8087545197141941
113 0.8087545197141941
114 0.8087545197141941
115 0.8087545197141941
116 0.8087545197141941
117 0.8087545197141941
118 0.8087545197141941
119 0.8087545197141941
120 0.8087545197141941
121 0.8087545197141941
122 0.8087547945589333
123 0.8087547945589333
124 0.8087547945589333
125 0.8087547945589333
126 0.8087547945589333
127 0.8087547945589333
128 0.8087547945589333
129 0.8087547945589333
130 0.8087547945589333
131 0.8087547945589333
132 0.8087547945589333
133 0.8087547945589333
134 0.8087547945589333
135 0.8087547945589333
136 0.8087547945589333
137 0.8087547945589333
138 0.8087547945589333
139 0.8087547945589333
140 0.8087547945589333
141 0.8087547945589333
142 0.8087547945589333
143 0.8087547945589333
144 0.8087547945589333
145 0.8087547945589333
146 0.8087547945589333
147 0.8087547945589963
148 0.8087547945589963
149 0.8087547945589963
150 0.8087547945589963
151 0.8087547945589963
152 0.8087547945589963
153 0.8087547947594756
154 0.8087547947594756
155 0.8087547947594756
156 0.8087547947594756
157 0.8087547947594756
158 0.8087547947594756
159 0.8087547947594756
160 0.8087547947594756
161 0.8087547947594756
162 0.8087547947801321
163 0.8087547947801321
164 0.8087547947801321
165 0.8087547947801321
166 0.8087547947801321
167 0.8087547947801321
168 0.8087547947801321
169 0.8087547947801321
170 0.8087547947801321
171 0.8087547947801321
172 0.8087547947801321
173 0.8087547947801321
174 0.8087547947801321
175 0.8087587810809929
176 0.8087587810809929
177 0.8087587810809929
178 0.8087587810809929
179 0.8087587810809929
180 0.8087587810809929
181 0.8087587810809929
182 0.8087587810809929
183 0.8087587810809929
184 0.8087587810809929
185 0.8087587810809929
186 0.8087587810809929
187 0.8087587810809929
188 0.8087587810809929
189 0.8087587810809929
190 0.8087587810809929
191 0.8087587810810004
192 0.8087587810810004
193 0.8087587810810004
194 0.8087587810810004
195 0.8087587810810004
196 0.8087587810810004
197 0.8087587810810004
198 0.808758781081018
199 0.808758781081018
200 0.808758781081018
201 0.808758781081018
202 0.8087614656412897
203 0.8087614656412897
204 0.8087614656412897
205 0.8087614656412897
206 0.8087614656412897
207 0.8087614656412897
208 0.8087614656412897
209 0.8087614656412897
210 0.8087614656412897
211 0.8087614656412897
212 0.8087614656412897
213 0.8087614656412897
214 0.8087614656412897
215 0.8087614656412897
216 0.8087614656412897
217 0.8087614656412897
218 0.8087614656412897
219 0.8087614656412897
220 0.8087614656412897
221 0.8087614656412897
222 0.8087614656412897
223 0.8087614656412897
224 0.8087614656412897
225 0.8087614656412897
226 0.8087614656412897
227 0.8087614656412897
228 0.8087614656412897
229 0.8087614656412897
230 0.8087614656412897
231 0.8087614656412897
232 0.8087614656412897
233 0.8087614656412897
234 0.8087614656412897
235 0.8087614656412897
236 0.8087614656412897
237 0.8087614656412897
238 0.8087614656412897
239 0.8087614656412897
240 0.8087614656412897
241 0.8087614656412897
242 0.8087614656412897
243 0.8087614656412897
244 0.8087614656412897
245 0.8087614656412897
246 0.8087614656412897
247 0.8087614656412897
248 0.8087614656412897
249 0.8087614656412897
250 0.8087614656412897
251 0.8087614656412897
252 0.8087614656412897
253 0.8087614656412897
254 0.8087614656412897
255 0.8087614656412897
256 0.8087614656412897
257 0.8087614656412897
258 0.8087614656412897
259 0.8087614656412897
260 0.8087614656412897
261 0.8087614656412897
262 0.8087614656412897
263 0.8087614656412897
264 0.8087614656412897
265 0.8087614656412897
266 0.8087614656412897
267 0.8087614656412897
268 0.8087614656412897
269 0.8087614656412897
270 0.8087614656412897
271 0.8087614656412897
272 0.8087614656412897
273 0.8087614656412897
274 0.8087614656412897
275 0.8087614656412897
276 0.8087614656412897
277 0.8087614656412897
278 0.8087614656412897
279 0.8087614656412897
280 0.8087614656412897
281 0.8087626187243542
282 0.8087626187243542
283 0.8087626187243542
284 0.8087626187243542
285 0.8087626187243542
286 0.8087626187243542
287 0.8087626187243542
288 0.8087626187243542
289 0.8087626187243542
290 0.8087626187243542
291 0.8087626187243542
292 0.8087626187243542
293 0.8087626187243542
294 0.8087626187243542
295 0.8087626187243542
296 0.8087626187243542
297 0.8087626187243542
298 0.8087626187243542
299 0.8087626187243542
300 0.8087626187243542
301 0.8087626187243542
302 0.8087626187243542
303 0.8087626187243542
304 0.8087626187243542
305 0.8087626187243542
306 0.8087626187243542
307 0.8087626187243542
308 0.8087626187243542
309 0.8087626187243542
310 0.8087626187243542
311 0.8087626187243542
312 0.8087626187243542
313 0.8087626187243542
314 0.8087626187243542
315 0.8087626187243542
316 0.8087626187243542
317 0.8087626187243542
318 0.8087626187243542
319 0.8087626187243542
320 0.8087626187243542
321 0.8087626187243542
322 0.8087626187243542
323 0.8087626187243542
324 0.8087626187243542
325 0.8087626187243542
326 0.8087626187243542
327 0.8087626187243542
328 0.8087626187243542
329 0.8087626187243542
330 0.8087626187243542
331 0.8087626187243542
332 0.8087626187243542
333 0.8087626187243542
334 0.8087626187243542
335 0.8087626187243542
336 0.8087626187243542
337 0.8087626187243542
338 0.8087626187243542
339 0.8087626187243542
340 0.8087626187243542
341 0.8087626187243542
342 0.8087626187243542
343 0.8087626187243542
344 0.8087626187243542
345 0.8087626187243542
346 0.8087626187243542
347 0.8087626187243542
348 0.8087626187243542
349 0.8087626187243542
350 0.8087626187243542
351 0.8087626187243542
352 0.8087626187243542
353 0.8087626187243542
354 0.8087626187243542
355 0.8087626187243542
356 0.8087626187243542
357 0.8087626187243542
358 0.8087626187243542
359 0.8087626187243542
360 0.8087626187243542
361 0.8087626187243542
362 0.8087626187243542
363 0.8087626187243542
364 0.8087626187243542
365 0.8087626187243542
366 0.8087626187243542
367 0.8087626187243542
368 0.8087626187243542
369 0.8087626187243542
370 0.8087626187243542
371 0.8087626187243542
372 0.8087626187243542
373 0.8087626187243542
374 0.8087626187243542
375 0.8087626187243542
376 0.8087626187243542
377 0.8087626187243542
378 0.8087626187243542
379 0.8087626187243542
380 0.8087626187243542
381 0.8087626187243542
382 0.8087626187243542
383 0.8087626187243542
384 0.8087626187243542
385 0.8087626187243542
386 0.8087626187243542
387 0.8087626187243542
388 0.8087626187243542
389 0.8087626187243542
390 0.8087626187243542
391 0.8087626187243542
392 0.8087626187243542
393 0.8087626187243542
394 0.8087626187243542
395 0.8087626187243542
396 0.8087626187243542
397 0.8087626187243542
398 0.8087626187243542
399 0.8087626187243542
400 0.8087626187243542
401 0.8087626187243542
402 0.8087626187243542
403 0.8087626187243542
404 0.8087626187243542
405 0.8087626187243542
406 0.8087626187243542
407 0.8087626187243542
408 0.8087626187243542
409 0.8087626187243542
410 0.8087626187243542
411 0.8087626187243542
412 0.8087626187243542
413 0.8087626187243542
414 0.8087626187243542
415 0.8087626187243542
416 0.8087626187243542
417 0.8087626187243542
418 0.8087626187243542
419 0.8087626187243542
420 0.8087626187243542
421 0.8087626187243542
422 0.8087626187243542
423 0.8087626187243542
424 0.8087626187243542
425 0.8087626187243542
426 0.8087626187243542
427 0.8087626187243542
428 0.8087626187243542
429 0.8087626187243542
430 0.8087626187243542
431 0.8087626187243542
432 0.8087626187243542
433 0.8087626187243542
434 0.8087626187243542
435 0.8087626187243542
436 0.8087626187243542
437 0.8087626187243542
438 0.8087626187243542
439 0.8087626187243542
440 0.8087626187243542
441 0.8087626187243542
442 0.8087626187243542
443 0.8087626187243542
444 0.8087626187243542
445 0.8087626187243542
446 0.8087626187243542
447 0.8087626187243542
448 0.8087626187243542
449 0.8087626187243542
450 0.8087626187243542
451 0.8087626187243542
452 0.8087626187243542
453 0.8087626187243542
454 0.8087626187243542
455 0.8087626195792313
456 0.8087626195792313
457 0.8087626195792313
458 0.8087626195792313
459 0.8087626195792313
460 0.8087626195792313
461 0.8087626195792313
462 0.8087626195792313
463 0.8087626195792313
464 0.8087626195792313
465 0.8087626195792313
466 0.8087626195792313
467 0.8087626195792313
468 0.8087626195792313
469 0.8087626195792313
470 0.8087626195792313
471 0.8087626195792313
472 0.8087626195792313
473 0.8087626195792313
474 0.8087626195792313
475 0.8087626195792313
476 0.8087626195792313
477 0.8087626195792313
478 0.8087626195792313
479 0.8087626195792313
480 0.8087626195792313
481 0.8087626195792313
482 0.8087626195792313
483 0.8087626204713704
484 0.8087626204713704
485 0.8087626204713704
486 0.8087626204713704
487 0.8087626204713704
488 0.8087626204713704
489 0.8087626204713704
490 0.8087626204713704
491 0.8087626204713704
492 0.8087626204713704
493 0.8087626204713704
494 0.8087626204713704
495 0.8087626204713704
496 0.8087626204713704
497 0.8087626204713704
498 0.8087626204713704
499 0.8087626204713704
500 0.8087626204713704
501 0.8087626204713704
502 0.8087626204713704
503 0.8087626204713704
504 0.8087626204713704
505 0.8087626204713704
506 0.8087626204713704
507 0.8087626204713704
508 0.8087626204713704
509 0.8087626204713704
510 0.8087626204713704
511 0.8087626204713704
512 0.8087626204713704
513 0.8087626204713704
514 0.8087626204713704
515 0.8087626204713704
516 0.8087626204713704
517 0.8087626204713704
518 0.8087626465472829
519 0.8087626465472829
520 0.8087626465472829
521 0.8087626465472829
522 0.8087626465472829
523 0.8087626465472829
524 0.8087626465472829
525 0.8087626465472829
526 0.8087626465472829
527 0.8087626465472829
528 0.8087626465472829
529 0.8087626465472829
530 0.8087626465472829
531 0.8087626465472829
532 0.8087626465472829
533 0.8087626465472829
534 0.8087626465472829
535 0.8087626465472829
536 0.8087626465472829
537 0.8087626465472829
538 0.8087626465472829
539 0.8087626465472829
540 0.8087626465472829
541 0.8087626465472829
542 0.8087626465472829
543 0.8087626465472829
544 0.8087626465472829
545 0.8087626465472829
546 0.8087626465472829
547 0.8087626465472829
548 0.8087626465472829
549 0.8087626465472829
550 0.8087626465472829
551 0.8087626465472829
552 0.8087626465472829
553 0.8087626465472829
554 0.8087626465472829
555 0.8087626465472829
556 0.8087626465472829
557 0.8087626465472829
558 0.8087626465472829
559 0.8087626465472829
560 0.8087626465472829
561 0.8087626465472829
562 0.8087626465472829
563 0.8087626465472829
564 0.8087626465472829
565 0.8087626465472829
566 0.8087626465472829
567 0.8087626465472829
568 0.8087626465472829
569 0.8087626465472829
570 0.8087626465472829
571 0.8087626465472829
572 0.8087626465472829
573 0.8087626465472829
574 0.8087626465472829
575 0.8087626465472829
576 0.8087626465472829
577 0.8087626465472829
578 0.8087626465472829
579 0.8087626465472829
580 0.8087626465472829
581 0.8087626465472829
582 0.8087626465472829
583 0.8087626465472829
584 0.8087626465472829
585 0.8087626465472829
586 0.8087626465472829
587 0.8087626465472829
588 0.8087626465472829
589 0.8087626465472829
590 0.8087626465472829
591 0.8087626465472829
592 0.8087626465472829
593 0.8087626465472829
594 0.8087626465472829
595 0.8087626465472829
596 0.8087626465472829
597 0.8087626465472829
598 0.8087626465472829
599 0.8087626465472829
600 0.8087626465472829
601 0.8087626465472829
602 0.8087626465472829
603 0.8087626465472829
604 0.8087626465472829
605 0.8087626465472829
606 0.8087626465472829
607 0.8087626465472829
608 0.8087626465472829
609 0.8087626465472829
610 0.8087626465472829
611 0.8087626465472829
612 0.8087626465472829
613 0.8087626465472829
614 0.8087626465472829
615 0.8087627159573492
616 0.8087627159573492
617 0.8087627159573492
618 0.8087627159573492
619 0.8087627159573492
620 0.8087627159573492
621 0.8087627159573492
622 0.8087627159573492
623 0.8087627159573492
624 0.8087627159573492
625 0.8087627159573492
626 0.8087627159573492
627 0.8087627159573492
628 0.8087627159573492
629 0.8087627159573492
630 0.8087627159573492
631 0.8087627159573492
632 0.8087627159573492
633 0.8087627159573492
634 0.8087627159573492
635 0.8087627159573492
636 0.8087627159573492
637 0.8087627159573492
638 0.8087627159573492
639 0.8087627159573492
640 0.8087627159573492
641 0.8087627159573492
642 0.8087627159573492
643 0.8087627159573492
644 0.8087627159573492
645 0.8087627159573492
646 0.8087627159573492
647 0.8087627159573492
648 0.8087627159573492
649 0.8087627159573492
650 0.8087627159573492
651 0.8087627159573492
652 0.8087627159573492
653 0.8087627159573492
654 0.8087627159573492
655 0.8087627159573492
656 0.8087627159573492
657 0.8087627159573492
658 0.8087627159573492
659 0.8087627159573492
660 0.8087627159573492
661 0.8087627159573492
662 0.8087627159573492
663 0.8087627159573492
664 0.8087627159573492
665 0.8087627159573492
666 0.8087627159573492
667 0.8087627159573492
668 0.8087627159573492
669 0.8087627159573492
670 0.8087627159573492
671 0.8087627159573492
672 0.8087627159573492
673 0.8087627159573492
674 0.8087627159573492
675 0.8087627159573492
676 0.8087627159573492
677 0.8087627159573492
678 0.8087627234820696
679 0.8087627234820696
680 0.8087627234820696
681 0.8087627234820696
682 0.8087627234820696
683 0.8087627234820696
684 0.8087627234820696
685 0.8087627234820696
686 0.8087627234820696
687 0.8087627234820696
688 0.8087627234820696
689 0.8087627234820696
690 0.8087627234820696
691 0.8087627234820696
692 0.8087627234820696
693 0.8087627234820696
694 0.8087627234820696
695 0.8087627234820696
696 0.8087627234820696
697 0.8087627234820696
698 0.8087627234820696
699 0.8087627234820696
700 0.8087627234820696
701 0.8087627234820696
702 0.8087627234820696
703 0.8087627234820696
704 0.8087627234820696
705 0.8087627234820696
706 0.8087627234820696
707 0.8087627234820696
708 0.8087627234820696
709 0.8087627234820696
710 0.8087627234820696
711 0.8087627234820696
712 0.8087627234820696
713 0.8087627234820696
714 0.8087627234820696
715 0.8087627234820696
716 0.8087627234820696
717 0.8087627234820696
718 0.8087627243630934
719 0.8087627243630934
720 0.8087627243630934
721 0.8087627243630934
722 0.8087627243630934
723 0.8087627243630934
724 0.8087627243630934
725 0.8087627243630934
726 0.8087627243630934
727 0.8087627243630934
728 0.8087627243630934
729 0.8087627243630934
730 0.8087627243630934
731 0.8087627243630934
732 0.8087627243630934
733 0.8087627243630934
734 0.8087627243630934
735 0.8087627243630934
736 0.8087627243630934
737 0.8087627243630934
738 0.8087627243630934
739 0.8087627243630934
740 0.8087627243630934
741 0.8087627243630934
742 0.8087627243630934
743 0.8087627243630934
744 0.8087627243630934
745 0.8087627243630934
746 0.8087627243630934
747 0.8087628713931788
748 0.8087628713931788
749 0.8087628713931788
750 0.8087628713931788
751 0.8087628713931788
752 0.8087628713931788
753 0.8087628713931788
754 0.8087628713931788
755 0.8087628713931788
756 0.8087628713931788
757 0.8087628713931788
758 0.8087628713931788
759 0.8087628713931788
760 0.8087628713931788
761 0.8087628713931788
762 0.8087628713931788
763 0.8087628713931788
764 0.8087628713931788
765 0.8087628713931788
766 0.8087628713931788
767 0.8087628713931788
768 0.8087628713931788
769 0.8087628713931788
770 0.8087628713931788
771 0.8087628713931788
772 0.8087628713931788
773 0.8087628713931788
774 0.8087628713931788
775 0.8087628713931788
776 0.8087628713931788
777 0.8087628713931788
778 0.8087628713931788
779 0.8087628713931788
780 0.8087628713931788
781 0.8087628713931788
782 0.8087628713931788
783 0.8087628713931788
784 0.8087628713931788
785 0.8087628713931788
786 0.8087628713931788
787 0.8087628713931788
788 0.8087628713931788
789 0.8087628713931788
790 0.8087628713931788
791 0.8087628713931788
792 0.8087628713931788
793 0.8087628713931788
794 0.8087628713931788
795 0.8087628713931788
796 0.8087628713931788
797 0.8087628713931788
798 0.8087628713931788
799 0.8087628713931788
800 0.8087628713931788
801 0.8087628713931788
802 0.8087628713931788
803 0.8087628713931788
804 0.8087628713931788
805 0.8087628713931788
806 0.8087628713931788
807 0.8087628713931788
808 0.8087628713931788
809 0.8087628713931788
810 0.8087628713931788
811 0.8087628713931788
812 0.8087628713931788
813 0.8087628713931788
814 0.8087628713931788
815 0.8087628713931788
816 0.8087628713931788
817 0.8087628713931788
818 0.8087628713931788
819 0.8087628713931788
820 0.8087628713931788
821 0.8087628713931788
822 0.8087628713931788
823 0.8087628713931788
824 0.8087628713931788
825 0.8087628713931788
826 0.8087628713931788
827 0.8087628713931788
828 0.8087628713931788
829 0.8087628713931788
830 0.8087628713931788
831 0.8087628713931788
832 0.8087628713931788
833 0.8087628713931788
834 0.8087628713931788
835 0.8087628713931788
836 0.8087628713931788
837 0.8087628713931788
838 0.8087628713931788
839 0.8087628713931788
840 0.8087628713931788
841 0.8087628713931788
842 0.8087628713931788
843 0.8087628713931788
844 0.8087628713931788
845 0.8087628713931788
846 0.8087628713931788
847 0.8087628713931788
848 0.8087628713931788
849 0.8087628713931788
850 0.8087628713931788
851 0.8087628713931788
852 0.8087628713931788
853 0.8087628713931788
854 0.8087628713931788
855 0.8087628713931788
856 0.8087628713931788
857 0.8087628713931788
858 0.8087628713931788
859 0.8087628713931788
860 0.8087628713931788
861 0.8087628713931788
862 0.8087628713931788
863 0.8087628713931788
864 0.8087628713931788
865 0.8087628713931788
866 0.8087628713931788
867 0.8087628713931788
868 0.8087628713931788
869 0.8087628713931788
870 0.8087628713931788
871 0.8087628713931788
872 0.8087628713931788
873 0.8087628713931788
874 0.8087628713931788
875 0.8087628713931788
876 0.8087628713931788
877 0.8087628713931788
878 0.8087628713931788
879 0.8087628713931788
880 0.8087628713931788
881 0.8087628713931788
882 0.8087628713931788
883 0.8087628713931788
884 0.8087628713931788
885 0.8087628713931788
886 0.8087628713931788
887 0.8087628713931788
888 0.8087628713931788
889 0.8087628713931788
890 0.8087628713931788
891 0.8087628713931788
892 0.8087628713931788
893 0.8087628713931788
894 0.8087628713931788
895 0.8087628713931788
896 0.8087628713931788
897 0.8087628713931788
898 0.8087628713931788
899 0.8087628713931788
900 0.8087628713931788
901 0.8087628713931788
902 0.8087628713931788
903 0.8087628713931788
904 0.8087628713931788
905 0.8087628713931788
906 0.8087628713931788
907 0.8087628713931788
908 0.8087628713931788
909 0.8087628713931788
910 0.8087628713931788
911 0.8087628713931788
912 0.8087628713931788
913 0.8087628713931788
914 0.8087628713931788
915 0.8087628713931788
916 0.8087628713931788
917 0.8087628713931788
918 0.8087628713931788
919 0.8087628713931788
920 0.8087628713931788
921 0.8087628713931788
922 0.8087628713931788
923 0.8087628713931788
924 0.8087628713931788
925 0.8087628713931788
926 0.8087628713931788
927 0.8087628713931788
928 0.8087628713931788
929 0.8087628713931788
930 0.8087628713931788
931 0.8087628713931788
932 0.8087628713931788
933 0.8087628713931788
934 0.8087628713931788
935 0.8087628713931788
936 0.8087628713931788
937 0.8087628713931788
938 0.8087628713931788
939 0.8087628713931788
940 0.8087628713931788
941 0.8087628713931788
942 0.8087628713931788
943 0.8087628713931788
944 0.8087628713931788
945 0.8087628713931788
946 0.8087628713931788
947 0.8087628713931788
948 0.8087628713931788
949 0.8087628713931788
950 0.8087628713931788
951 0.8087628713931788
952 0.8087628713931788
953 0.8087628713931788
954 0.8087628713931788
955 0.8087628713931788
956 0.8087628713931788
957 0.8087628713931788
958 0.8087628713931788
959 0.8087628713931788
960 0.8087628713931788
961 0.8087628713931788
962 0.8087628713931788
963 0.8087628713931788
964 0.8087628713931788
965 0.8087628713931788
966 0.8087628713931788
967 0.8087628713931788
968 0.8087628713931788
969 0.8087628713931788
970 0.8087628713931788
971 0.8087628713931788
972 0.8087628713931788
973 0.8087628713931788
974 0.8087628713931788
975 0.8087628713931788
976 0.8087628713931788
977 0.8087628713931788
978 0.8087628713931788
979 0.8087628713931788
980 0.8087628713931788
981 0.8087628713931788
982 0.8087628713931788
983 0.8087628713931788
984 0.8087628713931793
985 0.8087628713931793
986 0.8087628713931793
987 0.8087628713931793
988 0.8087628713931793
989 0.8087628713931793
990 0.8087628713931793
991 0.8087628713931793
992 0.8087628713931793
993 0.8087628713931793
994 0.8087628713931793
995 0.8087628713931793
996 0.8087628713931793
997 0.8087628713931793
998 0.8087628713931793
999 0.8087628713931793
1000 0.8087628713931793
1001 0.8087628713931793
1002 0.8087628713931793
1003 0.8087628713931793
1004 0.8087628713931793
1005 0.8087628713931793
1006 0.8087628713931793
1007 0.8087628713931793
1008 0.8087628713931793
1009 0.8087628713931793
1010 0.8087628713931793
1011 0.8087628713931793
1012 0.8087628713931793
1013 0.8087628713931793
1014 0.8087628713931793
1015 0.8087628713931793
1016 0.8087628713931793
1017 0.8087628713931793
1018 0.8087628713931793
1019 0.8087628713931793
1020 0.8087628713931793
1021 0.8087628713931793
1022 0.8087628713931793
1023 0.8087628713931793
1024 0.8087628713931793
1025 0.8087629068042065
1026 0.8087629068042065
1027 0.8087629068042065
1028 0.8087629068042065
1029 0.8087629068042065
1030 0.8087629068042065
1031 0.8087629068042065
1032 0.8087629068042065
1033 0.8087629068042065
1034 0.8087629068042065
1035 0.8087629068042065
1036 0.8087629068042065
1037 0.8087629068042065
1038 0.8087629068042065
1039 0.8087629068042065
1040 0.8087629068042065
1041 0.8087629068042065
1042 0.8087629068042065
1043 0.8087629068042065
1044 0.8087629068042065
1045 0.8087629068042065
1046 0.8087629068042065
1047 0.8087629068042065
1048 0.8087629068042065
1049 0.8087629068042065
1050 0.8087629068042065
1051 0.8087629068042065
1052 0.8087629068042065
1053 0.8087629068042065
1054 0.8087629068042065
1055 0.8087629068042065
1056 0.8087629068042065
1057 0.8087629068042065
1058 0.8087629068042065
1059 0.8087629068042065
1060 0.8087629068042065
1061 0.8087629068042065
1062 0.8087629068042065
1063 0.8087629068042065
1064 0.8087629068042065
1065 0.8087629068042065
1066 0.8087629068042065
1067 0.8087629068042065
1068 0.8087629068042065
1069 0.8087629068042065
1070 0.8087629068042065
1071 0.8087629068042065
1072 0.8087629068042065
1073 0.8087629068042065
1074 0.8087629068042065
1075 0.8087629068042065
1076 0.8087629068042065
1077 0.8087629068042065
1078 0.8087629068042065
1079 0.8087629068042065
1080 0.8087629068042065
1081 0.8087629068042065
1082 0.8087629068042065
1083 0.8087629068042065
1084 0.8087629068042065
1085 0.8087629068042065
1086 0.8087629068042065
1087 0.8087629068042065
1088 0.8087629068042065
1089 0.8087629068042065
1090 0.8087629068042065
1091 0.8087629068042065
1092 0.8087629068042065
1093 0.8087629068042065
1094 0.8087629068042065
1095 0.8087629068042065
1096 0.8087629068042065
1097 0.8087629068042065
1098 0.8087629068042065
1099 0.8087629068042065
1100 0.8087629068042065
1101 0.8087629068042065
1102 0.8087629068042065
1103 0.8087629068042065
1104 0.8087629068042065
1105 0.8087629068042065
1106 0.8087629068042065
1107 0.8087629068042065
1108 0.8087629068042065
1109 0.8087629068042065
1110 0.8087629068042065
1111 0.8087629068042065
1112 0.8087629068042065
1113 0.8087629068042065
1114 0.8087629068042065
1115 0.8087629068042065
1116 0.8087629068042065
1117 0.8087629068042065
1118 0.8087629068042065
1119 0.8087629068042065
1120 0.8087629068042065
1121 0.8087629068042065
1122 0.8087629068042065
1123 0.8087629068042065
1124 0.8087629068042065
1125 0.8087629068042065
1126 0.8087629068042065
1127 0.8087629068042065
1128 0.8087629068042065
1129 0.8087629068042065
1130 0.8087629068042065
1131 0.8087629068042065
1132 0.8087629068042065
1133 0.8087629068042065
1134 0.8087629068042065
1135 0.8087629068042065
1136 0.8087629068042065
1137 0.8087629068042065
1138 0.8087629068042065
1139 0.8087629068042065
1140 0.8087629068042065
1141 0.8087629068042065
1142 0.8087629068042065
1143 0.8087629068042065
1144 0.8087629068042065
1145 0.8087629068042065
1146 0.8087629068042065
1147 0.8087629068042065
1148 0.8087629068042065
1149 0.8087629068042065
1150 0.8087629068042065
1151 0.8087629068042065
1152 0.8087629068042065
1153 0.8087629068042065
1154 0.8087629068042065
1155 0.8087629068042065
1156 0.8087629068042065
1157 0.8087629068042065
1158 0.8087629068042065
1159 0.8087629068042065
1160 0.8087629068042065
1161 0.8087629068042065
1162 0.8087629068042065
1163 0.8087629068042065
1164 0.8087629068042065
1165 0.8087629068042065
1166 0.8087629068042065
1167 0.8087629068042065
1168 0.8087629068042065
1169 0.8087629068042065
1170 0.8087629068042065
1171 0.8087629068042065
1172 0.8087629068042065
1173 0.8087629068042065
1174 0.8087629068042065
1175 0.8087629068042065
1176 0.8087629068042065
1177 0.8087629068042065
1178 0.8087629068042065
1179 0.8087629068042065
1180 0.8087629068042065
1181 0.8087629068042065
1182 0.8087629068042065
1183 0.8087629068042065
1184 0.8087629068042065
1185 0.8087629068042065
1186 0.8087629068042065
1187 0.8087629068042065
1188 0.8087629068042065
1189 0.8087629068042065
1190 0.8087629068042065
1191 0.8087629068042065
1192 0.8087629068042065
1193 0.8087629068042065
1194 0.8087629068042065
1195 0.8087629068042065
1196 0.8087629068042065
1197 0.8087629068042065
1198 0.8087629068042065
1199 0.8087629068042065
1200 0.8087629068042065
1201 0.8087629068042065
1202 0.8087629068042065
1203 0.8087629068042065
1204 0.8087629068042065
1205 0.8087629068042065
1206 0.8087629068042065
1207 0.8087629068042065
1208 0.8087629068042065
1209 0.8087629068042065
1210 0.8087629068042065
1211 0.8087629068042065
1212 0.8087629068042065
1213 0.8087629068042065
1214 0.8087629068042065
1215 0.8087629068042065
1216 0.8087629068042065
1217 0.8087629068042065
1218 0.8087629068042065
1219 0.8087629068042065
1220 0.8087629068042065
1221 0.8087629068042065
1222 0.8087629068042065
1223 0.8087629068042065
1224 0.8087629068042065
1225 0.8087629068042065
1226 0.8087629068042065
1227 0.8087629068042065
1228 0.8087629068042065
1229 0.8087629068042065
1230 0.8087629068042065
1231 0.8087629068042065
1232 0.8087629068042065
1233 0.8087629068042065
1234 0.8087629068042065
1235 0.8087629068042065
1236 0.8087629068042065
1237 0.8087629068042065
1238 0.8087629068042065
1239 0.8087629068042065
1240 0.8087629068042065
1241 0.8087629068042065
1242 0.8087629068042065
1243 0.8087629068042065
1244 0.8087629068042065
1245 0.8087629068042065
1246 0.8087629068042065
1247 0.8087629068042065
1248 0.8087629068042065
1249 0.8087629068042065
1250 0.8087629068042065
1251 0.8087629068042065
1252 0.8087629068042065
1253 0.8087629068042065
1254 0.8087629068042065
1255 0.8087629068042065
1256 0.8087629068042065
1257 0.8087629068042065
1258 0.8087629068042065
1259 0.8087629068042065
1260 0.8087629068042065
1261 0.8087629068042065
1262 0.8087629068042065
1263 0.8087629068042065
1264 0.8087629068042065
1265 0.8087629068042065
1266 0.8087629068042065
1267 0.8087629068042065
1268 0.8087629068042065
1269 0.8087629068042065
1270 0.8087629068042065
1271 0.8087629068042065
1272 0.8087629068042065
1273 0.8087629068042065
1274 0.8087629068042065
1275 0.8087629068042065
1276 0.8087629068042065
1277 0.8087629068042065
1278 0.8087629068042065
1279 0.8087629068042065
1280 0.8087629068042065
1281 0.8087629068042065
1282 0.8087629068042065
1283 0.8087629068042065
1284 0.8087629068042065
1285 0.8087629068042065
1286 0.8087629068042065
1287 0.8087629068042065
1288 0.8087629068042065
1289 0.8087629068042065
1290 0.8087629068042065
1291 0.8087629068042065
1292 0.8087629068042065
1293 0.8087629068042065
1294 0.8087629068042065
1295 0.8087629068042065
1296 0.8087629068042065
1297 0.8087629068042065
1298 0.8087629068042065
1299 0.8087629068042065
1300 0.8087629068042065
1301 0.8087629068042065
1302 0.8087629068042065
1303 0.8087629068042065
1304 0.8087629068042065
1305 0.8087629068042065
1306 0.8087629068042065
1307 0.8087629068042065
1308 0.8087629068042065
1309 0.8087629068042065
1310 0.8087629068042065
1311 0.8087629068042065
1312 0.8087629068042065
1313 0.8087629068042065
1314 0.8087629068042065
1315 0.8087629068042065
1316 0.8087629068042065
1317 0.8087629068042065
1318 0.8087629068042065
1319 0.8087629068042065
1320 0.8087629068042065
1321 0.8087629068042065
1322 0.8087629068042065
1323 0.8087629068042065
1324 0.8087629068042065
1325 0.8087629068042065
1326 0.8087629068042065
1327 0.8087629068042065
1328 0.8087629068042065
1329 0.8087629068042065
1330 0.8087629068042065
1331 0.8087629068042065
1332 0.8087629068042065
1333 0.8087629068042065
1334 0.8087629068042065
1335 0.8087629068042065
1336 0.8087629068042065
1337 0.8087629068042065
1338 0.8087629068042065
1339 0.8087629068042065
1340 0.8087629068042065
1341 0.8087629068042065
1342 0.8087629068042065
1343 0.8087629068042065
1344 0.8087629068042065
1345 0.8087629068042065
1346 0.8087629068042065
1347 0.8087629068042065
1348 0.8087629068042065
1349 0.8087629068042065
1350 0.8087629068042065
1351 0.8087629068042065
1352 0.8087629068042065
1353 0.8087629068042065
1354 0.8087629068042065
1355 0.8087629068042065
1356 0.8087629068042065
1357 0.8087629068042065
1358 0.8087629068042065
1359 0.8087629068042065
1360 0.8087629068042065
1361 0.8087629068042065
1362 0.8087629068042065
1363 0.8087629068042065
1364 0.8087629068042065
1365 0.8087629068042065
1366 0.8087629068042065
1367 0.8087629068042065
1368 0.8087629068042065
1369 0.8087629068042065
1370 0.8087629068042065
1371 0.8087629068042065
1372 0.8087629068042065
1373 0.8087629068042065
1374 0.8087629068042065
1375 0.8087629068042065
1376 0.8087629068042065
1377 0.8087629068042065
1378 0.8087629068042065
1379 0.8087629068042065
1380 0.8087629068042065
1381 0.8087629068042065
1382 0.8087629068042065
1383 0.8087629068042065
1384 0.8087629068042065
1385 0.8087629068042065
1386 0.8087629068042065
1387 0.8087629068042065
1388 0.8087629068042065
1389 0.8087629068042065
1390 0.8087629068042065
1391 0.8087629068042065
1392 0.8087629068042065
1393 0.8087629068042065
1394 0.8087629068042065
1395 0.8087629068042065
1396 0.8087629068042065
1397 0.8087629068042065
1398 0.8087629068042065
1399 0.8087629068042065
1400 0.8087629068042065
1401 0.8087629068042065
1402 0.8087629068042065
1403 0.8087629068042065
1404 0.8087629068042065
1405 0.8087629068042065
1406 0.8087629068042065
1407 0.8087629068042065
1408 0.8087629068042065
1409 0.8087629068042065
1410 0.8087629068042065
1411 0.8087629068042065
1412 0.8087629068042065
1413 0.8087629068042065
1414 0.8087629068042065
1415 0.8087629068042065
1416 0.8087629068042065
1417 0.8087629068042065
1418 0.8087629068042065
1419 0.8087629068042065
1420 0.8087629068042065
1421 0.8087629068042065
1422 0.8087629068042065
1423 0.8087629068042065
1424 0.8087629068042065
1425 0.8087629068042065
1426 0.8087629068042065
1427 0.8087629068042065
1428 0.8087629068042065
1429 0.8087629068042065
1430 0.8087629068042065
1431 0.8087629068042065
1432 0.8087629068042065
1433 0.8087629068042065
1434 0.8087629068042065
1435 0.8087629068042065
1436 0.8087629068042065
1437 0.8087629068042065
1438 0.8087629068042065
1439 0.8087629068042065
1440 0.8087629068042065
1441 0.8087629068042065
1442 0.8087629068042065
1443 0.8087629068042065
1444 0.8087629068042065
1445 0.8087629068042065
1446 0.8087629068042065
1447 0.8087629068042065
1448 0.8087629068042065
1449 0.8087629068042065
1450 0.8087629068042065
1451 0.8087629068042065
1452 0.8087629068042065
1453 0.8087629068042065
1454 0.8087629068042065
1455 0.8087629068042065
1456 0.8087629068042065
1457 0.8087629068042065
1458 0.8087629068042065
1459 0.8087629068042065
1460 0.8087629068042065
1461 0.8087629068042065
1462 0.8087629068042065
1463 0.8087629068042065
1464 0.8087629068042065
1465 0.8087629068042065
1466 0.8087629068042065
1467 0.8087629068042065
1468 0.8087629068042065
1469 0.8087629068042065
1470 0.8087629068042065
1471 0.8087629068042065
1472 0.8087629068042065
1473 0.8087629068042065
1474 0.8087629068042065
1475 0.8087629068042065
1476 0.8087629068042065
1477 0.8087629068042065
1478 0.8087629068042065
1479 0.8087629068042065
1480 0.8087629068042065
1481 0.8087629068042065
1482 0.8087629068042065
1483 0.8087629068042065
1484 0.8087629068042065
1485 0.8087629068042065
1486 0.8087629068042065
1487 0.8087629068042065
1488 0.8087629068042065
1489 0.8087629068042065
1490 0.8087629068042065
1491 0.8087629068042065
1492 0.8087629068042065
1493 0.8087629068042065
1494 0.8087629068042065
1495 0.8087629068042065
1496 0.8087629068042065
1497 0.8087629068042065
1498 0.8087629068042065
1499 0.8087629068042065
