0 0.43677767232174763
1 0.43677767232174763
2 0.43677767232174763
3 0.43677767232174763
4 0.6609630762827371
5 0.6609630762827371
6 0.6609630762827371
7 0.6609630762827371
8 0.6609630762827371
9 0.6609630762827371
10 0.6609630762827371
11 0.6609630762827371
12 0.6609630762827371
13 0.6609630762827371
14 0.6609630762827371
15 0.6609630762827371
16 0.6609630762827371
17 0.678545392611105
18 0.678545392611105
19 0.678545392611105
20 0.678545392611105
21 0.678545392611105
22 0.678545392611105
23 0.678545392611105
24 0.678545392611105
25 0.678545392611105
26 0.678545392611105
27 0.678545392611105
28 0.678545392611105
29 0.678545392611105
30 0.678545392611105
31 0.6793908145473013
32 0.6793908145473013
33 0.680249526073536
34 0.680249526073536
35 0.6802536788163985
36 0.6802536788163985
37 0.689311732451221
38 0.689311732451221
39 0.689311732451221
40 0.689311732451221
41 0.689311738342284
42 0.689311738342284
43 0.689311738342284
44 0.689311738342284
45 0.689311738342284
46 0.689311738342284
47 0.689311738342284
48 0.689311738342284
49 0.689311738342284
50 0.6895836279605363
51 0.6902383745133839
52 0.6902383745133839
53 0.6902383745133839
54 0.6902383745133839
55 0.6902383745133839
56 0.6902383745133839
57 0.6902383745133839
58 0.6902383745133839
59 0.6902383745133839
60 0.6902383745133839
61 0.6902383745133839
62 0.6902383745133839
63 0.6902383745133839
64 0.6902383745133839
65 0.6902383745133839
66 0.6902383745133839
67 0.6902383745133839
68 0.6902383745133839
69 0.6902383745133839
70 0.6902383745133839
71 0.6902383745133839
72 0.6902383745133839
73 0.6902383745133839
74 0.6902383745133839
75 0.6902383745133839
76 0.6902383745133839
77 0.6902383745133839
78 0.6902383745133839
79 0.6902383745133839
80 0.6902383745133839
81 0.6902383745133839
82 0.6902383745133839
83 0.6902383745133839
84 0.6902383745133839
85 0.6902383745133839
86 0.6902383745133839
87 0.6902383745133839
88 0.6902383745133839
89 0.6902383745133839
90 0.6902383745133839
91 0.6916162498940196
92 0.6916162498940196
93 0.6916162498940196
94 0.6916162498940196
95 0.6916162498940196
96 0.6916162498940196
97 0.6916162498940196
98 0.6916162498940196
99 0.6916162498940196
100 0.6916162498940196
101 0.6916162498940196
102 0.6916162498940196
103 0.6916162498940196
104 0.6916162498940196
105 0.6916162498940196
106 0.6916162498940196
107 0.6916162498940196
108 0.6916162498940196
109 0.6916162498940196
110 0.6916162498940196
111 0.6918977339723007
112 0.6918977339723007
113 0.6918977339723007
114 0.6918977339723007
115 0.6918977339723007
116 0.6918977339723007
117 0.6918977339723007
118 0.6918977339723007
119 0.6918977339723007
120 0.6918977339723007
121 0.6918977339723007
122 0.6918977339723007
123 0.6918977339723007
124 0.6918977339723007
125 0.6918977339723007
126 0.6918977339723007
127 0.6918977339723007
128 0.6918977339723007
129 0.6918977339723007
130 0.6918977339723007
131 0.6918977339723007
132 0.6918977339723007
133 0.6918977339723007
134 0.6918977339723007
135 0.6918977339723007
136 0.6918977339723007
137 0.6918977339723007
138 0.6918977339723007
139 0.6918977339723007
140 0.6918977339723007
141 0.6918977339723007
142 0.6918977339723007
143 0.6918977339723007
144 0.6918977339723007
145 0.6918977339723007
146 0.6918977339723007
147 0.6918977339723007
148 0.6918977339723007
149 0.6918977339723007
150 0.6918977339723007
151 0.6918977339723007
152 0.6918977339723007
153 0.6918977339723007
154 0.6918977339723007
155 0.6918977339723007
156 0.6918977339723007
157 0.6918977339723007
158 0.6918977339723007
159 0.6918977339723007
160 0.6918977339723007
161 0.6918977339723007
162 0.6918977339723007
163 0.6918977339723007
164 0.6918977339723007
165 0.6918977339723007
166 0.6918977339723007
167 0.6918977339723007
168 0.6918977339723007
169 0.6918977339723007
170 0.6918977339723007
171 0.6918977339723007
172 0.6918977339723007
173 0.6918977339723007
174 0.6918977339723007
175 0.6918977339723007
176 0.6918977339723007
177 0.6918977339723007
178 0.6918977339723007
179 0.6918977339723007
180 0.6918977339723007
181 0.6918977339723007
182 0.6918977339723007
183 0.6918977339723007
184 0.6918977339723007
185 0.6918977339723007
186 0.6918977339723007
187 0.6918977339723007
188 0.6918977339723007
189 0.6918977339723007
190 0.6918977339723007
191 0.6918977339723007
192 0.6918977339723007
193 0.6918977339723007
194 0.6918977339723007
195 0.7688592670371517
196 0.7688592670371517
197 0.7688592670371517
198 0.7688592670371517
199 0.7688592670371517
200 0.7688592670371517
201 0.7688592670371517
202 0.7688592670371517
203 0.7688592670371517
204 0.7688592670371517
205 0.7688592670371517
206 0.7688592670371517
207 0.7688592670371517
208 0.7688592670371517
209 0.7688592670371517
210 0.7688592670371517
211 0.7688592670371517
212 0.7688592670371517
213 0.7688592670371517
214 0.7688592670371517
215 0.7688592670371517
216 0.7688592670371517
217 0.7688592670371517
218 0.7688592670371517
219 0.7688592670371517
220 0.7688592670371517
221 0.7688592670371517
222 0.7688592670371517
223 0.7688592670371517
224 0.7688592670371517
225 0.7688592670371517
226 0.7688592670371517
227 0.7688592670371517
228 0.7688592670371517
229 0.7688592670371517
230 0.7688592670371517
231 0.7688592670371517
232 0.7688592670371517
233 0.7688592670371517
234 0.7688592670371517
235 0.7688592670371517
236 0.7688592670371517
237 0.7688592670371517
238 0.7688592670371517
239 0.7688592670371517
240 0.7688592670371517
241 0.7688592670371517
242 0.7688592670371517
243 0.7688592670371517
244 0.7688592670371517
245 0.7688592670371517
246 0.7688592670371517
247 0.7688592670371517
248 0.7688592670371517
249 0.7688592670371517
250 0.7688592670371517
251 0.7688592670371517
252 0.7688592670371517
253 0.7688592670371517
254 0.7688592670371517
255 0.7688592670371517
256 0.7688592670371517
257 0.7688592670371517
258 0.7688592670371517
259 0.7688592670371517
260 0.7688592670371517
261 0.7688592670371517
262 0.7688592670371517
263 0.7688592670371517
264 0.7688592670371517
265 0.7688592670371517
266 0.7688592670371517
267 0.7688592670371517
268 0.7688592670371517
269 0.7688592670371517
270 0.7688592670371517
271 0.7688592670371517
272 0.7688592670371517
273 0.7688592670371517
274 0.7688592670371517
275 0.7688592670371517
276 0.7688592670371517
277 0.7688592670371517
278 0.7688592670371517
279 0.7688592670371517
280 0.7688592670371517
281 0.7688592670371517
282 0.7688592670371517
283 0.7688592670371517
284 0.7688592670371517
285 0.7688592670371517
286 0.7688592670371517
287 0.7688592670371517
288 0.7688592670371517
289 0.7688592670371517
290 0.7688592670371517
291 0.7688592670371517
292 0.7688592670371517
293 0.7688592670371517
294 0.7688592670371517
295 0.7688592670371517
296 0.7688592670371517
297 0.7688592670371517
298 0.7688592670371517
299 0.7688592670371517
300 0.7688592670371517
301 0.7688592670371517
302 0.7688592670371517
303 0.7688592670371517
304 0.7688592670371517
305 0.7688592670371517
306 0.7688592670371517
307 0.7688592670371517
308 0.7688592670371517
309 0.7688592670371517
310 0.7688592670371517
311 0.7688592670371517
312 0.7688592670371517
313 0.7688592670371517
314 0.7688592670371517
315 0.7688592670371517
316 0.7688592670371517
317 0.7688592670371517
318 0.7688592670371517
319 0.7688592670371517
320 0.7688592670371517
321 0.7688592670371517
322 0.7688592670371517
323 0.7688592670371517
324 0.7688592670371517
325 0.7688592670371517
326 0.7688592670371517
327 0.7688592670371517
328 0.7688592670371517
329 0.7688592670371517
330 0.7688592670371517
331 0.7688592670371517
332 0.7688592670371517
333 0.7688592670371517
334 0.7688592670371517
335 0.7688592670371517
336 0.7688592670371517
337 0.7688592670371517
338 0.7688592670371517
339 0.7688592670371517
340 0.7688592670371517
341 0.7688592670371517
342 0.7688592670371517
343 0.7688592670371517
344 0.7688592670371517
345 0.7688592670371517
346 0.7688592670371517
347 0.7688592670371517
348 0.7688592670371517
349 0.7688592670371517
350 0.7688592670371517
351 0.7688592670371517
352 0.7688592670371517
353 0.7688592670371517
354 0.7688592670371517
355 0.7688592670371517
356 0.7688592670371517
357 0.7688592670371517
358 0.7688592670371517
359 0.7688592670371517
360 0.7688592670371517
361 0.7688592670371517
362 0.7688592670371517
363 0.7688592670371517
364 0.7688592670371517
365 0.7688592670371517
366 0.7688592670371517
367 0.7688592670371517
368 0.7688592670371517
369 0.7688592670371517
370 0.7688592670371517
371 0.7688592670371517
372 0.7688592670371517
373 0.7688592670371517
374 0.7688592670371517
375 0.7688592670371517
376 0.7688592670371517
377 0.7688592670371517
378 0.7688592670371517
379 0.7688592670371517
380 0.7688592670371517
381 0.7688592670371517
382 0.7688592670371517
383 0.7688592670371517
384 0.7688592670371517
385 0.7688592670371517
386 0.7688592670371517
387 0.7688592670371517
388 0.7688592670371517
389 0.7688592670371517
390 0.7688592670371517
391 0.7688592670371517
392 0.7688592670371517
393 0.7688592670371517
394 0.7688592670371517
395 0.7688592670371517
396 0.7688592670371517
397 0.7688592670371517
398 0.7688592670371517
399 0.7688592670371517
400 0.7688592670371517
401 0.7688592670371517
402 0.7688592670371517
403 0.7688592670371517
404 0.7688592670371517
405 0.7688592670371517
406 0.7688592670371517
407 0.7688592670371517
408 0.7688592670371517
409 0.7688592670371517
410 0.7688592670371517
411 0.7688592670371517
412 0.7688592670371517
413 0.7688592670371517
414 0.7688592670371517
415 0.7688592670371517
416 0.7688592670371517
417 0.7688592670371517
418 0.7688592670371517
419 0.7688592670371517
420 0.7688592670371517
421 0.7688592670371517
422 0.7688592670371517
423 0.7688592670371517
424 0.7688592670371517
425 0.7688592670371517
426 0.7688592670371517
427 0.7688592670371517
428 0.7688592670371517
429 0.7688592670371517
430 0.7688592670371517
431 0.7688592670371517
432 0.7688592670371517
433 0.7688592670371517
434 0.7688592670371517
435 0.7688592670371517
436 0.7688592670371517
437 0.7688592670371517
438 0.7688592670371517
439 0.7688592670371517
440 0.7688592670371517
441 0.7688592670371517
442 0.7688592670371517
443 0.7688592670371517
444 0.7688592670371517
445 0.7688592670371517
446 0.7688592670371517
447 0.7688592670371517
448 0.7688592670371517
449 0.7688592670371517
450 0.7688592670371517
451 0.7688592670371517
452 0.7688592670371517
453 0.7688592670371517
454 0.7688592670371517
455 0.7688592670371517
456 0.7688592670371517
457 0.7688592670371517
458 0.7688592670371517
459 0.7688592670371517
460 0.7688592670371517
461 0.7688592670371517
462 0.7688592670371517
463 0.7688592670371517
464 0.7688592670371517
465 0.7688592670371517
466 0.7688592670371517
467 0.7688592670371517
468 0.7688592670371517
469 0.7688592670371517
470 0.7688592670371517
471 0.7688592670371517
472 0.7688592670371517
473 0.7688592670371517
474 0.7688592670371517
475 0.7688592670371517
476 0.7688592670371517
477 0.7688592670371517
478 0.7688592670371517
479 0.7688592670371517
480 0.7688592670371517
481 0.7688592670371517
482 0.7688592670371517
483 0.7688592670371517
484 0.7688592670371517
485 0.7688592670371517
486 0.7688592670371517
487 0.7688592670371517
488 0.7688592670371517
489 0.7688592670371517
490 0.7688592670371517
491 0.7688592670371517
492 0.7688592670371517
493 0.7688592670371517
494 0.7688592670371517
495 0.7688592670371517
496 0.7688592670371517
497 0.7688592670371517
498 0.7688592670371517
499 0.7688592670371517
500 0.7688592670371517
501 0.7688592670371517
502 0.7688592670371517
503 0.7688592670371517
504 0.7688592670371517
505 0.7688592670371517
506 0.7688592670371517
507 0.7688592670371517
508 0.7688592670371517
509 0.7688592670371517
510 0.7688592670371517
511 0.7688592670371517
512 0.7688592670371517
513 0.7688592670371517
514 0.7688592670371517
515 0.7688592670371517
516 0.7688592670371517
517 0.7688592670371517
518 0.7688592670371517
519 0.7688592670371517
520 0.7688592670371517
521 0.7688592670371517
522 0.7688592670371517
523 0.7688592670371517
524 0.7688592670371517
525 0.7688592670371517
526 0.7688592670371517
527 0.7688592670371517
528 0.7688592670371517
529 0.7688592670371517
530 0.7688592670371517
531 0.7688592670371517
532 0.7688592670371517
533 0.7688592670371517
534 0.7688592670371517
535 0.7688592670371517
536 0.7688592670371517
537 0.7688592670371517
538 0.7688592670371517
539 0.7688592670371517
540 0.7688592670371517
541 0.7688592670371517
542 0.7688592670371517
543 0.7688592670371517
544 0.7688592670371517
545 0.7688592670371517
546 0.7688592670371517
547 0.7688592670371517
548 0.7688592670371517
549 0.7688592670371517
550 0.7688592670371517
551 0.7688592670371517
552 0.7688592670371517
553 0.7688592670371517
554 0.7688592670371517
555 0.7688592670371517
556 0.7688592670371517
557 0.7688592670371517
558 0.7688592670371517
559 0.7688592670371517
560 0.7688592670371517
561 0.7688592670371517
562 0.7688592670371517
563 0.7688592670371517
564 0.7688592670371517
565 0.7688592670371517
566 0.7688592670371517
567 0.7688592670371517
568 0.7688592670371517
569 0.7688592670371517
570 0.7688592670371517
571 0.7688592670371517
572 0.7688592670371517
573 0.7688592670371517
574 0.7688592670371517
575 0.7688592670371517
576 0.7688592670371517
577 0.7688592670371517
578 0.7688592670371517
579 0.7688592670371517
580 0.7688592670371517
581 0.7688592670371517
582 0.7688592670371517
583 0.7688592670371517
584 0.7688592670371517
585 0.7688592670371517
586 0.7688592670371517
587 0.7688592670371517
588 0.7688592670371517
589 0.7688592670371517
590 0.7688592670371517
591 0.7688592670371517
592 0.7688592670371517
593 0.7688592670371517
594 0.7688592670371517
595 0.7688592670371517
596 0.7688592670371517
597 0.7688592670371517
598 0.7688592670371517
599 0.7688592670371517
600 0.7688592670371517
601 0.7688592670371517
602 0.7688592670371517
603 0.7688592670371517
604 0.7688592670371517
605 0.7688592670371517
606 0.7688592670371517
607 0.7688592670371517
608 0.7688592670371517
609 0.7688592670371517
610 0.7688592670371517
611 0.7688592670371517
612 0.7688592670371517
613 0.7688592670371517
614 0.7688592670371517
615 0.7688592670371517
616 0.7688592670371517
617 0.7688592670371517
618 0.7688592670371517
619 0.7688592670371517
620 0.7688592670371517
621 0.7688592670371517
622 0.7688592670371517
623 0.7688592670371517
624 0.7688592670371517
625 0.7688592670371517
626 0.7688592670371517
627 0.7688592670371517
628 0.7688592670371517
629 0.7688592670371517
630 0.7688592670371517
631 0.7688592670371517
632 0.7688592670371517
633 0.7688592670371517
634 0.7688592670371517
635 0.7688592670371517
636 0.7688592670371517
637 0.7688592670371517
638 0.7688592670371517
639 0.7688592670371517
640 0.7688592670371517
641 0.7688592670371517
642 0.7688592670371517
643 0.7688592670371517
644 0.7688592670371517
645 0.7688592670371517
646 0.7688592670371517
647 0.7688592670371517
648 0.7688592670371517
649 0.7688592670371517
650 0.7688592670371517
651 0.7688592670371517
652 0.7688592670371517
653 0.7688592670371517
654 0.7688592670371517
655 0.7688592670371517
656 0.7688592670371517
657 0.7688592670371517
658 0.7688592670371517
659 0.7688592670371517
660 0.7688592670371517
661 0.7688592670371517
662 0.7688592670371517
663 0.7688592670371517
664 0.7688592670371517
665 0.7688592670371517
666 0.7688592670371517
667 0.7688592670371517
668 0.7688592670371517
669 0.7688592670371517
670 0.7688592670371517
671 0.7688592670371517
672 0.7688592670371517
673 0.7688592670371517
674 0.7688592670371517
675 0.7688592670371517
676 0.7688592670371517
677 0.7688592670371517
678 0.7688592670371517
679 0.7688592670371517
680 0.7688592670371517
681 0.7688592670371517
682 0.7688592670371517
683 0.7688592670371517
684 0.7688592670371517
685 0.7688592670371517
686 0.7688592670371517
687 0.7688592670371517
688 0.7688592670371517
689 0.7688592670371517
690 0.7688592670371517
691 0.7688592670371517
692 0.7688592670371517
693 0.7688592670371517
694 0.7688592670371517
695 0.7688592670371517
696 0.7688592670371517
697 0.7688592670371517
698 0.7688592670371517
699 0.7688592670371517
700 0.7688592670371517
701 0.7688592670371517
702 0.7688592670371517
703 0.7688592670371517
704 0.7688592670371517
705 0.7688592670371517
706 0.7688592670371517
707 0.7688592670371517
708 0.7688592670371517
709 0.7688592670371517
710 0.7688592670371517
711 0.7688592670371517
712 0.7688592670371517
713 0.7688592670371517
714 0.7688592670371517
715 0.7688592670371517
716 0.7688592670371517
717 0.7688592670371517
718 0.7688592670371517
719 0.7688592670371517
720 0.7688592670371517
721 0.7688592670371517
722 0.7688592670371517
723 0.7688592670371517
724 0.7688592670371517
725 0.7688592670371517
726 0.7688592670371517
727 0.7688592670371517
728 0.7688592670371517
729 0.7688592670371517
730 0.7688592670371517
731 0.7688592670371517
732 0.7688592670371517
733 0.7688592670371517
734 0.7688592670371517
735 0.7688592670371517
736 0.7688592670371517
737 0.7688592670371517
738 0.7688592670371517
739 0.7688592670371517
740 0.7688592670371517
741 0.7688592670371517
742 0.7688592670371517
743 0.7688592670371517
744 0.7688592670371517
745 0.7688592670371517
746 0.7688592670371517
747 0.7688592670371517
748 0.7688592670371517
749 0.7688592670371517
750 0.7688592670371517
751 0.7688592670371517
752 0.7688592670371517
753 0.7688592670371517
754 0.7688592670371517
755 0.7688592670371517
756 0.7688592670371517
757 0.7688592670371517
758 0.7688592670371517
759 0.7688592670371517
760 0.7688592670371517
761 0.7688592670371517
762 0.7688592670371517
763 0.7688592670371517
764 0.7688592670371517
765 0.7688592670371517
766 0.7688592670371517
767 0.7688592670371517
768 0.7688592670371517
769 0.7688592670371517
770 0.7688592670371517
771 0.7688592670371517
772 0.7688592670371517
773 0.7688592670371517
774 0.7688592670371517
775 0.7688592670371517
776 0.7688592670371517
777 0.7688592670371517
778 0.7688592670371517
779 0.7688592670371517
780 0.7688592670371517
781 0.7688592670371517
782 0.7688592670371517
783 0.7688592670371517
784 0.7849417310434076
785 0.7849417310434076
786 0.7849417310434076
787 0.7849417310434076
788 0.7849417310434076
789 0.7849417310434076
790 0.7849417310434076
791 0.7849417310434076
792 0.7849417310434076
793 0.7849417310434076
794 0.7849417310434076
795 0.7849417310434076
796 0.7849417310434076
797 0.7849417310434076
798 0.794770673627112
799 0.794770673627112
800 0.794770673627112
801 0.794770673627112
802 0.794770673627112
803 0.794770673627112
804 0.794770673627112
805 0.794770673627112
806 0.794770673627112
807 0.794770673627112
808 0.864947995464165
809 0.864947995464165
810 0.864947995464165
811 0.864947995464165
812 0.864947995464165
813 0.864947995464165
814 0.864947995464165
815 0.864947995464165
816 0.864947995464165
817 0.864947995464165
818 0.864947995464165
819 0.864947995464165
820 0.864947995464165
821 0.864947995464165
822 0.864947995464165
823 0.864947995464165
824 0.864947995464165
825 0.864947995464165
826 0.864947995464165
827 0.864947995464165
828 0.864947995464165
829 0.864947995464165
830 0.864947995464165
831 0.864947995464165
832 0.864947995464165
833 0.864947995464165
834 0.864947995464165
835 0.864947995464165
836 0.864947995464165
837 0.864947995464165
838 0.864947995464165
839 0.864947995464165
840 0.864947995464165
841 0.864947995464165
842 0.864947995464165
843 0.864947995464165
844 0.864947995464165
845 0.864947995464165
846 0.864947995464165
847 0.864947995464165
848 0.864947995464165
849 0.864947995464165
850 0.864947995464165
851 0.864947995464165
852 0.864947995464165
853 0.864947995464165
854 0.864947995464165
855 0.864947995464165
856 0.864947995464165
857 0.864947995464165
858 0.864947995464165
859 0.864947995464165
860 0.864947995464165
861 0.864947995464165
862 0.864947995464165
863 0.864947995464165
864 0.864947995464165
865 0.864947995464165
866 0.864947995464165
867 0.864947995464165
868 0.864947995464165
869 0.864947995464165
870 0.864947995464165
871 0.864947995464165
872 0.864947995464165
873 0.864947995464165
874 0.864947995464165
875 0.864947995464165
876 0.864947995464165
877 0.864947995464165
878 0.864947995464165
879 0.864947995464165
880 0.864947995464165
881 0.864947995464165
882 0.864947995464165
883 0.864947995464165
884 0.864947995464165
885 0.864947995464165
886 0.864947995464165
887 0.864947995464165
888 0.864947995464165
889 0.864947995464165
890 0.864947995464165
891 0.864947995464165
892 0.864947995464165
893 0.864947995464165
894 0.864947995464165
895 0.864947995464165
896 0.864947995464165
897 0.864947995464165
898 0.864947995464165
899 0.864947995464165
900 0.864947995464165
901 0.864947995464165
902 0.864947995464165
903 0.864947995464165
904 0.864947995464165
905 0.864947995464165
906 0.864947995464165
907 0.864947995464165
908 0.864947995464165
909 0.864947995464165
910 0.864947995464165
911 0.864947995464165
912 0.864947995464165
913 0.864947995464165
914 0.864947995464165
915 0.864947995464165
916 0.864947995464165
917 0.864947995464165
918 0.864947995464165
919 0.864947995464165
920 0.864947995464165
921 0.864947995464165
922 0.864947995464165
923 0.864947995464165
924 0.864947995464165
925 0.864947995464165
926 0.864947995464165
927 0.864947995464165
928 0.864947995464165
929 0.864947995464165
930 0.864947995464165
931 0.864947995464165
932 0.864947995464165
933 0.864947995464165
934 0.864947995464165
935 0.864947995464165
936 0.864947995464165
937 0.864947995464165
938 0.864947995464165
939 0.864947995464165
940 0.864947995464165
941 0.864947995464165
942 0.864947995464165
943 0.864947995464165
944 0.864947995464165
945 0.864947995464165
946 0.864947995464165
947 0.864947995464165
948 0.864947995464165
949 0.864947995464165
950 0.864947995464165
951 0.864947995464165
952 0.864947995464165
953 0.864947995464165
954 0.864947995464165
955 0.864947995464165
956 0.864947995464165
957 0.864947995464165
958 0.864947995464165
959 0.864947995464165
960 0.864947995464165
961 0.864947995464165
962 0.864947995464165
963 0.864947995464165
964 0.864947995464165
965 0.864947995464165
966 0.864947995464165
967 0.864947995464165
968 0.864947995464165
969 0.864947995464165
970 0.864947995464165
971 0.864947995464165
972 0.864947995464165
973 0.864947995464165
974 0.864947995464165
975 0.864947995464165
976 0.864947995464165
977 0.864947995464165
978 0.864947995464165
979 0.864947995464165
980 0.864947995464165
981 0.864947995464165
982 0.864947995464165
983 0.864947995464165
984 0.864947995464165
985 0.864947995464165
986 0.864947995464165
987 0.864947995464165
988 0.864947995464165
989 0.864947995464165
990 0.864947995464165
991 0.864947995464165
992 0.864947995464165
993 0.864947995464165
994 0.864947995464165
995 0.864947995464165
996 0.864947995464165
997 0.864947995464165
998 0.864947995464165
999 0.864947995464165
