0 0.7666666666666667
1 0.7666666666666667
2 0.7666666666666667
3 0.7666666666666667
4 0.9333333333333333
5 0.9333333333333333
6 0.9333333333333333
7 0.9333333333333333
8 1.2666666666666666
9 1.2666666666666666
10 1.2666666666666666
11 1.5333333333333334
12 1.5333333333333334
13 1.5333333333333334
14 1.5333333333333334
15 1.5333333333333334
16 1.7666666666666666
17 1.7666666666666666
18 1.8666666666666667
19 1.8666666666666667
20 2.2
21 2.2
22 2.2
23 2.2
24 2.2
25 2.2
26 2.2
27 2.2
28 2.2
29 2.2
30 2.2
31 2.2
32 2.2
33 2.2
34 2.2
35 2.2
36 2.2
37 2.2
38 2.4
39 2.4
40 2.4
41 2.4
42 2.433333333333333
43 2.433333333333333
44 2.6333333333333333
45 2.6333333333333333
46 2.6333333333333333
47 2.6333333333333333
48 2.6333333333333333
49 2.6333333333333333
50 2.8333333333333335
51 2.8333333333333335
52 2.8333333333333335
53 2.8333333333333335
54 2.8333333333333335
55 2.8333333333333335
56 2.8333333333333335
57 2.8333333333333335
58 2.8333333333333335
59 2.8333333333333335
60 2.8333333333333335
61 2.8333333333333335
62 2.8333333333333335
63 2.8333333333333335
64 2.8333333333333335
65 2.8333333333333335
66 2.8333333333333335
67 2.8333333333333335
68 2.8333333333333335
69 2.8333333333333335
70 2.8333333333333335
71 2.8333333333333335
72 2.8333333333333335
73 2.8333333333333335
74 2.8333333333333335
75 2.8333333333333335
76 2.8333333333333335
77 2.8333333333333335
78 2.8333333333333335
79 2.8333333333333335
80 2.933333333333333
81 2.933333333333333
82 2.933333333333333
83 2.933333333333333
84 2.933333333333333
85 2.933333333333333
86 2.933333333333333
87 2.933333333333333
88 2.933333333333333
89 2.933333333333333
90 2.933333333333333
91 2.933333333333333
92 2.933333333333333
93 2.933333333333333
94 2.933333333333333
95 2.933333333333333
96 2.933333333333333
97 2.933333333333333
98 2.933333333333333
99 2.933333333333333
100 2.933333333333333
101 2.933333333333333
102 2.933333333333333
103 2.933333333333333
104 2.933333333333333
105 2.933333333333333
106 2.933333333333333
107 2.933333333333333
108 2.933333333333333
109 2.933333333333333
110 2.933333333333333
111 2.933333333333333
112 2.933333333333333
113 2.966666666666667
114 2.966666666666667
115 2.966666666666667
116 2.966666666666667
117 2.966666666666667
118 2.966666666666667
119 2.966666666666667
120 2.966666666666667
121 2.966666666666667
122 2.966666666666667
123 2.966666666666667
124 2.966666666666667
125 2.966666666666667
126 2.966666666666667
127 2.966666666666667
128 2.966666666666667
129 2.966666666666667
130 2.966666666666667
131 3.0
132 3.0
133 3.0
134 3.1
135 3.1
136 3.1
137 3.1
138 3.1
139 3.1
140 3.1
141 3.1
142 3.1
143 3.1
144 3.1
145 3.1
146 3.1
147 3.1
148 3.1333333333333333
149 3.1333333333333333
150 3.1333333333333333
151 3.1333333333333333
152 3.1333333333333333
153 3.1333333333333333
154 3.1666666666666665
155 3.1666666666666665
156 3.1666666666666665
157 3.1666666666666665
158 3.1666666666666665
159 3.1666666666666665
160 3.1666666666666665
161 3.1666666666666665
162 3.1666666666666665
163 3.2666666666666666
164 3.2666666666666666
165 3.2666666666666666
166 3.2666666666666666
167 3.2666666666666666
168 3.2666666666666666
169 3.2666666666666666
170 3.2666666666666666
171 3.2666666666666666
172 3.2666666666666666
173 3.2666666666666666
174 3.2666666666666666
175 3.2666666666666666
176 3.2666666666666666
177 3.2666666666666666
178 3.2666666666666666
179 3.2666666666666666
180 3.2666666666666666
181 3.2666666666666666
182 3.2666666666666666
183 3.2666666666666666
184 3.2666666666666666
185 3.2666666666666666
186 3.2666666666666666
187 3.2666666666666666
188 3.2666666666666666
189 3.2666666666666666
190 3.2666666666666666
191 3.2666666666666666
192 3.3333333333333335
193 3.3333333333333335
194 3.3333333333333335
195 3.3333333333333335
196 3.3333333333333335
197 3.3333333333333335
198 3.3333333333333335
199 3.3333333333333335
200 3.3333333333333335
201 3.3333333333333335
202 3.3333333333333335
203 3.3333333333333335
204 3.3333333333333335
205 3.3333333333333335
206 3.3333333333333335
207 3.3333333333333335
208 3.3333333333333335
209 3.3333333333333335
210 3.3333333333333335
211 3.3333333333333335
212 3.3333333333333335
213 3.3333333333333335
214 3.3333333333333335
215 3.3333333333333335
216 3.3333333333333335
217 3.3333333333333335
218 3.3333333333333335
219 3.3333333333333335
220 3.3333333333333335
221 3.6
222 3.6
223 3.6
224 3.6
225 3.6666666666666665
226 3.6666666666666665
227 3.6666666666666665
228 3.6666666666666665
229 3.6666666666666665
230 3.6666666666666665
231 3.6666666666666665
232 3.6666666666666665
233 3.6666666666666665
234 3.6666666666666665
235 3.6666666666666665
236 3.7
237 3.7
238 3.7
239 3.7
240 3.7
241 3.7
242 3.7
243 3.7
244 3.7
245 3.7
246 3.9
247 3.9
248 3.9
249 3.9
250 3.9
251 3.9
252 3.9
253 3.9
254 3.9
255 3.9
256 3.9
257 3.9
258 3.9
259 3.9
260 3.9
261 3.9
262 3.9
263 3.9
264 3.9
265 3.9
266 3.9
267 3.9
268 3.9
269 3.9
270 3.9
271 3.9
272 3.9
273 3.9
274 3.9
275 3.9
276 3.9
277 3.9
278 3.9
279 3.9
280 3.9
281 3.9
282 3.9
283 3.9
284 3.9
285 3.9
286 3.9
287 3.9
288 3.9
289 3.9
290 3.9
291 3.9
292 3.9
293 3.9
294 3.9
295 3.9
296 3.9
297 3.9
298 3.9
299 3.9
300 3.9
301 3.9
302 3.9
303 3.9
304 3.9
305 3.9
306 3.9
307 3.9
308 3.9
309 3.9
310 3.9
311 3.9
312 3.9
313 3.9
314 3.9
315 3.9
316 3.9
317 3.9
318 3.9
319 3.9
320 3.9
321 3.9
322 3.9
323 3.9
324 3.9
325 3.9
326 3.9
327 3.9
328 3.9
329 3.9
330 3.9
331 3.9
332 3.9
333 3.9
334 3.9
335 3.9
336 3.9
337 3.9
338 3.9
339 3.9
340 3.9
341 3.9
342 3.9
343 3.9
344 3.9
345 3.9
346 3.9
347 3.9
348 3.9
349 3.9
350 3.9
351 3.9
352 3.9
353 3.9
354 3.9
355 3.9
356 3.9
357 3.9
358 3.9
359 3.9
360 3.9
361 3.9
362 3.9
363 3.9
364 3.9
365 3.9
366 3.9
367 3.9
368 3.9
369 3.9
370 3.9
371 3.9
372 3.9
373 3.9
374 3.9
375 3.9
376 3.9
377 3.9
378 3.9
379 3.9
380 3.9
381 3.9
382 3.9
383 3.9
384 3.9
385 3.9
386 3.9
387 3.9
388 3.9
389 3.9
390 3.9
391 3.9
392 3.9
393 3.9
394 3.9
395 3.9
396 3.9
397 3.9
398 3.9
399 3.9
400 3.9
401 3.9
402 4.0
403 4.0
404 4.0
405 4.0
406 4.0
407 4.0
408 4.0
409 4.0
410 4.0
411 4.0
412 4.0
413 4.0
414 4.0
415 4.0
416 4.0
417 4.0
418 4.0
419 4.0
420 4.0
421 4.0
422 4.0
423 4.0
424 4.0
425 4.0
426 4.0
427 4.0
428 4.0
429 4.0
430 4.0
431 4.0
432 4.0
433 4.0
434 4.0
435 4.0
436 4.0
437 4.0
438 4.0
439 4.0
440 4.0
441 4.0
442 4.0
443 4.0
444 4.0
445 4.0
446 4.0
447 4.0
448 4.0
449 4.0
450 4.0
451 4.0
452 4.0
453 4.0
454 4.0
455 4.0
456 4.0
457 4.0
458 4.0
459 4.0
460 4.0
461 4.033333333333333
462 4.033333333333333
463 4.033333333333333
464 4.033333333333333
465 4.033333333333333
466 4.033333333333333
467 4.033333333333333
468 4.033333333333333
469 4.033333333333333
470 4.033333333333333
471 4.033333333333333
472 4.033333333333333
473 4.033333333333333
474 4.033333333333333
475 4.033333333333333
476 4.033333333333333
477 4.033333333333333
478 4.033333333333333
479 4.033333333333333
480 4.033333333333333
481 4.033333333333333
482 4.033333333333333
483 4.033333333333333
484 4.033333333333333
485 4.033333333333333
486 4.033333333333333
487 4.033333333333333
488 4.033333333333333
489 4.033333333333333
490 4.033333333333333
491 4.033333333333333
492 4.033333333333333
493 4.033333333333333
494 4.033333333333333
495 4.033333333333333
496 4.033333333333333
497 4.033333333333333
498 4.033333333333333
499 4.033333333333333
500 4.033333333333333
501 4.033333333333333
502 4.033333333333333
503 4.033333333333333
504 4.033333333333333
505 4.033333333333333
506 4.033333333333333
507 4.033333333333333
508 4.033333333333333
509 4.033333333333333
510 4.033333333333333
511 4.033333333333333
512 4.033333333333333
513 4.033333333333333
514 4.033333333333333
515 4.033333333333333
516 4.033333333333333
517 4.033333333333333
518 4.033333333333333
519 4.033333333333333
520 4.033333333333333
521 4.033333333333333
522 4.033333333333333
523 4.033333333333333
524 4.033333333333333
525 4.033333333333333
526 4.033333333333333
527 4.033333333333333
528 4.033333333333333
529 4.033333333333333
530 4.033333333333333
531 4.033333333333333
532 4.133333333333334
533 4.133333333333334
534 4.133333333333334
535 4.133333333333334
536 4.133333333333334
537 4.133333333333334
538 4.133333333333334
539 4.133333333333334
540 4.133333333333334
541 4.133333333333334
542 4.133333333333334
543 4.133333333333334
544 4.133333333333334
545 4.133333333333334
546 4.133333333333334
547 4.133333333333334
548 4.133333333333334
549 4.133333333333334
550 4.133333333333334
551 4.133333333333334
552 4.133333333333334
553 4.133333333333334
554 4.133333333333334
555 4.133333333333334
556 4.133333333333334
557 4.133333333333334
558 4.133333333333334
559 4.133333333333334
560 4.133333333333334
561 4.133333333333334
562 4.133333333333334
563 4.133333333333334
564 4.133333333333334
565 4.133333333333334
566 4.133333333333334
567 4.133333333333334
568 4.133333333333334
569 4.133333333333334
570 4.133333333333334
571 4.133333333333334
572 4.133333333333334
573 4.133333333333334
574 4.133333333333334
575 4.133333333333334
576 4.133333333333334
577 4.133333333333334
578 4.133333333333334
579 4.133333333333334
580 4.133333333333334
581 4.133333333333334
582 4.133333333333334
583 4.133333333333334
584 4.133333333333334
585 4.133333333333334
586 4.133333333333334
587 4.133333333333334
588 4.133333333333334
589 4.133333333333334
590 4.133333333333334
591 4.133333333333334
592 4.133333333333334
593 4.133333333333334
594 4.133333333333334
595 4.133333333333334
596 4.133333333333334
597 4.133333333333334
598 4.133333333333334
599 4.133333333333334
600 4.133333333333334
601 4.133333333333334
602 4.133333333333334
603 4.133333333333334
604 4.133333333333334
605 4.133333333333334
606 4.133333333333334
607 4.133333333333334
608 4.133333333333334
609 4.133333333333334
610 4.133333333333334
611 4.133333333333334
612 4.133333333333334
613 4.133333333333334
614 4.133333333333334
615 4.133333333333334
616 4.133333333333334
617 4.133333333333334
618 4.133333333333334
619 4.133333333333334
620 4.133333333333334
621 4.133333333333334
622 4.133333333333334
623 4.133333333333334
624 4.133333333333334
625 4.133333333333334
626 4.133333333333334
627 4.133333333333334
628 4.133333333333334
629 4.133333333333334
630 4.133333333333334
631 4.133333333333334
632 4.133333333333334
633 4.133333333333334
634 4.133333333333334
635 4.133333333333334
636 4.133333333333334
637 4.133333333333334
638 4.133333333333334
639 4.133333333333334
640 4.133333333333334
641 4.133333333333334
642 4.133333333333334
643 4.133333333333334
644 4.133333333333334
645 4.133333333333334
646 4.133333333333334
647 4.133333333333334
648 4.133333333333334
649 4.133333333333334
650 4.133333333333334
651 4.133333333333334
652 4.133333333333334
653 4.133333333333334
654 4.133333333333334
655 4.133333333333334
656 4.133333333333334
657 4.133333333333334
658 4.133333333333334
659 4.133333333333334
660 4.133333333333334
661 4.133333333333334
662 4.133333333333334
663 4.133333333333334
664 4.133333333333334
665 4.133333333333334
666 4.133333333333334
667 4.133333333333334
668 4.133333333333334
669 4.133333333333334
670 4.133333333333334
671 4.133333333333334
672 4.133333333333334
673 4.133333333333334
674 4.133333333333334
675 4.133333333333334
676 4.133333333333334
677 4.133333333333334
678 4.133333333333334
679 4.133333333333334
680 4.133333333333334
681 4.133333333333334
682 4.133333333333334
683 4.2
684 4.2
685 4.2
686 4.2
687 4.2
688 4.2
689 4.2
690 4.2
691 4.2
692 4.2
693 4.2
694 4.2
695 4.2
696 4.2
697 4.2
698 4.2
699 4.2
700 4.2
701 4.2
702 4.2
703 4.2
704 4.2
705 4.2
706 4.2
707 4.2
708 4.2
709 4.2
710 4.2
711 4.2
712 4.2
713 4.2
714 4.2
715 4.2
716 4.2
717 4.2
718 4.2
719 4.2
720 4.2
721 4.2
722 4.266666666666667
723 4.266666666666667
724 4.266666666666667
725 4.266666666666667
726 4.266666666666667
727 4.266666666666667
728 4.266666666666667
729 4.266666666666667
730 4.266666666666667
731 4.266666666666667
732 4.266666666666667
733 4.266666666666667
734 4.266666666666667
735 4.266666666666667
736 4.266666666666667
737 4.266666666666667
738 4.266666666666667
739 4.266666666666667
740 4.266666666666667
741 4.266666666666667
742 4.266666666666667
743 4.266666666666667
744 4.266666666666667
745 4.266666666666667
746 4.266666666666667
747 4.266666666666667
748 4.266666666666667
749 4.266666666666667
750 4.266666666666667
751 4.266666666666667
752 4.266666666666667
753 4.266666666666667
754 4.266666666666667
755 4.266666666666667
756 4.266666666666667
757 4.266666666666667
758 4.266666666666667
759 4.266666666666667
760 4.266666666666667
761 4.266666666666667
762 4.266666666666667
763 4.266666666666667
764 4.266666666666667
765 4.266666666666667
766 4.266666666666667
767 4.266666666666667
768 4.266666666666667
769 4.266666666666667
770 4.266666666666667
771 4.266666666666667
772 4.266666666666667
773 4.266666666666667
774 4.266666666666667
775 4.266666666666667
776 4.266666666666667
777 4.266666666666667
778 4.266666666666667
779 4.266666666666667
780 4.266666666666667
781 4.266666666666667
782 4.266666666666667
783 4.266666666666667
784 4.266666666666667
785 4.266666666666667
786 4.266666666666667
787 4.266666666666667
788 4.266666666666667
789 4.266666666666667
790 4.266666666666667
791 4.266666666666667
792 4.266666666666667
793 4.266666666666667
794 4.266666666666667
795 4.266666666666667
796 4.266666666666667
797 4.266666666666667
798 4.266666666666667
799 4.266666666666667
800 4.266666666666667
801 4.266666666666667
802 4.266666666666667
803 4.266666666666667
804 4.266666666666667
805 4.266666666666667
806 4.266666666666667
807 4.266666666666667
808 4.266666666666667
809 4.266666666666667
810 4.266666666666667
811 4.266666666666667
812 4.266666666666667
813 4.266666666666667
814 4.266666666666667
815 4.266666666666667
816 4.266666666666667
817 4.266666666666667
818 4.266666666666667
819 4.266666666666667
820 4.266666666666667
821 4.266666666666667
822 4.266666666666667
823 4.266666666666667
824 4.266666666666667
825 4.266666666666667
826 4.266666666666667
827 4.266666666666667
828 4.266666666666667
829 4.266666666666667
830 4.266666666666667
831 4.266666666666667
832 4.266666666666667
833 4.266666666666667
834 4.266666666666667
835 4.266666666666667
836 4.266666666666667
837 4.266666666666667
838 4.266666666666667
839 4.266666666666667
840 4.266666666666667
841 4.266666666666667
842 4.266666666666667
843 4.266666666666667
844 4.266666666666667
845 4.266666666666667
846 4.266666666666667
847 4.266666666666667
848 4.266666666666667
849 4.266666666666667
850 4.266666666666667
851 4.266666666666667
852 4.266666666666667
853 4.266666666666667
854 4.266666666666667
855 4.266666666666667
856 4.266666666666667
857 4.266666666666667
858 4.266666666666667
859 4.266666666666667
860 4.266666666666667
861 4.266666666666667
862 4.266666666666667
863 4.266666666666667
864 4.266666666666667
865 4.266666666666667
866 4.266666666666667
867 4.266666666666667
868 4.266666666666667
869 4.266666666666667
870 4.266666666666667
871 4.266666666666667
872 4.266666666666667
873 4.266666666666667
874 4.266666666666667
875 4.266666666666667
876 4.266666666666667
877 4.266666666666667
878 4.266666666666667
879 4.266666666666667
880 4.266666666666667
881 4.266666666666667
882 4.266666666666667
883 4.266666666666667
884 4.266666666666667
885 4.266666666666667
886 4.266666666666667
887 4.266666666666667
888 4.266666666666667
889 4.266666666666667
890 4.266666666666667
891 4.266666666666667
892 4.266666666666667
893 4.266666666666667
894 4.266666666666667
895 4.266666666666667
896 4.266666666666667
897 4.266666666666667
898 4.266666666666667
899 4.266666666666667
900 4.266666666666667
901 4.266666666666667
902 4.266666666666667
903 4.266666666666667
904 4.266666666666667
905 4.266666666666667
906 4.266666666666667
907 4.266666666666667
908 4.266666666666667
909 4.3
910 4.3
911 4.3
912 4.3
913 4.3
914 4.3
915 4.3
916 4.3
917 4.3
918 4.3
919 4.3
920 4.3
921 4.3
922 4.3
923 4.3
924 4.3
925 4.3
926 4.3
927 4.3
928 4.3
929 4.3
930 4.3
931 4.3
932 4.3
933 4.3
934 4.3
935 4.3
936 4.3
937 4.3
938 4.3
939 4.3
940 4.3
941 4.3
942 4.3
943 4.3
944 4.3
945 4.3
946 4.3
947 4.3
948 4.3
949 4.3
950 4.3
951 4.3
952 4.3
953 4.3
954 4.3
955 4.3
956 4.3
957 4.3
958 4.3
959 4.3
960 4.3
961 4.3
962 4.3
963 4.3
964 4.3
965 4.3
966 4.3
967 4.3
968 4.3
969 4.3
970 4.3
971 4.3
972 4.3
973 4.3
974 4.3
975 4.3
976 4.3
977 4.3
978 4.3
979 4.3
980 4.3
981 4.3
982 4.3
983 4.3
984 4.3
985 4.3
986 4.3
987 4.3
988 4.3
989 4.3
990 4.3
991 4.3
992 4.3
993 4.3
994 4.3
995 4.3
996 4.3
997 4.3
998 4.3
999 4.3
1000 4.3
1001 4.3
1002 4.3
1003 4.3
1004 4.3
1005 4.3
1006 4.3
1007 4.3
1008 4.3
1009 4.3
1010 4.3
1011 4.3
1012 4.3
1013 4.3
1014 4.3
1015 4.3
1016 4.3
1017 4.3
1018 4.3
1019 4.3
1020 4.3
1021 4.3
1022 4.3
1023 4.3
1024 4.3
1025 4.3
1026 4.3
1027 4.3
1028 4.3
1029 4.3
1030 4.3
1031 4.3
1032 4.3
1033 4.3
1034 4.3
1035 4.3
1036 4.3
1037 4.3
1038 4.3
1039 4.3
1040 4.3
1041 4.3
1042 4.3
1043 4.3
1044 4.3
1045 4.3
1046 4.3
1047 4.3
1048 4.3
1049 4.3
1050 4.3
1051 4.3
1052 4.3
1053 4.3
1054 4.3
1055 4.3
1056 4.3
1057 4.3
1058 4.3
1059 4.3
1060 4.3
1061 4.3
1062 4.3
1063 4.3
1064 4.3
1065 4.3
1066 4.3
1067 4.3
1068 4.3
1069 4.3
1070 4.3
1071 4.3
1072 4.3
1073 4.3
1074 4.3
1075 4.3
1076 4.3
1077 4.3
1078 4.3
1079 4.3
1080 4.3
1081 4.3
1082 4.3
1083 4.3
1084 4.3
1085 4.3
1086 4.3
1087 4.3
1088 4.3
1089 4.3
1090 4.3
1091 4.3
1092 4.3
1093 4.3
1094 4.3
1095 4.3
1096 4.3
1097 4.3
1098 4.3
1099 4.3
1100 4.3
1101 4.3
1102 4.3
1103 4.3
1104 4.3
1105 4.3
1106 4.3
1107 4.3
1108 4.3
1109 4.3
1110 4.3
1111 4.3
1112 4.3
1113 4.3
1114 4.3
1115 4.3
1116 4.3
1117 4.3
1118 4.3
1119 4.3
1120 4.3
1121 4.3
1122 4.3
1123 4.3
1124 4.3
1125 4.3
1126 4.3
1127 4.3
1128 4.3
1129 4.3
1130 4.3
1131 4.3
1132 4.3
1133 4.3
1134 4.3
1135 4.3
1136 4.3
1137 4.3
1138 4.3
1139 4.3
1140 4.3
1141 4.3
1142 4.3
1143 4.3
1144 4.3
1145 4.3
1146 4.3
1147 4.3
1148 4.3
1149 4.3
1150 4.3
1151 4.3
1152 4.3
1153 4.3
1154 4.3
1155 4.3
1156 4.3
1157 4.3
1158 4.3
1159 4.3
1160 4.3
1161 4.3
1162 4.3
1163 4.3
1164 4.3
1165 4.3
1166 4.3
1167 4.3
1168 4.3
1169 4.3
1170 4.3
1171 4.3
1172 4.3
1173 4.3
1174 4.3
1175 4.3
1176 4.3
1177 4.3
1178 4.333333333333333
1179 4.333333333333333
1180 4.333333333333333
1181 4.333333333333333
1182 4.333333333333333
1183 4.333333333333333
1184 4.333333333333333
1185 4.333333333333333
1186 4.333333333333333
1187 4.333333333333333
1188 4.333333333333333
1189 4.333333333333333
1190 4.333333333333333
1191 4.333333333333333
1192 4.333333333333333
1193 4.333333333333333
1194 4.333333333333333
1195 4.333333333333333
1196 4.333333333333333
1197 4.333333333333333
1198 4.333333333333333
1199 4.333333333333333
1200 4.333333333333333
1201 4.333333333333333
1202 4.333333333333333
1203 4.333333333333333
1204 4.333333333333333
1205 4.333333333333333
1206 4.333333333333333
1207 4.333333333333333
1208 4.333333333333333
1209 4.333333333333333
1210 4.333333333333333
1211 4.333333333333333
1212 4.333333333333333
1213 4.333333333333333
1214 4.333333333333333
1215 4.333333333333333
1216 4.333333333333333
1217 4.333333333333333
1218 4.333333333333333
1219 4.333333333333333
1220 4.333333333333333
1221 4.333333333333333
1222 4.333333333333333
1223 4.333333333333333
1224 4.333333333333333
1225 4.333333333333333
1226 4.333333333333333
1227 4.333333333333333
1228 4.333333333333333
1229 4.333333333333333
1230 4.333333333333333
1231 4.333333333333333
1232 4.333333333333333
1233 4.333333333333333
1234 4.333333333333333
1235 4.333333333333333
1236 4.333333333333333
1237 4.333333333333333
1238 4.333333333333333
1239 4.333333333333333
1240 4.333333333333333
1241 4.333333333333333
1242 4.333333333333333
1243 4.333333333333333
1244 4.333333333333333
1245 4.333333333333333
1246 4.333333333333333
1247 4.333333333333333
1248 4.333333333333333
1249 4.333333333333333
1250 4.333333333333333
1251 4.333333333333333
1252 4.333333333333333
1253 4.333333333333333
1254 4.333333333333333
1255 4.333333333333333
1256 4.333333333333333
1257 4.333333333333333
1258 4.333333333333333
1259 4.333333333333333
1260 4.333333333333333
1261 4.333333333333333
1262 4.333333333333333
1263 4.333333333333333
1264 4.333333333333333
1265 4.333333333333333
1266 4.333333333333333
1267 4.333333333333333
1268 4.333333333333333
1269 4.333333333333333
1270 4.333333333333333
1271 4.333333333333333
1272 4.333333333333333
1273 4.333333333333333
1274 4.333333333333333
1275 4.333333333333333
1276 4.333333333333333
1277 4.333333333333333
1278 4.333333333333333
1279 4.333333333333333
1280 4.333333333333333
1281 4.333333333333333
1282 4.333333333333333
1283 4.333333333333333
1284 4.333333333333333
1285 4.333333333333333
1286 4.333333333333333
1287 4.333333333333333
1288 4.333333333333333
1289 4.333333333333333
1290 4.333333333333333
1291 4.333333333333333
1292 4.333333333333333
1293 4.333333333333333
1294 4.333333333333333
1295 4.333333333333333
1296 4.333333333333333
1297 4.333333333333333
1298 4.333333333333333
1299 4.333333333333333
1300 4.333333333333333
1301 4.333333333333333
1302 4.333333333333333
1303 4.333333333333333
1304 4.333333333333333
1305 4.333333333333333
1306 4.333333333333333
1307 4.333333333333333
1308 4.333333333333333
1309 4.333333333333333
1310 4.333333333333333
1311 4.333333333333333
1312 4.333333333333333
1313 4.333333333333333
1314 4.333333333333333
1315 4.333333333333333
1316 4.333333333333333
1317 4.333333333333333
1318 4.333333333333333
1319 4.333333333333333
1320 4.333333333333333
1321 4.333333333333333
1322 4.333333333333333
1323 4.333333333333333
1324 4.333333333333333
1325 4.333333333333333
1326 4.333333333333333
1327 4.333333333333333
1328 4.333333333333333
1329 4.333333333333333
1330 4.333333333333333
1331 4.333333333333333
1332 4.333333333333333
1333 4.333333333333333
1334 4.333333333333333
1335 4.333333333333333
1336 4.333333333333333
1337 4.333333333333333
1338 4.333333333333333
1339 4.333333333333333
1340 4.333333333333333
1341 4.333333333333333
1342 4.333333333333333
1343 4.333333333333333
1344 4.333333333333333
1345 4.333333333333333
1346 4.333333333333333
1347 4.333333333333333
1348 4.333333333333333
1349 4.333333333333333
1350 4.333333333333333
1351 4.333333333333333
1352 4.333333333333333
1353 4.333333333333333
1354 4.333333333333333
1355 4.333333333333333
1356 4.333333333333333
1357 4.333333333333333
1358 4.333333333333333
1359 4.333333333333333
1360 4.333333333333333
1361 4.333333333333333
1362 4.333333333333333
1363 4.333333333333333
1364 4.333333333333333
1365 4.333333333333333
1366 4.333333333333333
1367 4.333333333333333
1368 4.333333333333333
1369 4.333333333333333
1370 4.333333333333333
1371 4.333333333333333
1372 4.333333333333333
1373 4.333333333333333
1374 4.333333333333333
1375 4.333333333333333
1376 4.333333333333333
1377 4.333333333333333
1378 4.333333333333333
1379 4.333333333333333
1380 4.333333333333333
1381 4.333333333333333
1382 4.333333333333333
1383 4.333333333333333
1384 4.333333333333333
1385 4.333333333333333
1386 4.333333333333333
1387 4.333333333333333
1388 4.333333333333333
1389 4.333333333333333
1390 4.333333333333333
1391 4.333333333333333
1392 4.333333333333333
1393 4.333333333333333
1394 4.333333333333333
1395 4.333333333333333
1396 4.333333333333333
1397 4.333333333333333
1398 4.333333333333333
1399 4.333333333333333
1400 4.333333333333333
1401 4.333333333333333
1402 4.333333333333333
1403 4.333333333333333
1404 4.333333333333333
1405 4.333333333333333
1406 4.333333333333333
1407 4.333333333333333
1408 4.333333333333333
1409 4.333333333333333
1410 4.333333333333333
1411 4.333333333333333
1412 4.333333333333333
1413 4.333333333333333
1414 4.333333333333333
1415 4.333333333333333
1416 4.333333333333333
1417 4.333333333333333
1418 4.333333333333333
1419 4.333333333333333
1420 4.333333333333333
1421 4.333333333333333
1422 4.333333333333333
1423 4.333333333333333
1424 4.333333333333333
1425 4.333333333333333
1426 4.333333333333333
1427 4.333333333333333
1428 4.333333333333333
1429 4.333333333333333
1430 4.333333333333333
1431 4.333333333333333
1432 4.333333333333333
1433 4.333333333333333
1434 4.333333333333333
1435 4.333333333333333
1436 4.333333333333333
1437 4.333333333333333
1438 4.333333333333333
1439 4.333333333333333
1440 4.333333333333333
1441 4.333333333333333
1442 4.333333333333333
1443 4.333333333333333
1444 4.333333333333333
1445 4.333333333333333
1446 4.333333333333333
1447 4.333333333333333
1448 4.333333333333333
1449 4.333333333333333
1450 4.333333333333333
1451 4.333333333333333
1452 4.333333333333333
1453 4.333333333333333
1454 4.333333333333333
1455 4.366666666666666
1456 4.366666666666666
1457 4.366666666666666
1458 4.366666666666666
1459 4.366666666666666
1460 4.366666666666666
1461 4.366666666666666
1462 4.366666666666666
1463 4.366666666666666
1464 4.366666666666666
1465 4.366666666666666
1466 4.366666666666666
1467 4.366666666666666
1468 4.366666666666666
1469 4.366666666666666
1470 4.366666666666666
1471 4.366666666666666
1472 4.366666666666666
1473 4.366666666666666
1474 4.366666666666666
1475 4.366666666666666
1476 4.366666666666666
1477 4.366666666666666
1478 4.366666666666666
1479 4.366666666666666
1480 4.366666666666666
1481 4.366666666666666
1482 4.366666666666666
1483 4.366666666666666
1484 4.366666666666666
1485 4.366666666666666
1486 4.366666666666666
1487 4.366666666666666
1488 4.366666666666666
1489 4.366666666666666
1490 4.366666666666666
1491 4.366666666666666
1492 4.366666666666666
1493 4.366666666666666
1494 4.366666666666666
1495 4.366666666666666
1496 4.366666666666666
1497 4.366666666666666
1498 4.366666666666666
1499 4.366666666666666
