0 0.8
1 1.0
2 1.0
3 1.0
4 1.0333333333333334
5 1.2
6 1.6666666666666667
7 1.8
8 1.8
9 1.8
10 1.8
11 1.8333333333333333
12 1.8333333333333333
13 1.8333333333333333
14 1.9333333333333333
15 1.9333333333333333
16 1.9333333333333333
17 1.9333333333333333
18 1.9333333333333333
19 1.9333333333333333
20 1.9333333333333333
21 1.9333333333333333
22 1.9333333333333333
23 1.9333333333333333
24 2.0
25 2.0
26 2.0
27 2.1666666666666665
28 2.1666666666666665
29 2.2666666666666666
30 2.7666666666666666
31 2.7666666666666666
32 2.7666666666666666
33 2.7666666666666666
34 2.7666666666666666
35 2.7666666666666666
36 2.8666666666666667
37 2.9
38 3.3
39 3.3
40 3.3
41 3.4
42 3.466666666666667
43 3.466666666666667
44 3.5
45 3.5
46 3.5
47 3.5
48 3.5
49 3.7
50 3.7
51 3.7
52 3.7
53 3.7
54 3.7
55 3.7
56 3.7
57 3.7
58 3.7333333333333334
59 3.7333333333333334
60 3.7333333333333334
61 3.7333333333333334
62 3.7333333333333334
63 4.033333333333333
64 4.033333333333333
65 4.033333333333333
66 4.033333333333333
67 4.033333333333333
68 4.033333333333333
69 4.033333333333333
70 4.033333333333333
71 4.033333333333333
72 4.033333333333333
73 4.033333333333333
74 4.033333333333333
75 4.033333333333333
76 4.033333333333333
77 4.033333333333333
78 4.033333333333333
79 4.033333333333333
80 4.033333333333333
81 4.1
82 4.1
83 4.1
84 4.1
85 4.1
86 4.1
87 4.1
88 4.1
89 4.1
90 4.1
91 4.166666666666667
92 4.166666666666667
93 4.166666666666667
94 4.166666666666667
95 4.166666666666667
96 4.166666666666667
97 4.166666666666667
98 4.166666666666667
99 4.166666666666667
100 4.166666666666667
101 4.166666666666667
102 4.166666666666667
103 4.166666666666667
104 4.166666666666667
105 4.166666666666667
106 4.166666666666667
107 4.166666666666667
108 4.166666666666667
109 4.166666666666667
110 4.166666666666667
111 4.166666666666667
112 4.166666666666667
113 4.266666666666667
114 4.266666666666667
115 4.266666666666667
116 4.266666666666667
117 4.266666666666667
118 4.266666666666667
119 4.266666666666667
120 4.266666666666667
121 4.266666666666667
122 4.266666666666667
123 4.266666666666667
124 4.266666666666667
125 4.266666666666667
126 4.266666666666667
127 4.266666666666667
128 4.266666666666667
129 4.266666666666667
130 4.266666666666667
131 4.266666666666667
132 4.266666666666667
133 4.266666666666667
134 4.266666666666667
135 4.266666666666667
136 4.266666666666667
137 4.266666666666667
138 4.266666666666667
139 4.266666666666667
140 4.266666666666667
141 4.266666666666667
142 4.266666666666667
143 4.266666666666667
144 4.266666666666667
145 4.266666666666667
146 4.266666666666667
147 4.3
148 4.3
149 4.3
150 4.3
151 4.3
152 4.3
153 4.3
154 4.3
155 4.3
156 4.3
157 4.3
158 4.3
159 4.3
160 4.3
161 4.3
162 4.3
163 4.3
164 4.333333333333333
165 4.333333333333333
166 4.333333333333333
167 4.333333333333333
168 4.333333333333333
169 4.366666666666666
170 4.366666666666666
171 4.366666666666666
172 4.366666666666666
173 4.366666666666666
174 4.366666666666666
175 4.366666666666666
176 4.366666666666666
177 4.366666666666666
178 4.366666666666666
179 4.366666666666666
180 4.366666666666666
181 4.366666666666666
182 4.366666666666666
183 4.366666666666666
184 4.366666666666666
185 4.366666666666666
186 4.366666666666666
187 4.366666666666666
188 4.366666666666666
189 4.366666666666666
190 4.366666666666666
191 4.366666666666666
192 4.366666666666666
193 4.366666666666666
194 4.366666666666666
195 4.366666666666666
196 4.366666666666666
197 4.366666666666666
198 4.366666666666666
199 4.366666666666666
200 4.466666666666667
201 4.466666666666667
202 4.466666666666667
203 4.466666666666667
204 4.466666666666667
205 4.466666666666667
206 4.466666666666667
207 4.466666666666667
208 4.466666666666667
209 4.466666666666667
210 4.466666666666667
211 4.5
212 4.5
213 4.5
214 4.5
215 4.633333333333334
216 4.633333333333334
217 4.633333333333334
218 4.633333333333334
219 4.633333333333334
220 4.633333333333334
221 4.633333333333334
222 4.633333333333334
223 4.633333333333334
224 4.633333333333334
225 4.633333333333334
226 4.633333333333334
227 4.633333333333334
228 4.633333333333334
229 4.633333333333334
230 4.633333333333334
231 4.633333333333334
232 4.633333333333334
233 4.633333333333334
234 4.633333333333334
235 4.733333333333333
236 4.733333333333333
237 4.733333333333333
238 4.733333333333333
239 4.733333333333333
240 4.733333333333333
241 4.733333333333333
242 4.733333333333333
243 4.733333333333333
244 4.733333333333333
245 4.733333333333333
246 4.733333333333333
247 4.733333333333333
248 4.733333333333333
249 4.733333333333333
250 4.733333333333333
251 4.733333333333333
252 4.733333333333333
253 4.733333333333333
254 4.733333333333333
255 4.733333333333333
256 4.733333333333333
257 4.733333333333333
258 4.733333333333333
259 4.733333333333333
260 4.733333333333333
261 4.733333333333333
262 4.733333333333333
263 4.733333333333333
264 4.733333333333333
265 4.733333333333333
266 4.733333333333333
267 4.733333333333333
268 4.733333333333333
269 4.733333333333333
270 4.733333333333333
271 4.733333333333333
272 4.733333333333333
273 4.733333333333333
274 4.733333333333333
275 4.733333333333333
276 4.733333333333333
277 4.733333333333333
278 4.733333333333333
279 4.733333333333333
280 4.733333333333333
281 4.733333333333333
282 4.733333333333333
283 4.733333333333333
284 4.733333333333333
285 4.733333333333333
286 4.733333333333333
287 4.733333333333333
288 4.733333333333333
289 4.733333333333333
290 4.733333333333333
291 4.733333333333333
292 4.733333333333333
293 4.733333333333333
294 4.733333333333333
295 4.733333333333333
296 4.733333333333333
297 4.733333333333333
298 4.766666666666667
299 4.766666666666667
300 4.766666666666667
301 4.766666666666667
302 4.766666666666667
303 4.766666666666667
304 4.766666666666667
305 4.766666666666667
306 4.766666666666667
307 4.766666666666667
308 4.766666666666667
309 4.766666666666667
310 4.766666666666667
311 4.766666666666667
312 4.766666666666667
313 4.766666666666667
314 4.766666666666667
315 4.766666666666667
316 4.766666666666667
317 4.766666666666667
318 4.766666666666667
319 4.766666666666667
320 4.766666666666667
321 4.766666666666667
322 4.766666666666667
323 4.766666666666667
324 4.766666666666667
325 4.766666666666667
326 4.766666666666667
327 4.766666666666667
328 4.766666666666667
329 4.766666666666667
330 4.766666666666667
331 4.766666666666667
332 4.766666666666667
333 4.766666666666667
334 4.933333333333334
335 4.933333333333334
336 4.933333333333334
337 4.933333333333334
338 4.933333333333334
339 4.933333333333334
340 4.933333333333334
341 4.933333333333334
342 4.933333333333334
343 4.933333333333334
344 4.933333333333334
345 4.933333333333334
346 4.933333333333334
347 4.933333333333334
348 4.933333333333334
349 4.933333333333334
350 4.933333333333334
351 4.933333333333334
352 4.933333333333334
353 4.933333333333334
354 4.933333333333334
355 4.933333333333334
356 4.933333333333334
357 4.933333333333334
358 4.933333333333334
359 4.933333333333334
360 4.933333333333334
361 4.933333333333334
362 4.933333333333334
363 4.933333333333334
364 4.933333333333334
365 4.933333333333334
366 4.933333333333334
367 4.933333333333334
368 4.933333333333334
369 4.933333333333334
370 4.933333333333334
371 4.933333333333334
372 4.933333333333334
373 4.933333333333334
374 4.933333333333334
375 4.933333333333334
376 4.933333333333334
377 4.933333333333334
378 4.933333333333334
379 4.933333333333334
380 4.933333333333334
381 4.933333333333334
382 4.933333333333334
383 4.933333333333334
384 4.933333333333334
385 4.933333333333334
386 4.933333333333334
387 4.933333333333334
388 4.933333333333334
389 4.966666666666667
390 4.966666666666667
391 4.966666666666667
392 4.966666666666667
393 4.966666666666667
394 4.966666666666667
395 4.966666666666667
396 4.966666666666667
397 4.966666666666667
398 4.966666666666667
399 4.966666666666667
400 4.966666666666667
401 4.966666666666667
402 4.966666666666667
403 4.966666666666667
404 4.966666666666667
405 4.966666666666667
406 4.966666666666667
407 4.966666666666667
408 4.966666666666667
409 4.966666666666667
410 4.966666666666667
411 4.966666666666667
412 4.966666666666667
413 4.966666666666667
414 4.966666666666667
415 4.966666666666667
416 4.966666666666667
417 4.966666666666667
418 4.966666666666667
419 4.966666666666667
420 4.966666666666667
421 4.966666666666667
422 4.966666666666667
423 4.966666666666667
424 4.966666666666667
425 4.966666666666667
426 4.966666666666667
427 4.966666666666667
428 4.966666666666667
429 4.966666666666667
430 4.966666666666667
431 4.966666666666667
432 4.966666666666667
433 4.966666666666667
434 4.966666666666667
435 4.966666666666667
436 4.966666666666667
437 4.966666666666667
438 4.966666666666667
439 4.966666666666667
440 4.966666666666667
441 4.966666666666667
442 4.966666666666667
443 4.966666666666667
444 4.966666666666667
445 4.966666666666667
446 4.966666666666667
447 4.966666666666667
448 4.966666666666667
449 4.966666666666667
450 4.966666666666667
451 4.966666666666667
452 4.966666666666667
453 4.966666666666667
454 5.033333333333333
455 5.033333333333333
456 5.033333333333333
457 5.033333333333333
458 5.033333333333333
459 5.033333333333333
460 5.033333333333333
461 5.033333333333333
462 5.033333333333333
463 5.033333333333333
464 5.033333333333333
465 5.033333333333333
466 5.133333333333334
467 5.133333333333334
468 5.133333333333334
469 5.133333333333334
470 5.133333333333334
471 5.133333333333334
472 5.133333333333334
473 5.133333333333334
474 5.133333333333334
475 5.133333333333334
476 5.133333333333334
477 5.133333333333334
478 5.133333333333334
479 5.133333333333334
480 5.133333333333334
481 5.133333333333334
482 5.133333333333334
483 5.133333333333334
484 5.133333333333334
485 5.133333333333334
486 5.133333333333334
487 5.133333333333334
488 5.133333333333334
489 5.133333333333334
490 5.133333333333334
491 5.133333333333334
492 5.133333333333334
493 5.133333333333334
494 5.133333333333334
495 5.133333333333334
496 5.133333333333334
497 5.133333333333334
498 5.133333333333334
499 5.133333333333334
500 5.133333333333334
501 5.133333333333334
502 5.133333333333334
503 5.133333333333334
504 5.133333333333334
505 5.133333333333334
506 5.133333333333334
507 5.133333333333334
508 5.133333333333334
509 5.133333333333334
510 5.133333333333334
511 5.133333333333334
512 5.133333333333334
513 5.133333333333334
514 5.133333333333334
515 5.133333333333334
516 5.133333333333334
517 5.133333333333334
518 5.133333333333334
519 5.133333333333334
520 5.133333333333334
521 5.133333333333334
522 5.133333333333334
523 5.133333333333334
524 5.133333333333334
525 5.133333333333334
526 5.133333333333334
527 5.133333333333334
528 5.133333333333334
529 5.133333333333334
530 5.133333333333334
531 5.133333333333334
532 5.133333333333334
533 5.133333333333334
534 5.133333333333334
535 5.133333333333334
536 5.133333333333334
537 5.133333333333334
538 5.133333333333334
539 5.133333333333334
540 5.133333333333334
541 5.133333333333334
542 5.133333333333334
543 5.133333333333334
544 5.133333333333334
545 5.133333333333334
546 5.133333333333334
547 5.133333333333334
548 5.133333333333334
549 5.133333333333334
550 5.133333333333334
551 5.133333333333334
552 5.133333333333334
553 5.133333333333334
554 5.133333333333334
555 5.133333333333334
556 5.133333333333334
557 5.133333333333334
558 5.133333333333334
559 5.133333333333334
560 5.133333333333334
561 5.133333333333334
562 5.133333333333334
563 5.133333333333334
564 5.133333333333334
565 5.133333333333334
566 5.133333333333334
567 5.133333333333334
568 5.133333333333334
569 5.133333333333334
570 5.133333333333334
571 5.133333333333334
572 5.133333333333334
573 5.133333333333334
574 5.133333333333334
575 5.133333333333334
576 5.133333333333334
577 5.133333333333334
578 5.133333333333334
579 5.133333333333334
580 5.133333333333334
581 5.133333333333334
582 5.133333333333334
583 5.133333333333334
584 5.133333333333334
585 5.133333333333334
586 5.133333333333334
587 5.133333333333334
588 5.133333333333334
589 5.133333333333334
590 5.133333333333334
591 5.133333333333334
592 5.133333333333334
593 5.133333333333334
594 5.133333333333334
595 5.133333333333334
596 5.133333333333334
597 5.133333333333334
598 5.133333333333334
599 5.133333333333334
600 5.133333333333334
601 5.133333333333334
602 5.133333333333334
603 5.133333333333334
604 5.133333333333334
605 5.133333333333334
606 5.133333333333334
607 5.133333333333334
608 5.133333333333334
609 5.133333333333334
610 5.133333333333334
611 5.133333333333334
612 5.133333333333334
613 5.133333333333334
614 5.133333333333334
615 5.133333333333334
616 5.133333333333334
617 5.133333333333334
618 5.133333333333334
619 5.133333333333334
620 5.133333333333334
621 5.133333333333334
622 5.133333333333334
623 5.133333333333334
624 5.133333333333334
625 5.133333333333334
626 5.133333333333334
627 5.133333333333334
628 5.133333333333334
629 5.133333333333334
630 5.133333333333334
631 5.133333333333334
632 5.133333333333334
633 5.133333333333334
634 5.133333333333334
635 5.133333333333334
636 5.133333333333334
637 5.133333333333334
638 5.133333333333334
639 5.133333333333334
640 5.133333333333334
641 5.133333333333334
642 5.133333333333334
643 5.133333333333334
644 5.133333333333334
645 5.133333333333334
646 5.133333333333334
647 5.133333333333334
648 5.133333333333334
649 5.133333333333334
650 5.133333333333334
651 5.133333333333334
652 5.133333333333334
653 5.133333333333334
654 5.133333333333334
655 5.133333333333334
656 5.133333333333334
657 5.133333333333334
658 5.133333333333334
659 5.133333333333334
660 5.133333333333334
661 5.133333333333334
662 5.133333333333334
663 5.133333333333334
664 5.133333333333334
665 5.133333333333334
666 5.133333333333334
667 5.133333333333334
668 5.133333333333334
669 5.133333333333334
670 5.133333333333334
671 5.133333333333334
672 5.133333333333334
673 5.133333333333334
674 5.133333333333334
675 5.133333333333334
676 5.133333333333334
677 5.133333333333334
678 5.133333333333334
679 5.133333333333334
680 5.133333333333334
681 5.133333333333334
682 5.133333333333334
683 5.133333333333334
684 5.133333333333334
685 5.133333333333334
686 5.133333333333334
687 5.133333333333334
688 5.133333333333334
689 5.133333333333334
690 5.133333333333334
691 5.133333333333334
692 5.133333333333334
693 5.133333333333334
694 5.133333333333334
695 5.133333333333334
696 5.133333333333334
697 5.133333333333334
698 5.133333333333334
699 5.133333333333334
700 5.133333333333334
701 5.133333333333334
702 5.133333333333334
703 5.133333333333334
704 5.133333333333334
705 5.133333333333334
706 5.133333333333334
707 5.133333333333334
708 5.133333333333334
709 5.133333333333334
710 5.133333333333334
711 5.133333333333334
712 5.133333333333334
713 5.133333333333334
714 5.133333333333334
715 5.133333333333334
716 5.133333333333334
717 5.133333333333334
718 5.133333333333334
719 5.133333333333334
720 5.133333333333334
721 5.133333333333334
722 5.133333333333334
723 5.133333333333334
724 5.133333333333334
725 5.133333333333334
726 5.133333333333334
727 5.133333333333334
728 5.133333333333334
729 5.133333333333334
730 5.133333333333334
731 5.133333333333334
732 5.133333333333334
733 5.133333333333334
734 5.133333333333334
735 5.133333333333334
736 5.133333333333334
737 5.133333333333334
738 5.133333333333334
739 5.133333333333334
740 5.133333333333334
741 5.133333333333334
742 5.133333333333334
743 5.133333333333334
744 5.133333333333334
745 5.133333333333334
746 5.133333333333334
747 5.133333333333334
748 5.133333333333334
749 5.133333333333334
750 5.133333333333334
751 5.133333333333334
752 5.133333333333334
753 5.133333333333334
754 5.133333333333334
755 5.133333333333334
756 5.133333333333334
757 5.133333333333334
758 5.133333333333334
759 5.133333333333334
760 5.133333333333334
761 5.133333333333334
762 5.133333333333334
763 5.133333333333334
764 5.133333333333334
765 5.133333333333334
766 5.133333333333334
767 5.133333333333334
768 5.133333333333334
769 5.133333333333334
770 5.133333333333334
771 5.133333333333334
772 5.133333333333334
773 5.133333333333334
774 5.133333333333334
775 5.133333333333334
776 5.133333333333334
777 5.133333333333334
778 5.133333333333334
779 5.133333333333334
780 5.133333333333334
781 5.133333333333334
782 5.133333333333334
783 5.133333333333334
784 5.133333333333334
785 5.133333333333334
786 5.133333333333334
787 5.133333333333334
788 5.133333333333334
789 5.133333333333334
790 5.133333333333334
791 5.133333333333334
792 5.133333333333334
793 5.133333333333334
794 5.133333333333334
795 5.133333333333334
796 5.133333333333334
797 5.133333333333334
798 5.133333333333334
799 5.133333333333334
800 5.133333333333334
801 5.133333333333334
802 5.133333333333334
803 5.133333333333334
804 5.133333333333334
805 5.133333333333334
806 5.133333333333334
807 5.133333333333334
808 5.133333333333334
809 5.133333333333334
810 5.133333333333334
811 5.133333333333334
812 5.133333333333334
813 5.133333333333334
814 5.133333333333334
815 5.133333333333334
816 5.133333333333334
817 5.133333333333334
818 5.133333333333334
819 5.133333333333334
820 5.133333333333334
821 5.133333333333334
822 5.133333333333334
823 5.133333333333334
824 5.133333333333334
825 5.166666666666667
826 5.166666666666667
827 5.166666666666667
828 5.166666666666667
829 5.166666666666667
830 5.166666666666667
831 5.166666666666667
832 5.166666666666667
833 5.166666666666667
834 5.166666666666667
835 5.166666666666667
836 5.166666666666667
837 5.166666666666667
838 5.166666666666667
839 5.166666666666667
840 5.166666666666667
841 5.166666666666667
842 5.166666666666667
843 5.166666666666667
844 5.166666666666667
845 5.166666666666667
846 5.166666666666667
847 5.166666666666667
848 5.166666666666667
849 5.166666666666667
850 5.166666666666667
851 5.166666666666667
852 5.166666666666667
853 5.166666666666667
854 5.166666666666667
855 5.166666666666667
856 5.166666666666667
857 5.166666666666667
858 5.166666666666667
859 5.166666666666667
860 5.166666666666667
861 5.166666666666667
862 5.166666666666667
863 5.166666666666667
864 5.166666666666667
865 5.166666666666667
866 5.166666666666667
867 5.166666666666667
868 5.166666666666667
869 5.166666666666667
870 5.166666666666667
871 5.166666666666667
872 5.166666666666667
873 5.166666666666667
874 5.166666666666667
875 5.166666666666667
876 5.166666666666667
877 5.166666666666667
878 5.166666666666667
879 5.166666666666667
880 5.166666666666667
881 5.166666666666667
882 5.166666666666667
883 5.166666666666667
884 5.166666666666667
885 5.166666666666667
886 5.166666666666667
887 5.166666666666667
888 5.166666666666667
889 5.166666666666667
890 5.166666666666667
891 5.166666666666667
892 5.166666666666667
893 5.166666666666667
894 5.166666666666667
895 5.166666666666667
896 5.166666666666667
897 5.166666666666667
898 5.166666666666667
899 5.166666666666667
900 5.2
901 5.2
902 5.2
903 5.2
904 5.2
905 5.2
906 5.2
907 5.2
908 5.2
909 5.2
910 5.2
911 5.2
912 5.2
913 5.2
914 5.2
915 5.2
916 5.2
917 5.2
918 5.2
919 5.2
920 5.2
921 5.2
922 5.2
923 5.2
924 5.2
925 5.2
926 5.2
927 5.2
928 5.2
929 5.2
930 5.2
931 5.266666666666667
932 5.266666666666667
933 5.266666666666667
934 5.266666666666667
935 5.266666666666667
936 5.266666666666667
937 5.266666666666667
938 5.266666666666667
939 5.266666666666667
940 5.266666666666667
941 5.266666666666667
942 5.266666666666667
943 5.266666666666667
944 5.266666666666667
945 5.266666666666667
946 5.266666666666667
947 5.266666666666667
948 5.266666666666667
949 5.266666666666667
950 5.266666666666667
951 5.266666666666667
952 5.266666666666667
953 5.266666666666667
954 5.266666666666667
955 5.266666666666667
956 5.266666666666667
957 5.266666666666667
958 5.266666666666667
959 5.266666666666667
960 5.266666666666667
961 5.266666666666667
962 5.266666666666667
963 5.266666666666667
964 5.266666666666667
965 5.266666666666667
966 5.266666666666667
967 5.266666666666667
968 5.266666666666667
969 5.266666666666667
970 5.266666666666667
971 5.266666666666667
972 5.266666666666667
973 5.266666666666667
974 5.266666666666667
975 5.266666666666667
976 5.266666666666667
977 5.266666666666667
978 5.266666666666667
979 5.266666666666667
980 5.266666666666667
981 5.266666666666667
982 5.266666666666667
983 5.266666666666667
984 5.266666666666667
985 5.266666666666667
986 5.266666666666667
987 5.266666666666667
988 5.266666666666667
989 5.266666666666667
990 5.266666666666667
991 5.266666666666667
992 5.266666666666667
993 5.266666666666667
994 5.266666666666667
995 5.266666666666667
996 5.266666666666667
997 5.266666666666667
998 5.266666666666667
999 5.266666666666667
1000 5.266666666666667
1001 5.266666666666667
1002 5.266666666666667
1003 5.266666666666667
1004 5.266666666666667
1005 5.266666666666667
1006 5.266666666666667
1007 5.266666666666667
1008 5.266666666666667
1009 5.266666666666667
1010 5.266666666666667
1011 5.266666666666667
1012 5.266666666666667
1013 5.266666666666667
1014 5.266666666666667
1015 5.266666666666667
1016 5.266666666666667
1017 5.266666666666667
1018 5.266666666666667
1019 5.266666666666667
1020 5.266666666666667
1021 5.266666666666667
1022 5.266666666666667
1023 5.266666666666667
1024 5.266666666666667
1025 5.266666666666667
1026 5.266666666666667
1027 5.266666666666667
1028 5.266666666666667
1029 5.266666666666667
1030 5.266666666666667
1031 5.266666666666667
1032 5.266666666666667
1033 5.266666666666667
1034 5.266666666666667
1035 5.266666666666667
1036 5.266666666666667
1037 5.266666666666667
1038 5.266666666666667
1039 5.266666666666667
1040 5.266666666666667
1041 5.266666666666667
1042 5.266666666666667
1043 5.266666666666667
1044 5.266666666666667
1045 5.266666666666667
1046 5.266666666666667
1047 5.266666666666667
1048 5.266666666666667
1049 5.266666666666667
1050 5.266666666666667
1051 5.266666666666667
1052 5.333333333333333
1053 5.333333333333333
1054 5.333333333333333
1055 5.333333333333333
1056 5.333333333333333
1057 5.333333333333333
1058 5.333333333333333
1059 5.333333333333333
1060 5.333333333333333
1061 5.333333333333333
1062 5.333333333333333
1063 5.333333333333333
1064 5.333333333333333
1065 5.333333333333333
1066 5.333333333333333
1067 5.333333333333333
1068 5.333333333333333
1069 5.333333333333333
1070 5.333333333333333
1071 5.333333333333333
1072 5.333333333333333
1073 5.333333333333333
1074 5.333333333333333
1075 5.333333333333333
1076 5.333333333333333
1077 5.333333333333333
1078 5.333333333333333
1079 5.333333333333333
1080 5.333333333333333
1081 5.333333333333333
1082 5.333333333333333
1083 5.333333333333333
1084 5.333333333333333
1085 5.333333333333333
1086 5.333333333333333
1087 5.333333333333333
1088 5.333333333333333
1089 5.333333333333333
1090 5.333333333333333
1091 5.333333333333333
1092 5.333333333333333
1093 5.333333333333333
1094 5.333333333333333
1095 5.333333333333333
1096 5.333333333333333
1097 5.333333333333333
1098 5.333333333333333
1099 5.333333333333333
1100 5.333333333333333
1101 5.333333333333333
1102 5.333333333333333
1103 5.333333333333333
1104 5.333333333333333
1105 5.333333333333333
1106 5.333333333333333
1107 5.333333333333333
1108 5.333333333333333
1109 5.333333333333333
1110 5.333333333333333
1111 5.333333333333333
1112 5.333333333333333
1113 5.333333333333333
1114 5.333333333333333
1115 5.333333333333333
1116 5.333333333333333
1117 5.333333333333333
1118 5.333333333333333
1119 5.333333333333333
1120 5.333333333333333
1121 5.333333333333333
1122 5.333333333333333
1123 5.333333333333333
1124 5.333333333333333
1125 5.333333333333333
1126 5.333333333333333
1127 5.333333333333333
1128 5.333333333333333
1129 5.333333333333333
1130 5.333333333333333
1131 5.333333333333333
1132 5.333333333333333
1133 5.333333333333333
1134 5.333333333333333
1135 5.333333333333333
1136 5.333333333333333
1137 5.333333333333333
1138 5.333333333333333
1139 5.333333333333333
1140 5.333333333333333
1141 5.333333333333333
1142 5.333333333333333
1143 5.333333333333333
1144 5.333333333333333
1145 5.333333333333333
1146 5.333333333333333
1147 5.333333333333333
1148 5.333333333333333
1149 5.333333333333333
1150 5.333333333333333
1151 5.333333333333333
1152 5.333333333333333
1153 5.333333333333333
1154 5.333333333333333
1155 5.333333333333333
1156 5.333333333333333
1157 5.333333333333333
1158 5.333333333333333
1159 5.333333333333333
1160 5.333333333333333
1161 5.333333333333333
1162 5.333333333333333
1163 5.333333333333333
1164 5.333333333333333
1165 5.333333333333333
1166 5.333333333333333
1167 5.333333333333333
1168 5.333333333333333
1169 5.333333333333333
1170 5.333333333333333
1171 5.333333333333333
1172 5.333333333333333
1173 5.333333333333333
1174 5.333333333333333
1175 5.333333333333333
1176 5.333333333333333
1177 5.333333333333333
1178 5.333333333333333
1179 5.333333333333333
1180 5.333333333333333
1181 5.333333333333333
1182 5.333333333333333
1183 5.333333333333333
1184 5.333333333333333
1185 5.333333333333333
1186 5.333333333333333
1187 5.333333333333333
1188 5.333333333333333
1189 5.333333333333333
1190 5.333333333333333
1191 5.333333333333333
1192 5.333333333333333
1193 5.333333333333333
1194 5.333333333333333
1195 5.333333333333333
1196 5.333333333333333
1197 5.333333333333333
1198 5.333333333333333
1199 5.333333333333333
1200 5.333333333333333
1201 5.333333333333333
1202 5.333333333333333
1203 5.333333333333333
1204 5.333333333333333
1205 5.333333333333333
1206 5.333333333333333
1207 5.333333333333333
1208 5.333333333333333
1209 5.333333333333333
1210 5.333333333333333
1211 5.333333333333333
1212 5.333333333333333
1213 5.333333333333333
1214 5.333333333333333
1215 5.333333333333333
1216 5.333333333333333
1217 5.333333333333333
1218 5.333333333333333
1219 5.333333333333333
1220 5.333333333333333
1221 5.333333333333333
1222 5.333333333333333
1223 5.333333333333333
1224 5.333333333333333
1225 5.333333333333333
1226 5.333333333333333
1227 5.333333333333333
1228 5.333333333333333
1229 5.333333333333333
1230 5.333333333333333
1231 5.333333333333333
1232 5.333333333333333
1233 5.333333333333333
1234 5.333333333333333
1235 5.333333333333333
1236 5.333333333333333
1237 5.333333333333333
1238 5.333333333333333
1239 5.333333333333333
1240 5.333333333333333
1241 5.333333333333333
1242 5.333333333333333
1243 5.333333333333333
1244 5.333333333333333
1245 5.333333333333333
1246 5.333333333333333
1247 5.333333333333333
1248 5.333333333333333
1249 5.333333333333333
1250 5.333333333333333
1251 5.333333333333333
1252 5.333333333333333
1253 5.333333333333333
1254 5.333333333333333
1255 5.333333333333333
1256 5.333333333333333
1257 5.333333333333333
1258 5.333333333333333
1259 5.333333333333333
1260 5.333333333333333
1261 5.333333333333333
1262 5.333333333333333
1263 5.333333333333333
1264 5.333333333333333
1265 5.333333333333333
1266 5.333333333333333
1267 5.333333333333333
1268 5.333333333333333
1269 5.333333333333333
1270 5.333333333333333
1271 5.333333333333333
1272 5.333333333333333
1273 5.333333333333333
1274 5.333333333333333
1275 5.333333333333333
1276 5.333333333333333
1277 5.333333333333333
1278 5.333333333333333
1279 5.333333333333333
1280 5.333333333333333
1281 5.333333333333333
1282 5.333333333333333
1283 5.333333333333333
1284 5.333333333333333
1285 5.333333333333333
1286 5.333333333333333
1287 5.333333333333333
1288 5.333333333333333
1289 5.333333333333333
1290 5.333333333333333
1291 5.333333333333333
1292 5.333333333333333
1293 5.333333333333333
1294 5.333333333333333
1295 5.333333333333333
1296 5.333333333333333
1297 5.333333333333333
1298 5.333333333333333
1299 5.333333333333333
1300 5.333333333333333
1301 5.333333333333333
1302 5.333333333333333
1303 5.333333333333333
1304 5.333333333333333
1305 5.333333333333333
1306 5.333333333333333
1307 5.333333333333333
1308 5.333333333333333
1309 5.333333333333333
1310 5.333333333333333
1311 5.333333333333333
1312 5.333333333333333
1313 5.333333333333333
1314 5.333333333333333
1315 5.333333333333333
1316 5.333333333333333
1317 5.333333333333333
1318 5.333333333333333
1319 5.333333333333333
1320 5.333333333333333
1321 5.333333333333333
1322 5.333333333333333
1323 5.333333333333333
1324 5.333333333333333
1325 5.333333333333333
1326 5.333333333333333
1327 5.333333333333333
1328 5.333333333333333
1329 5.333333333333333
1330 5.333333333333333
1331 5.333333333333333
1332 5.333333333333333
1333 5.333333333333333
1334 5.333333333333333
1335 5.333333333333333
1336 5.333333333333333
1337 5.333333333333333
1338 5.333333333333333
1339 5.333333333333333
1340 5.333333333333333
1341 5.333333333333333
1342 5.333333333333333
1343 5.333333333333333
1344 5.333333333333333
1345 5.333333333333333
1346 5.333333333333333
1347 5.333333333333333
1348 5.333333333333333
1349 5.333333333333333
1350 5.333333333333333
1351 5.333333333333333
1352 5.333333333333333
1353 5.333333333333333
1354 5.333333333333333
1355 5.333333333333333
1356 5.333333333333333
1357 5.333333333333333
1358 5.333333333333333
1359 5.333333333333333
1360 5.333333333333333
1361 5.333333333333333
1362 5.333333333333333
1363 5.333333333333333
1364 5.333333333333333
1365 5.333333333333333
1366 5.333333333333333
1367 5.333333333333333
1368 5.333333333333333
1369 5.333333333333333
1370 5.333333333333333
1371 5.333333333333333
1372 5.333333333333333
1373 5.333333333333333
1374 5.333333333333333
1375 5.333333333333333
1376 5.366666666666666
1377 5.366666666666666
1378 5.366666666666666
1379 5.366666666666666
1380 5.366666666666666
1381 5.366666666666666
1382 5.366666666666666
1383 5.366666666666666
1384 5.366666666666666
1385 5.366666666666666
1386 5.366666666666666
1387 5.366666666666666
1388 5.366666666666666
1389 5.366666666666666
1390 5.366666666666666
1391 5.366666666666666
1392 5.366666666666666
1393 5.366666666666666
1394 5.366666666666666
1395 5.366666666666666
1396 5.366666666666666
1397 5.366666666666666
1398 5.366666666666666
1399 5.366666666666666
1400 5.366666666666666
1401 5.366666666666666
1402 5.366666666666666
1403 5.366666666666666
1404 5.366666666666666
1405 5.366666666666666
1406 5.366666666666666
1407 5.366666666666666
1408 5.366666666666666
1409 5.366666666666666
1410 5.366666666666666
1411 5.366666666666666
1412 5.366666666666666
1413 5.366666666666666
1414 5.366666666666666
1415 5.366666666666666
1416 5.366666666666666
1417 5.366666666666666
1418 5.366666666666666
1419 5.366666666666666
1420 5.366666666666666
1421 5.366666666666666
1422 5.366666666666666
1423 5.366666666666666
1424 5.366666666666666
1425 5.366666666666666
1426 5.366666666666666
1427 5.366666666666666
1428 5.366666666666666
1429 5.366666666666666
1430 5.366666666666666
1431 5.366666666666666
1432 5.366666666666666
1433 5.366666666666666
1434 5.366666666666666
1435 5.366666666666666
1436 5.366666666666666
1437 5.366666666666666
1438 5.366666666666666
1439 5.366666666666666
1440 5.366666666666666
1441 5.366666666666666
1442 5.366666666666666
1443 5.366666666666666
1444 5.366666666666666
1445 5.366666666666666
1446 5.366666666666666
1447 5.366666666666666
1448 5.366666666666666
1449 5.366666666666666
1450 5.366666666666666
1451 5.366666666666666
1452 5.366666666666666
1453 5.366666666666666
1454 5.366666666666666
1455 5.366666666666666
1456 5.366666666666666
1457 5.366666666666666
1458 5.366666666666666
1459 5.366666666666666
1460 5.366666666666666
1461 5.366666666666666
1462 5.366666666666666
1463 5.366666666666666
1464 5.366666666666666
1465 5.366666666666666
1466 5.366666666666666
1467 5.366666666666666
1468 5.366666666666666
1469 5.366666666666666
1470 5.366666666666666
1471 5.366666666666666
1472 5.366666666666666
1473 5.366666666666666
1474 5.366666666666666
1475 5.366666666666666
1476 5.366666666666666
1477 5.366666666666666
1478 5.366666666666666
1479 5.366666666666666
1480 5.366666666666666
1481 5.366666666666666
1482 5.366666666666666
1483 5.366666666666666
1484 5.366666666666666
1485 5.366666666666666
1486 5.366666666666666
1487 5.366666666666666
1488 5.366666666666666
1489 5.366666666666666
1490 5.366666666666666
1491 5.366666666666666
1492 5.366666666666666
1493 5.366666666666666
1494 5.366666666666666
1495 5.366666666666666
1496 5.366666666666666
1497 5.366666666666666
1498 5.366666666666666
1499 5.366666666666666
