0 0.5552568184488109
1 0.5665441431664133
2 0.6684393869154893
3 0.6731499145201258
4 0.6731499145201258
5 0.6909225792699192
6 0.6909225792699192
7 0.6909225792699192
8 0.6909225792699192
9 0.6909225792699192
10 0.6909225792699192
11 0.6909225792699192
12 0.8096640558067021
13 0.8096640558067021
14 0.8096640558067021
15 0.8096640558067021
16 0.8096640558067021
17 0.8096640558067021
18 0.8096640558067021
19 0.8811065355256364
20 0.8811065355256364
21 0.8811065355256364
22 0.8811065355256364
23 0.8811065355256364
24 0.8831012753362409
25 0.8831012753362409
26 0.8831012753362409
27 0.8887767784445312
28 0.8887767784445312
29 0.8887767784445312
30 0.8887767784445312
31 0.8887767784445312
32 0.8887767784445312
33 0.8887767784445312
34 0.8937159933205558
35 0.8937159933205558
36 0.8937193267023059
37 0.8937193267023059
38 0.8937193267023059
39 0.893723615211652
40 0.893723615211652
41 0.893723615211652
42 0.893723615211652
43 0.8937608989523352
44 0.8937758573733989
45 0.8937758573733989
46 0.8937758573733989
47 0.8937758573733989
48 0.8937758573733989
49 0.8937758573733989
50 0.8937758573733989
51 0.8937758573733989
52 0.8937758573733989
53 0.8937758573733989
54 0.8937758573733989
55 0.8937758573733989
56 0.8937758573733989
57 0.8937791587041175
58 0.8937791587041175
59 0.8937791587041175
60 0.8937791587041175
61 0.8937791587041175
62 0.8937791587041175
63 0.8937791587041175
64 0.8937791587041175
65 0.8937791587041175
66 0.8937791587041175
67 0.8937791587041175
68 0.8937791587041175
69 0.8937791587041175
70 0.8937791587041175
71 0.8937791587041175
72 0.8937791587041175
73 0.8937791587041175
74 0.8937791587041175
75 0.8937791587041175
76 0.8937791587041175
77 0.8937791587041175
78 0.8937791587041175
79 0.8937791587041175
80 0.8937791587041175
81 0.8937791587041175
82 0.8937791587041175
83 0.8937791587041175
84 0.8937791587041175
85 0.8937791587041175
86 0.8937791587041175
87 0.8937791587041175
88 0.8937815332896918
89 0.8937815332896918
90 0.8937815332896918
91 0.8937815332896918
92 0.8937815332896918
93 0.8937815332896918
94 0.8953384743635606
95 0.8953384743635606
96 0.8953570476546793
97 0.8953570476546793
98 0.9117657322732058
99 0.9117657322732058
100 0.9117657322732058
101 0.9117657322732058
102 0.9117657322732058
103 0.9117657322732058
104 0.9117657322732058
105 0.9117657322732058
106 0.9117657322732058
107 0.9117657322732058
108 0.9117657322732058
109 0.9117657322732058
110 0.9117657322732058
111 0.9117657322732058
112 0.9117657322732058
113 0.9117657322732058
114 0.9117657322732058
115 0.9117657322732058
116 0.9117657322732058
117 0.9117657322732058
118 0.9117657322732058
119 0.9126342901145665
120 0.9126342901145665
121 0.9126342901145665
122 0.9126342901145665
123 0.9126342901145665
124 0.9126342901145665
125 0.9126342901145665
126 0.9126342901145665
127 0.9126342901145665
128 0.9126342901145665
129 0.9126342901145665
130 0.9126856163259991
131 0.9126856163259991
132 0.9126856163259991
133 0.9129848578970294
134 0.9129848578970294
135 0.9129848578970294
136 0.9129848578970294
137 0.9129848578970294
138 0.9129848578970294
139 0.9129848578970294
140 0.9129848578970294
141 0.9129848578970294
142 0.9130580296674174
143 0.9130580296674174
144 0.9130580296674174
145 0.9130580296674174
146 0.9130580296674174
147 0.9130580296674174
148 0.9130580296674174
149 0.9130580296674174
150 0.9130580296674174
151 0.9130580296674174
152 0.9132011576521181
153 0.9132011576521181
154 0.9132989737545356
155 0.9132989737545356
156 0.9132989737545356
157 0.9132989737545356
158 0.9132989737545356
159 0.9132989737545356
160 0.9135818560092165
161 0.9135818560092165
162 0.9135818560092165
163 0.9135818560092165
164 0.9135818560092165
165 0.9135818560092165
166 0.9135818560092165
167 0.9135818560092165
168 0.9135818560092165
169 0.9135818560092165
170 0.9135818560092165
171 0.9135818560092165
172 0.9135818560092165
173 0.9135818560092165
174 0.9135818560092165
175 0.9135818560092165
176 0.9135818560092165
177 0.9135818560092165
178 0.9135818560092165
179 0.9135818560092165
180 0.9135818560092165
181 0.9135818560092165
182 0.9135818560092165
183 0.9135849439300202
184 0.9135849439300202
185 0.9135849439300202
186 0.9135849439300202
187 0.9135884035671574
188 0.9135884035671574
189 0.9135884035671574
190 0.9135884035671574
191 0.9135884035671574
192 0.9135884035671574
193 0.9135884035671574
194 0.9135884035671574
195 0.9135884035671574
196 0.9135884035671574
197 0.9135884035671574
198 0.9135884035671574
199 0.9135884035671574
200 0.9135884035671574
201 0.9135884035671574
202 0.9135884035671574
203 0.9135884035671574
204 0.9135884035671574
205 0.9135884035671574
206 0.9135884035671574
207 0.9135884035671574
208 0.9135884035671574
209 0.9135884035671574
210 0.9135884035671574
211 0.9135884035671574
212 0.9135884035671574
213 0.9135884035671574
214 0.9135884035671574
215 0.9135884035671574
216 0.91358896174356
217 0.91358896174356
218 0.91358896174356
219 0.91358896174356
220 0.91358896174356
221 0.91358896174356
222 0.91358896174356
223 0.91358896174356
224 0.91358896174356
225 0.91358896174356
226 0.91358896174356
227 0.91358896174356
228 0.91358896174356
229 0.91358896174356
230 0.913590022835992
231 0.913590022835992
232 0.913590022835992
233 0.913590022835992
234 0.913590022835992
235 0.913590022835992
236 0.913590022835992
237 0.913590022835992
238 0.913590022835992
239 0.913590022835992
240 0.913590541505987
241 0.913590541505987
242 0.913590541505987
243 0.913590541505987
244 0.913590541505987
245 0.913590541505987
246 0.913590541505987
247 0.913590541505987
248 0.913590541505987
249 0.913590541505987
250 0.913590541505987
251 0.913590541505987
252 0.913590541505987
253 0.913590541505987
254 0.913590541505987
255 0.913590541505987
256 0.913590541505987
257 0.913590541505987
258 0.9135908963795573
259 0.9135908963795573
260 0.9135908963795573
261 0.9135908963795573
262 0.9135908963795573
263 0.9135908963795573
264 0.9135908963795573
265 0.9135908963795573
266 0.9135908963795573
267 0.9135908963795573
268 0.9135908963795573
269 0.9135908963795573
270 0.9135908963795573
271 0.9135908963795573
272 0.9135908963795573
273 0.9135908963795573
274 0.9135908963795573
275 0.9135914916209962
276 0.9135914916209962
277 0.9135914916209962
278 0.9135914916209962
279 0.9135914916209962
280 0.9135914916209962
281 0.9135914916209962
282 0.9135914916209962
283 0.9135914916209962
284 0.9135914916209962
285 0.9135914916209962
286 0.9135914916209962
287 0.9135916111625254
288 0.9135916111625254
289 0.9135916111625254
290 0.9135916111625254
291 0.9135916111625254
292 0.9135916111625254
293 0.9135916111625254
294 0.9135916111625254
295 0.9135916111625254
296 0.9135916111625254
297 0.9135916111625254
298 0.9135916111625254
299 0.9135916111625254
300 0.9135916111625254
301 0.9135916111625254
302 0.9135916111625254
303 0.9135916111625254
304 0.9135916111625254
305 0.9140227279539769
306 0.9140227279539769
307 0.9140227279539769
308 0.9140227279539769
309 0.9140227279539769
310 0.9140227279539769
311 0.9140227279539769
312 0.9140227279539769
313 0.9140227279539769
314 0.9140227279539769
315 0.9140227279539769
316 0.9140227279539769
317 0.9140227279539769
318 0.9140227279539769
319 0.9141715836627337
320 0.9141715836627337
321 0.9141715836627337
322 0.9141715836627337
323 0.9141715836627337
324 0.9141715836627337
325 0.9166391192841826
326 0.9166391192841826
327 0.9166391192841826
328 0.9166391192841826
329 0.9166391192841826
330 0.9166391192841826
331 0.9166391192841826
332 0.9166391192841826
333 0.9166391192841826
334 0.9166391192841826
335 0.9166391192841826
336 0.9166391192841826
337 0.9166391192841826
338 0.9166391192841826
339 0.9166391192841826
340 0.9166391192841826
341 0.9166391192841826
342 0.9166391192841826
343 0.9166391192841826
344 0.9166391192841826
345 0.9166391192841826
346 0.9166391192841826
347 0.9166391192841826
348 0.9166391192841826
349 0.9166391192841826
350 0.9166391192841826
351 0.9166391192841826
352 0.9166391192841826
353 0.9166391192841826
354 0.9166391192841826
355 0.9166391192841826
356 0.9166391192841826
357 0.9166391192841826
358 0.9166391192841826
359 0.9166391192841826
360 0.9166391192841826
361 0.9166391192841826
362 0.9166391192841826
363 0.9166391192841826
364 0.9166391192841826
365 0.9166391192841826
366 0.9166391192841826
367 0.9166391192841826
368 0.9166391192841826
369 0.9166391192841826
370 0.9166391192841826
371 0.9166391192841826
372 0.9166391192841826
373 0.9166391192841826
374 0.9166391192841826
375 0.9166391192841826
376 0.9166391192841826
377 0.9166391192841826
378 0.9166391192841826
379 0.9166391192841826
380 0.9166391192841826
381 0.9166391192841826
382 0.9166391192841826
383 0.9166391192841826
384 0.9166391192841826
385 0.9166391192841826
386 0.9166391192841826
387 0.9166391192841826
388 0.9166391192841826
389 0.9166391192841826
390 0.9166391192841826
391 0.9166391192841826
392 0.9166391192841826
393 0.9166391192841826
394 0.9166391192841826
395 0.9166391192841826
396 0.9166391192841826
397 0.9166391192841826
398 0.9166391192841826
399 0.9166391192841826
400 0.9166391192841826
401 0.9166391192841826
402 0.9166391192841826
403 0.9166391192841826
404 0.9166391192841826
405 0.9166391192841826
406 0.9166391192841826
407 0.9166391192841826
408 0.9166391192841826
409 0.9166391192841826
410 0.9166391192841826
411 0.9166391192841826
412 0.9166391192841826
413 0.9166391192841826
414 0.9166391192841826
415 0.9166391192841826
416 0.9166391192841826
417 0.9166391192841826
418 0.9166391192841826
419 0.9166391192841826
420 0.9166391192841826
421 0.9166391192841826
422 0.9166391192841826
423 0.9166391192841826
424 0.9166391192841826
425 0.9166391192841826
426 0.9166391192841826
427 0.9166391192841826
428 0.9166391192841826
429 0.9166391192841826
430 0.9166391192841826
431 0.9166391192841826
432 0.9166391192841826
433 0.9166391192841826
434 0.9166391192841826
435 0.9166391192841826
436 0.9166391192841826
437 0.9166391192841826
438 0.9166391192841826
439 0.9166391192841826
440 0.9166391192841826
441 0.9166391192841826
442 0.9166391192841826
443 0.9166391192841826
444 0.9166391192841826
445 0.9166391192841826
446 0.9166391192841826
447 0.9166391192841826
448 0.9166391192841826
449 0.9166391192841826
450 0.9166391192841826
451 0.9166391192841826
452 0.9166391192841826
453 0.9166391192841826
454 0.9166391192841826
455 0.9166391192841826
456 0.9166391192841826
457 0.9166391192841826
458 0.9166391192841826
459 0.9166391192841826
460 0.9166391192841826
461 0.9166391192841826
462 0.9166391192841826
463 0.9166391192841826
464 0.9166391192841826
465 0.9166391192841826
466 0.9166391192841826
467 0.9166391192841826
468 0.9166391192841826
469 0.9166391192841826
470 0.9166391192841826
471 0.9166391192841826
472 0.9166391192841826
473 0.9166391192841826
474 0.9166391192841826
475 0.9166391192841826
476 0.9166391192841826
477 0.9166391192841826
478 0.9166391192841826
479 0.9166391192841826
480 0.9166391192841826
481 0.9166391192841826
482 0.9166391192841826
483 0.9166391192841826
484 0.9166391192841826
485 0.9166391192841826
486 0.9166391192841826
487 0.9166391192841826
488 0.9166391192841826
489 0.9166391192841826
490 0.9166391192841826
491 0.9166391192841826
492 0.9166391192841826
493 0.9166391192841826
494 0.9166391192841826
495 0.9166391192841826
496 0.9166391192841826
497 0.9166391192841826
498 0.9166391192841826
499 0.9166391192841826
500 0.9166391192841826
501 0.9166391192841826
502 0.9166391192841826
503 0.9166391192841826
504 0.9166391192841826
505 0.9166391192841826
506 0.9166391192841826
507 0.9166391192841826
508 0.9166391192841826
509 0.9166391192841826
510 0.9166391192841826
511 0.9166391192841826
512 0.9166391192841826
513 0.9166391192841826
514 0.9166391192841826
515 0.9166391192841826
516 0.9166391192841826
517 0.9166391192841826
518 0.9166391192841826
519 0.9166391192841826
520 0.9166391192841826
521 0.9166391192841826
522 0.9166391192841826
523 0.9166392342605361
524 0.9166392342605361
525 0.9166392342605361
526 0.9166392342605361
527 0.9166392342605361
528 0.9166392342605361
529 0.9166392342605361
530 0.9166392342605361
531 0.9166392342605361
532 0.9166864908068657
533 0.9166864908068657
534 0.9166864908068657
535 0.9166864908068657
536 0.9166864908068657
537 0.9166864908068657
538 0.9166864908068657
539 0.9166864908068657
540 0.9166864908068657
541 0.9166864908068657
542 0.9166864908068657
543 0.9166864908068657
544 0.9166864908068657
545 0.9166864908068657
546 0.9166864908068657
547 0.9166864908068657
548 0.9166864908068657
549 0.9166864908068657
550 0.9166864908068657
551 0.9166864908068657
552 0.9166864908068657
553 0.9166864908068657
554 0.9166864908068657
555 0.9166864908068657
556 0.9166864908068657
557 0.9166864908068657
558 0.9166864908068657
559 0.9166864908068657
560 0.9166864908068657
561 0.9166864908068657
562 0.9166864908068657
563 0.9166864908068657
564 0.9166864908068657
565 0.9166864908068657
566 0.9166864908068657
567 0.9166864908068657
568 0.9166864908068657
569 0.9166864908068657
570 0.9166864908068657
571 0.9166864908068657
572 0.9166864908068657
573 0.9166864908068657
574 0.9166864908068657
575 0.9166864908068657
576 0.9166864908068657
577 0.9166864908068657
578 0.9166864908068657
579 0.9166864908068657
580 0.9166864908068657
581 0.9166864908068657
582 0.9166864908068657
583 0.9166864908068657
584 0.9166864908068657
585 0.9166864908068657
586 0.9166864908068657
587 0.9166864908068657
588 0.9166864908068657
589 0.9166864908068657
590 0.9166864908068657
591 0.9166864908068657
592 0.9166864908068657
593 0.9166864908068657
594 0.9166864908068657
595 0.9166864908068657
596 0.9166864908068657
597 0.9166864908068657
598 0.9166864908068657
599 0.9166864908068657
600 0.9166864908068657
601 0.9166864908068657
602 0.9166864908068657
603 0.9166864908068657
604 0.9166864908068657
605 0.9166864908068657
606 0.9166864908068657
607 0.9166864908068657
608 0.9166864908068657
609 0.9166867720488231
610 0.9166867720488231
611 0.9166867720488231
612 0.9166867720488231
613 0.9166867720488231
614 0.9166867720488231
615 0.9166867720488231
616 0.9166867720488231
617 0.9166867720488231
618 0.9166867720488231
619 0.9166867720488231
620 0.9166867720488231
621 0.9166867720488231
622 0.9166867720488231
623 0.9166867832950543
624 0.9166867832950543
625 0.9166867832950543
626 0.9166867832950543
627 0.9166867832950543
628 0.9166867832950543
629 0.9166867832950543
630 0.9166867832950543
631 0.9166867832950543
632 0.9166867832950543
633 0.9166867832950543
634 0.9166867832950543
635 0.9166867832950543
636 0.9166867832950543
637 0.9166867832950543
638 0.9166867832950543
639 0.9166867832950543
640 0.9166867832950543
641 0.9166867832950543
642 0.9166867832950543
643 0.9166867832950543
644 0.9166867832950543
645 0.9166867832950543
646 0.9166867832950543
647 0.9166867832950543
648 0.9166867832950543
649 0.9166867832950543
650 0.9166867832950543
651 0.9166867832950543
652 0.9166867832950543
653 0.9166867832950543
654 0.9168141332533276
655 0.9168141332533276
656 0.9168141332533276
657 0.9168141332533276
658 0.9168141332533276
659 0.9168141332533276
660 0.9168141332533276
661 0.9168141332533276
662 0.9168141332533276
663 0.9168141332533276
664 0.9168141332533276
665 0.9168141332533276
666 0.9168141332533276
667 0.9168141332533276
668 0.9168141332533276
669 0.9168141332533276
670 0.9168141332533276
671 0.9168141332533276
672 0.9168141332533276
673 0.9168141332533276
674 0.9168141332533276
675 0.9168141332533276
676 0.9168141332533276
677 0.9168141332533276
678 0.9168141332533276
679 0.9168141332533276
680 0.9168141332533276
681 0.9168141332533276
682 0.9168141332533276
683 0.9168141332533276
684 0.9168141332533276
685 0.9168141332533276
686 0.916815649650753
687 0.916815649650753
688 0.916815649650753
689 0.916815649650753
690 0.916815649650753
691 0.916815649650753
692 0.916815649650753
693 0.916815649650753
694 0.916815649650753
695 0.916815649650753
696 0.916815649650753
697 0.916815649650753
698 0.916815649650753
699 0.916815649650753
700 0.916815649650753
701 0.916815649650753
702 0.916815649650753
703 0.916815649650753
704 0.916815649650753
705 0.916815649650753
706 0.916815649650753
707 0.916815649650753
708 0.916815649650753
709 0.916815649650753
710 0.916815649650753
711 0.916815649650753
712 0.916815649650753
713 0.916815649650753
714 0.916815649650753
715 0.916815649650753
716 0.916815649650753
717 0.9168340743346056
718 0.9168340743346056
719 0.9168340743346056
720 0.9168340743346056
721 0.9168340743346056
722 0.9168340743346056
723 0.9168340743346056
724 0.9168340743346056
725 0.9168340743346056
726 0.9168340743346056
727 0.9168340743346056
728 0.9168340743346056
729 0.9168340743346056
730 0.9168340743346056
731 0.9168340743346056
732 0.9168340743346056
733 0.9168340743346056
734 0.9168340743346056
735 0.9168340743346056
736 0.9168340743346056
737 0.9168340743346056
738 0.9168340743346056
739 0.9168340743346056
740 0.9168340743346056
741 0.9168340743346056
742 0.9168340743346056
743 0.9168340743346056
744 0.9168340743346056
745 0.9168340743346056
746 0.9168340743346056
747 0.9170385705523908
748 0.9170385705523908
749 0.9170385705523908
750 0.9170385705523908
751 0.9170385705523908
752 0.9170385705523908
753 0.9170385705523908
754 0.9170385705523908
755 0.9170385705523908
756 0.9170385705523908
757 0.9170385705523908
758 0.9170385705523908
759 0.9170385705523908
760 0.9170385705523908
761 0.9170385705523908
762 0.9170385705523908
763 0.9170385705523908
764 0.9170385705523908
765 0.9171873038891826
766 0.9171873038891826
767 0.9171882335781724
768 0.9171882335781724
769 0.9171882743815907
770 0.9171882743815907
771 0.9171882743815907
772 0.9171882743815907
773 0.9171882743815907
774 0.9171882743815907
775 0.9171882743815907
776 0.9171882743815907
777 0.9171882743815907
778 0.9171882743815907
779 0.9171882743815907
780 0.9171882743815907
781 0.9171882743815907
782 0.9171882749760457
783 0.9171882749760457
784 0.917188274983369
785 0.917188274983369
786 0.917188274983369
787 0.9172274619506665
788 0.9172274619506665
789 0.9172274619506665
790 0.9172274619506665
791 0.9172274619506665
792 0.9172274619506665
793 0.9172274619506665
794 0.9172274619506665
795 0.9172274619506665
796 0.9172274619506665
797 0.9172274619506665
798 0.9172274619506665
799 0.9172274619506665
800 0.9172274619506665
801 0.9172274619506665
802 0.9172274619506665
803 0.9179701643654962
804 0.9179701643654962
805 0.9179701643654962
806 0.9179701643654962
807 0.9179701643654962
808 0.9179701643654962
809 0.9179701643654962
810 0.9179701643654962
811 0.9179701643654962
812 0.9179701643654962
813 0.9179701643654962
814 0.9179701643654962
815 0.9179701643654962
816 0.9179701643654962
817 0.9179701643654962
818 0.9179701643654962
819 0.9179701643654962
820 0.9179701643654962
821 0.9179701643654962
822 0.9179701643654962
823 0.9179701643654962
824 0.9204078208531425
825 0.9204078208531425
826 0.9204078208531425
827 0.9204078208531425
828 0.9204078208531425
829 0.9204078208531425
830 0.9204078208531425
831 0.9204078208531425
832 0.9204078208531425
833 0.9204078208531425
834 0.9204078208531425
835 0.9204078208531425
836 0.9204078208531425
837 0.9204078208531425
838 0.9204078208531425
839 0.9204078208531425
840 0.9204078208531425
841 0.9204078208531425
842 0.9204078208531425
843 0.9204078208531425
844 0.9204078208531425
845 0.9204078208531425
846 0.9204078208531425
847 0.9204078208531425
848 0.9204078208531425
849 0.9204078208531425
850 0.9204078208531425
851 0.9204104737708596
852 0.9204104737708596
853 0.9204104737708596
854 0.9204104737708596
855 0.9204104737708596
856 0.9204104737708596
857 0.9204104737708596
858 0.9204104737708596
859 0.9204104737708596
860 0.9204104737708596
861 0.9204104737708596
862 0.9204104737708596
863 0.9204104737708596
864 0.9204104737708596
865 0.9204104737708596
866 0.9204104737708596
867 0.9204104737708596
868 0.9204104737708596
869 0.9204104737708596
870 0.9204104737708596
871 0.9204104737708596
872 0.9204104737708596
873 0.9204104737708596
874 0.9210960608735147
875 0.9210960608735147
876 0.9210960608735147
877 0.9210960608735147
878 0.9210960608735147
879 0.9210960608735147
880 0.9210960608735147
881 0.9210960608735147
882 0.9210960608735147
883 0.9210960608735147
884 0.9210960608735147
885 0.9211387379361939
886 0.9211387379361939
887 0.9211387379361939
888 0.9211387379361939
889 0.9211387379361939
890 0.9211387379361939
891 0.9211387379361939
892 0.9211387379361939
893 0.9211388949429344
894 0.9211388949429344
895 0.9211388949429344
896 0.9211388949429344
897 0.9211388949429344
898 0.9211388949890058
899 0.9211388949890058
900 0.9211388949890058
901 0.9225839755956209
902 0.9225839755956209
903 0.9225839755956209
904 0.9225839755956209
905 0.9225978735165266
906 0.9225978735165266
907 0.9225978735165266
908 0.9225978735165266
909 0.9225978735165266
910 0.9225978735165266
911 0.9225978735165266
912 0.9225978735165266
913 0.9225978735165266
914 0.9225978735165266
915 0.9225978735165266
916 0.9225978735165266
917 0.9225978735165266
918 0.9225978735165266
919 0.9226070357172157
920 0.9226070357172157
921 0.9226070357172157
922 0.9226070357172157
923 0.9226070357172157
924 0.9226070357172157
925 0.9226070357172157
926 0.9226070357172157
927 0.9226070357172157
928 0.9226070357172157
929 0.9226070357172157
930 0.9226070357172157
931 0.9226070357172157
932 0.9226070357172157
933 0.9226070357172157
934 0.9226070357172157
935 0.9226070357172157
936 0.9226070357172157
937 0.9226070357172157
938 0.9226070357172157
939 0.9226070357172157
940 0.9226070357172157
941 0.9226070357172157
942 0.9226070357172157
943 0.9226070357172157
944 0.9226070357172157
945 0.9226070357172157
946 0.9226070357172157
947 0.9226070357172157
948 0.9226070357172157
949 0.9226070357172157
950 0.9226070357172157
951 0.9226070357172157
952 0.9226070357172157
953 0.9226070357172157
954 0.9226070357172157
955 0.9226070357172157
956 0.9226070357172157
957 0.9226070357172157
958 0.9226070357172157
959 0.9226070357172157
960 0.9226070357172157
961 0.9226070357172157
962 0.9226070357172157
963 0.9226070357172157
964 0.9226070357172157
965 0.9226070357172157
966 0.9226070357172157
967 0.9226070357172157
968 0.9226070357172157
969 0.9226076156974609
970 0.9226076156974609
971 0.9226076156974609
972 0.9226076156974609
973 0.9226076156974609
974 0.9226076156974609
975 0.9226076156974609
976 0.9226076156974609
977 0.9226076156974609
978 0.9226076156974609
979 0.9226076156974609
980 0.9226076156974609
981 0.9226076156974609
982 0.9226076156974609
983 0.9226076156974609
984 0.9226076156974609
985 0.9226076156974609
986 0.9226076156974609
987 0.9226076156974609
988 0.9226076156974609
989 0.9226076156974609
990 0.9226076156974609
991 0.9226076156974609
992 0.9226076156974609
993 0.9226076156974609
994 0.9226076156974609
995 0.9226076156974609
996 0.9226076156974609
997 0.9226076156974609
998 0.9226076156974609
999 0.9226076156974609
1000 0.9226076156974609
1001 0.9226076156974609
1002 0.9226078829346198
1003 0.9226078829346198
1004 0.9226078829346198
1005 0.9226078829346198
1006 0.9226078829346198
1007 0.9226078829346198
1008 0.9226078829346198
1009 0.9226078829346198
1010 0.9226078829346198
1011 0.9226078829346198
1012 0.9226078829346198
1013 0.9226078829346198
1014 0.9226078829346198
1015 0.9226078829346198
1016 0.9226078829346198
1017 0.9226078829346198
1018 0.9226078829346198
1019 0.9226078829346198
1020 0.9226078829346198
1021 0.9226078829346198
1022 0.9226078829346198
1023 0.9226078829346198
1024 0.9226078829346198
1025 0.9226078829346198
1026 0.9226078829346198
1027 0.9226078829346198
1028 0.9226081439800691
1029 0.9226081439800691
1030 0.9226081439800691
1031 0.9226081439800691
1032 0.9226081439800691
1033 0.9226081439800691
1034 0.9226081439800691
1035 0.9226081439800691
1036 0.9226081439800691
1037 0.9226081439800691
1038 0.9226081439800691
1039 0.9226081439800691
1040 0.9226081439800691
1041 0.9226081439800691
1042 0.9226081439800691
1043 0.9226081439800691
1044 0.9226081439800691
1045 0.9226081439800691
1046 0.9226081439800691
1047 0.9226081439800691
1048 0.9226081439800691
1049 0.9226081439800691
1050 0.9226081439800691
1051 0.9226081439800691
1052 0.9226081439800691
1053 0.9226081439800691
1054 0.9226081439800691
1055 0.9226081439800691
1056 0.9226081439800691
1057 0.9226081439800691
1058 0.9226081439800691
1059 0.9226081439800691
1060 0.9226081439800691
1061 0.9226081439800691
1062 0.9226081439800691
1063 0.9226081439800691
1064 0.9226081439800691
1065 0.9226081439800691
1066 0.9226081439800691
1067 0.9226081439800691
1068 0.9226081439800691
1069 0.9226081439800691
1070 0.9226081439800691
1071 0.9226081439800691
1072 0.9226081439800691
1073 0.9226081439800691
1074 0.9226081439800691
1075 0.9226081439800691
1076 0.9226081439800691
1077 0.9226081439800691
1078 0.9226081439800691
1079 0.9226081439800691
1080 0.9226081439800691
1081 0.9226081439800691
1082 0.9226081439800691
1083 0.9226081439800691
1084 0.9226081439800691
1085 0.9226081439800691
1086 0.9226081439800691
1087 0.9226081439800691
1088 0.9226081439800691
1089 0.9226081439800691
1090 0.9226081439800691
1091 0.9226081439800691
1092 0.9226081439800691
1093 0.9226081439800691
1094 0.9226081439800691
1095 0.9226081439800691
1096 0.9226081439800691
1097 0.9226081439800691
1098 0.9226081439800691
1099 0.9226081439800691
1100 0.9226081439800691
1101 0.9226081439800691
1102 0.9226081439800691
1103 0.9226081439800691
1104 0.9226081439800691
1105 0.9226081439800691
1106 0.9226081439800691
1107 0.9226081439800691
1108 0.9226081439800691
1109 0.9226081439800691
1110 0.9226081439800691
1111 0.9226081439800691
1112 0.9226081439800691
1113 0.9226081439800691
1114 0.9226081439800691
1115 0.9226081439800691
1116 0.9226081439800691
1117 0.9226081439800691
1118 0.9226081439800691
1119 0.9226081439800691
1120 0.9226081439800691
1121 0.9226081439800691
1122 0.9226081439800691
1123 0.9226081439800691
1124 0.9226081439800691
1125 0.9226081439800691
1126 0.9226081439800691
1127 0.9226081439800691
1128 0.9226081439800691
1129 0.9226081439800691
1130 0.9226081439800691
1131 0.9226081439800691
1132 0.9226081439800691
1133 0.9226081439800691
1134 0.9226081439800691
1135 0.9226081439800691
1136 0.9226081439800691
1137 0.9226081439800691
1138 0.9226081439800691
1139 0.9226081439800691
1140 0.9226081439800691
1141 0.9226081439800691
1142 0.9226081439800691
1143 0.9226081439800691
1144 0.9226081439800691
1145 0.9226081439800691
1146 0.9226081439800691
1147 0.9226081439800691
1148 0.9226081439800691
1149 0.9226081439800691
1150 0.9226081439800691
1151 0.9226081439800691
1152 0.9226081439800691
1153 0.9226081439800691
1154 0.9226081439800691
1155 0.9226081439800691
1156 0.9226081439800691
1157 0.9226081439800691
1158 0.9226081439800691
1159 0.9226081439800691
1160 0.9226081439800691
1161 0.9226081439800691
1162 0.9226081439800691
1163 0.9226081439800691
1164 0.9226081439800691
1165 0.9226081439800691
1166 0.9226785442635543
1167 0.9226785442635543
1168 0.9226785442635543
1169 0.9226785442635543
1170 0.9226785442635543
1171 0.9226785442635543
1172 0.9226785442635543
1173 0.9226785442635543
1174 0.9226785442635543
1175 0.9226785442635543
1176 0.9226785442635543
1177 0.9226785442635543
1178 0.9226785442635543
1179 0.9226785442635543
1180 0.9226785442635543
1181 0.9226785442635543
1182 0.9226785877096891
1183 0.9226785877096891
1184 0.9226785877096891
1185 0.9226790274534457
1186 0.9226790274534457
1187 0.9226790274534457
1188 0.9226790274534457
1189 0.9226790274534457
1190 0.9226790274534457
1191 0.9226790274534457
1192 0.9226790274534457
1193 0.9226790274534457
1194 0.9226790274534457
1195 0.9226790274570507
1196 0.9226790274570507
1197 0.9226790274570507
1198 0.9226790274570507
1199 0.9226790274570507
1200 0.9226790274570507
1201 0.9226790274570507
1202 0.9226790274570507
1203 0.9226790274570507
1204 0.9226790274570507
1205 0.9226790274570507
1206 0.9226790274570507
1207 0.9226790274570507
1208 0.9226790274570507
1209 0.9226790274570507
1210 0.922679027533405
1211 0.922679027533405
1212 0.922679027533405
1213 0.922679027533405
1214 0.922679027533405
1215 0.922679027533405
1216 0.922679027533405
1217 0.922679027533405
1218 0.922679027533405
1219 0.922679027533405
1220 0.922679027533405
1221 0.922679027533405
1222 0.922679027533405
1223 0.922679027533405
1224 0.922679027533405
1225 0.922679027533405
1226 0.922679027533405
1227 0.922679027533405
1228 0.922679027533405
1229 0.9226790277161633
1230 0.9226790277161633
1231 0.9226790277161633
1232 0.9226790277161633
1233 0.9226790277161633
1234 0.9226790277161633
1235 0.9226790277161633
1236 0.9226790277161633
1237 0.9226790277161633
1238 0.9226790277161633
1239 0.9226790277161633
1240 0.9226790277161633
1241 0.9226790277161633
1242 0.9226790277161633
1243 0.9226790277161633
1244 0.9226790277161633
1245 0.9226790277161633
1246 0.9226790277161633
1247 0.9226790277161633
1248 0.9226790277161633
1249 0.9226790277161633
1250 0.9226790277161633
1251 0.9226790277161633
1252 0.9226790277161633
1253 0.9226790277161633
1254 0.9226790277161633
1255 0.9226790277161633
1256 0.9226790277161633
1257 0.9226790277161633
1258 0.9226790277161633
1259 0.9226790277161633
1260 0.9226790277161633
1261 0.9226790277161633
1262 0.9226790277161633
1263 0.9226790277161633
1264 0.9226790277161633
1265 0.9226790277161633
1266 0.9226790277161633
1267 0.9226790277161633
1268 0.9226790277796789
1269 0.9226790277796789
1270 0.9226790277796789
1271 0.9226790277796789
1272 0.9226790277796789
1273 0.9226790298839179
1274 0.9226790298839179
1275 0.9227279412815522
1276 0.9227279412815522
1277 0.9227279412815522
1278 0.9227279412815522
1279 0.9227279412815522
1280 0.9227279412815522
1281 0.9227279412815522
1282 0.9227279412815522
1283 0.9227279412815522
1284 0.9227279412815522
1285 0.9227279412815522
1286 0.9227279412815522
1287 0.9227279412815522
1288 0.9227279412815522
1289 0.9227279412815522
1290 0.9227279412815522
1291 0.9227279412815522
1292 0.9227279412815522
1293 0.9227279412815522
1294 0.9227279412815522
1295 0.9227279412815522
1296 0.9227279412815522
1297 0.9227279412815522
1298 0.9227279412815522
1299 0.9227279412815522
1300 0.9227279412815522
1301 0.9227279412815522
1302 0.9227279412815522
1303 0.9227279412815522
1304 0.9227279412815522
1305 0.9227279412815522
1306 0.9227279412815522
1307 0.9227279412815522
1308 0.9227279412815522
1309 0.9227279412815522
1310 0.9227279412815522
1311 0.9227279412815522
1312 0.9227279412815522
1313 0.9227279412815522
1314 0.9227279412815522
1315 0.9227279412815522
1316 0.9227279412815522
1317 0.9227279412815522
1318 0.9227279412815522
1319 0.9227279412815522
1320 0.9227279412815522
1321 0.9227279412815522
1322 0.9227279412815522
1323 0.9227279412815522
1324 0.9227279412815522
1325 0.9227279412815522
1326 0.9227279412815522
1327 0.9227279412815522
1328 0.9227279412815522
1329 0.9227279412815522
1330 0.9227279412815522
1331 0.9227279412815522
1332 0.9227279412815522
1333 0.9227279412815522
1334 0.9227279412815522
1335 0.9227279412818019
1336 0.9227279412818019
1337 0.9227279412818019
1338 0.9227279412818019
1339 0.9227279412818019
1340 0.9227279412818019
1341 0.9227279412818019
1342 0.9227279412818019
1343 0.9227279412818019
1344 0.9227279412818019
1345 0.9227279412818019
1346 0.9227279412818019
1347 0.9227279545300249
1348 0.9227279545300249
1349 0.9227279545300249
1350 0.9227279545300249
1351 0.9227279545300249
1352 0.9227279545300249
1353 0.9227279545300249
1354 0.9227279545300249
1355 0.9227279545300249
1356 0.9227279545300249
1357 0.9227279545300249
1358 0.9227279545300249
1359 0.9227279545300249
1360 0.9227279545300249
1361 0.9227279545300249
1362 0.9227279545300249
1363 0.9227279545300249
1364 0.9227279545300249
1365 0.9227279545300249
1366 0.9227279545300249
1367 0.9227279545300249
1368 0.9227279545300249
1369 0.9227279595083911
1370 0.9227279595083911
1371 0.9227279595083911
1372 0.9227279595083911
1373 0.9227279595083911
1374 0.9227279595083911
1375 0.9227279595083911
1376 0.9227279595083911
1377 0.9227279612157299
1378 0.9227279612157299
1379 0.9227279612157299
1380 0.9227279612157299
1381 0.9227279612157299
1382 0.9227279612157299
1383 0.9227279612157299
1384 0.9227279612157299
1385 0.9227279612157299
1386 0.9227279612157299
1387 0.9227279612157299
1388 0.9227279612157299
1389 0.9227279612157299
1390 0.9227279612157299
1391 0.9227279612157299
1392 0.9227279612157299
1393 0.9227279612157299
1394 0.9227279612157299
1395 0.9227279612157299
1396 0.9227279612157299
1397 0.9227279612157299
1398 0.9227279612157299
1399 0.9227279612157299
1400 0.9227279612157299
1401 0.9227279612157299
1402 0.9227279612157299
1403 0.9227279612157299
1404 0.9227279612157299
1405 0.9227279612157299
1406 0.9227279612157299
1407 0.9227279612157299
1408 0.9227279612157299
1409 0.9227279612157299
1410 0.9227279612157299
1411 0.9227279612157299
1412 0.9227279612157299
1413 0.9227279612157299
1414 0.9227279612157299
1415 0.9227279612157299
1416 0.9227279612157299
1417 0.9227279612157299
1418 0.9227279612157299
1419 0.9227279612157299
1420 0.9227279612157299
1421 0.9227279612157299
1422 0.9227279612157299
1423 0.9227279612157299
1424 0.9227279612157299
1425 0.9227279612157299
1426 0.9227279612157299
1427 0.9227279612157299
1428 0.9227279612157299
1429 0.9227279612157299
1430 0.9227279612157299
1431 0.9227279612157299
1432 0.9227279612157299
1433 0.9227279612157299
1434 0.9227279612157299
1435 0.9227279612157299
1436 0.9227279612157299
1437 0.9227279612157299
1438 0.9227279612157299
1439 0.9227279612157299
1440 0.9227279612157299
1441 0.9227279612157299
1442 0.9227279612157299
1443 0.9227279612157299
1444 0.9227279612157299
1445 0.9227279612157299
1446 0.9227279612157299
1447 0.9227279612157299
1448 0.9227279612157299
1449 0.9227279612157299
1450 0.9227279612157299
1451 0.9227279612157299
1452 0.9227279612157299
1453 0.9227279612157299
1454 0.9227279612157299
1455 0.9227279612157299
1456 0.9227279612157299
1457 0.9227279612157299
1458 0.9227279612157299
1459 0.9227279612157299
1460 0.9227279612157299
1461 0.9227279612157299
1462 0.9227279612157299
1463 0.9227279612157299
1464 0.9227279612157299
1465 0.9227279612157299
1466 0.9227279612157299
1467 0.9227279612157299
1468 0.9227279612157299
1469 0.9227279612157299
1470 0.9227279633892894
1471 0.9227279633892894
1472 0.9227279633892894
1473 0.9227279633892894
1474 0.9227279633892894
1475 0.9227279633892894
1476 0.9227279633892894
1477 0.9227279633892894
1478 0.9227279633892894
1479 0.9227279633892894
1480 0.9227279633892894
1481 0.9227279633892894
1482 0.9227279633892894
1483 0.9227279633892894
1484 0.9227279633892894
1485 0.9227279633892894
1486 0.9227279633892894
1487 0.9227279633892894
1488 0.9227279633892894
1489 0.9227279633892894
1490 0.9227279633892894
1491 0.9227279633892894
1492 0.9227279633892894
1493 0.9227279633892894
1494 0.9227279633892894
1495 0.9227279633892894
1496 0.9227279633892894
1497 0.9227279633892894
1498 0.9227279633892894
1499 0.9227279633892894
