0 0.16198457293399426
1 0.10965488144429765
2 0.10731843838024262
3 0.1070940582983285
4 0.10147739452611704
5 0.11091901174811661
6 0.11071174757538553
7 0.11673993627007558
8 0.12054456977127372
9 0.12326117041870137
10 0.118149402035459
11 0.11277006596236941
12 0.10624621240155092
13 0.10385717671101136
14 0.0901651943057021
15 0.08100782744319987
16 0.06627891325009501
17 0.05893774907646283
18 0.05294083358964782
19 0.046331862722010966
20 0.042259682401148996
21 0.03251004062599885
22 0.030103079869143068
23 0.027066040639388982
24 0.02545656642885981
25 0.022771275587865406
26 0.021914101803085454
27 0.02036792178518649
28 0.017616861870831512
29 0.014389083702630092
30 0.012113788716117627
31 0.00946026408696307
32 0.00796515012724558
33 0.007693678437736263
34 0.007632497358718693
35 0.007577235786274054
36 0.007485101369659085
37 0.007436649026510679
38 0.00725423565775148
39 0.007065022112497185
40 0.007060290554242891
41 0.0069588592240078535
42 0.006760686038215614
43 0.006670658900178335
44 0.006494782152795144
45 0.006358800184122162
46 0.006120858573492131
47 0.005861526602395774
48 0.005445872384556927
49 0.0051463209054398475
50 0.004920716686923824
51 0.004518339233147017
52 0.004358839467069842
53 0.004115381640140274
54 0.004024450260041983
55 0.003930647269285655
56 0.0039002759110970953
57 0.003801255900715746
58 0.0038007081481417713
59 0.0037739964993904864
60 0.003721874978598839
61 0.003689061242527331
62 0.0036434558548289904
63 0.0036381415051167164
64 0.0036485827696085193
65 0.0037112719397363156
66 0.0036921676202854494
67 0.003692165656296755
68 0.0036670573825038507
69 0.0036123099982437695
70 0.0036078827048543014
71 0.003661702663188948
72 0.0036485722996419598
73 0.0036458302318478153
74 0.0036287839205426985
75 0.0036464780581679642
76 0.00364308347689239
77 0.0036247379721720784
78 0.0036055899015911648
79 0.0035356304104498175
80 0.0034798895179085263
81 0.0034505570381704424
82 0.003411619882249865
83 0.0033824278023440795
84 0.0033801003379096573
85 0.0033231008579524134
86 0.003291595520698995
87 0.003257869639606665
88 0.0032140622266362724
89 0.0031749752080331766
90 0.0031548346852760148
91 0.0031262055653652884
92 0.0031262055653652884
93 0.003111161537876541
94 0.003078335578339266
95 0.0030623301770388105
96 0.0030206027097712963
97 0.003021079350738839
98 0.002951115781222244
99 0.002933539059584015
100 0.0028262417872993535
101 0.0028262417872993535
102 0.0028110162294966348
103 0.0027929431722026154
104 0.0027929431722026154
105 0.0027528845517461346
106 0.002668842976458441
107 0.002668842976458441
108 0.002645070944095457
109 0.0026558796830180114
110 0.0025924759108113056
111 0.0025924759108113056
112 0.0025924759108113056
113 0.0025924759108113056
114 0.0025924759108113056
115 0.0025924759108113056
116 0.002559646637560177
117 0.002559646637560177
118 0.0025448431452845745
119 0.0025195039666325724
120 0.0024938578749890117
121 0.0024938578749890117
122 0.0024704726765675234
123 0.002456565276269962
124 0.0024358584548998326
125 0.0024358584548998326
126 0.0024358584548998326
127 0.002408993555992686
128 0.0023977113631948608
129 0.0023726496212184275
130 0.0023587043135099746
131 0.002333775142479998
132 0.0023152521779304415
133 0.002289067713944295
134 0.0022294906528562233
135 0.0021517798843998996
136 0.0021235934472498583
137 0.002078742018058726
138 0.002007386208822962
139 0.001971841693264657
140 0.0019003168361943243
141 0.0018924979215038825
142 0.0018924979215038825
143 0.0018924979215038825
144 0.0018660099675207543
145 0.0018517692025398057
146 0.0018517692025398057
147 0.0018517692025398057
148 0.001852211977649183
149 0.001852211977649183
150 0.001852211977649183
151 0.0018249456868164207
152 0.0017851190534087622
153 0.0017583478521392545
154 0.0017299130363915035
155 0.0016938398368289266
156 0.0016676986069799088
157 0.0016676986069799088
158 0.0016399725689337937
159 0.001604104733134218
160 0.001564680281640687
161 0.001564680281640687
162 0.001564680281640687
163 0.001564680281640687
164 0.0015476590789918916
165 0.0015476590789918916
166 0.0015476590789918916
167 0.0015249718717008553
168 0.0015005689840519284
169 0.0015005689840519284
170 0.0015005689840519284
171 0.0014516742448522828
172 0.0014066514108694742
173 0.0014066514108694742
174 0.0013784979355080376
175 0.0013103413020905015
176 0.0013103413020905015
177 0.0012628311182579554
178 0.0012395173315005476
179 0.0012344922353885392
180 0.0012344922353885392
181 0.0012299650614915945
182 0.0012067942725645048
183 0.0011870795448634878
184 0.0011683293429267814
185 0.0011683293429267814
186 0.0011519452032989525
187 0.0011519452032989525
188 0.0011519452032989525
189 0.0010829675498686942
190 0.001065761298572787
191 0.001065761298572787
192 0.001065761298572787
193 0.001065761298572787
194 0.0010496807930760186
195 0.0010496807930760186
196 0.0010496807930760186
197 0.0010496807930760186
198 0.0010496807930760186
199 0.0010160347886402376
200 0.0010160347886402376
201 0.0009979184197268745
202 0.0009979184197268745
203 0.0009807373244102163
204 0.0009807373244102163
205 0.0009807373244102163
206 0.0009807373244102163
207 0.0009807373244102163
208 0.0009807373244102163
209 0.000966201268756687
210 0.000966201268756687
211 0.000966201268756687
212 0.000966201268756687
213 0.000966201268756687
214 0.000966201268756687
215 0.000966201268756687
216 0.000978024761819496
217 0.000978024761819496
218 0.000978024761819496
219 0.0009706549929909864
220 0.0009618913252244271
221 0.0009618913252244271
222 0.0009569665580766841
223 0.0009569665580766841
224 0.0009569665580766841
225 0.0009569665580766841
226 0.0009569665580766841
227 0.0009477049736450866
228 0.0009383590927476285
229 0.0009383590927476285
230 0.0009301934229059586
231 0.000920010089649361
232 0.000909634158427814
233 0.000909634158427814
234 0.0009188781181785947
235 0.0009035515828588947
236 0.0008964224953542771
237 0.0008964224953542771
238 0.0008964224953542771
239 0.0008964224953542771
240 0.0008964224953542771
241 0.0008964224953542771
242 0.0009606826586954061
243 0.0009534603540398645
244 0.0009483962135117835
245 0.0009483962135117835
246 0.0009483962135117835
247 0.0009483962135117835
248 0.0009483962135117835
249 0.0009656722317884839
250 0.0009592707154989123
251 0.0009592707154989123
252 0.0009577582387177039
253 0.0009575455509540298
254 0.0009675751046403771
255 0.0009585332941899284
256 0.0010225366881256288
257 0.0010225001317219712
258 0.0010225001317219712
259 0.0010204012199338188
260 0.0010204012199338188
261 0.0010204012199338188
262 0.0010204012199338188
263 0.0010204012199338188
264 0.0010171048117163992
265 0.0010171048117163992
266 0.0010112176405705357
267 0.001002282414321614
268 0.0009912560772389676
269 0.0009912560772389676
270 0.0009912560772389676
271 0.0009912560772389676
272 0.0009912560772389676
273 0.0009912560772389676
274 0.0009912560772389676
275 0.0009912560772389676
276 0.0009912560772389676
277 0.0009912560772389676
278 0.0009947964250623148
279 0.0009947964250623148
280 0.0009947964250623148
281 0.0009947964250623148
282 0.0010342202681501277
283 0.0010342202681501277
284 0.0010342202681501277
285 0.0010342202681501277
286 0.0010342202681501277
287 0.0010315167768420615
288 0.0010262239260654515
289 0.0010262239260598067
290 0.0010262239260598067
291 0.0010262239260598067
292 0.0010262239260598067
293 0.0010262239260598067
294 0.0010298958818980048
295 0.0010298958818980048
296 0.0010298958818980048
297 0.0010298958818980048
298 0.0010298958818980048
299 0.0010298958818980048
300 0.0010298958818980048
301 0.0010293401956048079
302 0.0010293401956048079
303 0.0010293401956048079
304 0.0010293401956048079
305 0.0010293401956048079
306 0.0010267208264091482
307 0.0010267208264091482
308 0.0010267208264091482
309 0.0010267208264091482
310 0.0010265975620560052
311 0.0010265975620560052
312 0.0010265975620560052
313 0.00101976642769239
314 0.00101976642769239
315 0.00101976642769239
316 0.00101976642769239
317 0.00101976642769239
318 0.0010128056241515185
319 0.0010128056241515185
320 0.0010128056241515185
321 0.0010128056241515185
322 0.0010128056241515185
323 0.0010128056241515185
324 0.001038800316911692
325 0.001038800316911692
326 0.0010451242569764635
327 0.0010451242569764635
328 0.0010377807136942036
329 0.001030320599320849
330 0.001030320599320849
331 0.001030320599320849
332 0.0010247225791963712
333 0.0010247225791963712
334 0.0010247225791963712
335 0.0010247225791963712
336 0.0010247225791963712
337 0.0010247225791963712
338 0.0010247225791963712
339 0.0010247225791963712
340 0.0010247225791963712
341 0.0010247225791963712
342 0.0010247225791963712
343 0.0010247225791963712
344 0.0010247225791963712
345 0.0010247225791963712
346 0.0010246132974970237
347 0.0010246132974970237
348 0.001018550254404927
349 0.0010157130319345378
350 0.0010157130319345378
351 0.0010157130319345378
352 0.0010157130319345378
353 0.0010157130319345378
354 0.0010157130319345378
355 0.0010157130319345378
356 0.0010157130319345378
357 0.001009594880225877
358 0.001009594880225877
359 0.0010036944098918315
360 0.0009984781332406931
361 0.0010037983671631688
362 0.0010037983671631688
363 0.0010037983671631688
364 0.0009979174458117047
365 0.0009918704472386347
366 0.0009918704472386347
367 0.000996182191358074
368 0.0009871420314186536
369 0.0009871420314186536
370 0.0009871420314186536
371 0.0009810844297018927
372 0.0009810844297018927
373 0.0009793999620935896
374 0.0009793999620935896
375 0.0009793999620935896
376 0.0009793999620935896
377 0.0009738140595122674
378 0.0009738140595122674
379 0.0009691487466726009
380 0.0009645725883383354
381 0.0009645725883383354
382 0.0009645725883383354
383 0.0009645725883383354
384 0.0009645725883383354
385 0.0009645725883383354
386 0.0009645725883383354
387 0.0009645725883383354
388 0.0009645725883383354
389 0.0009645725883383354
390 0.0009645725883383354
391 0.0009645725883383354
392 0.0009645725883383354
393 0.0009645725883383354
394 0.0009645725883383354
395 0.0009612537711581176
396 0.0009824861113904321
397 0.0009824861113904321
398 0.0009824861113904321
399 0.0009824861113904321
400 0.0009792773345423836
401 0.0009792773345423836
402 0.0009792773345423836
403 0.0009792773345423836
404 0.0009792773345423836
405 0.0009792773345423836
406 0.0009792773345423836
407 0.0009781326299991289
408 0.0009781326299991289
409 0.0009781326299991289
410 0.0009781326299991289
411 0.0009826093551998552
412 0.0009826093551998552
413 0.0009767855377544666
414 0.0009767855377544666
415 0.000969774743555573
416 0.000969774743555573
417 0.000969774743555573
418 0.000969774743555573
419 0.000969774743555573
420 0.0009672689332335943
421 0.0009672689332335943
422 0.0009672689332335943
423 0.0009672689332335943
424 0.0009672689332335943
425 0.0009672689332335943
426 0.0009672689332335943
427 0.0009672689332335943
428 0.0009672689332335943
429 0.0009672689332335943
430 0.0009672689332335943
431 0.0009672689332335943
432 0.0009619475675003809
433 0.0009601572270569295
434 0.0009601572270569295
435 0.0009601572270569295
436 0.0009586063920936805
437 0.0009586063920936805
438 0.0009573785159761452
439 0.0009573785159761452
440 0.0009573785159761452
441 0.0009663236215284299
442 0.0009663236215284299
443 0.0009620761589886069
444 0.0009620761589886069
445 0.0009620761589886069
446 0.0009620761589886069
447 0.0009620761589886069
448 0.0009620761589886069
449 0.0009620761589886069
450 0.0009620761589886069
451 0.0009620761589886069
452 0.0009620761589886069
453 0.0009582017098478399
454 0.0009636437316884575
455 0.0009636437316884575
456 0.0009636437316884575
457 0.0009636437316884575
458 0.000995428130515389
459 0.000995428130515389
460 0.000995428130515389
461 0.000995428130515389
462 0.000995428130515389
463 0.000995428130515389
464 0.0010096646817812918
465 0.0010060436053767122
466 0.0010060436053767122
467 0.0010050328827101887
468 0.0010244524131417664
469 0.0010244524131417664
470 0.0010244524131417664
471 0.0010244524131417664
472 0.0010244371358025296
473 0.0010244371358025296
474 0.0010384006592536255
475 0.0010384006592536255
476 0.0010384006592536255
477 0.0010361698491997608
478 0.0010367932970671765
479 0.0010367932970671765
480 0.0010367932970671765
481 0.0010367932970671765
482 0.0010367932970671765
483 0.0010367932970671765
484 0.001063542826050927
485 0.001059963358490415
486 0.0010541374050595498
487 0.0010541374050595498
488 0.0010541374050595498
489 0.0010541374050595498
490 0.0010541374050595498
491 0.0010541374050595498
492 0.0010541374050595498
493 0.0010541374050595498
494 0.0010541374050595498
495 0.0010541374050595498
496 0.0010541374050595498
497 0.0010541374049794813
498 0.0010541374049794813
499 0.0010541374049794813
500 0.0010484170692205068
501 0.0010549216999354218
502 0.0010549216999354218
503 0.0010549216999354218
504 0.0010549216999354218
505 0.0010549216999354218
506 0.0010549216999354218
507 0.0010536669644450505
508 0.0010536669644450505
509 0.0010536669644450505
510 0.0010476758606357578
511 0.0010413264455064277
512 0.001040242264109392
513 0.001040242264109392
514 0.001040242264109392
515 0.001040242264109392
516 0.001040242264109392
517 0.001040242264109392
518 0.0010340762087268315
519 0.0010340762087268315
520 0.0010340762087268315
521 0.001027246463722197
522 0.001027246463722197
523 0.001027246463722197
524 0.001027246463722197
525 0.001027246463722197
526 0.0010204926104668153
527 0.0010204926104668153
528 0.0010204926104668153
529 0.0010204926104668153
530 0.0010180596608157528
531 0.0010180596608157528
532 0.0010180596608157528
533 0.0010180596608157528
534 0.0010180596608157528
535 0.0010180596608157528
536 0.0010180596608157528
537 0.0010180596608157528
538 0.0010180596608157528
539 0.0010180596608157528
540 0.0010180596608157528
541 0.0010180596608157528
542 0.0010180596608157528
543 0.0010180596608157528
544 0.0010180596608157528
545 0.0010180596608157528
546 0.0010180568641976458
547 0.0010180568641976458
548 0.0010180568641976458
549 0.0010180568641976458
550 0.0010180568641976458
551 0.0010180568641976458
552 0.0010141159000254456
553 0.0010229985445810816
554 0.0010229985445810816
555 0.0010229985445810816
556 0.0010229985445810816
557 0.0010229985445810816
558 0.0010229985445810816
559 0.0010229985445810816
560 0.0010229985445810816
561 0.0010229985445810816
562 0.0010229985445810816
563 0.0010229985445810816
564 0.0010229985445810816
565 0.0010229985445810816
566 0.0010229985445810816
567 0.0010229985445810816
568 0.0010229985445810816
569 0.0010229985445810816
570 0.0010229985445810816
571 0.0010229985445810816
572 0.0010229985445810816
573 0.0010229985445810816
574 0.0010229985445810816
575 0.0010229985445810816
576 0.0010229985445810816
577 0.0010229985445810816
578 0.0010229985445810816
579 0.0010229985445810816
580 0.0010229985445810816
581 0.0010229985445810816
582 0.0010229985445810816
583 0.0010229985445810816
584 0.0010229985445810816
585 0.0010229985445810816
586 0.0010229985445810816
587 0.0010229985445810816
588 0.0010229985445810816
589 0.0010103235796901718
590 0.0010103235796901718
591 0.0010103235796901718
592 0.0010103235796901718
593 0.0010027591544820476
594 0.0009951266368934584
595 0.0009951266368934584
596 0.0009951266368934584
597 0.0009951266368934584
598 0.0009870127441092566
599 0.0009870127441092566
600 0.0009870127441092566
601 0.0009870127441092566
602 0.0009801304242257522
603 0.0009801304242257522
604 0.0009801304242257522
605 0.0009801304242257522
606 0.0009801304242257522
607 0.0009801304242257522
608 0.0009742176408149752
609 0.0009742176408149752
610 0.0009742176408149752
611 0.0009742176408149752
612 0.0009742176408149752
613 0.0009742176408149752
614 0.0009742176408149752
615 0.0009742176408149752
616 0.0009742176408149752
617 0.0009742176408149752
618 0.0009742176408149752
619 0.0009742176408149752
620 0.0009742176408149752
621 0.0009742176408149752
622 0.0009649870747911297
623 0.0009572486196466327
624 0.0009572486196466327
625 0.0009572486196466327
626 0.0009572486196466327
627 0.0009572486196466327
628 0.0009572486196466327
629 0.0009572486196466327
630 0.0009572486196466327
631 0.0009572486196466327
632 0.0009572486196466327
633 0.0009572486196466327
634 0.0009572486196466327
635 0.0009572486196466327
636 0.0009572486196466327
637 0.0009572486196466327
638 0.0009470936532382834
639 0.0009470936532382834
640 0.0009470936532382834
641 0.0009470936532382834
642 0.0009470936532382834
643 0.0009470936532382834
644 0.0009470936532382834
645 0.0009470936532382834
646 0.000936764059394336
647 0.000936764059394336
648 0.000936764059394336
649 0.000936764059394336
650 0.0009417167394260059
651 0.0009404852527872459
652 0.0009404852527872459
653 0.0009384089247280175
654 0.0009384089247280175
655 0.0009384089247280175
656 0.0009384089247280175
657 0.0009384089247280175
658 0.0009384089247280175
659 0.0009384089247280175
660 0.0009384089247280175
661 0.0009384089247280175
662 0.0009384089247280175
663 0.0009384089247280175
664 0.0009384089247280175
665 0.0009384089247280175
666 0.0009384089247280175
667 0.0009384089247280175
668 0.0009384089247280175
669 0.0009384089247280175
670 0.0009384089247280175
671 0.0009384089247280175
672 0.0009384089247280175
673 0.0009384089247280175
674 0.0009384089247280175
675 0.0009384089247280175
676 0.0009290540033001384
677 0.0009290540033001384
678 0.0009290540033001384
679 0.0009290540033001384
680 0.0009290540033001384
681 0.0009325883708697011
682 0.0009325883708697011
683 0.0009267039539275336
684 0.0009267039539275336
685 0.0009267039539275336
686 0.0009267039539275336
687 0.0009267039539275336
688 0.0009267039539275336
689 0.0009267039539275336
690 0.0009267039539275336
691 0.0009267039539275336
692 0.0009267039539275336
693 0.0009267039539275336
694 0.0009267039539275336
695 0.0009267039539275336
696 0.0009267039539275336
697 0.0009267039539275336
698 0.0009267039539275336
699 0.0009267039539275336
700 0.0009267039539275336
701 0.0009267039539275336
702 0.0009267039539275336
703 0.0009267039539275336
704 0.0009267039539275336
705 0.0009267039539275336
706 0.0009267039539275336
707 0.0009267039539275336
708 0.0009267039539275336
709 0.0009267039539275336
710 0.0009267039539275336
711 0.0009267039539275336
712 0.0009267039539275336
713 0.0009267039539275336
714 0.0009267039539275336
715 0.0009267039539275336
716 0.0009267039539275336
717 0.0009267039539275336
718 0.0009267039539275336
719 0.0009267039539275336
720 0.0009267039539275336
721 0.0009189229509468027
722 0.0009189229509468027
723 0.0009189229509468027
724 0.0009189229509468027
725 0.0009189229509468027
726 0.0009241653362077894
727 0.0009241653362077894
728 0.0009241653362077894
729 0.0009241653362077894
730 0.0009241653362077894
731 0.0009343631977669328
732 0.0009343631977669328
733 0.0009343631977669328
734 0.0009343631977669328
735 0.0009343631977669328
736 0.0009343631977669328
737 0.0009343631977669328
738 0.0009343631977669328
739 0.0009343631977669328
740 0.0009343631977669328
741 0.0009343631977669328
742 0.0009343631977669328
743 0.0009343631977669328
744 0.0009343631977669328
745 0.0009343631977669328
746 0.0009343631977669328
747 0.0009343631977669328
748 0.0009343631977669328
749 0.0009343631977669328
750 0.0009343631977669328
751 0.0009343631977669328
752 0.0009343631977669328
753 0.0009343631977669328
754 0.0009343631977669328
755 0.0009318602003557387
756 0.0009312725796633384
757 0.0009312725796633384
758 0.0009312725796633384
759 0.0009312725796633384
760 0.0009312725796633384
761 0.0009312725796633384
762 0.0009312725796633384
763 0.0009312725796633384
764 0.0009312725796633384
765 0.0009312725796633384
766 0.0009312725796633384
767 0.0009312725796633384
768 0.0009312725796633384
769 0.0009312725796633384
770 0.0009312725796633384
771 0.0009312725796633384
772 0.0009312725796633384
773 0.0009236422305873793
774 0.0009236422305873793
775 0.0009236422305873793
776 0.0009236422305873793
777 0.0009236422305873793
778 0.0009236422305873793
779 0.0009146461313417444
780 0.0009146461313417444
781 0.0009146461313417444
782 0.0009146461313417444
783 0.0009146461313417444
784 0.0009146461313417444
785 0.0009146461313417444
786 0.0009146461313417444
787 0.0009146461313417444
788 0.0009146461313417444
789 0.0009146461313417444
790 0.0009146461313417444
791 0.0009040804084953861
792 0.0009040804084953861
793 0.0009040804084953861
794 0.0008932610833532209
795 0.0008932610833532209
796 0.0008932610833532209
797 0.0008932610833532209
798 0.0008932610833532209
799 0.0008932610833532209
800 0.0008932610833532209
801 0.0008932610833532209
802 0.0008932610833532209
803 0.0008932610833532209
804 0.0008932610833532209
805 0.0008932610833532209
806 0.0008932610833532209
807 0.0008932610833532209
808 0.0008932610833532209
809 0.0008932610833532209
810 0.0008932610833532209
811 0.0008932610833532209
812 0.0008932610833532209
813 0.0008932610833532209
814 0.0008932610833532209
815 0.0008932610833532209
816 0.0008932610833532209
817 0.0008898677683438975
818 0.0008898677683438975
819 0.0008898677683438975
820 0.0008898677683438975
821 0.0008898677683438975
822 0.0008898677683438975
823 0.0008830358217248238
824 0.0008830358217248238
825 0.0008830358217248238
826 0.0008830358217248238
827 0.0008830358217248238
828 0.0008830358217248238
829 0.0008830358217248238
830 0.0008830358217248238
831 0.0008830358217248238
832 0.0008830358217248238
833 0.0008830358217248238
834 0.0008830358217248238
835 0.0008830358217248238
836 0.0008830358217248238
837 0.0008811530286233532
838 0.0008811530286233532
839 0.0008811530286233532
840 0.0008811530286233532
841 0.0008811530286233532
842 0.0008811530286233532
843 0.0008811530286233532
844 0.0008811530286233532
845 0.0008811530286233532
846 0.0008811530286233532
847 0.0008811530286233532
848 0.0008811530286233532
849 0.0008739545052523061
850 0.0008739545052523061
851 0.0008739545052523061
852 0.0008739545052523061
853 0.0008739545052523061
854 0.0008739545052523061
855 0.0008739545052523061
856 0.0008739545052523061
857 0.0008739545052523061
858 0.0008739545052523061
859 0.0008739545052523061
860 0.0008739545052523061
861 0.0008739545052523061
862 0.0008739545052523061
863 0.0008739545052523061
864 0.0008739545052523061
865 0.0008739545052523061
866 0.0008739545052523061
867 0.0008739545052523061
868 0.0008739545052523061
869 0.0008739545052523061
870 0.0008739545052523061
871 0.0008739545052523061
872 0.0008657623488186705
873 0.0008657623488186705
874 0.0008657623488186705
875 0.0008657623488186705
876 0.0008657623488186705
877 0.0008657623488186705
878 0.0008657623488186705
879 0.0008657623488186705
880 0.0008657623488186705
881 0.0008657623488186705
882 0.0008657623488186705
883 0.0008657623488186705
884 0.0008572660989586182
885 0.0008572660989586182
886 0.0008572660989586182
887 0.0008572660989586182
888 0.0008572660989586182
889 0.0008572660989586182
890 0.0008572660989586182
891 0.0008572660989586182
892 0.0008572660989586182
893 0.0008572660989586182
894 0.0008572660989586182
895 0.0008497812487216023
896 0.0008497812487216023
897 0.0008423576594959581
898 0.0008423576594959581
899 0.0008423576594959581
900 0.0008423576594959581
901 0.0008423576594959581
902 0.0008423576594959581
903 0.0008423576594959581
904 0.0008423576594959581
905 0.0008423576594959581
906 0.0008423576594959581
907 0.0008423576594959581
908 0.0008423576594959581
909 0.0008423576594959581
910 0.0008423576594959581
911 0.0008423576594959581
912 0.0008423576594959581
913 0.0008423576594959581
914 0.0008423576594959581
915 0.0008423576594959581
916 0.0008423576594959581
917 0.0008423576594959581
918 0.0008423576594959581
919 0.0008423576594959581
920 0.0008423576594959581
921 0.0008531594827023357
922 0.0008531594827023357
923 0.0008491986865625286
924 0.0008491986865625286
925 0.0008491986865625286
926 0.0008491986865625286
927 0.0008491986865625286
928 0.0008491986865625286
929 0.0008491986865625286
930 0.0008491986865625286
931 0.0008424707660463995
932 0.0008424707660463995
933 0.0008424707660463995
934 0.0008424707660463995
935 0.0008424707660463995
936 0.0008424707660463995
937 0.0008458049866849172
938 0.0008458049866849172
939 0.0008458049866849172
940 0.0008445867768934218
941 0.0008445867768934218
942 0.0008445867768934218
943 0.0008445867768934218
944 0.0008445867768934218
945 0.0008445867768934218
946 0.0008445867768934218
947 0.0008445867768934218
948 0.0008445867768934218
949 0.0008557714497973232
950 0.0008557714497973232
951 0.0008557714497973232
952 0.0008557714497973232
953 0.0008557714497973232
954 0.0008557714497973232
955 0.0008557714497973232
956 0.0008557714497973232
957 0.0008585667493573312
958 0.0008585667493573312
959 0.0008585667493573312
960 0.0008585667493573312
961 0.0008585667493573312
962 0.0008585667493573312
963 0.0008585667493573312
964 0.0008585667493573312
965 0.0008524498322951262
966 0.0008507415306288979
967 0.0008507415306288979
968 0.0008507415306288979
969 0.0008507415306288979
970 0.0008507415306288979
971 0.0008507415306288979
972 0.0008507415306288979
973 0.0008507415306288979
974 0.0008507415306288979
975 0.0008507415306288979
976 0.0008507415306288979
977 0.0008507415306288979
978 0.0008507415306288979
979 0.000847738101994132
980 0.000847738101994132
981 0.000847738101994132
982 0.000847738101994132
983 0.000847738101994132
984 0.000847738101994132
985 0.000847738101994132
986 0.000847738101994132
987 0.000847738101994132
988 0.000847738101994132
989 0.000847738101994132
990 0.000847738101994132
991 0.000847738101994132
992 0.000847738101994132
993 0.000847738101994132
994 0.000847738101994132
995 0.000847738101994132
996 0.000847738101994132
997 0.000847738101994132
998 0.000847738101994132
999 0.000847738101994132
