0 0.6943359375
1 0.708984375
2 0.7626953125
3 0.78515625
4 0.78515625
5 0.8037109375
6 0.8037109375
7 0.8095703125
8 0.8203125
9 0.8203125
10 0.83203125
11 0.84375
12 0.84375
13 0.8544921875
14 0.8544921875
15 0.857421875
16 0.86328125
17 0.873046875
18 0.8818359375
19 0.8818359375
20 0.8818359375
21 0.8818359375
22 0.8818359375
23 0.8916015625
24 0.8935546875
25 0.8935546875
26 0.900390625
27 0.900390625
28 0.900390625
29 0.900390625
30 0.900390625
31 0.9052734375
32 0.90625
33 0.9111328125
34 0.9111328125
35 0.9130859375
36 0.9140625
37 0.9208984375
38 0.9208984375
39 0.9267578125
40 0.9296875
41 0.9296875
42 0.93359375
43 0.93359375
44 0.93359375
45 0.93359375
46 0.93359375
47 0.943359375
48 0.943359375
49 0.943359375
50 0.943359375
51 0.943359375
52 0.943359375
53 0.943359375
54 0.943359375
55 0.943359375
56 0.9453125
57 0.9462890625
58 0.9462890625
59 0.9462890625
60 0.951171875
61 0.951171875
62 0.951171875
63 0.951171875
64 0.951171875
65 0.951171875
66 0.951171875
67 0.951171875
68 0.951171875
69 0.951171875
70 0.951171875
71 0.951171875
72 0.951171875
73 0.953125
74 0.953125
75 0.953125
76 0.953125
77 0.9541015625
78 0.9541015625
79 0.9560546875
80 0.9560546875
81 0.9560546875
82 0.9560546875
83 0.9560546875
84 0.95703125
85 0.95703125
86 0.95703125
87 0.9580078125
88 0.9580078125
89 0.9580078125
90 0.9580078125
91 0.9580078125
92 0.9580078125
93 0.958984375
94 0.958984375
95 0.958984375
96 0.958984375
97 0.9599609375
98 0.9599609375
99 0.9599609375
100 0.9599609375
101 0.9599609375
102 0.9599609375
103 0.9599609375
104 0.9599609375
105 0.9619140625
106 0.9619140625
107 0.9619140625
108 0.9619140625
109 0.9619140625
110 0.9619140625
111 0.9619140625
112 0.9619140625
113 0.9619140625
114 0.9619140625
115 0.9619140625
116 0.962890625
117 0.962890625
118 0.962890625
119 0.962890625
120 0.962890625
121 0.962890625
122 0.9638671875
123 0.9638671875
124 0.9638671875
125 0.9638671875
126 0.9638671875
127 0.9638671875
128 0.9638671875
129 0.9638671875
130 0.9638671875
131 0.9638671875
132 0.9638671875
133 0.9638671875
134 0.9638671875
135 0.9638671875
136 0.9638671875
137 0.9638671875
138 0.9638671875
139 0.9638671875
140 0.9638671875
141 0.9638671875
142 0.9638671875
143 0.9638671875
144 0.9638671875
145 0.9658203125
146 0.9658203125
147 0.9658203125
148 0.9658203125
149 0.9658203125
150 0.9658203125
151 0.9658203125
152 0.9658203125
153 0.9658203125
154 0.9658203125
155 0.9658203125
156 0.9658203125
157 0.9658203125
158 0.9658203125
159 0.9658203125
160 0.9658203125
161 0.9658203125
162 0.9658203125
163 0.9658203125
164 0.9658203125
165 0.9658203125
166 0.9658203125
167 0.9658203125
168 0.9658203125
169 0.9658203125
170 0.9658203125
171 0.9658203125
172 0.9658203125
173 0.9658203125
174 0.9658203125
175 0.9658203125
176 0.9658203125
177 0.9658203125
178 0.9677734375
179 0.9677734375
180 0.9677734375
181 0.9677734375
182 0.9677734375
183 0.9677734375
184 0.9677734375
185 0.9677734375
186 0.9677734375
187 0.9677734375
188 0.9677734375
189 0.9677734375
190 0.9677734375
191 0.9677734375
192 0.9677734375
193 0.9677734375
194 0.9677734375
195 0.9677734375
196 0.9677734375
197 0.9677734375
198 0.9677734375
199 0.9677734375
200 0.9677734375
201 0.9677734375
202 0.970703125
203 0.970703125
204 0.970703125
205 0.970703125
206 0.970703125
207 0.970703125
208 0.970703125
209 0.970703125
210 0.970703125
211 0.970703125
212 0.970703125
213 0.970703125
214 0.970703125
215 0.970703125
216 0.970703125
217 0.970703125
218 0.970703125
219 0.970703125
220 0.970703125
221 0.970703125
222 0.970703125
223 0.970703125
224 0.970703125
225 0.970703125
226 0.970703125
227 0.970703125
228 0.970703125
229 0.970703125
230 0.970703125
231 0.970703125
232 0.970703125
233 0.970703125
234 0.970703125
235 0.970703125
236 0.970703125
237 0.970703125
238 0.970703125
239 0.970703125
240 0.970703125
241 0.970703125
242 0.970703125
243 0.970703125
244 0.970703125
245 0.970703125
246 0.970703125
247 0.970703125
248 0.970703125
249 0.970703125
250 0.970703125
251 0.970703125
252 0.970703125
253 0.970703125
254 0.970703125
255 0.970703125
256 0.970703125
257 0.970703125
258 0.970703125
259 0.970703125
260 0.970703125
261 0.970703125
262 0.970703125
263 0.970703125
264 0.970703125
265 0.970703125
266 0.970703125
267 0.970703125
268 0.970703125
269 0.970703125
270 0.970703125
271 0.970703125
272 0.970703125
273 0.970703125
274 0.970703125
275 0.970703125
276 0.970703125
277 0.970703125
278 0.970703125
279 0.970703125
280 0.970703125
281 0.970703125
282 0.970703125
283 0.970703125
284 0.970703125
285 0.970703125
286 0.970703125
287 0.970703125
288 0.970703125
289 0.970703125
290 0.970703125
291 0.970703125
292 0.970703125
293 0.970703125
294 0.970703125
295 0.970703125
296 0.970703125
297 0.970703125
298 0.970703125
299 0.970703125
300 0.970703125
301 0.970703125
302 0.970703125
303 0.970703125
304 0.970703125
305 0.970703125
306 0.970703125
307 0.970703125
308 0.970703125
309 0.970703125
310 0.970703125
311 0.970703125
312 0.970703125
313 0.970703125
314 0.970703125
315 0.970703125
316 0.970703125
317 0.970703125
318 0.970703125
319 0.970703125
320 0.970703125
321 0.970703125
322 0.970703125
323 0.970703125
324 0.970703125
325 0.970703125
326 0.970703125
327 0.970703125
328 0.970703125
329 0.970703125
330 0.970703125
331 0.970703125
332 0.970703125
333 0.970703125
334 0.970703125
335 0.970703125
336 0.970703125
337 0.970703125
338 0.970703125
339 0.970703125
340 0.970703125
341 0.970703125
342 0.970703125
343 0.970703125
344 0.970703125
345 0.970703125
346 0.970703125
347 0.970703125
348 0.970703125
349 0.970703125
350 0.970703125
351 0.970703125
352 0.970703125
353 0.970703125
354 0.970703125
355 0.970703125
356 0.970703125
357 0.970703125
358 0.970703125
359 0.970703125
360 0.970703125
361 0.970703125
362 0.970703125
363 0.970703125
364 0.970703125
365 0.970703125
366 0.970703125
367 0.970703125
368 0.970703125
369 0.970703125
370 0.970703125
371 0.970703125
372 0.970703125
373 0.970703125
374 0.970703125
375 0.970703125
376 0.970703125
377 0.970703125
378 0.970703125
379 0.970703125
380 0.970703125
381 0.970703125
382 0.970703125
383 0.970703125
384 0.970703125
385 0.970703125
386 0.970703125
387 0.970703125
388 0.970703125
389 0.970703125
390 0.970703125
391 0.970703125
392 0.970703125
393 0.970703125
394 0.970703125
395 0.970703125
396 0.970703125
397 0.970703125
398 0.970703125
399 0.970703125
400 0.970703125
401 0.970703125
402 0.970703125
403 0.970703125
404 0.970703125
405 0.970703125
406 0.970703125
407 0.970703125
408 0.970703125
409 0.970703125
410 0.970703125
411 0.970703125
412 0.970703125
413 0.970703125
414 0.970703125
415 0.970703125
416 0.970703125
417 0.970703125
418 0.970703125
419 0.970703125
420 0.970703125
421 0.970703125
422 0.970703125
423 0.970703125
424 0.970703125
425 0.970703125
426 0.970703125
427 0.970703125
428 0.970703125
429 0.970703125
430 0.970703125
431 0.970703125
432 0.970703125
433 0.970703125
434 0.970703125
435 0.970703125
436 0.970703125
437 0.970703125
438 0.970703125
439 0.970703125
440 0.970703125
441 0.970703125
442 0.970703125
443 0.970703125
444 0.970703125
445 0.970703125
446 0.970703125
447 0.970703125
448 0.970703125
449 0.970703125
450 0.970703125
451 0.970703125
452 0.970703125
453 0.970703125
454 0.970703125
455 0.970703125
456 0.970703125
457 0.970703125
458 0.970703125
459 0.970703125
460 0.970703125
461 0.970703125
462 0.970703125
463 0.970703125
464 0.970703125
465 0.970703125
466 0.970703125
467 0.970703125
468 0.970703125
469 0.970703125
470 0.970703125
471 0.970703125
472 0.970703125
473 0.970703125
474 0.970703125
475 0.970703125
476 0.970703125
477 0.970703125
478 0.970703125
479 0.970703125
480 0.970703125
481 0.970703125
482 0.970703125
483 0.970703125
484 0.970703125
485 0.970703125
486 0.970703125
487 0.970703125
488 0.970703125
489 0.970703125
490 0.970703125
491 0.970703125
492 0.970703125
493 0.970703125
494 0.970703125
495 0.970703125
496 0.970703125
497 0.970703125
498 0.970703125
499 0.970703125
500 0.970703125
501 0.970703125
502 0.970703125
503 0.970703125
504 0.970703125
505 0.970703125
506 0.970703125
507 0.970703125
508 0.970703125
509 0.970703125
510 0.970703125
511 0.970703125
512 0.970703125
513 0.970703125
514 0.970703125
515 0.970703125
516 0.970703125
517 0.970703125
518 0.970703125
519 0.970703125
520 0.970703125
521 0.970703125
522 0.970703125
523 0.970703125
524 0.970703125
525 0.970703125
526 0.970703125
527 0.970703125
528 0.970703125
529 0.970703125
530 0.970703125
531 0.970703125
532 0.970703125
533 0.970703125
534 0.970703125
535 0.970703125
536 0.970703125
537 0.970703125
538 0.970703125
539 0.970703125
540 0.970703125
541 0.970703125
542 0.970703125
543 0.970703125
544 0.970703125
545 0.970703125
546 0.970703125
547 0.970703125
548 0.970703125
549 0.970703125
550 0.970703125
551 0.970703125
552 0.970703125
553 0.970703125
554 0.970703125
555 0.970703125
556 0.970703125
557 0.970703125
558 0.970703125
559 0.970703125
560 0.970703125
561 0.970703125
562 0.970703125
563 0.970703125
564 0.970703125
565 0.970703125
566 0.970703125
567 0.970703125
568 0.970703125
569 0.970703125
570 0.970703125
571 0.970703125
572 0.970703125
573 0.970703125
574 0.970703125
575 0.970703125
576 0.970703125
577 0.970703125
578 0.970703125
579 0.970703125
580 0.970703125
581 0.970703125
582 0.970703125
583 0.970703125
584 0.970703125
585 0.970703125
586 0.970703125
587 0.970703125
588 0.970703125
589 0.970703125
590 0.970703125
591 0.970703125
592 0.970703125
593 0.970703125
594 0.970703125
595 0.970703125
596 0.970703125
597 0.970703125
598 0.970703125
599 0.970703125
600 0.970703125
601 0.970703125
602 0.970703125
603 0.970703125
604 0.970703125
605 0.970703125
606 0.970703125
607 0.970703125
608 0.970703125
609 0.970703125
610 0.970703125
611 0.970703125
612 0.970703125
613 0.970703125
614 0.970703125
615 0.970703125
616 0.970703125
617 0.970703125
618 0.970703125
619 0.970703125
620 0.970703125
621 0.970703125
622 0.970703125
623 0.970703125
624 0.970703125
625 0.970703125
626 0.970703125
627 0.970703125
628 0.970703125
629 0.970703125
630 0.970703125
631 0.970703125
632 0.970703125
633 0.970703125
634 0.970703125
635 0.970703125
636 0.970703125
637 0.970703125
638 0.970703125
639 0.970703125
640 0.970703125
641 0.970703125
642 0.970703125
643 0.970703125
644 0.970703125
645 0.970703125
646 0.970703125
647 0.970703125
648 0.970703125
649 0.970703125
650 0.970703125
651 0.970703125
652 0.970703125
653 0.970703125
654 0.970703125
655 0.970703125
656 0.970703125
657 0.970703125
658 0.970703125
659 0.970703125
660 0.970703125
661 0.970703125
662 0.970703125
663 0.970703125
664 0.970703125
665 0.970703125
666 0.970703125
667 0.970703125
668 0.970703125
669 0.970703125
670 0.970703125
671 0.970703125
672 0.970703125
673 0.970703125
674 0.970703125
675 0.970703125
676 0.970703125
677 0.970703125
678 0.970703125
679 0.970703125
680 0.970703125
681 0.970703125
682 0.970703125
683 0.970703125
684 0.970703125
685 0.970703125
686 0.970703125
687 0.970703125
688 0.970703125
689 0.970703125
690 0.970703125
691 0.970703125
692 0.970703125
693 0.970703125
694 0.970703125
695 0.970703125
696 0.970703125
697 0.970703125
698 0.970703125
699 0.970703125
700 0.970703125
701 0.970703125
702 0.970703125
703 0.970703125
704 0.970703125
705 0.970703125
706 0.970703125
707 0.970703125
708 0.970703125
709 0.970703125
710 0.970703125
711 0.970703125
712 0.970703125
713 0.970703125
714 0.970703125
715 0.970703125
716 0.970703125
717 0.970703125
718 0.970703125
719 0.970703125
720 0.970703125
721 0.970703125
722 0.970703125
723 0.970703125
724 0.970703125
725 0.970703125
726 0.970703125
727 0.970703125
728 0.970703125
729 0.970703125
730 0.970703125
731 0.970703125
732 0.970703125
733 0.970703125
734 0.970703125
735 0.970703125
736 0.970703125
737 0.970703125
738 0.970703125
739 0.970703125
740 0.970703125
741 0.970703125
742 0.970703125
743 0.970703125
744 0.970703125
745 0.970703125
746 0.970703125
747 0.970703125
748 0.970703125
749 0.970703125
750 0.970703125
751 0.970703125
752 0.970703125
753 0.970703125
754 0.970703125
755 0.970703125
756 0.970703125
757 0.970703125
758 0.970703125
759 0.970703125
760 0.970703125
761 0.970703125
762 0.970703125
763 0.970703125
764 0.970703125
765 0.970703125
766 0.970703125
767 0.970703125
768 0.970703125
769 0.970703125
770 0.970703125
771 0.970703125
772 0.970703125
773 0.970703125
774 0.970703125
775 0.970703125
776 0.970703125
777 0.970703125
778 0.970703125
779 0.970703125
780 0.970703125
781 0.970703125
782 0.970703125
783 0.970703125
784 0.970703125
785 0.970703125
786 0.970703125
787 0.970703125
788 0.970703125
789 0.970703125
790 0.970703125
791 0.970703125
792 0.970703125
793 0.970703125
794 0.970703125
795 0.970703125
796 0.970703125
797 0.970703125
798 0.970703125
799 0.970703125
800 0.970703125
801 0.970703125
802 0.970703125
803 0.970703125
804 0.970703125
805 0.970703125
806 0.970703125
807 0.970703125
808 0.970703125
809 0.970703125
810 0.970703125
811 0.970703125
812 0.970703125
813 0.970703125
814 0.970703125
815 0.970703125
816 0.970703125
817 0.970703125
818 0.970703125
819 0.970703125
820 0.970703125
821 0.970703125
822 0.970703125
823 0.970703125
824 0.970703125
825 0.970703125
826 0.970703125
827 0.970703125
828 0.970703125
829 0.970703125
830 0.970703125
831 0.970703125
832 0.970703125
833 0.970703125
834 0.970703125
835 0.970703125
836 0.970703125
837 0.970703125
838 0.970703125
839 0.970703125
840 0.970703125
841 0.970703125
842 0.974609375
843 0.974609375
844 0.974609375
845 0.974609375
846 0.974609375
847 0.974609375
848 0.974609375
849 0.974609375
850 0.974609375
851 0.974609375
852 0.974609375
853 0.974609375
854 0.974609375
855 0.974609375
856 0.974609375
857 0.974609375
858 0.974609375
859 0.974609375
860 0.974609375
861 0.974609375
862 0.974609375
863 0.974609375
864 0.974609375
865 0.974609375
866 0.974609375
867 0.974609375
868 0.974609375
869 0.974609375
870 0.974609375
871 0.974609375
872 0.974609375
873 0.974609375
874 0.974609375
875 0.974609375
876 0.974609375
877 0.974609375
878 0.974609375
879 0.974609375
880 0.974609375
881 0.974609375
882 0.974609375
883 0.974609375
884 0.974609375
885 0.974609375
886 0.974609375
887 0.974609375
888 0.974609375
889 0.974609375
890 0.974609375
891 0.974609375
892 0.974609375
893 0.974609375
894 0.974609375
895 0.974609375
896 0.974609375
897 0.974609375
898 0.974609375
899 0.974609375
900 0.974609375
901 0.974609375
902 0.974609375
903 0.974609375
904 0.974609375
905 0.974609375
906 0.974609375
907 0.974609375
908 0.974609375
909 0.974609375
910 0.974609375
911 0.974609375
912 0.974609375
913 0.974609375
914 0.974609375
915 0.974609375
916 0.974609375
917 0.974609375
918 0.974609375
919 0.974609375
920 0.974609375
921 0.974609375
922 0.974609375
923 0.974609375
924 0.974609375
925 0.974609375
926 0.974609375
927 0.974609375
928 0.974609375
929 0.974609375
930 0.974609375
931 0.974609375
932 0.974609375
933 0.974609375
934 0.974609375
935 0.974609375
936 0.974609375
937 0.974609375
938 0.974609375
939 0.974609375
940 0.974609375
941 0.974609375
942 0.974609375
943 0.974609375
944 0.974609375
945 0.974609375
946 0.974609375
947 0.974609375
948 0.974609375
949 0.974609375
950 0.974609375
951 0.974609375
952 0.974609375
953 0.974609375
954 0.974609375
955 0.974609375
956 0.974609375
957 0.974609375
958 0.974609375
959 0.974609375
960 0.974609375
961 0.974609375
962 0.974609375
963 0.974609375
964 0.974609375
965 0.974609375
966 0.974609375
967 0.974609375
968 0.974609375
969 0.974609375
970 0.974609375
971 0.974609375
972 0.974609375
973 0.974609375
974 0.974609375
975 0.974609375
976 0.974609375
977 0.974609375
978 0.974609375
979 0.974609375
980 0.974609375
981 0.974609375
982 0.974609375
983 0.974609375
984 0.974609375
985 0.974609375
986 0.974609375
987 0.974609375
988 0.974609375
989 0.974609375
990 0.974609375
991 0.974609375
992 0.974609375
993 0.974609375
994 0.974609375
995 0.974609375
996 0.974609375
997 0.974609375
998 0.974609375
999 0.974609375
1000 0.974609375
1001 0.974609375
1002 0.974609375
1003 0.974609375
1004 0.974609375
1005 0.974609375
1006 0.974609375
1007 0.974609375
1008 0.974609375
1009 0.974609375
1010 0.974609375
1011 0.974609375
1012 0.974609375
1013 0.974609375
1014 0.974609375
1015 0.974609375
1016 0.974609375
1017 0.974609375
1018 0.974609375
1019 0.974609375
1020 0.974609375
1021 0.974609375
1022 0.974609375
1023 0.974609375
1024 0.974609375
1025 0.974609375
1026 0.974609375
1027 0.974609375
1028 0.974609375
1029 0.974609375
1030 0.974609375
1031 0.974609375
1032 0.974609375
1033 0.974609375
1034 0.974609375
1035 0.974609375
1036 0.974609375
1037 0.974609375
1038 0.974609375
1039 0.974609375
1040 0.974609375
1041 0.974609375
1042 0.974609375
1043 0.974609375
1044 0.974609375
1045 0.974609375
1046 0.974609375
1047 0.974609375
1048 0.974609375
1049 0.974609375
1050 0.974609375
1051 0.974609375
1052 0.974609375
1053 0.974609375
1054 0.974609375
1055 0.974609375
1056 0.974609375
1057 0.974609375
1058 0.974609375
1059 0.974609375
1060 0.974609375
1061 0.974609375
1062 0.974609375
1063 0.974609375
1064 0.974609375
1065 0.974609375
1066 0.974609375
1067 0.974609375
1068 0.974609375
1069 0.974609375
1070 0.974609375
1071 0.974609375
1072 0.974609375
1073 0.974609375
1074 0.974609375
1075 0.974609375
1076 0.974609375
1077 0.974609375
1078 0.974609375
1079 0.974609375
1080 0.974609375
1081 0.974609375
1082 0.974609375
1083 0.974609375
1084 0.974609375
1085 0.974609375
1086 0.974609375
1087 0.974609375
1088 0.974609375
1089 0.974609375
1090 0.974609375
1091 0.974609375
1092 0.974609375
1093 0.974609375
1094 0.974609375
1095 0.974609375
1096 0.974609375
1097 0.974609375
1098 0.974609375
1099 0.974609375
1100 0.974609375
1101 0.974609375
1102 0.974609375
1103 0.974609375
1104 0.974609375
1105 0.974609375
1106 0.974609375
1107 0.974609375
1108 0.974609375
1109 0.974609375
1110 0.974609375
1111 0.974609375
1112 0.974609375
1113 0.974609375
1114 0.974609375
1115 0.974609375
1116 0.974609375
1117 0.974609375
1118 0.974609375
1119 0.974609375
1120 0.974609375
1121 0.974609375
1122 0.974609375
1123 0.974609375
1124 0.974609375
1125 0.974609375
1126 0.974609375
1127 0.974609375
1128 0.974609375
1129 0.974609375
1130 0.974609375
1131 0.974609375
1132 0.974609375
1133 0.974609375
1134 0.974609375
1135 0.974609375
1136 0.974609375
1137 0.974609375
1138 0.974609375
1139 0.974609375
1140 0.974609375
1141 0.974609375
1142 0.974609375
1143 0.974609375
1144 0.974609375
1145 0.974609375
1146 0.974609375
1147 0.974609375
1148 0.974609375
1149 0.974609375
1150 0.974609375
1151 0.974609375
1152 0.974609375
1153 0.974609375
1154 0.974609375
1155 0.974609375
1156 0.974609375
1157 0.974609375
1158 0.974609375
1159 0.974609375
1160 0.974609375
1161 0.974609375
1162 0.974609375
1163 0.974609375
1164 0.974609375
1165 0.974609375
1166 0.974609375
1167 0.974609375
1168 0.974609375
1169 0.974609375
1170 0.974609375
1171 0.974609375
1172 0.974609375
1173 0.974609375
1174 0.974609375
1175 0.974609375
1176 0.974609375
1177 0.974609375
1178 0.974609375
1179 0.974609375
1180 0.974609375
1181 0.974609375
1182 0.974609375
1183 0.974609375
1184 0.974609375
1185 0.974609375
1186 0.974609375
1187 0.974609375
1188 0.974609375
1189 0.974609375
1190 0.974609375
1191 0.974609375
1192 0.974609375
1193 0.974609375
1194 0.974609375
1195 0.974609375
1196 0.974609375
1197 0.974609375
1198 0.974609375
1199 0.974609375
1200 0.974609375
1201 0.974609375
1202 0.974609375
1203 0.974609375
1204 0.974609375
1205 0.974609375
1206 0.974609375
1207 0.974609375
1208 0.974609375
1209 0.974609375
1210 0.974609375
1211 0.974609375
1212 0.974609375
1213 0.974609375
1214 0.974609375
1215 0.974609375
1216 0.974609375
1217 0.974609375
1218 0.974609375
1219 0.974609375
1220 0.974609375
1221 0.974609375
1222 0.974609375
1223 0.974609375
1224 0.974609375
1225 0.974609375
1226 0.974609375
1227 0.974609375
1228 0.974609375
1229 0.974609375
1230 0.974609375
1231 0.974609375
1232 0.974609375
1233 0.974609375
1234 0.974609375
1235 0.974609375
1236 0.974609375
1237 0.974609375
1238 0.974609375
1239 0.974609375
1240 0.974609375
1241 0.974609375
1242 0.974609375
1243 0.974609375
1244 0.974609375
1245 0.974609375
1246 0.974609375
1247 0.974609375
1248 0.974609375
1249 0.974609375
1250 0.974609375
1251 0.974609375
1252 0.974609375
1253 0.974609375
1254 0.974609375
1255 0.974609375
1256 0.974609375
1257 0.974609375
1258 0.974609375
1259 0.974609375
1260 0.974609375
1261 0.974609375
1262 0.974609375
1263 0.974609375
1264 0.974609375
1265 0.974609375
1266 0.974609375
1267 0.974609375
1268 0.974609375
1269 0.974609375
1270 0.974609375
1271 0.974609375
1272 0.974609375
1273 0.974609375
1274 0.974609375
1275 0.974609375
1276 0.974609375
1277 0.974609375
1278 0.974609375
1279 0.974609375
1280 0.974609375
1281 0.974609375
1282 0.974609375
1283 0.974609375
1284 0.974609375
1285 0.974609375
1286 0.974609375
1287 0.974609375
1288 0.974609375
1289 0.974609375
1290 0.974609375
1291 0.974609375
1292 0.974609375
1293 0.974609375
1294 0.974609375
1295 0.974609375
1296 0.974609375
1297 0.974609375
1298 0.974609375
1299 0.974609375
1300 0.974609375
1301 0.974609375
1302 0.974609375
1303 0.974609375
1304 0.974609375
1305 0.974609375
1306 0.974609375
1307 0.974609375
1308 0.974609375
1309 0.974609375
1310 0.974609375
1311 0.974609375
1312 0.974609375
1313 0.974609375
1314 0.974609375
1315 0.974609375
1316 0.974609375
1317 0.974609375
1318 0.974609375
1319 0.974609375
1320 0.974609375
1321 0.974609375
1322 0.974609375
1323 0.974609375
1324 0.974609375
1325 0.974609375
1326 0.974609375
1327 0.974609375
1328 0.974609375
1329 0.974609375
1330 0.974609375
1331 0.974609375
1332 0.974609375
1333 0.974609375
1334 0.974609375
1335 0.974609375
1336 0.974609375
1337 0.974609375
1338 0.974609375
1339 0.974609375
1340 0.974609375
1341 0.974609375
1342 0.974609375
1343 0.974609375
1344 0.974609375
1345 0.974609375
1346 0.974609375
1347 0.974609375
1348 0.974609375
1349 0.974609375
1350 0.974609375
1351 0.974609375
1352 0.974609375
1353 0.974609375
1354 0.974609375
1355 0.974609375
1356 0.974609375
1357 0.974609375
1358 0.974609375
1359 0.974609375
1360 0.974609375
1361 0.974609375
1362 0.974609375
1363 0.974609375
1364 0.974609375
1365 0.974609375
1366 0.974609375
1367 0.974609375
1368 0.974609375
1369 0.974609375
1370 0.974609375
1371 0.974609375
1372 0.974609375
1373 0.974609375
1374 0.974609375
1375 0.974609375
1376 0.974609375
1377 0.974609375
1378 0.974609375
1379 0.974609375
1380 0.974609375
1381 0.974609375
1382 0.974609375
1383 0.974609375
1384 0.974609375
1385 0.974609375
1386 0.974609375
1387 0.974609375
1388 0.974609375
1389 0.974609375
1390 0.974609375
1391 0.974609375
1392 0.974609375
1393 0.974609375
1394 0.974609375
1395 0.974609375
1396 0.974609375
1397 0.974609375
1398 0.974609375
1399 0.974609375
1400 0.974609375
1401 0.974609375
1402 0.974609375
1403 0.974609375
1404 0.974609375
1405 0.974609375
1406 0.974609375
1407 0.974609375
1408 0.974609375
1409 0.974609375
1410 0.974609375
1411 0.974609375
1412 0.974609375
1413 0.974609375
1414 0.974609375
1415 0.974609375
1416 0.974609375
1417 0.974609375
1418 0.974609375
1419 0.974609375
1420 0.974609375
1421 0.974609375
1422 0.974609375
1423 0.974609375
1424 0.974609375
1425 0.974609375
1426 0.974609375
1427 0.974609375
1428 0.974609375
1429 0.974609375
1430 0.974609375
1431 0.974609375
1432 0.974609375
1433 0.974609375
1434 0.974609375
1435 0.974609375
1436 0.974609375
1437 0.974609375
1438 0.974609375
1439 0.974609375
1440 0.974609375
1441 0.974609375
1442 0.974609375
1443 0.974609375
1444 0.974609375
1445 0.974609375
1446 0.974609375
1447 0.974609375
1448 0.974609375
1449 0.974609375
1450 0.974609375
1451 0.974609375
1452 0.974609375
1453 0.974609375
1454 0.974609375
1455 0.974609375
1456 0.974609375
1457 0.974609375
1458 0.974609375
1459 0.974609375
1460 0.974609375
1461 0.974609375
1462 0.974609375
1463 0.974609375
1464 0.974609375
1465 0.974609375
1466 0.974609375
1467 0.974609375
1468 0.974609375
1469 0.974609375
1470 0.974609375
1471 0.974609375
1472 0.974609375
1473 0.974609375
1474 0.974609375
1475 0.974609375
1476 0.974609375
1477 0.974609375
1478 0.974609375
1479 0.974609375
1480 0.974609375
1481 0.974609375
1482 0.974609375
1483 0.974609375
1484 0.974609375
1485 0.974609375
1486 0.974609375
1487 0.974609375
1488 0.974609375
1489 0.974609375
1490 0.974609375
1491 0.974609375
1492 0.974609375
1493 0.974609375
1494 0.974609375
1495 0.974609375
1496 0.974609375
1497 0.974609375
1498 0.974609375
1499 0.974609375
1500 0.974609375
1501 0.974609375
1502 0.974609375
1503 0.974609375
1504 0.974609375
1505 0.974609375
1506 0.974609375
1507 0.974609375
1508 0.974609375
1509 0.974609375
1510 0.974609375
1511 0.974609375
1512 0.974609375
1513 0.974609375
1514 0.974609375
1515 0.974609375
1516 0.974609375
1517 0.974609375
1518 0.974609375
1519 0.974609375
1520 0.974609375
1521 0.974609375
1522 0.974609375
1523 0.974609375
1524 0.974609375
1525 0.974609375
1526 0.974609375
1527 0.974609375
1528 0.974609375
1529 0.974609375
1530 0.974609375
1531 0.974609375
1532 0.974609375
1533 0.974609375
1534 0.974609375
1535 0.974609375
1536 0.974609375
1537 0.974609375
1538 0.974609375
1539 0.974609375
1540 0.974609375
1541 0.974609375
1542 0.974609375
1543 0.974609375
1544 0.974609375
1545 0.974609375
1546 0.974609375
1547 0.974609375
1548 0.974609375
1549 0.974609375
1550 0.974609375
1551 0.974609375
1552 0.974609375
1553 0.974609375
1554 0.974609375
1555 0.974609375
1556 0.974609375
1557 0.974609375
1558 0.974609375
1559 0.974609375
1560 0.974609375
1561 0.974609375
1562 0.974609375
1563 0.974609375
1564 0.974609375
1565 0.974609375
1566 0.974609375
1567 0.974609375
1568 0.974609375
1569 0.974609375
1570 0.974609375
1571 0.974609375
1572 0.974609375
1573 0.974609375
1574 0.974609375
1575 0.974609375
1576 0.974609375
1577 0.974609375
1578 0.974609375
1579 0.974609375
1580 0.974609375
1581 0.974609375
1582 0.974609375
1583 0.974609375
1584 0.974609375
1585 0.974609375
1586 0.974609375
1587 0.974609375
1588 0.974609375
1589 0.974609375
1590 0.974609375
1591 0.974609375
1592 0.974609375
1593 0.974609375
1594 0.974609375
1595 0.974609375
1596 0.974609375
1597 0.974609375
1598 0.974609375
1599 0.974609375
1600 0.974609375
1601 0.974609375
1602 0.974609375
1603 0.974609375
1604 0.974609375
1605 0.974609375
1606 0.974609375
1607 0.974609375
1608 0.974609375
1609 0.974609375
1610 0.974609375
1611 0.974609375
1612 0.974609375
1613 0.974609375
1614 0.974609375
1615 0.974609375
1616 0.974609375
1617 0.974609375
1618 0.974609375
1619 0.974609375
1620 0.974609375
1621 0.974609375
1622 0.974609375
1623 0.974609375
1624 0.974609375
1625 0.974609375
1626 0.974609375
1627 0.974609375
1628 0.974609375
1629 0.974609375
1630 0.974609375
1631 0.974609375
1632 0.974609375
1633 0.974609375
1634 0.974609375
1635 0.974609375
1636 0.974609375
1637 0.974609375
1638 0.974609375
1639 0.974609375
1640 0.974609375
1641 0.974609375
1642 0.974609375
1643 0.974609375
1644 0.974609375
1645 0.974609375
1646 0.974609375
1647 0.974609375
1648 0.974609375
1649 0.974609375
1650 0.974609375
1651 0.974609375
1652 0.974609375
1653 0.974609375
1654 0.974609375
1655 0.974609375
1656 0.974609375
1657 0.974609375
1658 0.974609375
1659 0.974609375
1660 0.974609375
1661 0.974609375
1662 0.974609375
1663 0.974609375
1664 0.974609375
1665 0.974609375
1666 0.974609375
1667 0.974609375
1668 0.974609375
1669 0.974609375
1670 0.974609375
1671 0.974609375
1672 0.974609375
1673 0.974609375
1674 0.974609375
1675 0.974609375
1676 0.974609375
1677 0.974609375
1678 0.974609375
1679 0.974609375
1680 0.974609375
1681 0.974609375
1682 0.974609375
1683 0.974609375
1684 0.974609375
1685 0.974609375
1686 0.974609375
1687 0.974609375
1688 0.974609375
1689 0.974609375
1690 0.974609375
1691 0.974609375
1692 0.974609375
1693 0.974609375
1694 0.974609375
1695 0.974609375
1696 0.974609375
1697 0.974609375
1698 0.974609375
1699 0.974609375
1700 0.974609375
1701 0.974609375
1702 0.974609375
1703 0.974609375
1704 0.974609375
1705 0.974609375
1706 0.974609375
1707 0.974609375
1708 0.974609375
1709 0.974609375
1710 0.974609375
1711 0.974609375
1712 0.974609375
1713 0.974609375
1714 0.974609375
1715 0.974609375
1716 0.974609375
1717 0.974609375
1718 0.974609375
1719 0.974609375
1720 0.974609375
1721 0.974609375
1722 0.974609375
1723 0.974609375
1724 0.974609375
1725 0.974609375
1726 0.974609375
1727 0.974609375
1728 0.974609375
1729 0.974609375
1730 0.974609375
1731 0.974609375
1732 0.974609375
1733 0.974609375
1734 0.974609375
1735 0.974609375
1736 0.974609375
1737 0.974609375
1738 0.974609375
1739 0.974609375
1740 0.974609375
1741 0.974609375
1742 0.974609375
1743 0.974609375
1744 0.974609375
1745 0.974609375
1746 0.974609375
1747 0.974609375
1748 0.974609375
1749 0.974609375
1750 0.974609375
1751 0.974609375
1752 0.974609375
1753 0.974609375
1754 0.974609375
1755 0.974609375
1756 0.974609375
1757 0.974609375
1758 0.974609375
1759 0.974609375
1760 0.974609375
1761 0.974609375
1762 0.974609375
1763 0.974609375
1764 0.974609375
1765 0.974609375
1766 0.974609375
1767 0.974609375
1768 0.974609375
1769 0.974609375
1770 0.974609375
1771 0.974609375
1772 0.974609375
1773 0.974609375
1774 0.974609375
1775 0.974609375
1776 0.974609375
1777 0.974609375
1778 0.974609375
1779 0.974609375
1780 0.974609375
1781 0.974609375
1782 0.974609375
1783 0.974609375
1784 0.974609375
1785 0.974609375
1786 0.974609375
1787 0.974609375
1788 0.974609375
1789 0.974609375
1790 0.974609375
1791 0.974609375
1792 0.974609375
1793 0.974609375
1794 0.974609375
1795 0.974609375
1796 0.974609375
1797 0.974609375
1798 0.974609375
1799 0.974609375
1800 0.974609375
1801 0.974609375
1802 0.974609375
1803 0.974609375
1804 0.974609375
1805 0.974609375
1806 0.974609375
1807 0.974609375
1808 0.974609375
1809 0.974609375
1810 0.974609375
1811 0.974609375
1812 0.974609375
1813 0.974609375
1814 0.974609375
1815 0.974609375
1816 0.974609375
1817 0.974609375
1818 0.974609375
1819 0.974609375
1820 0.974609375
1821 0.974609375
1822 0.974609375
1823 0.974609375
1824 0.974609375
1825 0.974609375
1826 0.974609375
1827 0.974609375
1828 0.974609375
1829 0.974609375
1830 0.974609375
1831 0.974609375
1832 0.974609375
1833 0.974609375
1834 0.974609375
1835 0.974609375
1836 0.974609375
1837 0.974609375
1838 0.974609375
1839 0.974609375
1840 0.974609375
1841 0.974609375
1842 0.974609375
1843 0.974609375
1844 0.974609375
1845 0.974609375
1846 0.974609375
1847 0.974609375
1848 0.974609375
1849 0.974609375
1850 0.974609375
1851 0.974609375
1852 0.974609375
1853 0.974609375
1854 0.974609375
1855 0.974609375
1856 0.974609375
1857 0.974609375
1858 0.974609375
1859 0.974609375
1860 0.974609375
1861 0.974609375
1862 0.974609375
1863 0.974609375
1864 0.974609375
1865 0.974609375
1866 0.974609375
1867 0.974609375
1868 0.974609375
1869 0.974609375
1870 0.974609375
1871 0.974609375
1872 0.974609375
1873 0.974609375
1874 0.974609375
1875 0.974609375
1876 0.974609375
1877 0.974609375
1878 0.974609375
1879 0.974609375
1880 0.974609375
1881 0.974609375
1882 0.974609375
1883 0.974609375
1884 0.974609375
1885 0.974609375
1886 0.974609375
1887 0.974609375
1888 0.974609375
1889 0.974609375
1890 0.974609375
1891 0.974609375
1892 0.974609375
1893 0.974609375
1894 0.974609375
1895 0.974609375
1896 0.974609375
1897 0.974609375
1898 0.974609375
1899 0.974609375
1900 0.974609375
1901 0.974609375
1902 0.974609375
1903 0.974609375
1904 0.974609375
1905 0.974609375
1906 0.974609375
1907 0.974609375
1908 0.974609375
1909 0.974609375
1910 0.974609375
1911 0.974609375
1912 0.974609375
1913 0.974609375
1914 0.974609375
1915 0.974609375
1916 0.974609375
1917 0.974609375
1918 0.974609375
1919 0.974609375
1920 0.974609375
1921 0.974609375
1922 0.974609375
1923 0.974609375
1924 0.974609375
1925 0.974609375
1926 0.974609375
1927 0.974609375
1928 0.974609375
1929 0.974609375
1930 0.974609375
1931 0.974609375
1932 0.974609375
1933 0.974609375
1934 0.974609375
1935 0.974609375
1936 0.974609375
1937 0.974609375
1938 0.974609375
1939 0.974609375
1940 0.974609375
1941 0.974609375
1942 0.974609375
1943 0.974609375
1944 0.974609375
1945 0.974609375
1946 0.974609375
1947 0.974609375
1948 0.974609375
1949 0.974609375
1950 0.974609375
1951 0.974609375
1952 0.974609375
1953 0.974609375
1954 0.974609375
1955 0.974609375
1956 0.974609375
1957 0.974609375
1958 0.974609375
1959 0.974609375
1960 0.974609375
1961 0.974609375
1962 0.974609375
1963 0.974609375
1964 0.974609375
1965 0.974609375
1966 0.974609375
1967 0.974609375
1968 0.974609375
1969 0.974609375
1970 0.974609375
1971 0.974609375
1972 0.974609375
1973 0.974609375
1974 0.974609375
1975 0.974609375
1976 0.974609375
1977 0.974609375
1978 0.974609375
1979 0.974609375
1980 0.974609375
1981 0.974609375
1982 0.974609375
1983 0.974609375
1984 0.974609375
1985 0.974609375
1986 0.974609375
1987 0.974609375
1988 0.974609375
1989 0.974609375
1990 0.974609375
1991 0.974609375
1992 0.974609375
1993 0.974609375
1994 0.974609375
1995 0.974609375
1996 0.974609375
1997 0.974609375
1998 0.974609375
1999 0.974609375
2000 0.974609375
2001 0.974609375
2002 0.974609375
2003 0.974609375
2004 0.974609375
2005 0.974609375
2006 0.974609375
2007 0.974609375
2008 0.974609375
2009 0.974609375
2010 0.974609375
2011 0.974609375
2012 0.974609375
2013 0.974609375
2014 0.974609375
2015 0.974609375
2016 0.974609375
2017 0.974609375
2018 0.974609375
2019 0.974609375
2020 0.974609375
2021 0.974609375
2022 0.974609375
2023 0.974609375
2024 0.974609375
2025 0.974609375
2026 0.974609375
2027 0.974609375
2028 0.974609375
2029 0.974609375
2030 0.974609375
2031 0.974609375
2032 0.974609375
2033 0.974609375
2034 0.974609375
2035 0.974609375
2036 0.974609375
2037 0.974609375
2038 0.974609375
2039 0.974609375
2040 0.974609375
2041 0.974609375
2042 0.974609375
2043 0.974609375
2044 0.974609375
2045 0.974609375
2046 0.974609375
2047 0.974609375
2048 0.974609375
2049 0.974609375
2050 0.974609375
2051 0.974609375
2052 0.974609375
2053 0.974609375
2054 0.974609375
2055 0.974609375
2056 0.974609375
2057 0.974609375
2058 0.974609375
2059 0.974609375
2060 0.974609375
2061 0.974609375
2062 0.974609375
2063 0.974609375
2064 0.974609375
2065 0.974609375
2066 0.974609375
2067 0.974609375
2068 0.974609375
2069 0.974609375
2070 0.974609375
2071 0.974609375
2072 0.974609375
2073 0.974609375
2074 0.974609375
2075 0.974609375
2076 0.974609375
2077 0.974609375
2078 0.974609375
2079 0.974609375
2080 0.974609375
2081 0.974609375
2082 0.974609375
2083 0.974609375
2084 0.974609375
2085 0.974609375
2086 0.974609375
2087 0.974609375
2088 0.974609375
2089 0.974609375
2090 0.974609375
2091 0.974609375
2092 0.974609375
2093 0.974609375
2094 0.974609375
2095 0.974609375
2096 0.974609375
2097 0.974609375
2098 0.974609375
2099 0.974609375
2100 0.974609375
2101 0.974609375
2102 0.974609375
2103 0.974609375
2104 0.974609375
2105 0.974609375
2106 0.974609375
2107 0.974609375
2108 0.974609375
2109 0.974609375
2110 0.974609375
2111 0.974609375
2112 0.974609375
2113 0.974609375
2114 0.974609375
2115 0.974609375
2116 0.974609375
2117 0.974609375
2118 0.974609375
2119 0.974609375
2120 0.974609375
2121 0.974609375
2122 0.974609375
2123 0.974609375
2124 0.974609375
2125 0.974609375
2126 0.974609375
2127 0.974609375
2128 0.974609375
2129 0.974609375
2130 0.974609375
2131 0.974609375
2132 0.974609375
2133 0.974609375
2134 0.974609375
2135 0.974609375
2136 0.974609375
2137 0.974609375
2138 0.974609375
2139 0.974609375
2140 0.974609375
2141 0.974609375
2142 0.974609375
2143 0.974609375
2144 0.974609375
2145 0.974609375
2146 0.974609375
2147 0.974609375
2148 0.974609375
2149 0.974609375
2150 0.974609375
2151 0.974609375
2152 0.974609375
2153 0.974609375
2154 0.974609375
2155 0.974609375
2156 0.974609375
2157 0.974609375
2158 0.974609375
2159 0.974609375
2160 0.974609375
2161 0.974609375
2162 0.974609375
2163 0.974609375
2164 0.974609375
2165 0.974609375
2166 0.974609375
2167 0.974609375
2168 0.974609375
2169 0.974609375
2170 0.974609375
2171 0.974609375
2172 0.974609375
2173 0.974609375
2174 0.974609375
2175 0.974609375
2176 0.974609375
2177 0.974609375
2178 0.974609375
2179 0.974609375
2180 0.974609375
2181 0.974609375
2182 0.974609375
2183 0.974609375
2184 0.974609375
2185 0.974609375
2186 0.974609375
2187 0.974609375
2188 0.974609375
2189 0.974609375
2190 0.974609375
2191 0.974609375
2192 0.974609375
2193 0.974609375
2194 0.974609375
2195 0.974609375
2196 0.974609375
2197 0.974609375
2198 0.974609375
2199 0.974609375
2200 0.974609375
2201 0.974609375
2202 0.974609375
2203 0.974609375
2204 0.974609375
2205 0.974609375
2206 0.974609375
2207 0.974609375
2208 0.974609375
2209 0.974609375
2210 0.974609375
2211 0.974609375
2212 0.974609375
2213 0.974609375
2214 0.974609375
2215 0.974609375
2216 0.974609375
2217 0.974609375
2218 0.974609375
2219 0.974609375
2220 0.974609375
2221 0.974609375
2222 0.974609375
2223 0.974609375
2224 0.974609375
2225 0.974609375
2226 0.974609375
2227 0.974609375
2228 0.974609375
2229 0.974609375
2230 0.974609375
2231 0.974609375
2232 0.974609375
2233 0.974609375
2234 0.974609375
2235 0.974609375
2236 0.974609375
2237 0.974609375
2238 0.974609375
2239 0.974609375
2240 0.974609375
2241 0.974609375
2242 0.974609375
2243 0.974609375
2244 0.974609375
2245 0.974609375
2246 0.974609375
2247 0.974609375
2248 0.974609375
2249 0.974609375
2250 0.974609375
2251 0.974609375
2252 0.974609375
2253 0.974609375
2254 0.974609375
2255 0.974609375
2256 0.974609375
2257 0.974609375
2258 0.974609375
2259 0.974609375
2260 0.974609375
2261 0.974609375
2262 0.974609375
2263 0.974609375
2264 0.974609375
2265 0.974609375
2266 0.974609375
2267 0.974609375
2268 0.974609375
2269 0.974609375
2270 0.974609375
2271 0.974609375
2272 0.974609375
2273 0.974609375
2274 0.974609375
2275 0.974609375
2276 0.974609375
2277 0.974609375
2278 0.974609375
2279 0.974609375
2280 0.974609375
2281 0.974609375
2282 0.974609375
2283 0.974609375
2284 0.974609375
2285 0.974609375
2286 0.974609375
2287 0.974609375
2288 0.974609375
2289 0.974609375
2290 0.974609375
2291 0.974609375
2292 0.974609375
2293 0.974609375
2294 0.974609375
2295 0.974609375
2296 0.974609375
2297 0.974609375
2298 0.974609375
2299 0.974609375
2300 0.974609375
2301 0.974609375
2302 0.974609375
2303 0.974609375
2304 0.974609375
2305 0.974609375
2306 0.974609375
2307 0.974609375
2308 0.974609375
2309 0.974609375
2310 0.974609375
2311 0.974609375
2312 0.974609375
2313 0.974609375
2314 0.974609375
2315 0.974609375
2316 0.974609375
2317 0.974609375
2318 0.974609375
2319 0.974609375
2320 0.974609375
2321 0.974609375
2322 0.974609375
2323 0.974609375
2324 0.974609375
2325 0.974609375
2326 0.974609375
2327 0.974609375
2328 0.974609375
2329 0.974609375
2330 0.974609375
2331 0.974609375
2332 0.974609375
2333 0.974609375
2334 0.974609375
2335 0.974609375
2336 0.974609375
2337 0.974609375
2338 0.974609375
2339 0.974609375
2340 0.974609375
2341 0.974609375
2342 0.974609375
2343 0.974609375
2344 0.974609375
2345 0.974609375
2346 0.974609375
2347 0.974609375
2348 0.974609375
2349 0.974609375
2350 0.974609375
2351 0.974609375
2352 0.974609375
2353 0.974609375
2354 0.974609375
2355 0.974609375
2356 0.974609375
2357 0.974609375
2358 0.974609375
2359 0.974609375
2360 0.974609375
2361 0.974609375
2362 0.974609375
2363 0.974609375
2364 0.974609375
2365 0.974609375
2366 0.974609375
2367 0.974609375
2368 0.974609375
2369 0.974609375
2370 0.974609375
2371 0.974609375
2372 0.974609375
2373 0.974609375
2374 0.974609375
2375 0.974609375
2376 0.974609375
2377 0.974609375
2378 0.974609375
2379 0.974609375
2380 0.974609375
2381 0.974609375
2382 0.974609375
2383 0.974609375
2384 0.974609375
2385 0.974609375
2386 0.974609375
2387 0.974609375
2388 0.974609375
2389 0.974609375
2390 0.974609375
2391 0.974609375
2392 0.974609375
2393 0.974609375
2394 0.974609375
2395 0.974609375
2396 0.974609375
2397 0.974609375
2398 0.974609375
2399 0.974609375
2400 0.974609375
2401 0.974609375
2402 0.974609375
2403 0.974609375
2404 0.974609375
2405 0.974609375
2406 0.974609375
2407 0.974609375
2408 0.974609375
2409 0.974609375
2410 0.974609375
2411 0.974609375
2412 0.974609375
2413 0.974609375
2414 0.974609375
2415 0.974609375
2416 0.974609375
2417 0.974609375
2418 0.974609375
2419 0.974609375
2420 0.974609375
2421 0.974609375
2422 0.974609375
2423 0.974609375
2424 0.974609375
2425 0.974609375
2426 0.974609375
2427 0.974609375
2428 0.974609375
2429 0.974609375
2430 0.974609375
2431 0.974609375
2432 0.974609375
2433 0.974609375
2434 0.974609375
2435 0.974609375
2436 0.974609375
2437 0.974609375
2438 0.974609375
2439 0.974609375
2440 0.974609375
2441 0.974609375
2442 0.974609375
2443 0.974609375
2444 0.974609375
2445 0.974609375
2446 0.974609375
2447 0.974609375
2448 0.974609375
2449 0.974609375
2450 0.974609375
2451 0.974609375
2452 0.974609375
2453 0.974609375
2454 0.974609375
2455 0.974609375
2456 0.974609375
2457 0.974609375
2458 0.974609375
2459 0.974609375
2460 0.974609375
2461 0.974609375
2462 0.974609375
2463 0.974609375
2464 0.974609375
2465 0.974609375
2466 0.974609375
2467 0.974609375
2468 0.974609375
2469 0.974609375
2470 0.974609375
2471 0.974609375
2472 0.974609375
2473 0.974609375
2474 0.974609375
2475 0.974609375
2476 0.974609375
2477 0.974609375
2478 0.974609375
2479 0.974609375
2480 0.974609375
2481 0.974609375
2482 0.974609375
2483 0.974609375
2484 0.974609375
2485 0.974609375
2486 0.974609375
2487 0.974609375
2488 0.974609375
2489 0.974609375
2490 0.974609375
2491 0.974609375
2492 0.974609375
2493 0.974609375
2494 0.974609375
2495 0.974609375
2496 0.974609375
2497 0.974609375
2498 0.974609375
2499 0.974609375
2500 0.974609375
2501 0.974609375
2502 0.974609375
2503 0.974609375
2504 0.974609375
2505 0.974609375
2506 0.974609375
2507 0.974609375
2508 0.974609375
2509 0.974609375
2510 0.974609375
2511 0.974609375
2512 0.974609375
2513 0.974609375
2514 0.974609375
2515 0.974609375
2516 0.974609375
2517 0.974609375
2518 0.974609375
2519 0.974609375
2520 0.974609375
2521 0.974609375
2522 0.974609375
2523 0.974609375
2524 0.974609375
2525 0.974609375
2526 0.974609375
2527 0.974609375
2528 0.974609375
2529 0.974609375
2530 0.974609375
2531 0.974609375
2532 0.974609375
2533 0.974609375
2534 0.974609375
2535 0.974609375
2536 0.974609375
2537 0.974609375
2538 0.974609375
2539 0.974609375
2540 0.974609375
2541 0.974609375
2542 0.974609375
2543 0.974609375
2544 0.974609375
2545 0.974609375
2546 0.974609375
2547 0.974609375
2548 0.974609375
2549 0.974609375
2550 0.974609375
2551 0.974609375
2552 0.974609375
2553 0.974609375
2554 0.974609375
2555 0.974609375
2556 0.974609375
2557 0.974609375
2558 0.974609375
2559 0.974609375
2560 0.974609375
2561 0.974609375
2562 0.974609375
2563 0.974609375
2564 0.974609375
2565 0.974609375
2566 0.974609375
2567 0.974609375
2568 0.974609375
2569 0.974609375
2570 0.974609375
2571 0.974609375
2572 0.974609375
2573 0.974609375
2574 0.974609375
2575 0.974609375
2576 0.974609375
2577 0.974609375
2578 0.974609375
2579 0.974609375
2580 0.974609375
2581 0.974609375
2582 0.974609375
2583 0.974609375
2584 0.974609375
2585 0.974609375
2586 0.974609375
2587 0.974609375
2588 0.974609375
2589 0.974609375
2590 0.974609375
2591 0.974609375
2592 0.974609375
2593 0.974609375
2594 0.974609375
2595 0.974609375
2596 0.974609375
2597 0.974609375
2598 0.974609375
2599 0.974609375
2600 0.974609375
2601 0.974609375
2602 0.974609375
2603 0.974609375
2604 0.974609375
2605 0.974609375
2606 0.974609375
2607 0.974609375
2608 0.974609375
2609 0.974609375
2610 0.974609375
2611 0.974609375
2612 0.974609375
2613 0.974609375
2614 0.974609375
2615 0.974609375
2616 0.974609375
2617 0.974609375
2618 0.974609375
2619 0.974609375
2620 0.974609375
2621 0.974609375
2622 0.974609375
2623 0.974609375
2624 0.974609375
2625 0.974609375
2626 0.974609375
2627 0.974609375
2628 0.974609375
2629 0.974609375
2630 0.974609375
2631 0.974609375
2632 0.974609375
2633 0.974609375
2634 0.974609375
2635 0.974609375
2636 0.974609375
2637 0.974609375
2638 0.974609375
2639 0.974609375
2640 0.974609375
2641 0.974609375
2642 0.974609375
2643 0.974609375
2644 0.974609375
2645 0.974609375
2646 0.974609375
2647 0.974609375
2648 0.974609375
2649 0.974609375
2650 0.974609375
2651 0.974609375
2652 0.974609375
2653 0.974609375
2654 0.974609375
2655 0.974609375
2656 0.974609375
2657 0.974609375
2658 0.974609375
2659 0.974609375
2660 0.974609375
2661 0.974609375
2662 0.974609375
2663 0.974609375
2664 0.974609375
2665 0.974609375
2666 0.974609375
2667 0.974609375
2668 0.974609375
2669 0.974609375
2670 0.974609375
2671 0.974609375
2672 0.974609375
2673 0.974609375
2674 0.974609375
2675 0.974609375
2676 0.974609375
2677 0.974609375
2678 0.974609375
2679 0.974609375
2680 0.974609375
2681 0.974609375
2682 0.974609375
2683 0.974609375
2684 0.974609375
2685 0.974609375
2686 0.974609375
2687 0.974609375
2688 0.974609375
2689 0.974609375
2690 0.974609375
2691 0.974609375
2692 0.974609375
2693 0.974609375
2694 0.974609375
2695 0.974609375
2696 0.974609375
2697 0.974609375
2698 0.974609375
2699 0.974609375
2700 0.974609375
2701 0.974609375
2702 0.974609375
2703 0.974609375
2704 0.974609375
2705 0.974609375
2706 0.974609375
2707 0.974609375
2708 0.974609375
2709 0.974609375
2710 0.974609375
2711 0.974609375
2712 0.974609375
2713 0.974609375
2714 0.974609375
2715 0.974609375
2716 0.974609375
2717 0.974609375
2718 0.974609375
2719 0.974609375
2720 0.974609375
2721 0.974609375
2722 0.974609375
2723 0.974609375
2724 0.974609375
2725 0.974609375
2726 0.974609375
2727 0.974609375
2728 0.974609375
2729 0.974609375
2730 0.974609375
2731 0.974609375
2732 0.974609375
2733 0.974609375
2734 0.974609375
2735 0.974609375
2736 0.974609375
2737 0.974609375
2738 0.974609375
2739 0.974609375
2740 0.974609375
2741 0.974609375
2742 0.974609375
2743 0.974609375
2744 0.974609375
2745 0.974609375
2746 0.974609375
2747 0.974609375
2748 0.974609375
2749 0.974609375
2750 0.974609375
2751 0.974609375
2752 0.974609375
2753 0.974609375
2754 0.974609375
2755 0.974609375
2756 0.974609375
2757 0.974609375
2758 0.974609375
2759 0.974609375
2760 0.974609375
2761 0.974609375
2762 0.974609375
2763 0.974609375
2764 0.974609375
2765 0.974609375
2766 0.974609375
2767 0.974609375
2768 0.974609375
2769 0.974609375
2770 0.974609375
2771 0.974609375
2772 0.974609375
2773 0.974609375
2774 0.974609375
2775 0.974609375
2776 0.974609375
2777 0.974609375
2778 0.974609375
2779 0.974609375
2780 0.974609375
2781 0.974609375
2782 0.974609375
2783 0.974609375
2784 0.974609375
2785 0.974609375
2786 0.974609375
2787 0.974609375
2788 0.974609375
2789 0.974609375
2790 0.974609375
2791 0.974609375
2792 0.974609375
2793 0.974609375
2794 0.974609375
2795 0.974609375
2796 0.974609375
2797 0.974609375
2798 0.974609375
2799 0.974609375
2800 0.974609375
2801 0.974609375
2802 0.974609375
2803 0.974609375
2804 0.974609375
2805 0.974609375
2806 0.974609375
2807 0.974609375
2808 0.974609375
2809 0.974609375
2810 0.974609375
2811 0.974609375
2812 0.974609375
2813 0.974609375
2814 0.974609375
2815 0.974609375
2816 0.974609375
2817 0.974609375
2818 0.974609375
2819 0.974609375
2820 0.974609375
2821 0.974609375
2822 0.974609375
2823 0.974609375
2824 0.974609375
2825 0.974609375
2826 0.974609375
2827 0.974609375
2828 0.974609375
2829 0.974609375
2830 0.974609375
2831 0.974609375
2832 0.974609375
2833 0.974609375
2834 0.974609375
2835 0.974609375
2836 0.974609375
2837 0.974609375
2838 0.974609375
2839 0.974609375
2840 0.974609375
2841 0.974609375
2842 0.974609375
2843 0.974609375
2844 0.974609375
2845 0.974609375
2846 0.974609375
2847 0.974609375
2848 0.974609375
2849 0.974609375
2850 0.974609375
2851 0.974609375
2852 0.974609375
2853 0.974609375
2854 0.974609375
2855 0.974609375
2856 0.974609375
2857 0.974609375
2858 0.974609375
2859 0.974609375
2860 0.974609375
2861 0.974609375
2862 0.974609375
2863 0.974609375
2864 0.974609375
2865 0.974609375
2866 0.974609375
2867 0.974609375
2868 0.974609375
2869 0.974609375
2870 0.974609375
2871 0.974609375
2872 0.974609375
2873 0.974609375
2874 0.974609375
2875 0.974609375
2876 0.974609375
2877 0.974609375
2878 0.974609375
2879 0.974609375
2880 0.974609375
2881 0.974609375
2882 0.974609375
2883 0.974609375
2884 0.974609375
2885 0.974609375
2886 0.974609375
2887 0.974609375
2888 0.974609375
2889 0.974609375
2890 0.974609375
2891 0.974609375
2892 0.974609375
2893 0.974609375
2894 0.974609375
2895 0.974609375
2896 0.974609375
2897 0.974609375
2898 0.974609375
2899 0.974609375
2900 0.974609375
2901 0.974609375
2902 0.974609375
2903 0.974609375
2904 0.974609375
2905 0.974609375
2906 0.974609375
2907 0.974609375
2908 0.974609375
2909 0.974609375
2910 0.974609375
2911 0.974609375
2912 0.974609375
2913 0.974609375
2914 0.974609375
2915 0.974609375
2916 0.974609375
2917 0.974609375
2918 0.974609375
2919 0.974609375
2920 0.974609375
2921 0.974609375
2922 0.974609375
2923 0.974609375
2924 0.974609375
2925 0.974609375
2926 0.974609375
2927 0.974609375
2928 0.974609375
2929 0.974609375
2930 0.974609375
2931 0.974609375
2932 0.974609375
2933 0.974609375
2934 0.974609375
2935 0.974609375
2936 0.974609375
2937 0.974609375
2938 0.974609375
2939 0.974609375
2940 0.974609375
2941 0.974609375
2942 0.974609375
2943 0.974609375
2944 0.974609375
2945 0.974609375
2946 0.974609375
2947 0.974609375
2948 0.974609375
2949 0.974609375
2950 0.974609375
2951 0.974609375
2952 0.974609375
2953 0.974609375
2954 0.974609375
2955 0.974609375
2956 0.974609375
2957 0.974609375
2958 0.974609375
2959 0.974609375
2960 0.974609375
2961 0.974609375
2962 0.974609375
2963 0.974609375
2964 0.974609375
2965 0.974609375
2966 0.974609375
2967 0.974609375
2968 0.974609375
2969 0.974609375
2970 0.974609375
2971 0.974609375
2972 0.974609375
2973 0.974609375
2974 0.974609375
2975 0.974609375
2976 0.974609375
2977 0.974609375
2978 0.974609375
2979 0.974609375
2980 0.974609375
2981 0.974609375
2982 0.974609375
2983 0.974609375
2984 0.974609375
2985 0.974609375
2986 0.974609375
2987 0.974609375
2988 0.974609375
2989 0.974609375
2990 0.974609375
2991 0.974609375
2992 0.974609375
2993 0.974609375
2994 0.974609375
2995 0.974609375
2996 0.974609375
2997 0.974609375
2998 0.974609375
2999 0.974609375
3000 0.974609375
3001 0.974609375
3002 0.974609375
3003 0.974609375
3004 0.974609375
3005 0.974609375
3006 0.974609375
3007 0.974609375
3008 0.974609375
3009 0.974609375
3010 0.974609375
3011 0.974609375
3012 0.974609375
3013 0.974609375
3014 0.974609375
3015 0.974609375
3016 0.974609375
3017 0.974609375
3018 0.974609375
3019 0.974609375
3020 0.974609375
3021 0.974609375
3022 0.974609375
3023 0.974609375
3024 0.974609375
3025 0.974609375
3026 0.974609375
3027 0.974609375
3028 0.974609375
3029 0.974609375
3030 0.974609375
3031 0.974609375
3032 0.974609375
3033 0.974609375
3034 0.974609375
3035 0.974609375
3036 0.974609375
3037 0.974609375
3038 0.974609375
3039 0.974609375
3040 0.974609375
3041 0.974609375
3042 0.974609375
3043 0.974609375
3044 0.974609375
3045 0.974609375
3046 0.974609375
3047 0.974609375
3048 0.974609375
3049 0.9765625
3050 0.9765625
3051 0.9765625
3052 0.9765625
3053 0.9765625
3054 0.9765625
3055 0.9765625
3056 0.9765625
3057 0.9765625
3058 0.9765625
3059 0.9765625
3060 0.9765625
3061 0.9765625
3062 0.9765625
3063 0.9765625
3064 0.9765625
3065 0.9765625
3066 0.9765625
3067 0.9765625
3068 0.9765625
3069 0.9765625
3070 0.9765625
3071 0.9765625
3072 0.9765625
3073 0.9765625
3074 0.9765625
3075 0.9765625
3076 0.9765625
3077 0.9765625
3078 0.9765625
3079 0.9765625
3080 0.9765625
3081 0.9765625
3082 0.9765625
3083 0.9765625
3084 0.9765625
3085 0.9765625
3086 0.9765625
3087 0.9765625
3088 0.978515625
3089 0.978515625
3090 0.978515625
3091 0.978515625
3092 0.978515625
3093 0.978515625
3094 0.978515625
3095 0.978515625
3096 0.978515625
3097 0.978515625
3098 0.978515625
3099 0.978515625
3100 0.978515625
3101 0.978515625
3102 0.978515625
3103 0.978515625
3104 0.978515625
3105 0.978515625
3106 0.978515625
3107 0.978515625
3108 0.978515625
3109 0.978515625
3110 0.978515625
3111 0.978515625
3112 0.978515625
3113 0.978515625
3114 0.978515625
3115 0.978515625
3116 0.978515625
3117 0.978515625
3118 0.978515625
3119 0.978515625
3120 0.978515625
3121 0.978515625
3122 0.978515625
3123 0.978515625
3124 0.978515625
3125 0.978515625
3126 0.978515625
3127 0.978515625
3128 0.978515625
3129 0.978515625
3130 0.978515625
3131 0.978515625
3132 0.978515625
3133 0.978515625
3134 0.978515625
3135 0.978515625
3136 0.978515625
3137 0.978515625
3138 0.978515625
3139 0.978515625
3140 0.978515625
3141 0.978515625
3142 0.978515625
3143 0.978515625
3144 0.978515625
3145 0.978515625
3146 0.978515625
3147 0.978515625
3148 0.978515625
3149 0.978515625
3150 0.978515625
3151 0.978515625
3152 0.978515625
3153 0.978515625
3154 0.978515625
3155 0.978515625
3156 0.978515625
3157 0.978515625
3158 0.978515625
3159 0.978515625
3160 0.978515625
3161 0.978515625
3162 0.978515625
3163 0.978515625
3164 0.978515625
3165 0.978515625
3166 0.978515625
3167 0.978515625
3168 0.978515625
3169 0.978515625
3170 0.978515625
3171 0.978515625
3172 0.978515625
3173 0.978515625
3174 0.978515625
3175 0.978515625
3176 0.978515625
3177 0.978515625
3178 0.978515625
3179 0.978515625
3180 0.978515625
3181 0.978515625
3182 0.978515625
3183 0.978515625
3184 0.978515625
3185 0.978515625
3186 0.978515625
3187 0.978515625
3188 0.978515625
3189 0.978515625
3190 0.978515625
3191 0.978515625
3192 0.978515625
3193 0.978515625
3194 0.978515625
3195 0.978515625
3196 0.978515625
3197 0.978515625
3198 0.978515625
3199 0.978515625
3200 0.978515625
3201 0.978515625
3202 0.978515625
3203 0.978515625
3204 0.978515625
3205 0.978515625
3206 0.978515625
3207 0.978515625
3208 0.978515625
3209 0.978515625
3210 0.978515625
3211 0.978515625
3212 0.978515625
3213 0.978515625
3214 0.978515625
3215 0.978515625
3216 0.978515625
3217 0.978515625
3218 0.978515625
3219 0.978515625
3220 0.978515625
3221 0.978515625
3222 0.978515625
3223 0.978515625
3224 0.978515625
3225 0.978515625
3226 0.978515625
3227 0.978515625
3228 0.978515625
3229 0.978515625
3230 0.978515625
3231 0.978515625
3232 0.978515625
3233 0.978515625
3234 0.978515625
3235 0.978515625
3236 0.978515625
3237 0.978515625
3238 0.978515625
3239 0.978515625
3240 0.978515625
3241 0.978515625
3242 0.978515625
3243 0.978515625
3244 0.978515625
3245 0.978515625
3246 0.978515625
3247 0.978515625
3248 0.978515625
3249 0.978515625
3250 0.978515625
3251 0.978515625
3252 0.978515625
3253 0.978515625
3254 0.978515625
3255 0.978515625
3256 0.978515625
3257 0.978515625
3258 0.978515625
3259 0.978515625
3260 0.978515625
3261 0.978515625
3262 0.978515625
3263 0.978515625
3264 0.978515625
3265 0.978515625
3266 0.978515625
3267 0.978515625
3268 0.978515625
3269 0.978515625
3270 0.978515625
3271 0.978515625
3272 0.978515625
3273 0.978515625
3274 0.978515625
3275 0.978515625
3276 0.978515625
3277 0.978515625
3278 0.978515625
3279 0.978515625
3280 0.978515625
3281 0.978515625
3282 0.978515625
3283 0.978515625
3284 0.978515625
3285 0.978515625
3286 0.978515625
3287 0.978515625
3288 0.978515625
3289 0.978515625
3290 0.978515625
3291 0.978515625
3292 0.978515625
3293 0.978515625
3294 0.978515625
3295 0.978515625
3296 0.978515625
3297 0.978515625
3298 0.978515625
3299 0.978515625
3300 0.978515625
3301 0.978515625
3302 0.978515625
3303 0.978515625
3304 0.978515625
3305 0.978515625
3306 0.978515625
3307 0.978515625
3308 0.978515625
3309 0.978515625
3310 0.978515625
3311 0.978515625
3312 0.978515625
3313 0.978515625
3314 0.978515625
3315 0.978515625
3316 0.978515625
3317 0.978515625
3318 0.978515625
3319 0.978515625
3320 0.978515625
3321 0.978515625
3322 0.978515625
3323 0.978515625
3324 0.978515625
3325 0.978515625
3326 0.978515625
3327 0.978515625
3328 0.978515625
3329 0.978515625
3330 0.978515625
3331 0.978515625
3332 0.978515625
3333 0.978515625
3334 0.978515625
3335 0.978515625
3336 0.978515625
3337 0.978515625
3338 0.978515625
3339 0.978515625
3340 0.978515625
3341 0.978515625
3342 0.978515625
3343 0.978515625
3344 0.978515625
3345 0.978515625
3346 0.978515625
3347 0.978515625
3348 0.978515625
3349 0.978515625
3350 0.978515625
3351 0.978515625
3352 0.978515625
3353 0.978515625
3354 0.978515625
3355 0.978515625
3356 0.978515625
3357 0.978515625
3358 0.978515625
3359 0.978515625
3360 0.978515625
3361 0.978515625
3362 0.978515625
3363 0.978515625
3364 0.978515625
3365 0.978515625
3366 0.978515625
3367 0.978515625
3368 0.978515625
3369 0.978515625
3370 0.978515625
3371 0.978515625
3372 0.978515625
3373 0.978515625
3374 0.978515625
3375 0.978515625
3376 0.978515625
3377 0.978515625
3378 0.978515625
3379 0.978515625
3380 0.978515625
3381 0.978515625
3382 0.978515625
3383 0.978515625
3384 0.978515625
3385 0.978515625
3386 0.978515625
3387 0.978515625
3388 0.978515625
3389 0.978515625
3390 0.978515625
3391 0.978515625
3392 0.978515625
3393 0.978515625
3394 0.978515625
3395 0.978515625
3396 0.978515625
3397 0.978515625
3398 0.978515625
3399 0.978515625
3400 0.978515625
3401 0.978515625
3402 0.978515625
3403 0.978515625
3404 0.978515625
3405 0.978515625
3406 0.978515625
3407 0.978515625
3408 0.978515625
3409 0.978515625
3410 0.978515625
3411 0.978515625
3412 0.978515625
3413 0.978515625
3414 0.978515625
3415 0.978515625
3416 0.978515625
3417 0.978515625
3418 0.978515625
3419 0.978515625
3420 0.978515625
3421 0.978515625
3422 0.978515625
3423 0.978515625
3424 0.978515625
3425 0.978515625
3426 0.978515625
3427 0.978515625
3428 0.978515625
3429 0.978515625
3430 0.978515625
3431 0.978515625
3432 0.978515625
3433 0.978515625
3434 0.978515625
3435 0.978515625
3436 0.978515625
3437 0.978515625
3438 0.978515625
3439 0.978515625
3440 0.978515625
3441 0.978515625
3442 0.978515625
3443 0.978515625
3444 0.978515625
3445 0.978515625
3446 0.978515625
3447 0.978515625
3448 0.978515625
3449 0.978515625
3450 0.978515625
3451 0.978515625
3452 0.978515625
3453 0.978515625
3454 0.978515625
3455 0.978515625
3456 0.978515625
3457 0.978515625
3458 0.978515625
3459 0.978515625
3460 0.978515625
3461 0.978515625
3462 0.978515625
3463 0.978515625
3464 0.978515625
3465 0.978515625
3466 0.978515625
3467 0.978515625
3468 0.978515625
3469 0.978515625
3470 0.978515625
3471 0.978515625
3472 0.978515625
3473 0.978515625
3474 0.978515625
3475 0.978515625
3476 0.978515625
3477 0.978515625
3478 0.978515625
3479 0.978515625
3480 0.978515625
3481 0.978515625
3482 0.978515625
3483 0.978515625
3484 0.978515625
3485 0.978515625
3486 0.978515625
3487 0.978515625
3488 0.978515625
3489 0.978515625
3490 0.978515625
3491 0.978515625
3492 0.978515625
3493 0.978515625
3494 0.978515625
3495 0.978515625
3496 0.978515625
3497 0.978515625
3498 0.978515625
3499 0.978515625
3500 0.978515625
3501 0.978515625
3502 0.978515625
3503 0.978515625
3504 0.978515625
3505 0.978515625
3506 0.978515625
3507 0.978515625
3508 0.978515625
3509 0.978515625
3510 0.978515625
3511 0.978515625
3512 0.978515625
3513 0.978515625
3514 0.978515625
3515 0.978515625
3516 0.978515625
3517 0.978515625
3518 0.978515625
3519 0.978515625
3520 0.978515625
3521 0.978515625
3522 0.978515625
3523 0.978515625
3524 0.978515625
3525 0.978515625
3526 0.978515625
3527 0.978515625
3528 0.978515625
3529 0.978515625
3530 0.978515625
3531 0.978515625
3532 0.978515625
3533 0.978515625
3534 0.978515625
3535 0.978515625
3536 0.978515625
3537 0.978515625
3538 0.978515625
3539 0.978515625
3540 0.978515625
3541 0.978515625
3542 0.978515625
3543 0.978515625
3544 0.978515625
3545 0.978515625
3546 0.978515625
3547 0.978515625
3548 0.978515625
3549 0.978515625
3550 0.978515625
3551 0.978515625
3552 0.978515625
3553 0.978515625
3554 0.978515625
3555 0.978515625
3556 0.978515625
3557 0.978515625
3558 0.978515625
3559 0.978515625
3560 0.978515625
3561 0.978515625
3562 0.978515625
3563 0.978515625
3564 0.978515625
3565 0.978515625
3566 0.978515625
3567 0.978515625
3568 0.978515625
3569 0.978515625
3570 0.978515625
3571 0.978515625
3572 0.978515625
3573 0.978515625
3574 0.978515625
3575 0.978515625
3576 0.978515625
3577 0.978515625
3578 0.978515625
3579 0.978515625
3580 0.978515625
3581 0.978515625
3582 0.978515625
3583 0.978515625
3584 0.978515625
3585 0.978515625
3586 0.978515625
3587 0.978515625
3588 0.978515625
3589 0.978515625
3590 0.978515625
3591 0.978515625
3592 0.978515625
3593 0.978515625
3594 0.978515625
3595 0.978515625
3596 0.978515625
3597 0.978515625
3598 0.978515625
3599 0.978515625
3600 0.978515625
3601 0.978515625
3602 0.978515625
3603 0.978515625
3604 0.978515625
3605 0.978515625
3606 0.978515625
3607 0.978515625
3608 0.978515625
3609 0.978515625
3610 0.978515625
3611 0.978515625
3612 0.978515625
3613 0.978515625
3614 0.978515625
3615 0.978515625
3616 0.978515625
3617 0.978515625
3618 0.978515625
3619 0.978515625
3620 0.978515625
3621 0.978515625
3622 0.978515625
3623 0.978515625
3624 0.978515625
3625 0.978515625
3626 0.978515625
3627 0.978515625
3628 0.978515625
3629 0.978515625
3630 0.978515625
3631 0.978515625
3632 0.978515625
3633 0.978515625
3634 0.978515625
3635 0.978515625
3636 0.978515625
3637 0.978515625
3638 0.978515625
3639 0.978515625
3640 0.978515625
3641 0.978515625
3642 0.978515625
3643 0.978515625
3644 0.978515625
3645 0.978515625
3646 0.978515625
3647 0.978515625
3648 0.978515625
3649 0.978515625
3650 0.978515625
3651 0.978515625
3652 0.978515625
3653 0.978515625
3654 0.978515625
3655 0.978515625
3656 0.978515625
3657 0.978515625
3658 0.978515625
3659 0.978515625
3660 0.978515625
3661 0.978515625
3662 0.978515625
3663 0.978515625
3664 0.978515625
3665 0.978515625
3666 0.978515625
3667 0.978515625
3668 0.978515625
3669 0.978515625
3670 0.978515625
3671 0.978515625
3672 0.978515625
3673 0.978515625
3674 0.978515625
3675 0.978515625
3676 0.978515625
3677 0.978515625
3678 0.978515625
3679 0.978515625
3680 0.978515625
3681 0.978515625
3682 0.978515625
3683 0.978515625
3684 0.978515625
3685 0.978515625
3686 0.978515625
3687 0.978515625
3688 0.978515625
3689 0.978515625
3690 0.978515625
3691 0.978515625
3692 0.978515625
3693 0.978515625
3694 0.978515625
3695 0.978515625
3696 0.978515625
3697 0.978515625
3698 0.978515625
3699 0.978515625
3700 0.978515625
3701 0.978515625
3702 0.978515625
3703 0.978515625
3704 0.978515625
3705 0.978515625
3706 0.978515625
3707 0.978515625
3708 0.978515625
3709 0.978515625
3710 0.978515625
3711 0.978515625
3712 0.978515625
3713 0.978515625
3714 0.978515625
3715 0.978515625
3716 0.978515625
3717 0.978515625
3718 0.978515625
3719 0.978515625
3720 0.978515625
3721 0.978515625
3722 0.978515625
3723 0.978515625
3724 0.978515625
3725 0.978515625
3726 0.978515625
3727 0.978515625
3728 0.978515625
3729 0.978515625
3730 0.978515625
3731 0.978515625
3732 0.978515625
3733 0.978515625
3734 0.978515625
3735 0.978515625
3736 0.978515625
3737 0.978515625
3738 0.978515625
3739 0.978515625
3740 0.978515625
3741 0.978515625
3742 0.978515625
3743 0.978515625
3744 0.978515625
3745 0.978515625
3746 0.978515625
3747 0.978515625
3748 0.978515625
3749 0.978515625
3750 0.978515625
3751 0.978515625
3752 0.978515625
3753 0.978515625
3754 0.978515625
3755 0.978515625
3756 0.978515625
3757 0.978515625
3758 0.978515625
3759 0.978515625
3760 0.978515625
3761 0.978515625
3762 0.978515625
3763 0.978515625
3764 0.978515625
3765 0.978515625
3766 0.978515625
3767 0.978515625
3768 0.978515625
3769 0.978515625
3770 0.978515625
3771 0.978515625
3772 0.978515625
3773 0.978515625
3774 0.978515625
3775 0.978515625
3776 0.978515625
3777 0.978515625
3778 0.978515625
3779 0.978515625
3780 0.978515625
3781 0.978515625
3782 0.978515625
3783 0.978515625
3784 0.978515625
3785 0.978515625
3786 0.978515625
3787 0.978515625
3788 0.978515625
3789 0.978515625
3790 0.978515625
3791 0.978515625
3792 0.978515625
3793 0.978515625
3794 0.978515625
3795 0.978515625
3796 0.978515625
3797 0.978515625
3798 0.978515625
3799 0.978515625
3800 0.978515625
3801 0.978515625
3802 0.978515625
3803 0.978515625
3804 0.978515625
3805 0.978515625
3806 0.978515625
3807 0.978515625
3808 0.978515625
3809 0.978515625
3810 0.978515625
3811 0.978515625
3812 0.978515625
3813 0.978515625
3814 0.978515625
3815 0.978515625
3816 0.978515625
3817 0.978515625
3818 0.978515625
3819 0.978515625
3820 0.978515625
3821 0.978515625
3822 0.978515625
3823 0.978515625
3824 0.978515625
3825 0.978515625
3826 0.978515625
3827 0.978515625
3828 0.978515625
3829 0.978515625
3830 0.978515625
3831 0.978515625
3832 0.978515625
3833 0.978515625
3834 0.978515625
3835 0.978515625
3836 0.978515625
3837 0.978515625
3838 0.978515625
3839 0.978515625
3840 0.978515625
3841 0.978515625
3842 0.978515625
3843 0.978515625
3844 0.978515625
3845 0.978515625
3846 0.978515625
3847 0.978515625
3848 0.978515625
3849 0.978515625
3850 0.978515625
3851 0.978515625
3852 0.978515625
3853 0.978515625
3854 0.978515625
3855 0.978515625
3856 0.978515625
3857 0.978515625
3858 0.978515625
3859 0.978515625
3860 0.978515625
3861 0.978515625
3862 0.978515625
3863 0.978515625
3864 0.978515625
3865 0.978515625
3866 0.978515625
3867 0.978515625
3868 0.978515625
3869 0.978515625
3870 0.978515625
3871 0.978515625
3872 0.978515625
3873 0.978515625
3874 0.978515625
3875 0.978515625
3876 0.978515625
3877 0.978515625
3878 0.978515625
3879 0.978515625
3880 0.978515625
3881 0.978515625
3882 0.978515625
3883 0.978515625
3884 0.978515625
3885 0.978515625
3886 0.978515625
3887 0.978515625
3888 0.978515625
3889 0.978515625
3890 0.978515625
3891 0.978515625
3892 0.978515625
3893 0.978515625
3894 0.978515625
3895 0.978515625
3896 0.978515625
3897 0.978515625
3898 0.978515625
3899 0.978515625
3900 0.978515625
3901 0.978515625
3902 0.978515625
3903 0.978515625
3904 0.978515625
3905 0.978515625
3906 0.978515625
3907 0.978515625
3908 0.978515625
3909 0.978515625
3910 0.978515625
3911 0.978515625
3912 0.978515625
3913 0.978515625
3914 0.978515625
3915 0.978515625
3916 0.978515625
3917 0.978515625
3918 0.978515625
3919 0.978515625
3920 0.978515625
3921 0.978515625
3922 0.978515625
3923 0.978515625
3924 0.978515625
3925 0.978515625
3926 0.978515625
3927 0.978515625
3928 0.978515625
3929 0.978515625
3930 0.978515625
3931 0.978515625
3932 0.978515625
3933 0.978515625
3934 0.978515625
3935 0.978515625
3936 0.978515625
3937 0.978515625
3938 0.978515625
3939 0.978515625
3940 0.978515625
3941 0.978515625
3942 0.978515625
3943 0.978515625
3944 0.978515625
3945 0.978515625
3946 0.978515625
3947 0.978515625
3948 0.978515625
3949 0.978515625
3950 0.978515625
3951 0.978515625
3952 0.978515625
3953 0.978515625
3954 0.978515625
3955 0.978515625
3956 0.978515625
3957 0.978515625
3958 0.978515625
3959 0.978515625
3960 0.978515625
3961 0.978515625
3962 0.978515625
3963 0.978515625
3964 0.978515625
3965 0.978515625
3966 0.978515625
3967 0.978515625
3968 0.978515625
3969 0.978515625
3970 0.978515625
3971 0.978515625
3972 0.978515625
3973 0.978515625
3974 0.978515625
3975 0.978515625
3976 0.978515625
3977 0.978515625
3978 0.978515625
3979 0.978515625
3980 0.978515625
3981 0.978515625
3982 0.978515625
3983 0.978515625
3984 0.978515625
3985 0.978515625
3986 0.978515625
3987 0.978515625
3988 0.978515625
3989 0.978515625
3990 0.978515625
3991 0.978515625
3992 0.978515625
3993 0.978515625
3994 0.978515625
3995 0.978515625
3996 0.978515625
3997 0.978515625
3998 0.978515625
3999 0.978515625
4000 0.978515625
4001 0.978515625
4002 0.978515625
4003 0.978515625
4004 0.978515625
4005 0.978515625
4006 0.978515625
4007 0.978515625
4008 0.978515625
4009 0.978515625
4010 0.978515625
4011 0.978515625
4012 0.978515625
4013 0.978515625
4014 0.978515625
4015 0.978515625
4016 0.978515625
4017 0.978515625
4018 0.978515625
4019 0.978515625
4020 0.978515625
4021 0.978515625
4022 0.978515625
4023 0.978515625
4024 0.978515625
4025 0.978515625
4026 0.978515625
4027 0.978515625
4028 0.978515625
4029 0.978515625
4030 0.978515625
4031 0.978515625
4032 0.978515625
4033 0.978515625
4034 0.978515625
4035 0.978515625
4036 0.978515625
4037 0.978515625
4038 0.978515625
4039 0.978515625
4040 0.978515625
4041 0.978515625
4042 0.978515625
4043 0.978515625
4044 0.978515625
4045 0.978515625
4046 0.978515625
4047 0.978515625
4048 0.978515625
4049 0.978515625
4050 0.978515625
4051 0.978515625
4052 0.978515625
4053 0.978515625
4054 0.978515625
4055 0.978515625
4056 0.978515625
4057 0.978515625
4058 0.978515625
4059 0.978515625
4060 0.978515625
4061 0.978515625
4062 0.978515625
4063 0.978515625
4064 0.978515625
4065 0.978515625
4066 0.978515625
4067 0.978515625
4068 0.978515625
4069 0.978515625
4070 0.978515625
4071 0.978515625
4072 0.978515625
4073 0.978515625
4074 0.978515625
4075 0.978515625
4076 0.978515625
4077 0.978515625
4078 0.978515625
4079 0.978515625
4080 0.978515625
4081 0.978515625
4082 0.978515625
4083 0.978515625
4084 0.978515625
4085 0.978515625
4086 0.978515625
4087 0.978515625
4088 0.978515625
4089 0.978515625
4090 0.978515625
4091 0.978515625
4092 0.978515625
4093 0.978515625
4094 0.978515625
4095 0.978515625
4096 0.978515625
4097 0.978515625
4098 0.978515625
4099 0.978515625
4100 0.978515625
4101 0.978515625
4102 0.978515625
4103 0.978515625
4104 0.978515625
4105 0.978515625
4106 0.978515625
4107 0.978515625
4108 0.978515625
4109 0.978515625
4110 0.978515625
4111 0.978515625
4112 0.978515625
4113 0.978515625
4114 0.978515625
4115 0.978515625
4116 0.978515625
4117 0.978515625
4118 0.978515625
4119 0.978515625
4120 0.978515625
4121 0.978515625
4122 0.978515625
4123 0.978515625
4124 0.978515625
4125 0.978515625
4126 0.978515625
4127 0.978515625
4128 0.978515625
4129 0.978515625
4130 0.978515625
4131 0.978515625
4132 0.978515625
4133 0.978515625
4134 0.978515625
4135 0.978515625
4136 0.978515625
4137 0.978515625
4138 0.978515625
4139 0.978515625
4140 0.978515625
4141 0.978515625
4142 0.978515625
4143 0.978515625
4144 0.978515625
4145 0.978515625
4146 0.978515625
4147 0.978515625
4148 0.978515625
4149 0.978515625
4150 0.978515625
4151 0.978515625
4152 0.978515625
4153 0.978515625
4154 0.978515625
4155 0.978515625
4156 0.978515625
4157 0.978515625
4158 0.978515625
4159 0.978515625
4160 0.978515625
4161 0.978515625
4162 0.978515625
4163 0.978515625
4164 0.978515625
4165 0.978515625
4166 0.978515625
4167 0.978515625
4168 0.978515625
4169 0.978515625
4170 0.978515625
4171 0.978515625
4172 0.978515625
4173 0.978515625
4174 0.978515625
4175 0.978515625
4176 0.978515625
4177 0.978515625
4178 0.978515625
4179 0.978515625
4180 0.978515625
4181 0.978515625
4182 0.978515625
4183 0.978515625
4184 0.978515625
4185 0.978515625
4186 0.978515625
4187 0.978515625
4188 0.978515625
4189 0.978515625
4190 0.978515625
4191 0.978515625
4192 0.978515625
4193 0.978515625
4194 0.978515625
4195 0.978515625
4196 0.978515625
4197 0.978515625
4198 0.978515625
4199 0.978515625
4200 0.978515625
4201 0.978515625
4202 0.978515625
4203 0.978515625
4204 0.978515625
4205 0.978515625
4206 0.978515625
4207 0.978515625
4208 0.978515625
4209 0.978515625
4210 0.978515625
4211 0.978515625
4212 0.978515625
4213 0.978515625
4214 0.978515625
4215 0.978515625
4216 0.978515625
4217 0.978515625
4218 0.978515625
4219 0.978515625
4220 0.978515625
4221 0.978515625
4222 0.978515625
4223 0.978515625
4224 0.978515625
4225 0.978515625
4226 0.978515625
4227 0.978515625
4228 0.978515625
4229 0.978515625
4230 0.978515625
4231 0.978515625
4232 0.978515625
4233 0.978515625
4234 0.978515625
4235 0.978515625
4236 0.978515625
4237 0.978515625
4238 0.978515625
4239 0.978515625
4240 0.978515625
4241 0.978515625
4242 0.978515625
4243 0.978515625
4244 0.978515625
4245 0.978515625
4246 0.978515625
4247 0.978515625
4248 0.978515625
4249 0.978515625
4250 0.978515625
4251 0.978515625
4252 0.978515625
4253 0.978515625
4254 0.978515625
4255 0.978515625
4256 0.978515625
4257 0.978515625
4258 0.978515625
4259 0.978515625
4260 0.978515625
4261 0.978515625
4262 0.978515625
4263 0.978515625
4264 0.978515625
4265 0.978515625
4266 0.978515625
4267 0.978515625
4268 0.978515625
4269 0.978515625
4270 0.978515625
4271 0.978515625
4272 0.978515625
4273 0.978515625
4274 0.978515625
4275 0.978515625
4276 0.978515625
4277 0.978515625
4278 0.978515625
4279 0.978515625
4280 0.978515625
4281 0.978515625
4282 0.978515625
4283 0.978515625
4284 0.978515625
4285 0.978515625
4286 0.978515625
4287 0.978515625
4288 0.978515625
4289 0.978515625
4290 0.978515625
4291 0.978515625
4292 0.978515625
4293 0.978515625
4294 0.978515625
4295 0.978515625
4296 0.978515625
4297 0.978515625
4298 0.978515625
4299 0.978515625
4300 0.978515625
4301 0.978515625
4302 0.978515625
4303 0.978515625
4304 0.978515625
4305 0.978515625
4306 0.978515625
4307 0.978515625
4308 0.978515625
4309 0.978515625
4310 0.978515625
4311 0.978515625
4312 0.978515625
4313 0.978515625
4314 0.978515625
4315 0.978515625
4316 0.978515625
4317 0.978515625
4318 0.978515625
4319 0.978515625
4320 0.978515625
4321 0.978515625
4322 0.978515625
4323 0.978515625
4324 0.978515625
4325 0.978515625
4326 0.978515625
4327 0.978515625
4328 0.978515625
4329 0.978515625
4330 0.978515625
4331 0.978515625
4332 0.978515625
4333 0.978515625
4334 0.978515625
4335 0.978515625
4336 0.978515625
4337 0.978515625
4338 0.978515625
4339 0.978515625
4340 0.978515625
4341 0.978515625
4342 0.978515625
4343 0.978515625
4344 0.978515625
4345 0.978515625
4346 0.978515625
4347 0.978515625
4348 0.978515625
4349 0.978515625
4350 0.978515625
4351 0.978515625
4352 0.978515625
4353 0.978515625
4354 0.978515625
4355 0.978515625
4356 0.978515625
4357 0.978515625
4358 0.978515625
4359 0.978515625
4360 0.978515625
4361 0.978515625
4362 0.978515625
4363 0.978515625
4364 0.978515625
4365 0.978515625
4366 0.978515625
4367 0.978515625
4368 0.978515625
4369 0.978515625
4370 0.978515625
4371 0.978515625
4372 0.978515625
4373 0.978515625
4374 0.978515625
4375 0.978515625
4376 0.978515625
4377 0.978515625
4378 0.978515625
4379 0.978515625
4380 0.978515625
4381 0.978515625
4382 0.978515625
4383 0.978515625
4384 0.978515625
4385 0.978515625
4386 0.978515625
4387 0.978515625
4388 0.978515625
4389 0.978515625
4390 0.978515625
4391 0.978515625
4392 0.978515625
4393 0.978515625
4394 0.978515625
4395 0.978515625
4396 0.978515625
4397 0.978515625
4398 0.978515625
4399 0.978515625
4400 0.978515625
4401 0.978515625
4402 0.978515625
4403 0.978515625
4404 0.978515625
4405 0.978515625
4406 0.978515625
4407 0.978515625
4408 0.978515625
4409 0.978515625
4410 0.978515625
4411 0.978515625
4412 0.978515625
4413 0.978515625
4414 0.978515625
4415 0.978515625
4416 0.978515625
4417 0.978515625
4418 0.978515625
4419 0.978515625
4420 0.978515625
4421 0.978515625
4422 0.978515625
4423 0.978515625
4424 0.978515625
4425 0.978515625
4426 0.978515625
4427 0.978515625
4428 0.978515625
4429 0.978515625
4430 0.978515625
4431 0.978515625
4432 0.978515625
4433 0.978515625
4434 0.978515625
4435 0.978515625
4436 0.978515625
4437 0.978515625
4438 0.978515625
4439 0.978515625
4440 0.978515625
4441 0.978515625
4442 0.978515625
4443 0.978515625
4444 0.978515625
4445 0.978515625
4446 0.978515625
4447 0.978515625
4448 0.978515625
4449 0.978515625
4450 0.978515625
4451 0.978515625
4452 0.978515625
4453 0.978515625
4454 0.978515625
4455 0.978515625
4456 0.978515625
4457 0.978515625
4458 0.978515625
4459 0.978515625
4460 0.978515625
4461 0.978515625
4462 0.978515625
4463 0.978515625
4464 0.978515625
4465 0.978515625
4466 0.978515625
4467 0.978515625
4468 0.978515625
4469 0.978515625
4470 0.978515625
4471 0.978515625
4472 0.978515625
4473 0.978515625
4474 0.978515625
4475 0.978515625
4476 0.978515625
4477 0.978515625
4478 0.978515625
4479 0.978515625
4480 0.978515625
4481 0.978515625
4482 0.978515625
4483 0.978515625
4484 0.978515625
4485 0.978515625
4486 0.978515625
4487 0.978515625
4488 0.978515625
4489 0.978515625
4490 0.978515625
4491 0.978515625
4492 0.978515625
4493 0.978515625
4494 0.978515625
4495 0.978515625
4496 0.978515625
4497 0.978515625
4498 0.978515625
4499 0.978515625
4500 0.978515625
4501 0.978515625
4502 0.978515625
4503 0.978515625
4504 0.978515625
4505 0.978515625
4506 0.978515625
4507 0.978515625
4508 0.978515625
4509 0.978515625
4510 0.978515625
4511 0.978515625
4512 0.978515625
4513 0.978515625
4514 0.978515625
4515 0.978515625
4516 0.978515625
4517 0.978515625
4518 0.978515625
4519 0.978515625
4520 0.978515625
4521 0.978515625
4522 0.978515625
4523 0.978515625
4524 0.978515625
4525 0.978515625
4526 0.978515625
4527 0.978515625
4528 0.978515625
4529 0.978515625
4530 0.978515625
4531 0.978515625
4532 0.978515625
4533 0.978515625
4534 0.978515625
4535 0.978515625
4536 0.978515625
4537 0.978515625
4538 0.978515625
4539 0.978515625
4540 0.978515625
4541 0.978515625
4542 0.978515625
4543 0.978515625
4544 0.978515625
4545 0.978515625
4546 0.978515625
4547 0.978515625
4548 0.978515625
4549 0.978515625
4550 0.978515625
4551 0.978515625
4552 0.978515625
4553 0.978515625
4554 0.978515625
4555 0.978515625
4556 0.978515625
4557 0.978515625
4558 0.978515625
4559 0.978515625
4560 0.978515625
4561 0.978515625
4562 0.978515625
4563 0.978515625
4564 0.978515625
4565 0.978515625
4566 0.978515625
4567 0.978515625
4568 0.978515625
4569 0.978515625
4570 0.978515625
4571 0.978515625
4572 0.978515625
4573 0.978515625
4574 0.978515625
4575 0.978515625
4576 0.978515625
4577 0.978515625
4578 0.978515625
4579 0.978515625
4580 0.978515625
4581 0.978515625
4582 0.978515625
4583 0.978515625
4584 0.978515625
4585 0.978515625
4586 0.978515625
4587 0.978515625
4588 0.978515625
4589 0.978515625
4590 0.978515625
4591 0.978515625
4592 0.978515625
4593 0.978515625
4594 0.978515625
4595 0.978515625
4596 0.978515625
4597 0.978515625
4598 0.978515625
4599 0.978515625
4600 0.978515625
4601 0.978515625
4602 0.978515625
4603 0.978515625
4604 0.978515625
4605 0.978515625
4606 0.978515625
4607 0.978515625
4608 0.978515625
4609 0.978515625
4610 0.978515625
4611 0.978515625
4612 0.978515625
4613 0.978515625
4614 0.978515625
4615 0.978515625
4616 0.978515625
4617 0.978515625
4618 0.978515625
4619 0.978515625
4620 0.978515625
4621 0.978515625
4622 0.978515625
4623 0.978515625
4624 0.978515625
4625 0.978515625
4626 0.978515625
4627 0.978515625
4628 0.978515625
4629 0.978515625
4630 0.978515625
4631 0.978515625
4632 0.978515625
4633 0.978515625
4634 0.978515625
4635 0.978515625
4636 0.978515625
4637 0.978515625
4638 0.978515625
4639 0.978515625
4640 0.978515625
4641 0.978515625
4642 0.978515625
4643 0.978515625
4644 0.978515625
4645 0.978515625
4646 0.978515625
4647 0.978515625
4648 0.978515625
4649 0.978515625
4650 0.978515625
4651 0.978515625
4652 0.978515625
4653 0.978515625
4654 0.978515625
4655 0.978515625
4656 0.978515625
4657 0.978515625
4658 0.978515625
4659 0.978515625
4660 0.978515625
4661 0.978515625
4662 0.978515625
4663 0.978515625
4664 0.978515625
4665 0.978515625
4666 0.978515625
4667 0.978515625
4668 0.978515625
4669 0.978515625
4670 0.978515625
4671 0.978515625
4672 0.978515625
4673 0.978515625
4674 0.978515625
4675 0.978515625
4676 0.978515625
4677 0.978515625
4678 0.978515625
4679 0.978515625
4680 0.978515625
4681 0.978515625
4682 0.978515625
4683 0.978515625
4684 0.978515625
4685 0.978515625
4686 0.978515625
4687 0.978515625
4688 0.978515625
4689 0.978515625
4690 0.978515625
4691 0.978515625
4692 0.978515625
4693 0.978515625
4694 0.978515625
4695 0.978515625
4696 0.978515625
4697 0.978515625
4698 0.978515625
4699 0.978515625
4700 0.978515625
4701 0.978515625
4702 0.978515625
4703 0.978515625
4704 0.978515625
4705 0.978515625
4706 0.978515625
4707 0.978515625
4708 0.978515625
4709 0.978515625
4710 0.978515625
4711 0.978515625
4712 0.978515625
4713 0.978515625
4714 0.978515625
4715 0.978515625
4716 0.978515625
4717 0.978515625
4718 0.978515625
4719 0.978515625
4720 0.978515625
4721 0.978515625
4722 0.978515625
4723 0.978515625
4724 0.978515625
4725 0.978515625
4726 0.978515625
4727 0.978515625
4728 0.978515625
4729 0.978515625
4730 0.978515625
4731 0.978515625
4732 0.978515625
4733 0.978515625
4734 0.978515625
4735 0.978515625
4736 0.978515625
4737 0.978515625
4738 0.978515625
4739 0.978515625
4740 0.978515625
4741 0.978515625
4742 0.978515625
4743 0.978515625
4744 0.978515625
4745 0.978515625
4746 0.978515625
4747 0.978515625
4748 0.978515625
4749 0.978515625
4750 0.978515625
4751 0.978515625
4752 0.978515625
4753 0.978515625
4754 0.978515625
4755 0.978515625
4756 0.978515625
4757 0.978515625
4758 0.978515625
4759 0.978515625
4760 0.978515625
4761 0.978515625
4762 0.978515625
4763 0.978515625
4764 0.978515625
4765 0.978515625
4766 0.978515625
4767 0.978515625
4768 0.978515625
4769 0.978515625
4770 0.978515625
4771 0.978515625
4772 0.978515625
4773 0.978515625
4774 0.978515625
4775 0.978515625
4776 0.978515625
4777 0.978515625
4778 0.978515625
4779 0.978515625
4780 0.978515625
4781 0.978515625
4782 0.978515625
4783 0.978515625
4784 0.978515625
4785 0.978515625
4786 0.978515625
4787 0.978515625
4788 0.978515625
4789 0.978515625
4790 0.978515625
4791 0.978515625
4792 0.978515625
4793 0.978515625
4794 0.978515625
4795 0.978515625
4796 0.978515625
4797 0.978515625
4798 0.978515625
4799 0.978515625
4800 0.978515625
4801 0.978515625
4802 0.978515625
4803 0.978515625
4804 0.978515625
4805 0.978515625
4806 0.978515625
4807 0.978515625
4808 0.978515625
4809 0.978515625
4810 0.978515625
4811 0.978515625
4812 0.978515625
4813 0.978515625
4814 0.978515625
4815 0.978515625
4816 0.978515625
4817 0.978515625
4818 0.978515625
4819 0.978515625
4820 0.978515625
4821 0.978515625
4822 0.978515625
4823 0.978515625
4824 0.978515625
4825 0.978515625
4826 0.978515625
4827 0.978515625
4828 0.978515625
4829 0.978515625
4830 0.978515625
4831 0.978515625
4832 0.978515625
4833 0.978515625
4834 0.978515625
4835 0.978515625
4836 0.978515625
4837 0.978515625
4838 0.978515625
4839 0.978515625
4840 0.978515625
4841 0.978515625
4842 0.978515625
4843 0.978515625
4844 0.978515625
4845 0.978515625
4846 0.978515625
4847 0.978515625
4848 0.978515625
4849 0.978515625
4850 0.978515625
4851 0.978515625
4852 0.978515625
4853 0.978515625
4854 0.978515625
4855 0.978515625
4856 0.978515625
4857 0.978515625
4858 0.978515625
4859 0.978515625
4860 0.978515625
4861 0.978515625
4862 0.978515625
4863 0.978515625
4864 0.978515625
4865 0.978515625
4866 0.978515625
4867 0.978515625
4868 0.978515625
4869 0.978515625
4870 0.978515625
4871 0.978515625
4872 0.978515625
4873 0.978515625
4874 0.978515625
4875 0.978515625
4876 0.978515625
4877 0.978515625
4878 0.978515625
4879 0.978515625
4880 0.978515625
4881 0.978515625
4882 0.978515625
4883 0.978515625
4884 0.978515625
4885 0.978515625
4886 0.978515625
4887 0.978515625
4888 0.978515625
4889 0.978515625
4890 0.978515625
4891 0.978515625
4892 0.978515625
4893 0.978515625
4894 0.978515625
4895 0.978515625
4896 0.978515625
4897 0.978515625
4898 0.978515625
4899 0.978515625
4900 0.978515625
4901 0.978515625
4902 0.978515625
4903 0.978515625
4904 0.978515625
4905 0.978515625
4906 0.978515625
4907 0.978515625
4908 0.978515625
4909 0.978515625
4910 0.978515625
4911 0.978515625
4912 0.978515625
4913 0.978515625
4914 0.978515625
4915 0.978515625
4916 0.978515625
4917 0.978515625
4918 0.978515625
4919 0.978515625
4920 0.978515625
4921 0.978515625
4922 0.978515625
4923 0.978515625
4924 0.978515625
4925 0.978515625
4926 0.978515625
4927 0.978515625
4928 0.978515625
4929 0.978515625
4930 0.978515625
4931 0.978515625
4932 0.978515625
4933 0.978515625
4934 0.978515625
4935 0.978515625
4936 0.978515625
4937 0.978515625
4938 0.978515625
4939 0.978515625
4940 0.978515625
4941 0.978515625
4942 0.978515625
4943 0.978515625
4944 0.978515625
4945 0.978515625
4946 0.978515625
4947 0.978515625
4948 0.978515625
4949 0.978515625
4950 0.978515625
4951 0.978515625
4952 0.978515625
4953 0.978515625
4954 0.978515625
4955 0.978515625
4956 0.978515625
4957 0.978515625
4958 0.978515625
4959 0.978515625
4960 0.978515625
4961 0.978515625
4962 0.978515625
4963 0.978515625
4964 0.978515625
4965 0.978515625
4966 0.978515625
4967 0.978515625
4968 0.978515625
4969 0.978515625
4970 0.978515625
4971 0.978515625
4972 0.978515625
4973 0.978515625
4974 0.978515625
4975 0.978515625
4976 0.978515625
4977 0.978515625
4978 0.978515625
4979 0.978515625
4980 0.978515625
4981 0.978515625
4982 0.978515625
4983 0.978515625
4984 0.978515625
4985 0.978515625
4986 0.978515625
4987 0.978515625
4988 0.978515625
4989 0.978515625
4990 0.978515625
4991 0.978515625
4992 0.978515625
4993 0.978515625
4994 0.978515625
4995 0.978515625
4996 0.978515625
4997 0.978515625
4998 0.978515625
4999 0.978515625
