0 0.8
1 0.8333333333333334
2 0.8333333333333334
3 1.0666666666666667
4 1.0666666666666667
5 1.0666666666666667
6 1.1333333333333333
7 1.7666666666666666
8 1.7666666666666666
9 1.9
10 1.9
11 2.1
12 2.1
13 2.1
14 2.1
15 2.2
16 2.2
17 2.3333333333333335
18 2.3333333333333335
19 2.3333333333333335
20 2.4
21 2.4
22 2.4
23 2.4
24 2.4
25 2.4
26 2.4
27 2.4
28 2.533333333333333
29 2.533333333333333
30 2.533333333333333
31 2.533333333333333
32 2.7
33 2.7
34 2.7
35 2.7
36 2.7
37 2.7
38 2.7
39 3.533333333333333
40 3.533333333333333
41 3.533333333333333
42 3.533333333333333
43 3.533333333333333
44 3.533333333333333
45 3.533333333333333
46 3.533333333333333
47 3.533333333333333
48 3.533333333333333
49 3.533333333333333
50 3.533333333333333
51 3.7666666666666666
52 3.7666666666666666
53 3.7666666666666666
54 3.7666666666666666
55 3.7666666666666666
56 3.7666666666666666
57 3.933333333333333
58 3.933333333333333
59 3.933333333333333
60 3.933333333333333
61 3.966666666666667
62 3.966666666666667
63 3.966666666666667
64 4.166666666666667
65 4.166666666666667
66 4.166666666666667
67 4.166666666666667
68 4.166666666666667
69 4.166666666666667
70 4.2
71 4.2
72 4.2
73 4.2
74 4.2
75 4.2
76 4.2
77 4.2
78 4.2
79 4.2
80 4.2
81 4.2
82 4.2
83 4.2
84 4.2
85 4.2
86 4.2
87 4.2
88 4.2
89 4.2
90 4.2
91 4.2
92 4.2
93 4.2
94 4.2
95 4.2
96 4.2
97 4.2
98 4.2
99 4.2
100 4.2
101 4.2
102 4.2
103 4.2
104 4.333333333333333
105 4.333333333333333
106 4.333333333333333
107 4.333333333333333
108 4.333333333333333
109 4.333333333333333
110 4.333333333333333
111 4.333333333333333
112 4.333333333333333
113 4.333333333333333
114 4.333333333333333
115 4.333333333333333
116 4.333333333333333
117 4.333333333333333
118 4.533333333333333
119 4.533333333333333
120 4.533333333333333
121 4.533333333333333
122 4.533333333333333
123 4.533333333333333
124 4.533333333333333
125 4.533333333333333
126 4.533333333333333
127 4.533333333333333
128 4.533333333333333
129 4.533333333333333
130 4.533333333333333
131 4.533333333333333
132 4.533333333333333
133 4.533333333333333
134 4.533333333333333
135 4.533333333333333
136 4.533333333333333
137 4.533333333333333
138 4.533333333333333
139 4.533333333333333
140 4.533333333333333
141 4.533333333333333
142 4.533333333333333
143 4.533333333333333
144 4.533333333333333
145 4.533333333333333
146 4.533333333333333
147 4.533333333333333
148 4.533333333333333
149 4.533333333333333
150 4.533333333333333
151 4.533333333333333
152 4.533333333333333
153 4.533333333333333
154 4.533333333333333
155 4.533333333333333
156 4.533333333333333
157 4.533333333333333
158 4.533333333333333
159 4.533333333333333
160 4.533333333333333
161 4.533333333333333
162 4.533333333333333
163 4.533333333333333
164 4.533333333333333
165 4.533333333333333
166 4.533333333333333
167 4.533333333333333
168 4.533333333333333
169 4.533333333333333
170 4.533333333333333
171 4.533333333333333
172 4.533333333333333
173 4.533333333333333
174 4.533333333333333
175 4.533333333333333
176 4.533333333333333
177 4.533333333333333
178 4.533333333333333
179 4.533333333333333
180 4.533333333333333
181 4.533333333333333
182 4.533333333333333
183 4.533333333333333
184 4.533333333333333
185 4.533333333333333
186 4.533333333333333
187 4.533333333333333
188 4.533333333333333
189 4.533333333333333
190 4.533333333333333
191 4.533333333333333
192 4.533333333333333
193 4.533333333333333
194 4.533333333333333
195 4.533333333333333
196 4.533333333333333
197 4.533333333333333
198 4.566666666666666
199 4.566666666666666
200 4.566666666666666
201 4.566666666666666
202 4.566666666666666
203 4.566666666666666
204 4.566666666666666
205 4.566666666666666
206 4.566666666666666
207 4.566666666666666
208 4.566666666666666
209 4.566666666666666
210 4.566666666666666
211 4.566666666666666
212 4.566666666666666
213 4.566666666666666
214 4.566666666666666
215 4.566666666666666
216 4.566666666666666
217 4.566666666666666
218 4.566666666666666
219 4.566666666666666
220 4.566666666666666
221 4.566666666666666
222 4.566666666666666
223 4.566666666666666
224 4.566666666666666
225 4.566666666666666
226 4.566666666666666
227 4.566666666666666
228 4.566666666666666
229 4.566666666666666
230 4.566666666666666
231 4.566666666666666
232 4.566666666666666
233 4.566666666666666
234 4.566666666666666
235 4.566666666666666
236 4.566666666666666
237 4.566666666666666
238 4.566666666666666
239 4.566666666666666
240 4.566666666666666
241 4.566666666666666
242 4.566666666666666
243 4.566666666666666
244 4.566666666666666
245 4.566666666666666
246 4.566666666666666
247 4.566666666666666
248 4.566666666666666
249 4.566666666666666
250 4.566666666666666
251 4.566666666666666
252 4.566666666666666
253 4.566666666666666
254 4.566666666666666
255 4.566666666666666
256 4.566666666666666
257 4.566666666666666
258 4.566666666666666
259 4.566666666666666
260 4.566666666666666
261 4.566666666666666
262 4.566666666666666
263 4.566666666666666
264 4.566666666666666
265 4.566666666666666
266 4.566666666666666
267 4.566666666666666
268 4.566666666666666
269 4.566666666666666
270 4.566666666666666
271 4.566666666666666
272 4.566666666666666
273 4.566666666666666
274 4.566666666666666
275 4.566666666666666
276 4.566666666666666
277 4.566666666666666
278 4.566666666666666
279 4.566666666666666
280 4.566666666666666
281 4.566666666666666
282 4.566666666666666
283 4.566666666666666
284 4.566666666666666
285 4.566666666666666
286 4.566666666666666
287 4.566666666666666
288 4.566666666666666
289 4.566666666666666
290 4.566666666666666
291 4.566666666666666
292 4.566666666666666
293 4.566666666666666
294 4.566666666666666
295 4.566666666666666
296 4.566666666666666
297 4.566666666666666
298 4.566666666666666
299 4.566666666666666
300 4.566666666666666
301 4.566666666666666
302 4.566666666666666
303 4.566666666666666
304 4.566666666666666
305 4.566666666666666
306 4.566666666666666
307 4.566666666666666
308 4.566666666666666
309 4.566666666666666
310 4.566666666666666
311 4.566666666666666
312 4.566666666666666
313 4.566666666666666
314 4.566666666666666
315 4.566666666666666
316 4.566666666666666
317 4.566666666666666
318 4.566666666666666
319 4.566666666666666
320 4.566666666666666
321 4.566666666666666
322 4.566666666666666
323 4.566666666666666
324 4.566666666666666
325 4.566666666666666
326 4.566666666666666
327 4.566666666666666
328 4.566666666666666
329 4.566666666666666
330 4.566666666666666
331 4.566666666666666
332 4.566666666666666
333 4.566666666666666
334 4.566666666666666
335 4.566666666666666
336 4.566666666666666
337 4.566666666666666
338 4.566666666666666
339 4.566666666666666
340 4.566666666666666
341 4.566666666666666
342 4.566666666666666
343 4.566666666666666
344 4.566666666666666
345 4.566666666666666
346 4.566666666666666
347 4.566666666666666
348 4.566666666666666
349 4.566666666666666
350 4.566666666666666
351 4.566666666666666
352 4.566666666666666
353 4.566666666666666
354 4.566666666666666
355 4.566666666666666
356 4.566666666666666
357 4.566666666666666
358 4.566666666666666
359 4.566666666666666
360 4.566666666666666
361 4.566666666666666
362 4.566666666666666
363 4.566666666666666
364 4.566666666666666
365 4.566666666666666
366 4.566666666666666
367 4.566666666666666
368 4.566666666666666
369 4.566666666666666
370 4.566666666666666
371 4.566666666666666
372 4.566666666666666
373 4.566666666666666
374 4.566666666666666
375 4.566666666666666
376 4.566666666666666
377 4.566666666666666
378 4.566666666666666
379 4.566666666666666
380 4.566666666666666
381 4.566666666666666
382 4.566666666666666
383 4.566666666666666
384 4.566666666666666
385 4.566666666666666
386 4.566666666666666
387 4.566666666666666
388 4.566666666666666
389 4.566666666666666
390 4.566666666666666
391 4.566666666666666
392 4.566666666666666
393 4.566666666666666
394 4.566666666666666
395 4.566666666666666
396 4.566666666666666
397 4.566666666666666
398 4.566666666666666
399 4.566666666666666
400 4.566666666666666
401 4.566666666666666
402 4.566666666666666
403 4.566666666666666
404 4.566666666666666
405 4.566666666666666
406 4.566666666666666
407 4.566666666666666
408 4.566666666666666
409 4.566666666666666
410 4.566666666666666
411 4.566666666666666
412 4.566666666666666
413 4.566666666666666
414 4.566666666666666
415 4.566666666666666
416 4.566666666666666
417 4.566666666666666
418 4.566666666666666
419 4.566666666666666
420 4.566666666666666
421 4.566666666666666
422 4.566666666666666
423 4.566666666666666
424 4.566666666666666
425 4.566666666666666
426 4.566666666666666
427 4.566666666666666
428 4.566666666666666
429 4.566666666666666
430 4.566666666666666
431 4.566666666666666
432 4.566666666666666
433 4.566666666666666
434 4.566666666666666
435 4.566666666666666
436 4.566666666666666
437 4.566666666666666
438 4.566666666666666
439 4.566666666666666
440 4.566666666666666
441 4.566666666666666
442 4.566666666666666
443 4.566666666666666
444 4.566666666666666
445 4.566666666666666
446 4.633333333333334
447 4.633333333333334
448 4.633333333333334
449 4.633333333333334
450 4.633333333333334
451 4.633333333333334
452 4.633333333333334
453 4.633333333333334
454 4.633333333333334
455 4.633333333333334
456 4.633333333333334
457 4.633333333333334
458 4.633333333333334
459 4.633333333333334
460 4.633333333333334
461 4.633333333333334
462 4.633333333333334
463 4.633333333333334
464 4.633333333333334
465 4.633333333333334
466 4.633333333333334
467 4.633333333333334
468 4.633333333333334
469 4.633333333333334
470 4.633333333333334
471 4.633333333333334
472 4.633333333333334
473 4.633333333333334
474 4.633333333333334
475 4.633333333333334
476 4.633333333333334
477 4.633333333333334
478 4.633333333333334
479 4.633333333333334
480 4.633333333333334
481 4.633333333333334
482 4.633333333333334
483 4.633333333333334
484 4.633333333333334
485 4.633333333333334
486 4.633333333333334
487 4.633333333333334
488 4.633333333333334
489 4.633333333333334
490 4.633333333333334
491 4.633333333333334
492 4.633333333333334
493 4.633333333333334
494 4.633333333333334
495 4.633333333333334
496 4.633333333333334
497 4.633333333333334
498 4.633333333333334
499 4.633333333333334
500 4.633333333333334
501 4.633333333333334
502 4.633333333333334
503 4.633333333333334
504 4.633333333333334
505 4.633333333333334
506 4.633333333333334
507 4.633333333333334
508 4.633333333333334
509 4.633333333333334
510 4.633333333333334
511 4.633333333333334
512 4.633333333333334
513 4.633333333333334
514 4.633333333333334
515 4.633333333333334
516 4.633333333333334
517 4.633333333333334
518 4.633333333333334
519 4.633333333333334
520 4.633333333333334
521 4.633333333333334
522 4.633333333333334
523 4.633333333333334
524 4.633333333333334
525 4.633333333333334
526 4.633333333333334
527 4.633333333333334
528 4.633333333333334
529 4.633333333333334
530 4.633333333333334
531 4.633333333333334
532 4.633333333333334
533 4.633333333333334
534 4.633333333333334
535 4.633333333333334
536 4.633333333333334
537 4.633333333333334
538 4.733333333333333
539 4.733333333333333
540 4.733333333333333
541 4.733333333333333
542 4.733333333333333
543 4.733333333333333
544 4.733333333333333
545 4.733333333333333
546 4.733333333333333
547 4.733333333333333
548 4.733333333333333
549 4.733333333333333
550 4.733333333333333
551 4.733333333333333
552 4.733333333333333
553 4.733333333333333
554 4.733333333333333
555 4.733333333333333
556 4.733333333333333
557 4.733333333333333
558 4.733333333333333
559 4.733333333333333
560 4.733333333333333
561 4.733333333333333
562 4.733333333333333
563 4.733333333333333
564 4.733333333333333
565 4.733333333333333
566 4.733333333333333
567 4.733333333333333
568 4.733333333333333
569 4.733333333333333
570 4.733333333333333
571 4.733333333333333
572 4.733333333333333
573 4.733333333333333
574 4.733333333333333
575 4.733333333333333
576 4.733333333333333
577 4.733333333333333
578 4.733333333333333
579 4.733333333333333
580 4.733333333333333
581 4.733333333333333
582 4.733333333333333
583 4.733333333333333
584 4.733333333333333
585 4.733333333333333
586 4.733333333333333
587 4.733333333333333
588 4.733333333333333
589 4.733333333333333
590 4.733333333333333
591 4.733333333333333
592 4.733333333333333
593 4.733333333333333
594 4.733333333333333
595 4.733333333333333
596 4.733333333333333
597 4.733333333333333
598 4.733333333333333
599 4.733333333333333
600 4.733333333333333
601 4.733333333333333
602 4.733333333333333
603 4.733333333333333
604 4.733333333333333
605 4.733333333333333
606 4.733333333333333
607 4.733333333333333
608 4.733333333333333
609 4.733333333333333
610 4.733333333333333
611 4.733333333333333
612 4.733333333333333
613 4.733333333333333
614 4.733333333333333
615 4.733333333333333
616 4.733333333333333
617 4.733333333333333
618 4.733333333333333
619 4.733333333333333
620 4.733333333333333
621 4.733333333333333
622 4.733333333333333
623 4.733333333333333
624 4.733333333333333
625 4.733333333333333
626 4.733333333333333
627 4.733333333333333
628 4.733333333333333
629 4.733333333333333
630 4.733333333333333
631 4.733333333333333
632 4.733333333333333
633 4.733333333333333
634 4.733333333333333
635 4.733333333333333
636 4.733333333333333
637 4.733333333333333
638 4.733333333333333
639 4.733333333333333
640 4.733333333333333
641 4.733333333333333
642 4.733333333333333
643 4.733333333333333
644 4.733333333333333
645 4.733333333333333
646 4.733333333333333
647 4.733333333333333
648 4.733333333333333
649 4.733333333333333
650 4.733333333333333
651 4.733333333333333
652 4.733333333333333
653 4.733333333333333
654 4.733333333333333
655 4.733333333333333
656 4.733333333333333
657 4.733333333333333
658 4.733333333333333
659 4.733333333333333
660 4.733333333333333
661 4.733333333333333
662 4.733333333333333
663 4.733333333333333
664 4.733333333333333
665 4.733333333333333
666 4.733333333333333
667 4.733333333333333
668 4.733333333333333
669 4.733333333333333
670 4.733333333333333
671 4.733333333333333
672 4.733333333333333
673 4.8
674 4.8
675 4.8
676 4.8
677 4.8
678 4.8
679 4.8
680 4.8
681 4.8
682 4.8
683 4.8
684 4.8
685 4.8
686 4.8
687 4.8
688 4.8
689 4.8
690 4.8
691 4.8
692 4.8
693 4.8
694 4.8
695 4.8
696 4.8
697 4.8
698 4.8
699 4.8
700 4.8
701 4.8
702 4.8
703 4.8
704 4.8
705 4.8
706 4.8
707 4.8
708 4.8
709 4.8
710 4.8
711 4.8
712 4.8
713 4.8
714 4.8
715 4.8
716 4.8
717 4.8
718 4.8
719 4.8
720 4.8
721 4.8
722 4.8
723 4.8
724 4.8
725 4.8
726 4.8
727 4.8
728 4.8
729 4.8
730 4.8
731 4.8
732 4.8
733 4.8
734 4.8
735 4.8
736 4.8
737 4.8
738 4.8
739 4.8
740 4.8
741 4.8
742 4.8
743 4.8
744 4.8
745 4.8
746 4.8
747 4.8
748 4.8
749 4.8
750 4.8
751 4.8
752 4.8
753 4.8
754 4.8
755 4.8
756 4.8
757 4.8
758 4.8
759 4.8
760 4.8
761 4.8
762 4.8
763 4.8
764 4.8
765 4.8
766 4.8
767 4.8
768 4.8
769 4.8
770 4.8
771 4.8
772 4.8
773 4.8
774 4.8
775 4.8
776 4.8
777 4.8
778 4.8
779 4.8
780 4.8
781 4.8
782 4.8
783 4.8
784 4.8
785 4.8
786 4.8
787 4.8
788 4.8
789 4.8
790 4.8
791 4.8
792 4.8
793 4.8
794 4.8
795 4.8
796 4.8
797 4.8
798 4.8
799 4.8
800 4.8
801 4.8
802 4.8
803 4.8
804 4.8
805 4.8
806 4.8
807 4.8
808 4.8
809 4.8
810 4.8
811 4.8
812 4.8
813 4.8
814 4.8
815 4.8
816 4.8
817 4.8
818 4.8
819 4.8
820 4.8
821 4.8
822 4.8
823 4.8
824 4.8
825 4.8
826 4.8
827 4.8
828 4.8
829 4.8
830 4.8
831 4.8
832 4.8
833 4.8
834 4.8
835 4.8
836 4.8
837 4.8
838 4.8
839 4.8
840 4.8
841 4.8
842 4.8
843 4.8
844 4.8
845 4.8
846 4.8
847 4.8
848 4.8
849 4.8
850 4.8
851 4.8
852 4.8
853 4.8
854 4.8
855 4.8
856 4.8
857 4.8
858 4.8
859 4.8
860 4.8
861 4.8
862 4.8
863 4.8
864 4.8
865 4.8
866 4.8
867 4.8
868 4.8
869 4.8
870 4.8
871 4.8
872 4.8
873 4.8
874 4.8
875 4.8
876 4.8
877 4.8
878 4.8
879 4.8
880 4.8
881 4.8
882 4.8
883 4.8
884 4.8
885 4.8
886 4.8
887 4.8
888 4.8
889 4.8
890 4.8
891 4.8
892 4.8
893 4.8
894 4.8
895 4.8
896 4.8
897 4.8
898 4.8
899 4.8
900 4.8
901 4.8
902 4.8
903 4.8
904 4.8
905 4.8
906 4.8
907 4.8
908 4.8
909 4.8
910 4.8
911 4.8
912 4.8
913 4.8
914 4.8
915 4.8
916 4.8
917 4.8
918 4.8
919 4.8
920 4.8
921 4.8
922 4.8
923 4.8
924 4.8
925 4.8
926 4.8
927 4.8
928 4.8
929 4.8
930 4.8
931 4.8
932 4.8
933 4.8
934 4.8
935 4.8
936 4.8
937 4.8
938 4.8
939 4.8
940 4.8
941 4.8
942 4.8
943 4.8
944 4.8
945 4.8
946 4.8
947 4.8
948 4.8
949 4.8
950 4.8
951 4.8
952 4.8
953 4.8
954 4.8
955 4.8
956 4.8
957 4.8
958 4.8
959 4.8
960 4.8
961 4.8
962 4.8
963 4.8
964 4.8
965 4.8
966 4.8
967 4.8
968 4.8
969 4.8
970 4.8
971 4.8
972 4.8
973 4.8
974 4.8
975 4.8
976 4.8
977 4.8
978 4.8
979 4.8
980 4.8
981 4.8
982 4.8
983 4.8
984 4.8
985 4.8
986 4.8
987 4.8
988 4.8
989 4.8
990 4.8
991 4.8
992 4.8
993 4.8
994 4.8
995 4.8
996 4.8
997 4.8
998 4.8
999 4.8
1000 4.8
1001 4.8
1002 4.8
1003 4.8
1004 4.8
1005 4.8
1006 4.8
1007 4.8
1008 4.8
1009 4.8
1010 4.8
1011 4.8
1012 4.8
1013 4.8
1014 4.8
1015 4.8
1016 4.8
1017 4.8
1018 4.8
1019 4.8
1020 4.8
1021 4.8
1022 4.8
1023 4.8
1024 4.8
1025 4.8
1026 4.8
1027 4.8
1028 4.8
1029 4.8
1030 4.8
1031 4.8
1032 4.8
1033 4.8
1034 4.8
1035 4.8
1036 4.8
1037 4.8
1038 4.8
1039 4.8
1040 4.8
1041 4.8
1042 4.8
1043 4.8
1044 4.8
1045 4.8
1046 4.8
1047 4.8
1048 4.8
1049 4.8
1050 4.8
1051 4.8
1052 4.8
1053 4.8
1054 4.8
1055 4.8
1056 4.8
1057 4.8
1058 4.8
1059 4.8
1060 4.8
1061 4.8
1062 4.8
1063 4.8
1064 4.8
1065 4.8
1066 4.8
1067 4.8
1068 4.8
1069 4.8
1070 4.8
1071 4.8
1072 4.8
1073 4.8
1074 4.8
1075 4.8
1076 4.8
1077 4.8
1078 4.8
1079 4.8
1080 4.8
1081 4.8
1082 4.8
1083 4.8
1084 4.8
1085 4.8
1086 4.8
1087 4.8
1088 4.8
1089 4.8
1090 4.8
1091 4.8
1092 4.8
1093 4.8
1094 4.8
1095 4.8
1096 4.8
1097 4.8
1098 4.8
1099 4.8
1100 4.8
1101 4.8
1102 4.8
1103 4.8
1104 4.8
1105 4.8
1106 4.8
1107 4.8
1108 4.8
1109 4.8
1110 4.8
1111 4.8
1112 4.8
1113 4.8
1114 4.8
1115 4.8
1116 4.8
1117 4.8
1118 4.8
1119 4.8
1120 4.8
1121 4.8
1122 4.8
1123 4.8
1124 4.8
1125 4.8
1126 4.8
1127 4.8
1128 4.8
1129 4.8
1130 4.8
1131 4.8
1132 4.8
1133 4.8
1134 4.8
1135 4.8
1136 4.8
1137 4.8
1138 4.8
1139 4.8
1140 4.8
1141 4.8
1142 4.8
1143 4.8
1144 4.8
1145 4.8
1146 4.8
1147 4.8
1148 4.8
1149 4.8
1150 4.8
1151 4.8
1152 4.8
1153 4.8
1154 4.8
1155 4.8
1156 4.8
1157 4.8
1158 4.8
1159 4.8
1160 4.8
1161 4.8
1162 4.8
1163 4.8
1164 4.8
1165 4.8
1166 4.8
1167 4.8
1168 4.8
1169 4.8
1170 4.8
1171 4.8
1172 4.8
1173 4.8
1174 4.8
1175 4.8
1176 4.8
1177 4.8
1178 4.8
1179 4.8
1180 4.8
1181 4.8
1182 4.8
1183 4.8
1184 4.8
1185 4.8
1186 4.8
1187 4.8
1188 4.8
1189 4.8
1190 4.8
1191 4.8
1192 4.8
1193 4.8
1194 4.8
1195 4.8
1196 4.8
1197 4.8
1198 4.8
1199 4.8
1200 4.8
1201 4.8
1202 4.8
1203 4.8
1204 4.8
1205 4.8
1206 4.8
1207 4.8
1208 4.8
1209 4.8
1210 4.8
1211 4.8
1212 4.8
1213 4.8
1214 4.8
1215 4.8
1216 4.8
1217 4.8
1218 4.9
1219 4.9
1220 4.9
1221 4.9
1222 4.9
1223 4.9
1224 4.9
1225 4.9
1226 4.9
1227 4.9
1228 4.9
1229 4.9
1230 4.9
1231 4.9
1232 4.9
1233 4.9
1234 4.9
1235 4.9
1236 4.9
1237 4.9
1238 4.9
1239 4.9
1240 4.9
1241 4.9
1242 4.9
1243 4.9
1244 4.9
1245 4.9
1246 4.9
1247 4.9
1248 4.9
1249 4.9
1250 4.9
1251 4.9
1252 4.9
1253 4.9
1254 4.9
1255 4.9
1256 4.9
1257 4.9
1258 4.9
1259 4.9
1260 4.9
1261 4.9
1262 4.9
1263 4.9
1264 4.9
1265 4.9
1266 4.9
1267 4.9
1268 4.9
1269 4.9
1270 4.9
1271 4.9
1272 4.9
1273 4.9
1274 4.9
1275 4.9
1276 4.9
1277 4.9
1278 4.9
1279 4.9
1280 4.9
1281 4.9
1282 4.9
1283 4.9
1284 4.9
1285 4.933333333333334
1286 4.933333333333334
1287 4.933333333333334
1288 4.933333333333334
1289 4.933333333333334
1290 4.933333333333334
1291 4.933333333333334
1292 4.933333333333334
1293 4.933333333333334
1294 4.933333333333334
1295 4.933333333333334
1296 4.933333333333334
1297 4.933333333333334
1298 4.933333333333334
1299 4.933333333333334
1300 4.933333333333334
1301 4.933333333333334
1302 4.933333333333334
1303 4.933333333333334
1304 4.933333333333334
1305 4.933333333333334
1306 4.933333333333334
1307 4.933333333333334
1308 4.933333333333334
1309 4.933333333333334
1310 4.933333333333334
1311 4.933333333333334
1312 4.966666666666667
1313 4.966666666666667
1314 4.966666666666667
1315 4.966666666666667
1316 4.966666666666667
1317 4.966666666666667
1318 4.966666666666667
1319 4.966666666666667
1320 4.966666666666667
1321 4.966666666666667
1322 4.966666666666667
1323 4.966666666666667
1324 4.966666666666667
1325 4.966666666666667
1326 4.966666666666667
1327 4.966666666666667
1328 4.966666666666667
1329 4.966666666666667
1330 4.966666666666667
1331 4.966666666666667
1332 4.966666666666667
1333 4.966666666666667
1334 4.966666666666667
1335 4.966666666666667
1336 4.966666666666667
1337 4.966666666666667
1338 4.966666666666667
1339 4.966666666666667
1340 4.966666666666667
1341 4.966666666666667
1342 4.966666666666667
1343 4.966666666666667
1344 4.966666666666667
1345 4.966666666666667
1346 4.966666666666667
1347 4.966666666666667
1348 4.966666666666667
1349 4.966666666666667
1350 4.966666666666667
1351 4.966666666666667
1352 4.966666666666667
1353 4.966666666666667
1354 4.966666666666667
1355 4.966666666666667
1356 4.966666666666667
1357 4.966666666666667
1358 4.966666666666667
1359 4.966666666666667
1360 4.966666666666667
1361 4.966666666666667
1362 4.966666666666667
1363 4.966666666666667
1364 4.966666666666667
1365 4.966666666666667
1366 4.966666666666667
1367 4.966666666666667
1368 4.966666666666667
1369 4.966666666666667
1370 4.966666666666667
1371 4.966666666666667
1372 4.966666666666667
1373 4.966666666666667
1374 4.966666666666667
1375 4.966666666666667
1376 4.966666666666667
1377 4.966666666666667
1378 4.966666666666667
1379 4.966666666666667
1380 4.966666666666667
1381 4.966666666666667
1382 4.966666666666667
1383 4.966666666666667
1384 4.966666666666667
1385 4.966666666666667
1386 4.966666666666667
1387 4.966666666666667
1388 4.966666666666667
1389 4.966666666666667
1390 4.966666666666667
1391 4.966666666666667
1392 4.966666666666667
1393 4.966666666666667
1394 4.966666666666667
1395 4.966666666666667
1396 4.966666666666667
1397 4.966666666666667
1398 4.966666666666667
1399 4.966666666666667
1400 4.966666666666667
1401 4.966666666666667
1402 4.966666666666667
1403 4.966666666666667
1404 4.966666666666667
1405 4.966666666666667
1406 4.966666666666667
1407 4.966666666666667
1408 4.966666666666667
1409 4.966666666666667
1410 4.966666666666667
1411 4.966666666666667
1412 4.966666666666667
1413 4.966666666666667
1414 4.966666666666667
1415 4.966666666666667
1416 4.966666666666667
1417 4.966666666666667
1418 4.966666666666667
1419 4.966666666666667
1420 4.966666666666667
1421 4.966666666666667
1422 4.966666666666667
1423 4.966666666666667
1424 4.966666666666667
1425 4.966666666666667
1426 4.966666666666667
1427 4.966666666666667
1428 4.966666666666667
1429 4.966666666666667
1430 4.966666666666667
1431 4.966666666666667
1432 4.966666666666667
1433 4.966666666666667
1434 4.966666666666667
1435 4.966666666666667
1436 4.966666666666667
1437 4.966666666666667
1438 4.966666666666667
1439 4.966666666666667
1440 4.966666666666667
1441 4.966666666666667
1442 4.966666666666667
1443 4.966666666666667
1444 4.966666666666667
1445 4.966666666666667
1446 4.966666666666667
1447 4.966666666666667
1448 4.966666666666667
1449 4.966666666666667
1450 4.966666666666667
1451 4.966666666666667
1452 4.966666666666667
1453 4.966666666666667
1454 4.966666666666667
1455 4.966666666666667
1456 4.966666666666667
1457 4.966666666666667
1458 4.966666666666667
1459 4.966666666666667
1460 4.966666666666667
1461 4.966666666666667
1462 4.966666666666667
1463 4.966666666666667
1464 4.966666666666667
1465 4.966666666666667
1466 4.966666666666667
1467 4.966666666666667
1468 4.966666666666667
1469 4.966666666666667
1470 4.966666666666667
1471 4.966666666666667
1472 4.966666666666667
1473 4.966666666666667
1474 4.966666666666667
1475 4.966666666666667
1476 4.966666666666667
1477 4.966666666666667
1478 4.966666666666667
1479 4.966666666666667
1480 4.966666666666667
1481 4.966666666666667
1482 4.966666666666667
1483 4.966666666666667
1484 4.966666666666667
1485 4.966666666666667
1486 4.966666666666667
1487 4.966666666666667
1488 4.966666666666667
1489 4.966666666666667
1490 4.966666666666667
1491 4.966666666666667
1492 4.966666666666667
1493 4.966666666666667
1494 4.966666666666667
1495 4.966666666666667
1496 4.966666666666667
1497 4.966666666666667
1498 4.966666666666667
1499 4.966666666666667
