0 -105.92667814571743
1 -92.7727519144722
2 -76.46576636836609
3 -63.427031578402506
4 -51.201319493671335
5 -41.29089125613408
6 -30.133536608488754
7 -20.98093426311763
8 -14.851746767108127
9 -8.378593876470452
10 -2.8967995835908327
11 0.6619237853266786
12 2.449750855811355
13 4.030000083623034
14 4.871161170719996
15 5.401893251793255
16 5.961503168816729
17 6.64165162257154
18 7.157826837981234
19 7.752441763981127
20 8.388921639738204
21 8.688322020938813
22 9.074968603154227
23 9.405447353436292
24 9.514156311977954
25 9.832179162595802
26 10.006876008707927
27 10.327583791244209
28 10.559798043269193
29 10.691833258712585
30 10.82641354606812
31 11.105748532121824
32 11.164606270959473
33 11.266372346932533
34 11.366005671461735
35 11.634950671628305
36 11.75370209457841
37 11.909246193919937
38 12.007282215772728
39 12.018523085051404
40 12.152096013360213
41 12.15270660753858
42 12.211760270121877
43 12.243814480309645
44 12.325606647227408
45 12.362646854925295
46 12.38718287102204
47 12.42660645241335
48 12.549894005017133
49 12.574842583972053
50 12.59834451836952
51 12.735829898172433
52 12.782072577063486
53 12.816542310781621
54 12.827217081568653
55 12.857592543949789
56 12.896706152926244
57 12.919481715065588
58 12.939024319164156
59 12.96690523783779
60 12.988914059118153
61 12.99512972648451
62 13.00911007972481
63 13.052356835831198
64 13.05386849427264
65 13.05386849427264
66 13.05386849427264
67 13.07961993671551
68 13.129075547468728
69 13.130642733530271
70 13.149947323401932
71 13.149947323401932
72 13.171922311604733
73 13.183763490830033
74 13.18771426354664
75 13.234375160908542
76 13.276878698220166
77 13.290222791099879
78 13.314108238274693
79 13.320584527162728
80 13.323725923419543
81 13.323725923419543
82 13.374603219426037
83 13.399226999506833
84 13.408682114997587
85 13.42369978770891
86 13.42369978770891
87 13.470157034444462
88 13.476327762734227
89 13.476327762734227
90 13.476327762734227
91 13.48407952931165
92 13.50377265867256
93 13.506881149007793
94 13.511375440491742
95 13.528939461933136
96 13.539268783471538
97 13.544195872900463
98 13.54546388703204
99 13.569908013474569
100 13.569908013474569
101 13.569908013474569
102 13.57119975481317
103 13.5935040857735
104 13.635701644119047
105 13.639190454090304
106 13.644441712248911
107 13.659104127772958
108 13.659104127772958
109 13.659104127772958
110 13.659104127772958
111 13.677434828698932
112 13.681377272526245
113 13.68938791022441
114 13.966350141332978
115 13.973309867920712
116 13.977475110914844
117 14.033018435057851
118 14.177854893806773
119 14.187243926480642
120 14.279650556945226
121 14.279650556945226
122 14.291800653860193
123 14.291800653860193
124 14.436271697653362
125 14.436271697653362
126 14.454547419016437
127 14.454547419016437
128 14.495035921609816
129 14.495035921609816
130 14.495035921609816
131 14.495035921609816
132 14.497182777753846
133 14.497182777753846
134 14.516267572085466
135 14.662405451408793
136 14.76500928878793
137 14.859334819592757
138 14.889742543469643
139 14.899639041391879
140 14.937308656530018
141 15.017682989236185
142 15.063432537065006
143 15.063432537065006
144 15.070824301186878
145 15.192023419791076
146 15.214037734729256
147 15.252724269344878
148 15.252724269344878
149 15.309475357215293
150 15.362643557083397
151 15.413821894775438
152 15.413821894775438
153 15.413821894775438
154 15.413821894775438
155 15.413821894775438
156 15.422395220797315
157 15.493945190645809
158 15.499243065340716
159 15.557099844190686
160 15.557099844190686
161 15.557099844190686
162 15.719451095302112
163 15.767076519622181
164 15.767076519622181
165 15.81054325656781
166 15.957096247653341
167 15.974713104110762
168 15.974713104110762
169 16.109909514883235
170 16.123478114851245
171 16.15906486576865
172 16.219823197271012
173 16.275677242398856
174 16.465207617652332
175 16.59164943981563
176 16.59164943981563
177 16.59164943981563
178 16.612730068974884
179 16.756869714083585
180 16.756869714083585
181 16.756869714083585
182 16.756869714083585
183 16.756869714083585
184 16.957856667997067
185 16.957856667997067
186 17.012990579351936
187 17.012990579351936
188 17.062712342792192
189 17.18477058048337
190 17.257749503954354
191 17.41345307748326
192 17.486711094247585
193 17.535171412686935
194 17.54064572399805
195 17.56332233637448
196 17.56332233637448
197 17.592265984019615
198 17.64618106404218
199 17.646511402566396
200 17.646511402566396
201 17.646855420624522
202 17.646855420624522
203 17.66123158300566
204 17.72113964880545
205 17.745357661911594
206 17.745357661911594
207 17.84561953012159
208 17.84561953012159
209 18.24623853586218
210 18.24623853586218
211 18.24623853586218
212 18.349534436829153
213 18.349534436829153
214 18.355315574098736
215 18.382820515216462
216 18.382820515216462
217 18.38510884810329
218 18.38510884810329
219 18.606548043986766
220 18.606548043986766
221 18.606548043986766
222 18.612539778109557
223 18.63971357585824
224 18.753669503997283
225 18.753669503997283
226 18.759957717613364
227 18.80512452901879
228 18.826873018937125
229 18.826873018937125
230 18.826873018937125
231 18.856898751514393
232 19.119978895408128
233 19.119978895408128
234 19.119978895408128
235 19.205025875523905
236 19.205107110317233
237 19.240002914530535
238 19.240002914530535
239 19.240002914530535
240 19.246728265833504
241 19.28684003347026
242 19.28684003347026
243 19.28684003347026
244 19.30447288974998
245 19.319950026201305
246 19.345631683971536
247 19.350345230085043
248 19.354037952652202
249 19.518601336068436
250 19.5293514652926
251 19.5293514652926
252 19.532259285998567
253 19.57158863274805
254 19.57158863274805
255 19.645204422739784
256 19.6530078060896
257 19.712807276196532
258 19.76055388336375
259 19.856545309653818
260 19.913997588761184
261 19.913997588761184
262 19.913997588761184
263 19.913997588761184
264 19.958046551404838
265 19.958046551404838
266 19.958046551404838
267 19.958046551404838
268 20.227725320617246
269 20.23977628103919
270 20.25123127687112
271 20.26064374653437
272 20.26064374653437
273 20.26064374653437
274 20.26064374653437
275 20.26064374653437
276 20.26064374653437
277 20.26064374653437
278 20.307375008239358
279 20.337824048857136
280 20.33958184726709
281 20.33958184726709
282 20.33958184726709
283 20.352889369626386
284 20.352889369626386
285 20.352889369626386
286 20.472976744535906
287 20.536162503246924
288 20.579103701867858
289 20.579103701867858
290 20.579103701867858
291 20.579103701867858
292 20.579103701867858
293 20.683705564928037
294 20.683705564928037
295 20.683705564928037
296 20.683705564928037
297 20.683705564928037
298 20.7261459202371
299 20.7261459202371
300 20.82067241771199
301 20.82067241771199
302 20.82067241771199
303 20.82067241771199
304 20.82067241771199
305 20.824141626470013
306 20.824141626470013
307 20.824948689301
308 20.839696733048342
309 20.839696733048342
310 20.839696733048342
311 20.839696733048342
312 20.84277445098131
313 20.970556601585784
314 20.974237223820477
315 21.02844446687669
316 21.02844446687669
317 21.26915751213553
318 21.26915751213553
319 21.26915751213553
320 21.26915751213553
321 21.61342048892829
322 21.619606137931186
323 21.619606137931186
324 21.619606137931186
325 21.625372972258866
326 21.625372972258866
327 21.625372972258866
328 21.713867342936293
329 21.770554858532037
330 21.770554858532037
331 21.770554858532037
332 21.770554858532037
333 21.774262219511144
334 22.060179821991934
335 22.060179821991934
336 22.200686912222626
337 22.200686912222626
338 22.40073197006615
339 22.40073197006615
340 22.472772878335203
341 22.472772878335203
342 22.472772878335203
343 22.516176319961847
344 22.516176319961847
345 22.52905061945325
346 22.52905061945325
347 22.52905061945325
348 22.5563917870458
349 22.5563917870458
350 22.570308301192235
351 22.570308301192235
352 22.570308301192235
353 22.59471777828163
354 22.59471777828163
355 22.62221927750277
356 22.62221927750277
357 22.6735901984914
358 23.02847030554112
359 23.051268199319793
360 23.051268199319793
361 23.415849526742186
362 23.438411245585304
363 23.55839427693274
364 23.55839427693274
365 23.55839427693274
366 23.55839427693274
367 23.579294696128112
368 23.660947184841504
369 23.660947184841504
370 23.660947184841504
371 23.73111984387637
372 23.73111984387637
373 23.822055246984362
374 23.831517843203482
375 23.831517843203482
376 23.831517843203482
377 23.831517843203482
378 23.92733468066523
379 23.92733468066523
380 24.016805599838953
381 24.22448308415343
382 24.225110231579865
383 24.225110231579865
384 24.225110231579865
385 24.225110231579865
386 24.225110231579865
387 24.225110231579865
388 24.225110231579865
389 24.225110231579865
390 24.225110231579865
391 24.38687951684304
392 24.38687951684304
393 24.38687951684304
394 24.38687951684304
395 24.38687951684304
396 24.48527907878954
397 24.48527907878954
398 24.48527907878954
399 24.48527907878954
400 24.48527907878954
401 24.48527907878954
402 24.48527907878954
403 24.51902138210091
404 24.51902138210091
405 24.647335710122423
406 24.647335710122423
407 24.763154569605973
408 24.820330335289036
409 24.834053780573917
410 24.834053780573917
411 24.834053780573917
412 24.889255577744297
413 24.889255577744297
414 24.889255577744297
415 24.889255577744297
416 24.889255577744297
417 24.889255577744297
418 24.902923648304167
419 25.222273810346902
420 25.222273810346902
421 25.222273810346902
422 25.222273810346902
423 25.253266546894068
424 25.253266546894068
425 25.43129979217532
426 25.538913284986137
427 25.538913284986137
428 25.593909572970592
429 25.593909572970592
430 25.66415478217111
431 25.704807447748518
432 25.7244075235937
433 25.7244075235937
434 25.7244075235937
435 26.239530034228487
436 26.239530034228487
437 26.239530034228487
438 26.318064173665107
439 26.336707735698248
440 26.37338949648891
441 26.52794159316163
442 26.95914655518749
443 26.95914655518749
444 26.95914655518749
445 26.95914655518749
446 26.95914655518749
447 26.95914655518749
448 26.97460323594676
449 26.98037446695347
450 26.98037446695347
451 26.98037446695347
452 26.98037446695347
453 26.98037446695347
454 26.98037446695347
455 27.006378803093227
456 27.330818059464683
457 27.46535898146281
458 27.47972545883491
459 27.54542563454963
460 27.54542563454963
461 27.898878292952407
462 27.908067983606593
463 27.908067983606593
464 27.988788798846613
465 28.053867861936283
466 28.053867861936283
467 28.053867861936283
468 28.053867861936283
469 28.21907218507837
470 28.277974245257656
471 28.485456135867494
472 28.501584537518376
473 28.501584537518376
474 28.589870942151588
475 28.589870942151588
476 28.589870942151588
477 28.592987232862846
478 28.592987232862846
479 28.592987232862846
480 28.592987232862846
481 28.592987232862846
482 28.61830266899627
483 28.61830266899627
484 28.669455296630762
485 28.998937503723624
486 28.998937503723624
487 28.998937503723624
488 29.207838372983
489 29.28226822909993
490 29.28226822909993
491 29.33543784312908
492 29.33543784312908
493 29.378986632959517
494 29.378986632959517
495 29.46337556476768
496 29.46337556476768
497 29.46337556476768
498 29.46337556476768
499 29.743463263962784
