0 0.5948528654434195
1 0.5948528654434195
2 0.5948528654434195
3 0.5948528654434195
4 0.5948528654434195
5 0.604023992863014
6 0.629152119542018
7 0.629152119542018
8 0.629152119542018
9 0.629152119542018
10 0.629152119542018
11 0.6443387806242525
12 0.6443387806242525
13 0.6443387806242525
14 0.6443387806242525
15 0.6443387806242525
16 0.6534781061693874
17 0.6539738267199791
18 0.6539738267199791
19 0.6955022322008784
20 0.6955022322008784
21 0.6955022322008784
22 0.6955022322008784
23 0.6955022322008784
24 0.6955022322008784
25 0.6955022322008784
26 0.6955022322008784
27 0.6955022322008784
28 0.6955022322008784
29 0.6955022322008784
30 0.6955022322008784
31 0.6955022322008784
32 0.6955022322008784
33 0.6955022322008784
34 0.6955022322008784
35 0.6955022322008784
36 0.6955022322008784
37 0.6955022322008784
38 0.6955022322008784
39 0.6955022322008784
40 0.6955022322008784
41 0.6955022322008784
42 0.6955022322008784
43 0.6955022322008784
44 0.6955022322008784
45 0.6955022322008784
46 0.6955022322008784
47 0.6955022322008784
48 0.6955022322008784
49 0.6955022322008784
50 0.6955022322008784
51 0.6955022322008784
52 0.6955022322008784
53 0.6955022322008784
54 0.6955022322008784
55 0.6955022322008784
56 0.6955022322008784
57 0.6955022322008784
58 0.6955022322008784
59 0.6955022322008784
60 0.6955022322008784
61 0.6955022322008784
62 0.6955022322008784
63 0.6955022322008784
64 0.6955022322008784
65 0.6955022322008784
66 0.6955022322008784
67 0.6955022322008784
68 0.6955022322008784
69 0.6955022322008784
70 0.6955022322008784
71 0.6955022322008784
72 0.6955022322008784
73 0.6955022322008784
74 0.6955022322008784
75 0.6955022322008784
76 0.6955022322008784
77 0.6955022322008784
78 0.6955022322008784
79 0.6955022322008784
80 0.6955022322008784
81 0.6955022322008784
82 0.6955022322008784
83 0.6955022322008784
84 0.6955022322008784
85 0.6955022322008784
86 0.6955022322008784
87 0.6955022322008784
88 0.6955022322008784
89 0.6955022322008784
90 0.6955022322008784
91 0.6955022322008784
92 0.6955022322008784
93 0.6955022322008784
94 0.6955022322008784
95 0.6955022322008784
96 0.6955022322008784
97 0.6955022322008784
98 0.6955022322008784
99 0.6955022322008784
100 0.6955022322008784
101 0.6955022322008784
102 0.6955022322008784
103 0.6955022322008784
104 0.6955022322008784
105 0.6955022322008784
106 0.6955022322008784
107 0.6955022322008784
108 0.6955022322008784
109 0.6955022322008784
110 0.6955022322008784
111 0.6955022322008784
112 0.6955022322008784
113 0.6955022322008784
114 0.6955022322008784
115 0.6955022322008784
116 0.6955022322008784
117 0.6955022322008784
118 0.6955022322008784
119 0.6955022322008784
120 0.6955022322008784
121 0.6955022322008784
122 0.6955022322008784
123 0.6955022322008784
124 0.6955022322008784
125 0.6955022322008784
126 0.6955022322008784
127 0.6955022322008784
128 0.6955022322008784
129 0.6955022322008784
130 0.6955022322008784
131 0.6955022322008784
132 0.6955022322008784
133 0.6955022322008784
134 0.6955022322008784
135 0.6955022322008784
136 0.6955022322008784
137 0.6955022322008784
138 0.6955022322008784
139 0.6955022322008784
140 0.6955022322008784
141 0.6955022322008784
142 0.6955022322008784
143 0.6955022322008784
144 0.6955022322008784
145 0.6955022322008784
146 0.6955022322008784
147 0.6955022322008784
148 0.6955022322008784
149 0.6955022322008784
150 0.6955022322008784
151 0.6955022322008784
152 0.6955022322008784
153 0.6955022322008784
154 0.6955022322008784
155 0.6955022322008784
156 0.6955022322008784
157 0.6955022322008784
158 0.6955022322008784
159 0.6955022322008784
160 0.6955022322008784
161 0.6955022322008784
162 0.6955022322008784
163 0.6955022322008784
164 0.6955022322008784
165 0.6955022322008784
166 0.6955022322008784
167 0.6955022322008784
168 0.6955022322008784
169 0.6955022322008784
170 0.6955022322008784
171 0.6955022322008784
172 0.6955022322008784
173 0.6955022322008784
174 0.6955022322008784
175 0.6955022322008784
176 0.6955022322008784
177 0.6955022322008784
178 0.6955022322008784
179 0.6955022322008784
180 0.6955022322008784
181 0.6955022322008784
182 0.6955022322008784
183 0.6955022322008784
184 0.6955022322008784
185 0.6955022322008784
186 0.6955022322008784
187 0.6955022322008784
188 0.6955022322008784
189 0.6955022322008784
190 0.6955022322008784
191 0.6955022322008784
192 0.6955022322008784
193 0.6955022322008784
194 0.6955022322008784
195 0.6955022322008784
196 0.6955022322008784
197 0.6955022322008784
198 0.6955022322008784
199 0.6955022322008784
200 0.6955022322008784
201 0.6955022322008784
202 0.6955022322008784
203 0.6955022322008784
204 0.6955022322008784
205 0.6955022322008784
206 0.6955022322008784
207 0.6955022322008784
208 0.6955022322008784
209 0.6955022322008784
210 0.6955022322008784
211 0.6955022322008784
212 0.6955022322008784
213 0.6955022322008784
214 0.6955022322008784
215 0.6955022322008784
216 0.6955022322008784
217 0.6955022322008784
218 0.6955022322008784
219 0.6955022322008784
220 0.6955022322008784
221 0.6955022322008784
222 0.6955022322008784
223 0.6955022322008784
224 0.6955022322008784
225 0.6955022322008784
226 0.6955022322008784
227 0.6955022322008784
228 0.6955022322008784
229 0.6955022322008784
230 0.6955022322008784
231 0.6955022322008784
232 0.6955022322008784
233 0.6955022322008784
234 0.6955022322008784
235 0.6955022322008784
236 0.6955022322008784
237 0.6955022322008784
238 0.6955022322008784
239 0.6955022322008784
240 0.6955022322008784
241 0.6955022322008784
242 0.6955022322008784
243 0.6955022322008784
244 0.6955022322008784
245 0.6955022322008784
246 0.6955022322008784
247 0.6955022322008784
248 0.6955022322008784
249 0.6955022322008784
250 0.6955022322008784
251 0.6955022322008784
252 0.6955022322008784
253 0.6955022322008784
254 0.6955022322008784
255 0.6955022322008784
256 0.6955022322008784
257 0.6955022322008784
258 0.6955022322008784
259 0.6955022322008784
260 0.6955022322008784
261 0.6955022322008784
262 0.6955022322008784
263 0.6955022322008784
264 0.6955022322008784
265 0.6955022322008784
266 0.6955022322008784
267 0.6955022322008784
268 0.6955022322008784
269 0.6955022322008784
270 0.6955022322008784
271 0.6955022322008784
272 0.6955022322008784
273 0.6955022322008784
274 0.6955022322008784
275 0.6955022322008784
276 0.6955022322008784
277 0.6955022322008784
278 0.6955022322008784
279 0.6955022322008784
280 0.6955022322008784
281 0.6955022322008784
282 0.6955022322008784
283 0.6955022322008784
284 0.6955022322008784
285 0.6955022322008784
286 0.6955022322008784
287 0.6955022322008784
288 0.6955022322008784
289 0.6955022322008784
290 0.6955022322008784
291 0.6955022322008784
292 0.6955022322008784
293 0.6955022322008784
294 0.6955022322008784
295 0.6955022322008784
296 0.6955022322008784
297 0.6955022322008784
298 0.6955022322008784
299 0.6955022322008784
300 0.6955022322008784
301 0.6955022322008784
302 0.6955022322008784
303 0.6955022322008784
304 0.6955022322008784
305 0.6955022322008784
306 0.6955022322008784
307 0.6955022322008784
308 0.6955022322008784
309 0.6955022322008784
310 0.6955022322008784
311 0.6955022322008784
312 0.6955022322008784
313 0.6955022322008784
314 0.6955022322008784
315 0.6955022322008784
316 0.6955022322008784
317 0.6955022322008784
318 0.6955022322008784
319 0.6955022322008784
320 0.6955022322008784
321 0.6955022322008784
322 0.6955022322008784
323 0.7223674897094555
324 0.7223674897094555
325 0.7223674897094555
326 0.7223674897094555
327 0.7223674897094555
328 0.7223674897094555
329 0.7223674897094555
330 0.7223674897094555
331 0.7223674897094555
332 0.7223674897094555
333 0.7223674897094555
334 0.7223674897094555
335 0.7223674897094555
336 0.7223674897094555
337 0.7223674897094555
338 0.7223674897094555
339 0.7223674897094555
340 0.7223674897094555
341 0.7223674897094555
342 0.7223674897094555
343 0.7223674897094555
344 0.7223674897094555
345 0.7223674897094555
346 0.7223674897094555
347 0.7223674897094555
348 0.7223674897094555
349 0.7223674897094555
350 0.7223674897094555
351 0.7223674897094555
352 0.7223674897094555
353 0.7223674897094555
354 0.7223674897094555
355 0.7223674897094555
356 0.7223674897094555
357 0.7223674897094555
358 0.7223674897094555
359 0.7223674897094555
360 0.7223674897094555
361 0.7223674897094555
362 0.7223674897094555
363 0.7223674897094555
364 0.7223674897094555
365 0.7223674897094555
366 0.7223674897094555
367 0.7223674897094555
368 0.7223674897094555
369 0.7223674897094555
370 0.7223674897094555
371 0.7223674897094555
372 0.7223674897094555
373 0.7223674897094555
374 0.7223674897094555
375 0.7223674897094555
376 0.7223674897094555
377 0.7223674897094555
378 0.7223674897094555
379 0.7223674897094555
380 0.7223674897094555
381 0.7223674897094555
382 0.7223674897094555
383 0.7223674897094555
384 0.7223674897094555
385 0.7223674897094555
386 0.7223674897094555
387 0.7223674897094555
388 0.7223674897094555
389 0.7223674897094555
390 0.7223674897094555
391 0.7223674897094555
392 0.7223674897094555
393 0.7223674897094555
394 0.7223674897094555
395 0.7223674897094555
396 0.7223674897094555
397 0.7223674897094555
398 0.7223674897094555
399 0.7223674897094555
400 0.7223674897094555
401 0.7223674897094555
402 0.7223674897094555
403 0.7223674897094555
404 0.7223674897094555
405 0.7223674897094555
406 0.7223674897094555
407 0.7223674897094555
408 0.7223674897094555
409 0.7223674897094555
410 0.7223674897094555
411 0.7223674897094555
412 0.7223674897094555
413 0.7223674897094555
414 0.7223674897094555
415 0.7223674897094555
416 0.7223674897094555
417 0.7223674897094555
418 0.7223674897094555
419 0.7223674897094555
420 0.7223674897094555
421 0.7223674897094555
422 0.8578399429693989
423 0.8578399429693989
424 0.8578399429693989
425 0.8578399429693989
426 0.8578399429693989
427 0.8578399429693989
428 0.8578399429693989
429 0.8578399429693989
430 0.8578399429693989
431 0.8578399429693989
432 0.8578399429693989
433 0.8578399429693989
434 0.8578399429693989
435 0.8578399429693989
436 0.8578399429693989
437 0.8578399429693989
438 0.8578399429693989
439 0.8578399429693989
440 0.8578399429693989
441 0.8578399429693989
442 0.8578399429693989
443 0.8578399429693989
444 0.8578399429693989
445 0.8578399429693989
446 0.8578399429693989
447 0.8578399429693989
448 0.8578399429693989
449 0.8578399429693989
450 0.8578399429693989
451 0.8578399429693989
452 0.8578399429693989
453 0.8578399429693989
454 0.8578399429693989
455 0.8578399429693989
456 0.8578399429693989
457 0.8578399429693989
458 0.8578399429693989
459 0.8578399429693989
460 0.8578399429693989
461 0.8578399429693989
462 0.8578399429693989
463 0.8578399429693989
464 0.8578399429693989
465 0.8578399429693989
466 0.8578399429693989
467 0.8578399429693989
468 0.8578399429693989
469 0.8578399429693989
470 0.8578399429693989
471 0.8578399429693989
472 0.8578399429693989
473 0.8578399429693989
474 0.8578399429693989
475 0.8578399429693989
476 0.8578399429693989
477 0.8578399429693989
478 0.8578399429693989
479 0.8578399429693989
480 0.8578399429693989
481 0.8578399429693989
482 0.8578399429693989
483 0.8578399429693989
484 0.8578399429693989
485 0.8578399429693989
486 0.8578399429693989
487 0.8578399429693989
488 0.8578399429693989
489 0.8578399429693989
490 0.8578399429693989
491 0.8578399429693989
492 0.8578399429693989
493 0.8578399429693989
494 0.8578399429693989
495 0.8578399429693989
496 0.8578399429693989
497 0.8578399429693989
498 0.8578399429693989
499 0.8578399429693989
500 0.8578399429693989
501 0.8578399429693989
502 0.8578399429693989
503 0.8578399429693989
504 0.8578399429693989
505 0.8578399429693989
506 0.8578399429693989
507 0.8578399429693989
508 0.8578399429693989
509 0.8578399429693989
510 0.8578399429693989
511 0.8578399429693989
512 0.8578399429693989
513 0.8578399429693989
514 0.8578399429693989
515 0.8578399429693989
516 0.8578399429693989
517 0.8578399429693989
518 0.8578399429693989
519 0.8578399429693989
520 0.8578399429693989
521 0.8578399429693989
522 0.8578399429693989
523 0.8578399429693989
524 0.8578399429693989
525 0.8578399429693989
526 0.8578399429693989
527 0.8578399429693989
528 0.8578399429693989
529 0.8578399429693989
530 0.8578399429693989
531 0.8578399429693989
532 0.8578399429693989
533 0.8578399429693989
534 0.8578399429693989
535 0.8578399429693989
536 0.8578399429693989
537 0.8578399429693989
538 0.8578399429693989
539 0.8578399429693989
540 0.8578399429693989
541 0.8578399429693989
542 0.8578399429693989
543 0.8578399429693989
544 0.8578399429693989
545 0.8578399429693989
546 0.8578399429693989
547 0.8578399429693989
548 0.8578399429693989
549 0.8578399429693989
550 0.8578399429693989
551 0.8578399429693989
552 0.8578399429693989
553 0.8578399429693989
554 0.8578399429693989
555 0.8578399429693989
556 0.8578399429693989
557 0.8578399429693989
558 0.8578399429693989
559 0.8578399429693989
560 0.8578399429693989
561 0.8578399429693989
562 0.8578399429693989
563 0.8578399429693989
564 0.8578399429693989
565 0.8578399429693989
566 0.8578399429693989
567 0.8578399429693989
568 0.8578399429693989
569 0.8578399429693989
570 0.8578399429693989
571 0.8578399429693989
572 0.8578399429693989
573 0.8578399429693989
574 0.8578399429693989
575 0.8578399429693989
576 0.8578399429693989
577 0.8578399429693989
578 0.8578399429693989
579 0.8578399429693989
580 0.8578399429693989
581 0.8578399429693989
582 0.8578399429693989
583 0.8578399429693989
584 0.8578399429693989
585 0.8578399429693989
586 0.8578399429693989
587 0.8578399429693989
588 0.8578399429693989
589 0.8578399429693989
590 0.8578399429693989
591 0.8578399429693989
592 0.8578399429693989
593 0.8578399429693989
594 0.8578399429693989
595 0.8578399429693989
596 0.8578399429693989
597 0.8578399429693989
598 0.8578399429693989
599 0.8578399429693989
600 0.8578399429693989
601 0.8578399429693989
602 0.8578399429693989
603 0.8578399429693989
604 0.8578399429693989
605 0.8578399429693989
606 0.8578399429693989
607 0.8578399429693989
608 0.8578399429693989
609 0.8578399429693989
610 0.8578399429693989
611 0.8578399429693989
612 0.8578399429693989
613 0.8578399429693989
614 0.8578399429693989
615 0.8578399429693989
616 0.8578399429693989
617 0.8578399429693989
618 0.8578399429693989
619 0.8578399429693989
620 0.8578399429693989
621 0.8578399429693989
622 0.8578399429693989
623 0.8578399429693989
624 0.8578399429693989
625 0.8578399429693989
626 0.8578399429693989
627 0.8578399429693989
628 0.8578399429693989
629 0.8578399429693989
630 0.8578399429693989
631 0.8578399429693989
632 0.8578399429693989
633 0.8578399429693989
634 0.8578399429693989
635 0.8578399429693989
636 0.8578399429693989
637 0.8578399429693989
638 0.8578399429693989
639 0.8578399429693989
640 0.8578399429693989
641 0.8578399429693989
642 0.8578399429693989
643 0.8578399429693989
644 0.8578399429693989
645 0.8578399429693989
646 0.8578399429693989
647 0.8578399429693989
648 0.8578399429693989
649 0.8578399429693989
650 0.8578399429693989
651 0.8578399429693989
652 0.8578399429693989
653 0.8578399429693989
654 0.8578399429693989
655 0.8578399429693989
656 0.8578399429693989
657 0.8578399429693989
658 0.8578399429693989
659 0.8578399429693989
660 0.8578399429693989
661 0.8578399429693989
662 0.8578399429693989
663 0.8578399429693989
664 0.8578399429693989
665 0.8578399429693989
666 0.8578399429693989
667 0.8578399429693989
668 0.8578399429693989
669 0.8578399429693989
670 0.8578399429693989
671 0.8578399429693989
672 0.8578399429693989
673 0.8578399429693989
674 0.8578399429693989
675 0.8578399429693989
676 0.8578399429693989
677 0.8578399429693989
678 0.8578399429693989
679 0.8578399429693989
680 0.8578399429693989
681 0.8578399429693989
682 0.8578399429693989
683 0.8578399429693989
684 0.8578399429693989
685 0.8578399429693989
686 0.8578399429693989
687 0.8578399429693989
688 0.8578399429693989
689 0.8578399429693989
690 0.8578399429693989
691 0.8578399429693989
692 0.8578399429693989
693 0.8578399429693989
694 0.8578399429693989
695 0.8578399429693989
696 0.8578399429693989
697 0.8578399429693989
698 0.8578399429693989
699 0.8578399429693989
700 0.8578399429693989
701 0.8578399429693989
702 0.8578399429693989
703 0.8578399429693989
704 0.8578399429693989
705 0.8578399429693989
706 0.8578399429693989
707 0.8578399429693989
708 0.8578399429693989
709 0.8578399429693989
710 0.8578399429693989
711 0.8578399429693989
712 0.8578399429693989
713 0.8578399429693989
714 0.8578399429693989
715 0.8578399429693989
716 0.8578399429693989
717 0.8578399429693989
718 0.8578399429693989
719 0.8578399429693989
720 0.8578399429693989
721 0.8578399429693989
722 0.8578399429693989
723 0.8578399429693989
724 0.8578399429693989
725 0.8578399429693989
726 0.8578399429693989
727 0.8578399429693989
728 0.8578399429693989
729 0.8578399429693989
730 0.8578399429693989
731 0.8578399429693989
732 0.8578399429693989
733 0.8578399429693989
734 0.8578399429693989
735 0.8578399429693989
736 0.8578399429693989
737 0.8578399429693989
738 0.8578399429693989
739 0.8578399429693989
740 0.8578399429693989
741 0.8578399429693989
742 0.8578399429693989
743 0.8578399429693989
744 0.8578399429693989
745 0.8578399429693989
746 0.8578399429693989
747 0.8578399429693989
748 0.8578399429693989
749 0.8578399429693989
750 0.8578399429693989
751 0.8578399429693989
752 0.8578399429693989
753 0.8578399429693989
754 0.8578399429693989
755 0.8578399429693989
756 0.8578399429693989
757 0.8578399429693989
758 0.8578399429693989
759 0.8578399429693989
760 0.8578399429693989
761 0.8578399429693989
762 0.8578399429693989
763 0.8578399429693989
764 0.8578399429693989
765 0.8578399429693989
766 0.8578399429693989
767 0.8578399429693989
768 0.8578399429693989
769 0.8578399429693989
770 0.8578399429693989
771 0.8578399429693989
772 0.8578399429693989
773 0.8578399429693989
774 0.8578399429693989
775 0.8578399429693989
776 0.8578399429693989
777 0.8578399429693989
778 0.8578399429693989
779 0.8578399429693989
780 0.8578399429693989
781 0.8578399429693989
782 0.8578399429693989
783 0.8578399429693989
784 0.8578399429693989
785 0.8578399429693989
786 0.8578399429693989
787 0.8578399429693989
788 0.8578399429693989
789 0.8578399429693989
790 0.8578399429693989
791 0.8578399429693989
792 0.8578399429693989
793 0.8578399429693989
794 0.8578399429693989
795 0.8578399429693989
796 0.8578399429693989
797 0.8578399429693989
798 0.8578399429693989
799 0.8578399429693989
800 0.8578399429693989
801 0.8578399429693989
802 0.8578399429693989
803 0.8578399429693989
804 0.8578399429693989
805 0.8578399429693989
806 0.8578399429693989
807 0.8578399429693989
808 0.8578399429693989
809 0.8578399429693989
810 0.8578399429693989
811 0.8578399429693989
812 0.8578399429693989
813 0.8578399429693989
814 0.8578399429693989
815 0.8578399429693989
816 0.8578399429693989
817 0.8578399429693989
818 0.8578399429693989
819 0.8578399429693989
820 0.8578399429693989
821 0.8578399429693989
822 0.8578399429693989
823 0.8578399429693989
824 0.8578399429693989
825 0.8578399429693989
826 0.8578399429693989
827 0.8578399429693989
828 0.8578399429693989
829 0.8578399429693989
830 0.8578399429693989
831 0.8578399429693989
832 0.8578399429693989
833 0.8578399429693989
834 0.8578399429693989
835 0.8578399429693989
836 0.8578399429693989
837 0.8578399429693989
838 0.8578399429693989
839 0.8578399429693989
840 0.8578399429693989
841 0.8578399429693989
842 0.8578399429693989
843 0.8578399429693989
844 0.8578399429693989
845 0.8578399429693989
846 0.8578399429693989
847 0.8578399429693989
848 0.8578399429693989
849 0.8578399429693989
850 0.8578399429693989
851 0.8578399429693989
852 0.8578399429693989
853 0.8578399429693989
854 0.8578399429693989
855 0.8578399429693989
856 0.8578399429693989
857 0.8578399429693989
858 0.8578399429693989
859 0.8578399429693989
860 0.8578399429693989
861 0.8578399429693989
862 0.923259133679239
863 0.923259133679239
864 0.923259133679239
865 0.923259133679239
866 0.923259133679239
867 0.923259133679239
868 0.923259133679239
869 0.923259133679239
870 0.923259133679239
871 0.923259133679239
872 0.923259133679239
873 0.923259133679239
874 0.923259133679239
875 0.923259133679239
876 0.923259133679239
877 0.923259133679239
878 0.923259133679239
879 0.923259133679239
880 0.923259133679239
881 0.923259133679239
882 0.923259133679239
883 0.923259133679239
884 0.923259133679239
885 0.923259133679239
886 0.923259133679239
887 0.923259133679239
888 0.923259133679239
889 0.923259133679239
890 0.923259133679239
891 0.923259133679239
892 0.923259133679239
893 0.923259133679239
894 0.923259133679239
895 0.923259133679239
896 0.923259133679239
897 0.923259133679239
898 0.923259133679239
899 0.923259133679239
900 0.923259133679239
901 0.923259133679239
902 0.923259133679239
903 0.923259133679239
904 0.923259133679239
905 0.923259133679239
906 0.923259133679239
907 0.923259133679239
908 0.923259133679239
909 0.923259133679239
910 0.923259133679239
911 0.923259133679239
912 0.923259133679239
913 0.923259133679239
914 0.923259133679239
915 0.923259133679239
916 0.923259133679239
917 0.923259133679239
918 0.923259133679239
919 0.923259133679239
920 0.923259133679239
921 0.923259133679239
922 0.923259133679239
923 0.923259133679239
924 0.923259133679239
925 0.923259133679239
926 0.923259133679239
927 0.923259133679239
928 0.923259133679239
929 0.923259133679239
930 0.923259133679239
931 0.923259133679239
932 0.923259133679239
933 0.923259133679239
934 0.923259133679239
935 0.923259133679239
936 0.923259133679239
937 0.923259133679239
938 0.923259133679239
939 0.923259133679239
940 0.923259133679239
941 0.923259133679239
942 0.923259133679239
943 0.923259133679239
944 0.923259133679239
945 0.923259133679239
946 0.923259133679239
947 0.923259133679239
948 0.923259133679239
949 0.923259133679239
950 0.923259133679239
951 0.923259133679239
952 0.923259133679239
953 0.923259133679239
954 0.923259133679239
955 0.923259133679239
956 0.923259133679239
957 0.923259133679239
958 0.923259133679239
959 0.923259133679239
960 0.923259133679239
961 0.923259133679239
962 0.923259133679239
963 0.923259133679239
964 0.923259133679239
965 0.923259133679239
966 0.923259133679239
967 0.923259133679239
968 0.923259133679239
969 0.923259133679239
970 0.923259133679239
971 0.923259133679239
972 0.923259133679239
973 0.923259133679239
974 0.923259133679239
975 0.923259133679239
976 0.923259133679239
977 0.923259133679239
978 0.923259133679239
979 0.923259133679239
980 0.923259133679239
981 0.923259133679239
982 0.923259133679239
983 0.923259133679239
984 0.923259133679239
985 0.923259133679239
986 0.923259133679239
987 0.923259133679239
988 0.923259133679239
989 0.923259133679239
990 0.923259133679239
991 0.923259133679239
992 0.923259133679239
993 0.923259133679239
994 0.923259133679239
995 0.923259133679239
996 0.923259133679239
997 0.923259133679239
998 0.923259133679239
999 0.923259133679239
