0 1.2333333333333334
1 1.2333333333333334
2 1.4333333333333333
3 1.4333333333333333
4 1.5
5 1.5
6 1.5
7 1.5
8 1.6
9 1.6
10 1.6
11 1.8
12 1.8
13 1.8
14 1.8666666666666667
15 1.8666666666666667
16 1.9
17 2.6666666666666665
18 2.9
19 2.9
20 2.9
21 2.966666666666667
22 2.966666666666667
23 2.966666666666667
24 2.966666666666667
25 2.966666666666667
26 2.966666666666667
27 2.966666666666667
28 2.966666666666667
29 2.966666666666667
30 2.966666666666667
31 2.966666666666667
32 2.966666666666667
33 2.966666666666667
34 2.966666666666667
35 2.966666666666667
36 2.966666666666667
37 2.966666666666667
38 2.966666666666667
39 2.966666666666667
40 2.966666666666667
41 2.966666666666667
42 2.966666666666667
43 2.966666666666667
44 2.966666666666667
45 2.966666666666667
46 3.0
47 3.0
48 3.2333333333333334
49 3.2333333333333334
50 3.3333333333333335
51 3.3333333333333335
52 3.3333333333333335
53 3.3333333333333335
54 3.3333333333333335
55 3.3333333333333335
56 3.3333333333333335
57 3.4
58 3.4
59 3.4
60 3.4
61 3.6
62 3.6
63 3.6
64 3.6
65 3.6
66 3.6
67 3.6
68 3.6
69 3.6
70 3.6
71 3.6
72 3.6
73 3.6
74 3.6
75 3.6
76 3.6
77 3.6
78 3.6
79 3.6
80 3.8333333333333335
81 3.8333333333333335
82 3.8333333333333335
83 3.8333333333333335
84 3.8333333333333335
85 3.933333333333333
86 3.933333333333333
87 3.933333333333333
88 3.933333333333333
89 3.933333333333333
90 4.166666666666667
91 4.166666666666667
92 4.166666666666667
93 4.166666666666667
94 4.166666666666667
95 4.166666666666667
96 4.166666666666667
97 4.166666666666667
98 4.166666666666667
99 4.166666666666667
100 4.166666666666667
101 4.166666666666667
102 4.166666666666667
103 4.166666666666667
104 4.166666666666667
105 4.3
106 4.3
107 4.3
108 4.3
109 4.3
110 4.3
111 4.3
112 4.3
113 4.3
114 4.333333333333333
115 4.333333333333333
116 4.333333333333333
117 4.366666666666666
118 4.366666666666666
119 4.366666666666666
120 4.366666666666666
121 4.366666666666666
122 4.366666666666666
123 4.366666666666666
124 4.366666666666666
125 4.366666666666666
126 4.366666666666666
127 4.366666666666666
128 4.366666666666666
129 4.366666666666666
130 4.366666666666666
131 4.366666666666666
132 4.366666666666666
133 4.366666666666666
134 4.366666666666666
135 4.366666666666666
136 4.366666666666666
137 4.566666666666666
138 4.566666666666666
139 4.566666666666666
140 4.566666666666666
141 4.566666666666666
142 4.566666666666666
143 4.566666666666666
144 4.566666666666666
145 4.566666666666666
146 4.566666666666666
147 4.566666666666666
148 4.566666666666666
149 4.566666666666666
150 4.566666666666666
151 4.666666666666667
152 4.666666666666667
153 4.666666666666667
154 4.666666666666667
155 4.666666666666667
156 4.666666666666667
157 4.666666666666667
158 4.666666666666667
159 4.666666666666667
160 4.666666666666667
161 4.666666666666667
162 4.666666666666667
163 4.666666666666667
164 4.666666666666667
165 4.666666666666667
166 4.666666666666667
167 4.666666666666667
168 4.666666666666667
169 4.666666666666667
170 4.666666666666667
171 4.666666666666667
172 4.666666666666667
173 4.666666666666667
174 4.666666666666667
175 4.666666666666667
176 4.666666666666667
177 4.666666666666667
178 4.666666666666667
179 4.666666666666667
180 4.666666666666667
181 4.666666666666667
182 4.666666666666667
183 4.666666666666667
184 4.666666666666667
185 4.666666666666667
186 4.666666666666667
187 4.666666666666667
188 4.666666666666667
189 4.666666666666667
190 4.666666666666667
191 4.666666666666667
192 4.666666666666667
193 4.666666666666667
194 4.666666666666667
195 4.666666666666667
196 4.666666666666667
197 4.666666666666667
198 4.666666666666667
199 4.666666666666667
200 4.666666666666667
201 4.666666666666667
202 4.666666666666667
203 4.666666666666667
204 4.666666666666667
205 4.666666666666667
206 4.666666666666667
207 4.666666666666667
208 4.666666666666667
209 4.666666666666667
210 4.666666666666667
211 4.666666666666667
212 4.666666666666667
213 4.666666666666667
214 4.666666666666667
215 4.666666666666667
216 4.666666666666667
217 4.666666666666667
218 4.666666666666667
219 4.666666666666667
220 4.666666666666667
221 4.666666666666667
222 4.666666666666667
223 4.666666666666667
224 4.666666666666667
225 4.666666666666667
226 4.666666666666667
227 4.666666666666667
228 4.666666666666667
229 4.666666666666667
230 4.666666666666667
231 4.666666666666667
232 4.666666666666667
233 4.666666666666667
234 4.666666666666667
235 4.666666666666667
236 4.666666666666667
237 4.666666666666667
238 4.666666666666667
239 4.666666666666667
240 4.666666666666667
241 4.666666666666667
242 4.666666666666667
243 4.666666666666667
244 4.666666666666667
245 4.666666666666667
246 4.666666666666667
247 4.666666666666667
248 4.666666666666667
249 4.666666666666667
250 4.666666666666667
251 4.666666666666667
252 4.666666666666667
253 4.666666666666667
254 4.666666666666667
255 4.666666666666667
256 4.666666666666667
257 4.666666666666667
258 4.666666666666667
259 4.666666666666667
260 4.666666666666667
261 4.666666666666667
262 4.666666666666667
263 4.666666666666667
264 4.666666666666667
265 4.666666666666667
266 4.666666666666667
267 4.666666666666667
268 4.666666666666667
269 4.666666666666667
270 4.666666666666667
271 4.666666666666667
272 4.666666666666667
273 4.666666666666667
274 4.666666666666667
275 4.666666666666667
276 4.666666666666667
277 4.666666666666667
278 4.666666666666667
279 4.666666666666667
280 4.666666666666667
281 4.666666666666667
282 4.666666666666667
283 4.666666666666667
284 4.666666666666667
285 4.666666666666667
286 4.666666666666667
287 4.666666666666667
288 4.666666666666667
289 4.666666666666667
290 4.666666666666667
291 4.666666666666667
292 4.666666666666667
293 4.666666666666667
294 4.666666666666667
295 4.666666666666667
296 4.666666666666667
297 4.666666666666667
298 4.666666666666667
299 4.666666666666667
300 4.666666666666667
301 4.666666666666667
302 4.666666666666667
303 4.666666666666667
304 4.733333333333333
305 4.733333333333333
306 4.733333333333333
307 4.733333333333333
308 4.733333333333333
309 4.733333333333333
310 4.733333333333333
311 4.733333333333333
312 4.733333333333333
313 4.733333333333333
314 4.733333333333333
315 4.733333333333333
316 4.733333333333333
317 4.733333333333333
318 4.733333333333333
319 4.733333333333333
320 4.733333333333333
321 4.733333333333333
322 4.733333333333333
323 4.733333333333333
324 4.733333333333333
325 4.733333333333333
326 4.733333333333333
327 4.733333333333333
328 4.733333333333333
329 4.733333333333333
330 4.733333333333333
331 4.733333333333333
332 4.733333333333333
333 4.733333333333333
334 4.733333333333333
335 4.733333333333333
336 4.733333333333333
337 4.733333333333333
338 4.733333333333333
339 4.733333333333333
340 4.733333333333333
341 4.733333333333333
342 4.733333333333333
343 4.733333333333333
344 4.733333333333333
345 4.733333333333333
346 4.733333333333333
347 4.733333333333333
348 4.733333333333333
349 4.733333333333333
350 4.733333333333333
351 4.733333333333333
352 4.733333333333333
353 4.733333333333333
354 4.733333333333333
355 4.733333333333333
356 4.733333333333333
357 4.733333333333333
358 4.733333333333333
359 4.733333333333333
360 4.733333333333333
361 4.733333333333333
362 4.733333333333333
363 4.733333333333333
364 4.733333333333333
365 4.733333333333333
366 4.733333333333333
367 4.733333333333333
368 4.733333333333333
369 4.733333333333333
370 4.733333333333333
371 4.733333333333333
372 4.733333333333333
373 4.733333333333333
374 4.733333333333333
375 4.766666666666667
376 4.766666666666667
377 4.766666666666667
378 4.766666666666667
379 4.766666666666667
380 4.766666666666667
381 4.766666666666667
382 4.766666666666667
383 4.766666666666667
384 4.766666666666667
385 4.766666666666667
386 4.766666666666667
387 4.766666666666667
388 4.766666666666667
389 4.766666666666667
390 4.766666666666667
391 4.766666666666667
392 4.766666666666667
393 4.766666666666667
394 4.766666666666667
395 4.766666666666667
396 4.766666666666667
397 4.766666666666667
398 4.766666666666667
399 4.766666666666667
400 4.766666666666667
401 4.766666666666667
402 4.766666666666667
403 4.766666666666667
404 4.766666666666667
405 4.766666666666667
406 4.766666666666667
407 4.766666666666667
408 4.766666666666667
409 4.766666666666667
410 4.766666666666667
411 4.766666666666667
412 4.766666666666667
413 4.766666666666667
414 4.766666666666667
415 4.766666666666667
416 4.766666666666667
417 4.766666666666667
418 4.766666666666667
419 4.766666666666667
420 4.766666666666667
421 4.766666666666667
422 4.766666666666667
423 4.766666666666667
424 4.766666666666667
425 4.766666666666667
426 4.766666666666667
427 4.766666666666667
428 4.766666666666667
429 4.766666666666667
430 4.766666666666667
431 4.8
432 4.8
433 4.8
434 4.8
435 4.8
436 4.8
437 4.8
438 4.8
439 4.833333333333333
440 4.833333333333333
441 4.833333333333333
442 4.833333333333333
443 4.833333333333333
444 4.833333333333333
445 4.833333333333333
446 4.833333333333333
447 4.833333333333333
448 4.833333333333333
449 4.833333333333333
450 4.833333333333333
451 4.833333333333333
452 4.833333333333333
453 4.833333333333333
454 4.833333333333333
455 4.833333333333333
456 4.833333333333333
457 4.833333333333333
458 4.833333333333333
459 4.833333333333333
460 4.833333333333333
461 4.833333333333333
462 4.833333333333333
463 4.833333333333333
464 4.833333333333333
465 4.833333333333333
466 4.833333333333333
467 4.833333333333333
468 4.833333333333333
469 4.833333333333333
470 4.833333333333333
471 4.833333333333333
472 4.833333333333333
473 4.833333333333333
474 4.833333333333333
475 4.833333333333333
476 4.833333333333333
477 4.833333333333333
478 4.833333333333333
479 4.833333333333333
480 4.833333333333333
481 4.833333333333333
482 4.833333333333333
483 4.833333333333333
484 4.833333333333333
485 4.833333333333333
486 4.833333333333333
487 4.833333333333333
488 4.833333333333333
489 4.833333333333333
490 4.833333333333333
491 4.833333333333333
492 4.833333333333333
493 4.833333333333333
494 4.833333333333333
495 4.833333333333333
496 4.833333333333333
497 4.833333333333333
498 4.833333333333333
499 4.833333333333333
500 4.833333333333333
501 4.833333333333333
502 4.833333333333333
503 4.833333333333333
504 4.833333333333333
505 4.833333333333333
506 4.833333333333333
507 4.833333333333333
508 4.833333333333333
509 4.833333333333333
510 4.833333333333333
511 4.833333333333333
512 4.833333333333333
513 4.833333333333333
514 4.833333333333333
515 4.833333333333333
516 4.833333333333333
517 4.833333333333333
518 4.833333333333333
519 4.833333333333333
520 4.833333333333333
521 4.833333333333333
522 4.833333333333333
523 4.833333333333333
524 4.833333333333333
525 4.833333333333333
526 4.833333333333333
527 4.833333333333333
528 4.833333333333333
529 4.833333333333333
530 4.833333333333333
531 4.833333333333333
532 4.833333333333333
533 4.833333333333333
534 4.833333333333333
535 4.833333333333333
536 4.833333333333333
537 4.833333333333333
538 4.833333333333333
539 4.833333333333333
540 4.833333333333333
541 4.833333333333333
542 4.833333333333333
543 4.833333333333333
544 4.833333333333333
545 4.833333333333333
546 4.833333333333333
547 4.833333333333333
548 4.833333333333333
549 4.833333333333333
550 4.833333333333333
551 4.833333333333333
552 4.833333333333333
553 4.833333333333333
554 4.833333333333333
555 4.833333333333333
556 4.833333333333333
557 4.833333333333333
558 4.833333333333333
559 4.833333333333333
560 4.833333333333333
561 4.833333333333333
562 4.833333333333333
563 4.833333333333333
564 4.833333333333333
565 4.833333333333333
566 4.833333333333333
567 4.833333333333333
568 4.833333333333333
569 4.833333333333333
570 4.833333333333333
571 4.833333333333333
572 4.833333333333333
573 4.833333333333333
574 4.833333333333333
575 4.833333333333333
576 4.833333333333333
577 4.833333333333333
578 4.833333333333333
579 4.833333333333333
580 4.833333333333333
581 4.833333333333333
582 4.833333333333333
583 4.833333333333333
584 4.833333333333333
585 4.833333333333333
586 4.833333333333333
587 4.833333333333333
588 4.833333333333333
589 4.833333333333333
590 4.833333333333333
591 4.833333333333333
592 4.833333333333333
593 4.833333333333333
594 4.833333333333333
595 4.833333333333333
596 4.833333333333333
597 4.833333333333333
598 4.833333333333333
599 4.833333333333333
600 4.833333333333333
601 4.833333333333333
602 4.833333333333333
603 4.833333333333333
604 4.833333333333333
605 4.833333333333333
606 4.833333333333333
607 4.833333333333333
608 4.833333333333333
609 4.833333333333333
610 4.833333333333333
611 4.833333333333333
612 4.833333333333333
613 4.833333333333333
614 4.833333333333333
615 4.833333333333333
616 4.833333333333333
617 4.833333333333333
618 4.833333333333333
619 4.833333333333333
620 4.833333333333333
621 4.833333333333333
622 4.833333333333333
623 4.833333333333333
624 4.833333333333333
625 4.833333333333333
626 4.833333333333333
627 4.833333333333333
628 4.833333333333333
629 4.833333333333333
630 4.833333333333333
631 4.833333333333333
632 4.833333333333333
633 4.833333333333333
634 4.833333333333333
635 4.833333333333333
636 4.866666666666666
637 4.866666666666666
638 4.866666666666666
639 4.866666666666666
640 4.866666666666666
641 4.866666666666666
642 4.866666666666666
643 4.866666666666666
644 4.866666666666666
645 4.866666666666666
646 4.866666666666666
647 4.866666666666666
648 4.866666666666666
649 4.866666666666666
650 4.866666666666666
651 4.866666666666666
652 4.866666666666666
653 4.866666666666666
654 4.866666666666666
655 4.866666666666666
656 4.866666666666666
657 4.866666666666666
658 4.866666666666666
659 4.866666666666666
660 4.866666666666666
661 4.866666666666666
662 4.866666666666666
663 4.866666666666666
664 4.866666666666666
665 4.866666666666666
666 4.866666666666666
667 4.866666666666666
668 4.866666666666666
669 4.866666666666666
670 4.866666666666666
671 4.866666666666666
672 4.866666666666666
673 4.866666666666666
674 4.866666666666666
675 4.866666666666666
676 4.866666666666666
677 4.866666666666666
678 4.866666666666666
679 4.866666666666666
680 4.866666666666666
681 4.866666666666666
682 4.866666666666666
683 4.866666666666666
684 4.866666666666666
685 4.866666666666666
686 4.866666666666666
687 4.866666666666666
688 4.866666666666666
689 4.866666666666666
690 4.866666666666666
691 4.866666666666666
692 4.866666666666666
693 4.866666666666666
694 4.866666666666666
695 4.866666666666666
696 4.866666666666666
697 4.866666666666666
698 4.866666666666666
699 4.866666666666666
700 4.866666666666666
701 4.866666666666666
702 4.866666666666666
703 4.866666666666666
704 4.866666666666666
705 4.866666666666666
706 4.866666666666666
707 4.866666666666666
708 4.866666666666666
709 4.866666666666666
710 4.866666666666666
711 4.866666666666666
712 4.866666666666666
713 4.866666666666666
714 4.866666666666666
715 4.866666666666666
716 4.866666666666666
717 4.866666666666666
718 4.866666666666666
719 4.866666666666666
720 4.866666666666666
721 4.866666666666666
722 4.866666666666666
723 4.866666666666666
724 4.866666666666666
725 4.866666666666666
726 4.866666666666666
727 4.866666666666666
728 4.866666666666666
729 4.866666666666666
730 4.866666666666666
731 4.866666666666666
732 4.866666666666666
733 4.866666666666666
734 4.866666666666666
735 4.866666666666666
736 4.866666666666666
737 4.866666666666666
738 4.866666666666666
739 4.866666666666666
740 4.866666666666666
741 4.866666666666666
742 4.866666666666666
743 4.866666666666666
744 4.866666666666666
745 4.866666666666666
746 4.866666666666666
747 4.866666666666666
748 4.866666666666666
749 4.866666666666666
750 4.866666666666666
751 4.866666666666666
752 4.866666666666666
753 4.866666666666666
754 4.866666666666666
755 4.866666666666666
756 4.866666666666666
757 4.866666666666666
758 4.866666666666666
759 4.866666666666666
760 4.866666666666666
761 4.866666666666666
762 4.866666666666666
763 4.866666666666666
764 4.866666666666666
765 4.866666666666666
766 4.866666666666666
767 4.866666666666666
768 4.866666666666666
769 4.866666666666666
770 4.866666666666666
771 4.866666666666666
772 4.866666666666666
773 4.866666666666666
774 4.866666666666666
775 4.866666666666666
776 4.866666666666666
777 4.866666666666666
778 4.866666666666666
779 4.866666666666666
780 4.866666666666666
781 4.866666666666666
782 4.866666666666666
783 4.866666666666666
784 4.866666666666666
785 4.866666666666666
786 4.866666666666666
787 4.866666666666666
788 4.866666666666666
789 4.866666666666666
790 4.866666666666666
791 4.866666666666666
792 4.866666666666666
793 4.866666666666666
794 4.866666666666666
795 4.866666666666666
796 4.866666666666666
797 4.866666666666666
798 4.866666666666666
799 4.866666666666666
800 4.866666666666666
801 4.866666666666666
802 4.866666666666666
803 4.866666666666666
804 4.866666666666666
805 4.866666666666666
806 4.866666666666666
807 4.866666666666666
808 4.866666666666666
809 4.866666666666666
810 4.866666666666666
811 4.866666666666666
812 4.866666666666666
813 4.866666666666666
814 4.866666666666666
815 4.866666666666666
816 4.866666666666666
817 4.866666666666666
818 4.866666666666666
819 4.866666666666666
820 4.866666666666666
821 4.866666666666666
822 4.866666666666666
823 4.866666666666666
824 4.866666666666666
825 4.866666666666666
826 4.866666666666666
827 4.866666666666666
828 4.866666666666666
829 4.866666666666666
830 4.866666666666666
831 4.866666666666666
832 4.866666666666666
833 4.866666666666666
834 4.866666666666666
835 4.866666666666666
836 4.866666666666666
837 4.866666666666666
838 4.866666666666666
839 4.866666666666666
840 4.866666666666666
841 4.866666666666666
842 4.866666666666666
843 4.866666666666666
844 4.866666666666666
845 4.866666666666666
846 4.866666666666666
847 4.866666666666666
848 4.866666666666666
849 4.866666666666666
850 4.866666666666666
851 4.866666666666666
852 4.866666666666666
853 4.866666666666666
854 4.866666666666666
855 4.866666666666666
856 4.866666666666666
857 4.866666666666666
858 4.866666666666666
859 4.866666666666666
860 4.866666666666666
861 4.866666666666666
862 4.866666666666666
863 4.866666666666666
864 4.866666666666666
865 4.866666666666666
866 4.866666666666666
867 4.866666666666666
868 4.866666666666666
869 4.866666666666666
870 4.866666666666666
871 4.866666666666666
872 4.866666666666666
873 4.866666666666666
874 4.866666666666666
875 4.866666666666666
876 4.866666666666666
877 4.866666666666666
878 4.866666666666666
879 4.866666666666666
880 4.866666666666666
881 4.866666666666666
882 4.866666666666666
883 4.866666666666666
884 4.866666666666666
885 4.866666666666666
886 4.866666666666666
887 4.866666666666666
888 4.866666666666666
889 4.866666666666666
890 4.866666666666666
891 4.866666666666666
892 4.866666666666666
893 4.866666666666666
894 4.866666666666666
895 4.966666666666667
896 4.966666666666667
897 4.966666666666667
898 4.966666666666667
899 4.966666666666667
900 4.966666666666667
901 4.966666666666667
902 4.966666666666667
903 4.966666666666667
904 4.966666666666667
905 4.966666666666667
906 4.966666666666667
907 4.966666666666667
908 4.966666666666667
909 4.966666666666667
910 4.966666666666667
911 4.966666666666667
912 4.966666666666667
913 4.966666666666667
914 4.966666666666667
915 4.966666666666667
916 4.966666666666667
917 4.966666666666667
918 4.966666666666667
919 4.966666666666667
920 4.966666666666667
921 4.966666666666667
922 4.966666666666667
923 4.966666666666667
924 4.966666666666667
925 4.966666666666667
926 4.966666666666667
927 4.966666666666667
928 4.966666666666667
929 4.966666666666667
930 4.966666666666667
931 4.966666666666667
932 4.966666666666667
933 4.966666666666667
934 4.966666666666667
935 4.966666666666667
936 4.966666666666667
937 4.966666666666667
938 4.966666666666667
939 4.966666666666667
940 4.966666666666667
941 4.966666666666667
942 4.966666666666667
943 4.966666666666667
944 4.966666666666667
945 4.966666666666667
946 4.966666666666667
947 4.966666666666667
948 4.966666666666667
949 4.966666666666667
950 4.966666666666667
951 4.966666666666667
952 4.966666666666667
953 4.966666666666667
954 4.966666666666667
955 5.066666666666666
956 5.066666666666666
957 5.066666666666666
958 5.066666666666666
959 5.066666666666666
960 5.066666666666666
961 5.066666666666666
962 5.066666666666666
963 5.066666666666666
964 5.066666666666666
965 5.066666666666666
966 5.066666666666666
967 5.066666666666666
968 5.066666666666666
969 5.066666666666666
970 5.066666666666666
971 5.066666666666666
972 5.066666666666666
973 5.066666666666666
974 5.066666666666666
975 5.066666666666666
976 5.066666666666666
977 5.066666666666666
978 5.066666666666666
979 5.066666666666666
980 5.066666666666666
981 5.066666666666666
982 5.066666666666666
983 5.066666666666666
984 5.066666666666666
985 5.066666666666666
986 5.066666666666666
987 5.066666666666666
988 5.066666666666666
989 5.066666666666666
990 5.066666666666666
991 5.066666666666666
992 5.066666666666666
993 5.066666666666666
994 5.066666666666666
995 5.066666666666666
996 5.066666666666666
997 5.066666666666666
998 5.066666666666666
999 5.066666666666666
1000 5.066666666666666
1001 5.066666666666666
1002 5.066666666666666
1003 5.066666666666666
1004 5.066666666666666
1005 5.066666666666666
1006 5.066666666666666
1007 5.066666666666666
1008 5.066666666666666
1009 5.066666666666666
1010 5.066666666666666
1011 5.066666666666666
1012 5.066666666666666
1013 5.066666666666666
1014 5.066666666666666
1015 5.066666666666666
1016 5.066666666666666
1017 5.066666666666666
1018 5.066666666666666
1019 5.066666666666666
1020 5.066666666666666
1021 5.066666666666666
1022 5.066666666666666
1023 5.066666666666666
1024 5.066666666666666
1025 5.066666666666666
1026 5.066666666666666
1027 5.066666666666666
1028 5.066666666666666
1029 5.066666666666666
1030 5.066666666666666
1031 5.066666666666666
1032 5.066666666666666
1033 5.066666666666666
1034 5.066666666666666
1035 5.066666666666666
1036 5.066666666666666
1037 5.066666666666666
1038 5.066666666666666
1039 5.066666666666666
1040 5.066666666666666
1041 5.066666666666666
1042 5.066666666666666
1043 5.066666666666666
1044 5.066666666666666
1045 5.066666666666666
1046 5.066666666666666
1047 5.066666666666666
1048 5.066666666666666
1049 5.066666666666666
1050 5.066666666666666
1051 5.066666666666666
1052 5.066666666666666
1053 5.066666666666666
1054 5.066666666666666
1055 5.066666666666666
1056 5.066666666666666
1057 5.066666666666666
1058 5.066666666666666
1059 5.066666666666666
1060 5.066666666666666
1061 5.066666666666666
1062 5.066666666666666
1063 5.066666666666666
1064 5.066666666666666
1065 5.066666666666666
1066 5.066666666666666
1067 5.066666666666666
1068 5.066666666666666
1069 5.066666666666666
1070 5.066666666666666
1071 5.066666666666666
1072 5.066666666666666
1073 5.066666666666666
1074 5.066666666666666
1075 5.066666666666666
1076 5.066666666666666
1077 5.066666666666666
1078 5.066666666666666
1079 5.066666666666666
1080 5.066666666666666
1081 5.066666666666666
1082 5.066666666666666
1083 5.066666666666666
1084 5.066666666666666
1085 5.066666666666666
1086 5.066666666666666
1087 5.066666666666666
1088 5.066666666666666
1089 5.066666666666666
1090 5.066666666666666
1091 5.066666666666666
1092 5.066666666666666
1093 5.066666666666666
1094 5.066666666666666
1095 5.066666666666666
1096 5.066666666666666
1097 5.066666666666666
1098 5.066666666666666
1099 5.066666666666666
1100 5.066666666666666
1101 5.066666666666666
1102 5.066666666666666
1103 5.066666666666666
1104 5.066666666666666
1105 5.066666666666666
1106 5.066666666666666
1107 5.066666666666666
1108 5.066666666666666
1109 5.066666666666666
1110 5.066666666666666
1111 5.066666666666666
1112 5.066666666666666
1113 5.066666666666666
1114 5.066666666666666
1115 5.066666666666666
1116 5.066666666666666
1117 5.066666666666666
1118 5.066666666666666
1119 5.066666666666666
1120 5.066666666666666
1121 5.066666666666666
1122 5.066666666666666
1123 5.066666666666666
1124 5.066666666666666
1125 5.066666666666666
1126 5.066666666666666
1127 5.066666666666666
1128 5.066666666666666
1129 5.066666666666666
1130 5.066666666666666
1131 5.066666666666666
1132 5.066666666666666
1133 5.066666666666666
1134 5.066666666666666
1135 5.066666666666666
1136 5.066666666666666
1137 5.066666666666666
1138 5.066666666666666
1139 5.066666666666666
1140 5.066666666666666
1141 5.066666666666666
1142 5.066666666666666
1143 5.066666666666666
1144 5.066666666666666
1145 5.066666666666666
1146 5.066666666666666
1147 5.066666666666666
1148 5.066666666666666
1149 5.066666666666666
1150 5.066666666666666
1151 5.066666666666666
1152 5.066666666666666
1153 5.066666666666666
1154 5.066666666666666
1155 5.066666666666666
1156 5.066666666666666
1157 5.066666666666666
1158 5.066666666666666
1159 5.066666666666666
1160 5.066666666666666
1161 5.066666666666666
1162 5.066666666666666
1163 5.066666666666666
1164 5.066666666666666
1165 5.066666666666666
1166 5.066666666666666
1167 5.066666666666666
1168 5.066666666666666
1169 5.066666666666666
1170 5.066666666666666
1171 5.066666666666666
1172 5.066666666666666
1173 5.066666666666666
1174 5.066666666666666
1175 5.066666666666666
1176 5.066666666666666
1177 5.066666666666666
1178 5.066666666666666
1179 5.066666666666666
1180 5.066666666666666
1181 5.066666666666666
1182 5.066666666666666
1183 5.066666666666666
1184 5.066666666666666
1185 5.066666666666666
1186 5.066666666666666
1187 5.066666666666666
1188 5.066666666666666
1189 5.066666666666666
1190 5.066666666666666
1191 5.066666666666666
1192 5.066666666666666
1193 5.066666666666666
1194 5.066666666666666
1195 5.066666666666666
1196 5.066666666666666
1197 5.066666666666666
1198 5.066666666666666
1199 5.066666666666666
1200 5.066666666666666
1201 5.066666666666666
1202 5.066666666666666
1203 5.066666666666666
1204 5.066666666666666
1205 5.066666666666666
1206 5.066666666666666
1207 5.066666666666666
1208 5.066666666666666
1209 5.066666666666666
1210 5.066666666666666
1211 5.066666666666666
1212 5.066666666666666
1213 5.066666666666666
1214 5.066666666666666
1215 5.066666666666666
1216 5.066666666666666
1217 5.066666666666666
1218 5.066666666666666
1219 5.066666666666666
1220 5.066666666666666
1221 5.066666666666666
1222 5.066666666666666
1223 5.066666666666666
1224 5.066666666666666
1225 5.066666666666666
1226 5.066666666666666
1227 5.066666666666666
1228 5.066666666666666
1229 5.066666666666666
1230 5.066666666666666
1231 5.066666666666666
1232 5.066666666666666
1233 5.066666666666666
1234 5.066666666666666
1235 5.066666666666666
1236 5.066666666666666
1237 5.066666666666666
1238 5.066666666666666
1239 5.066666666666666
1240 5.066666666666666
1241 5.066666666666666
1242 5.066666666666666
1243 5.066666666666666
1244 5.066666666666666
1245 5.066666666666666
1246 5.066666666666666
1247 5.066666666666666
1248 5.066666666666666
1249 5.066666666666666
1250 5.066666666666666
1251 5.066666666666666
1252 5.066666666666666
1253 5.066666666666666
1254 5.066666666666666
1255 5.066666666666666
1256 5.066666666666666
1257 5.066666666666666
1258 5.066666666666666
1259 5.066666666666666
1260 5.066666666666666
1261 5.066666666666666
1262 5.066666666666666
1263 5.066666666666666
1264 5.066666666666666
1265 5.066666666666666
1266 5.066666666666666
1267 5.066666666666666
1268 5.066666666666666
1269 5.066666666666666
1270 5.066666666666666
1271 5.066666666666666
1272 5.066666666666666
1273 5.066666666666666
1274 5.066666666666666
1275 5.066666666666666
1276 5.066666666666666
1277 5.066666666666666
1278 5.066666666666666
1279 5.066666666666666
1280 5.066666666666666
1281 5.066666666666666
1282 5.066666666666666
1283 5.066666666666666
1284 5.066666666666666
1285 5.066666666666666
1286 5.066666666666666
1287 5.066666666666666
1288 5.066666666666666
1289 5.066666666666666
1290 5.066666666666666
1291 5.066666666666666
1292 5.066666666666666
1293 5.066666666666666
1294 5.066666666666666
1295 5.066666666666666
1296 5.066666666666666
1297 5.066666666666666
1298 5.066666666666666
1299 5.066666666666666
1300 5.066666666666666
1301 5.066666666666666
1302 5.066666666666666
1303 5.066666666666666
1304 5.066666666666666
1305 5.066666666666666
1306 5.066666666666666
1307 5.066666666666666
1308 5.066666666666666
1309 5.066666666666666
1310 5.066666666666666
1311 5.066666666666666
1312 5.066666666666666
1313 5.066666666666666
1314 5.066666666666666
1315 5.066666666666666
1316 5.066666666666666
1317 5.066666666666666
1318 5.066666666666666
1319 5.066666666666666
1320 5.066666666666666
1321 5.066666666666666
1322 5.066666666666666
1323 5.066666666666666
1324 5.066666666666666
1325 5.066666666666666
1326 5.066666666666666
1327 5.066666666666666
1328 5.066666666666666
1329 5.066666666666666
1330 5.066666666666666
1331 5.066666666666666
1332 5.066666666666666
1333 5.066666666666666
1334 5.066666666666666
1335 5.066666666666666
1336 5.066666666666666
1337 5.066666666666666
1338 5.066666666666666
1339 5.066666666666666
1340 5.066666666666666
1341 5.066666666666666
1342 5.066666666666666
1343 5.066666666666666
1344 5.066666666666666
1345 5.066666666666666
1346 5.066666666666666
1347 5.066666666666666
1348 5.066666666666666
1349 5.066666666666666
1350 5.066666666666666
1351 5.066666666666666
1352 5.066666666666666
1353 5.066666666666666
1354 5.066666666666666
1355 5.066666666666666
1356 5.066666666666666
1357 5.066666666666666
1358 5.066666666666666
1359 5.066666666666666
1360 5.066666666666666
1361 5.066666666666666
1362 5.066666666666666
1363 5.066666666666666
1364 5.066666666666666
1365 5.066666666666666
1366 5.066666666666666
1367 5.066666666666666
1368 5.066666666666666
1369 5.066666666666666
1370 5.066666666666666
1371 5.066666666666666
1372 5.066666666666666
1373 5.066666666666666
1374 5.066666666666666
1375 5.066666666666666
1376 5.066666666666666
1377 5.066666666666666
1378 5.066666666666666
1379 5.066666666666666
1380 5.066666666666666
1381 5.066666666666666
1382 5.066666666666666
1383 5.066666666666666
1384 5.066666666666666
1385 5.066666666666666
1386 5.066666666666666
1387 5.066666666666666
1388 5.066666666666666
1389 5.066666666666666
1390 5.066666666666666
1391 5.066666666666666
1392 5.066666666666666
1393 5.066666666666666
1394 5.066666666666666
1395 5.066666666666666
1396 5.066666666666666
1397 5.066666666666666
1398 5.066666666666666
1399 5.066666666666666
1400 5.066666666666666
1401 5.066666666666666
1402 5.066666666666666
1403 5.066666666666666
1404 5.066666666666666
1405 5.066666666666666
1406 5.066666666666666
1407 5.066666666666666
1408 5.066666666666666
1409 5.066666666666666
1410 5.066666666666666
1411 5.066666666666666
1412 5.066666666666666
1413 5.066666666666666
1414 5.066666666666666
1415 5.066666666666666
1416 5.066666666666666
1417 5.066666666666666
1418 5.066666666666666
1419 5.066666666666666
1420 5.066666666666666
1421 5.066666666666666
1422 5.066666666666666
1423 5.066666666666666
1424 5.066666666666666
1425 5.066666666666666
1426 5.066666666666666
1427 5.066666666666666
1428 5.066666666666666
1429 5.066666666666666
1430 5.066666666666666
1431 5.066666666666666
1432 5.066666666666666
1433 5.066666666666666
1434 5.066666666666666
1435 5.066666666666666
1436 5.066666666666666
1437 5.066666666666666
1438 5.066666666666666
1439 5.066666666666666
1440 5.066666666666666
1441 5.066666666666666
1442 5.066666666666666
1443 5.066666666666666
1444 5.066666666666666
1445 5.066666666666666
1446 5.066666666666666
1447 5.066666666666666
1448 5.066666666666666
1449 5.066666666666666
1450 5.066666666666666
1451 5.066666666666666
1452 5.066666666666666
1453 5.066666666666666
1454 5.066666666666666
1455 5.066666666666666
1456 5.066666666666666
1457 5.066666666666666
1458 5.066666666666666
1459 5.066666666666666
1460 5.066666666666666
1461 5.066666666666666
1462 5.066666666666666
1463 5.066666666666666
1464 5.066666666666666
1465 5.066666666666666
1466 5.066666666666666
1467 5.066666666666666
1468 5.066666666666666
1469 5.066666666666666
1470 5.066666666666666
1471 5.066666666666666
1472 5.066666666666666
1473 5.066666666666666
1474 5.066666666666666
1475 5.066666666666666
1476 5.066666666666666
1477 5.066666666666666
1478 5.066666666666666
1479 5.066666666666666
1480 5.066666666666666
1481 5.066666666666666
1482 5.066666666666666
1483 5.066666666666666
1484 5.066666666666666
1485 5.066666666666666
1486 5.066666666666666
1487 5.066666666666666
1488 5.066666666666666
1489 5.066666666666666
1490 5.066666666666666
1491 5.066666666666666
1492 5.066666666666666
1493 5.066666666666666
1494 5.066666666666666
1495 5.066666666666666
1496 5.066666666666666
1497 5.066666666666666
1498 5.066666666666666
1499 5.066666666666666
