0 0.26655197347368675
1 0.26129456711334714
2 0.36614316988718315
3 0.3709640087527772
4 0.3922662785047334
5 0.40590329757119087
6 0.40178534267509275
7 0.40136572489764605
8 0.40154256209285216
9 0.40072515242552254
10 0.4193831177286037
11 0.4031244145667585
12 0.40805366249646563
13 0.3868190184616313
14 0.389500032872449
15 0.39203386211542857
16 0.3945466245972962
17 0.3971222641264659
18 0.39715671134848096
19 0.3953384893466031
20 0.3970900793793432
21 0.4011608496131816
22 0.4013174351176182
23 0.4013463027227254
24 0.40134630272272537
25 0.40134630272272537
26 0.40221854595192674
27 0.4042169019803245
28 0.40468296195439285
29 0.41036314639534555
30 0.40588846843911314
31 0.40658974842500095
32 0.4113374657652612
33 0.4138512432777023
34 0.4164261195293335
35 0.4168560897551724
36 0.41761484643911173
37 0.41961431000661337
38 0.4225513233961797
39 0.43125926938130893
40 0.43125926938130893
41 0.43125926938130893
42 0.43389890178654655
43 0.43102089513650116
44 0.43371815032261535
45 0.43371815032261535
46 0.431707832406089
47 0.43522933585457146
48 0.43308708823776293
49 0.43276571335066477
50 0.43276571335066477
51 0.43389655733407567
52 0.43206703501083676
53 0.43206703501083676
54 0.43206703501083676
55 0.43206703501083676
56 0.4320670350108367
57 0.4320670350108367
58 0.4320670350108367
59 0.4315258182224267
60 0.4315258182224267
61 0.4315258182224267
62 0.43274118195008376
63 0.43473679726853764
64 0.4342900135748485
65 0.43461806249056834
66 0.43461806249056834
67 0.435724849194683
68 0.4352378146429133
69 0.43668180250187294
70 0.43668180250187294
71 0.43668180250187294
72 0.43668180250187294
73 0.43668180250187294
74 0.43668180250187294
75 0.4366347229899719
76 0.43749517063926807
77 0.43674411465423657
78 0.43674411465423657
79 0.43674411465423657
80 0.43876689167116906
81 0.43876689167116906
82 0.43876689167116906
83 0.43853006915707
84 0.43853006915707
85 0.4340365013012218
86 0.4340365013012218
87 0.4340365013012218
88 0.4340365013012218
89 0.43358706279252646
90 0.433837390882149
91 0.433837390882149
92 0.433837390882149
93 0.433837390882149
94 0.43498213963972776
95 0.43498213963972776
96 0.43498213963972776
97 0.43498213963972776
98 0.43498213963972776
99 0.43498213963972776
100 0.43498213963972776
101 0.43498213963972776
102 0.43498213963972776
103 0.4463335151776453
104 0.4463335151776453
105 0.45116736559795506
106 0.45116736559795506
107 0.4449188265064814
108 0.4486035861921836
109 0.4533502560617164
110 0.4533502560617164
111 0.4533502560617164
112 0.4533502560617164
113 0.4533502560617164
114 0.45561680162377133
115 0.45338977312788287
116 0.457036622267808
117 0.45196562722792266
118 0.45303716521779575
119 0.45303716521779575
120 0.45219434555907384
121 0.45219434555907384
122 0.45219434555907384
123 0.45219434555907384
124 0.45219434555907384
125 0.45219434555907384
126 0.45219434555907384
127 0.45219434555907384
128 0.45219434555907384
129 0.45219434555907384
130 0.45219434555907384
131 0.4459580093939093
132 0.4459580093939093
133 0.4459580093939093
134 0.4459580093939093
135 0.4459580093939093
136 0.4459580093939093
137 0.4459580093939093
138 0.4459580093939093
139 0.4459580093939093
140 0.4489766323670704
141 0.4489766323670704
142 0.4489766323670704
143 0.4489766323670704
144 0.4489766323670704
145 0.4489766323670704
146 0.4489766323670704
147 0.4524135368830544
148 0.4524135368830544
149 0.4524135368830544
150 0.4612843570474081
151 0.4612321217376483
152 0.4612321217376483
153 0.46129711798374906
154 0.46129711798374906
155 0.46129711798374906
156 0.46129711798374906
157 0.461235238114427
158 0.461235238114427
159 0.461235238114427
160 0.4605850936279008
161 0.4557127705383851
162 0.4557315691900957
163 0.4557315691900957
164 0.4557315691900957
165 0.4557315691900957
166 0.4557650283509128
167 0.45393323586471696
168 0.44589511792608927
169 0.44589511792608927
170 0.4464775208779334
171 0.4464775208779334
172 0.4474330972851964
173 0.44743309728519637
174 0.44743309728519637
175 0.44946138148595766
176 0.44946138148595766
177 0.450797423074257
178 0.450797423074257
179 0.450797423074257
180 0.45229571579184186
181 0.45229571579184186
182 0.45229571579184186
183 0.45329672572110985
184 0.45329672572110985
185 0.4560786673225085
186 0.45624252633719026
187 0.45624252633719026
188 0.45624252633719026
189 0.45624252633719026
190 0.45624252633719026
191 0.4561347153865064
192 0.4561347153865064
193 0.4561347153865064
194 0.4561347153865064
195 0.4562975807869112
196 0.4562975807869112
197 0.4562975807869112
198 0.4562975807869112
199 0.4562975807869112
