0 -101.54198353376017
1 -101.54198353376017
2 -101.54198353376017
3 -100.43874564049743
4 -100.1899809240348
5 -98.65086861092253
6 -98.65086861092253
7 -98.65086861092253
8 -98.65086861092253
9 -98.65086861092253
10 -98.65086861092253
11 -98.65086861092253
12 -98.65086861092253
13 -98.65086861092253
14 -97.99825434448562
15 -97.99825434448562
16 -97.99825434448562
17 -97.99825434448562
18 -97.99825434448562
19 -97.99825434448562
20 -97.99825434448562
21 -97.99825434448562
22 -97.99825434448562
23 -97.99825434448562
24 -5.335100057222222
25 -5.335100057222222
26 -5.335100057222222
27 -5.335100057222222
28 15.472692592725414
29 15.472692592725414
30 15.472692592725414
31 15.472692592725414
32 36.547045169647404
33 36.547045169647404
34 36.547045169647404
35 36.547045169647404
36 36.547045169647404
37 36.547045169647404
38 36.547045169647404
39 65.27640839117173
40 65.27640839117173
41 65.27640839117173
42 102.03898244871797
43 102.03898244871797
44 105.4489761688511
45 105.4489761688511
46 109.1630912983877
47 109.1630912983877
48 109.1630912983877
49 109.1630912983877
50 109.1630912983877
51 109.1630912983877
52 113.40292015088188
53 129.51206220327316
54 129.51206220327316
55 129.51206220327316
56 129.51206220327316
57 129.51206220327316
58 129.51206220327316
59 130.1356005921204
60 130.1356005921204
61 130.1356005921204
62 130.1356005921204
63 130.1356005921204
64 130.1356005921204
65 130.1356005921204
66 130.1356005921204
67 130.1356005921204
68 130.1356005921204
69 130.1356005921204
70 130.1356005921204
71 137.3223246677806
72 143.44248686720945
73 145.15666805854278
74 145.15666805854278
75 145.15666805854278
76 145.15666805854278
77 145.15666805854278
78 145.15666805854278
79 145.15666805854278
80 145.15666805854278
81 145.15666805854278
82 145.15666805854278
83 145.15666805854278
84 145.15666805854278
85 145.15666805854278
86 145.15666805854278
87 145.15666805854278
88 151.78248572114958
89 151.78248572114958
90 157.02439450664448
91 157.02439450664448
92 162.20034978135908
93 162.20034978135908
94 162.20034978135908
95 162.20034978135908
96 162.20034978135908
97 162.20034978135908
98 162.20034978135908
99 167.2582865945203
100 167.2582865945203
101 167.2582865945203
102 167.2582865945203
103 188.9991047886656
104 188.9991047886656
105 188.9991047886656
106 188.9991047886656
107 188.9991047886656
108 188.9991047886656
109 188.9991047886656
110 188.9991047886656
111 188.9991047886656
112 188.9991047886656
113 188.9991047886656
114 188.9991047886656
115 188.9991047886656
116 188.9991047886656
117 188.9991047886656
118 188.9991047886656
119 188.9991047886656
120 188.9991047886656
121 188.9991047886656
122 188.9991047886656
123 188.9991047886656
124 188.9991047886656
125 188.9991047886656
126 188.9991047886656
127 188.9991047886656
128 188.9991047886656
129 188.9991047886656
130 188.9991047886656
131 188.9991047886656
132 188.9991047886656
133 188.9991047886656
134 188.9991047886656
135 188.9991047886656
136 188.9991047886656
137 188.9991047886656
138 188.9991047886656
139 188.9991047886656
140 188.9991047886656
141 188.9991047886656
142 188.9991047886656
143 188.9991047886656
144 188.9991047886656
145 188.9991047886656
146 188.9991047886656
147 189.70182824677016
148 189.70182824677016
149 189.70182824677016
150 189.70182824677016
151 189.70182824677016
152 189.70182824677016
153 189.70182824677016
154 189.70182824677016
155 189.70182824677016
156 189.70182824677016
157 189.70182824677016
158 189.70182824677016
159 189.70182824677016
160 189.70182824677016
161 189.70182824677016
162 189.70182824677016
163 189.70182824677016
164 189.70182824677016
165 189.70182824677016
166 189.70182824677016
167 189.70182824677016
168 189.70182824677016
169 189.70182824677016
170 189.70182824677016
171 189.70182824677016
172 189.70182824677016
173 189.70182824677016
174 189.70182824677016
175 189.70182824677016
176 189.70182824677016
177 189.70182824677016
178 189.70182824677016
179 189.70182824677016
180 189.70182824677016
181 189.70182824677016
182 189.70182824677016
183 189.70182824677016
184 189.70182824677016
185 189.70182824677016
186 189.70182824677016
187 189.70182824677016
188 189.70182824677016
189 189.70182824677016
190 189.70182824677016
191 189.70182824677016
192 189.70182824677016
193 189.70182824677016
194 189.70182824677016
195 189.70182824677016
196 189.70182824677016
197 189.70182824677016
198 189.70182824677016
199 189.70182824677016
200 189.70182824677016
201 189.70182824677016
202 189.70182824677016
203 189.70182824677016
204 189.70182824677016
205 189.70182824677016
206 189.70182824677016
207 189.70182824677016
208 189.70182824677016
209 189.70182824677016
210 189.70182824677016
211 189.70182824677016
212 191.06320408138686
213 191.06320408138686
214 191.06320408138686
215 191.06320408138686
216 191.06320408138686
217 191.06320408138686
218 191.06320408138686
219 191.06320408138686
220 191.06320408138686
221 191.06320408138686
222 191.06320408138686
223 191.06320408138686
224 191.06320408138686
225 191.06320408138686
226 191.06320408138686
227 191.06320408138686
228 191.06320408138686
229 191.06320408138686
230 191.06320408138686
231 191.06320408138686
232 191.06320408138686
233 191.06320408138686
234 191.06320408138686
235 191.06320408138686
236 191.06320408138686
237 191.06320408138686
238 191.06320408138686
239 191.06320408138686
240 191.06320408138686
241 191.06320408138686
242 191.06320408138686
243 191.06320408138686
244 191.06320408138686
245 191.06320408138686
246 191.06320408138686
247 191.06320408138686
248 191.06320408138686
249 191.06320408138686
250 191.06320408138686
251 191.06320408138686
252 191.06320408138686
253 191.06320408138686
254 191.06320408138686
255 191.06320408138686
256 191.06320408138686
257 191.06320408138686
258 191.06320408138686
259 191.06320408138686
260 191.06320408138686
261 191.06320408138686
262 191.06320408138686
263 191.06320408138686
264 191.06320408138686
265 191.06320408138686
266 191.06320408138686
267 191.06320408138686
268 191.06320408138686
269 191.06320408138686
270 191.06320408138686
271 191.06320408138686
272 191.06320408138686
273 191.06320408138686
274 191.06320408138686
275 191.06320408138686
276 191.06320408138686
277 191.06320408138686
278 191.06320408138686
279 191.06320408138686
280 191.06320408138686
281 191.06320408138686
282 191.06320408138686
283 191.06320408138686
284 191.06320408138686
285 191.06320408138686
286 191.06320408138686
287 191.06320408138686
288 191.06320408138686
289 191.06320408138686
290 191.06320408138686
291 191.06320408138686
292 191.06320408138686
293 191.06320408138686
294 191.06320408138686
295 191.06320408138686
296 191.06320408138686
297 191.06320408138686
298 191.06320408138686
299 191.06320408138686
300 191.06320408138686
301 191.06320408138686
302 191.06320408138686
303 191.06320408138686
304 191.06320408138686
305 191.06320408138686
306 191.06320408138686
307 191.06320408138686
308 191.06320408138686
309 191.06320408138686
310 191.06320408138686
311 191.06320408138686
312 191.06320408138686
313 191.06320408138686
314 191.06320408138686
315 191.06320408138686
316 191.06320408138686
317 191.06320408138686
318 191.06320408138686
319 191.06320408138686
320 191.06320408138686
321 191.06320408138686
322 191.06320408138686
323 191.06320408138686
324 191.06320408138686
325 191.06320408138686
326 191.06320408138686
327 191.06320408138686
328 191.06320408138686
329 191.06320408138686
330 191.06320408138686
331 191.06320408138686
332 191.06320408138686
333 191.06320408138686
334 191.06320408138686
335 191.06320408138686
336 191.06320408138686
337 191.06320408138686
338 191.06320408138686
339 191.06320408138686
340 191.06320408138686
341 191.06320408138686
342 191.06320408138686
343 191.06320408138686
344 191.06320408138686
345 191.06320408138686
346 191.06320408138686
347 191.06320408138686
348 191.06320408138686
349 191.06320408138686
350 191.06320408138686
351 191.06320408138686
352 191.06320408138686
353 191.06320408138686
354 191.06320408138686
355 191.06320408138686
356 191.06320408138686
357 191.06320408138686
358 191.06320408138686
359 191.06320408138686
360 191.06320408138686
361 191.06320408138686
362 191.06320408138686
363 191.06320408138686
364 191.06320408138686
365 191.06320408138686
366 191.06320408138686
367 191.06320408138686
368 191.06320408138686
369 191.06320408138686
370 191.06320408138686
371 191.06320408138686
372 191.06320408138686
373 191.06320408138686
374 191.06320408138686
375 191.06320408138686
376 191.06320408138686
377 191.06320408138686
378 191.06320408138686
379 191.06320408138686
380 191.06320408138686
381 191.06320408138686
382 191.06320408138686
383 191.06320408138686
384 191.06320408138686
385 191.06320408138686
386 191.06320408138686
387 191.06320408138686
388 191.06320408138686
389 191.06320408138686
390 191.06320408138686
391 191.06320408138686
392 191.06320408138686
393 191.06320408138686
394 191.06320408138686
395 191.06320408138686
396 191.06320408138686
397 191.06320408138686
398 191.06320408138686
399 191.06320408138686
400 191.06320408138686
401 191.06320408138686
402 191.06320408138686
403 191.06320408138686
404 191.06320408138686
405 191.06320408138686
406 191.06320408138686
407 191.06320408138686
408 191.06320408138686
409 191.06320408138686
410 191.06320408138686
411 191.06320408138686
412 191.06320408138686
413 191.06320408138686
414 191.06320408138686
415 191.06320408138686
416 191.06320408138686
417 191.06320408138686
418 191.06320408138686
419 191.06320408138686
420 191.06320408138686
421 191.06320408138686
422 191.06320408138686
423 191.06320408138686
424 191.06320408138686
425 191.06320408138686
426 191.06320408138686
427 191.06320408138686
428 191.06320408138686
429 191.06320408138686
430 191.06320408138686
431 191.06320408138686
432 191.06320408138686
433 191.06320408138686
434 191.06320408138686
435 191.06320408138686
436 191.06320408138686
437 191.06320408138686
438 191.06320408138686
439 191.06320408138686
440 198.43114912364769
441 198.43114912364769
442 198.43114912364769
443 198.43114912364769
444 198.43114912364769
445 198.43114912364769
446 198.43114912364769
447 198.43114912364769
448 198.43114912364769
449 198.43114912364769
450 198.43114912364769
451 198.43114912364769
452 198.43114912364769
453 198.43114912364769
454 198.43114912364769
455 198.43114912364769
456 198.43114912364769
457 198.43114912364769
458 198.43114912364769
459 198.43114912364769
460 198.43114912364769
461 198.43114912364769
462 198.43114912364769
463 198.43114912364769
464 198.43114912364769
465 198.43114912364769
466 198.43114912364769
467 198.43114912364769
468 198.43114912364769
469 198.43114912364769
470 201.10146172260255
471 201.10146172260255
472 201.10146172260255
473 201.10146172260255
474 201.10146172260255
475 201.10146172260255
476 201.10146172260255
477 201.10146172260255
478 201.10146172260255
479 201.10146172260255
480 201.10146172260255
481 201.10146172260255
482 201.10146172260255
483 201.10146172260255
484 201.10146172260255
485 201.10146172260255
486 201.10146172260255
487 201.10146172260255
488 201.10146172260255
489 201.10146172260255
490 201.10146172260255
491 201.10146172260255
492 201.10146172260255
493 201.10146172260255
494 201.10146172260255
495 201.10146172260255
496 201.10146172260255
497 201.10146172260255
498 201.10146172260255
499 201.10146172260255
500 201.10146172260255
501 201.10146172260255
502 201.10146172260255
503 201.10146172260255
504 201.10146172260255
505 201.10146172260255
506 201.10146172260255
507 201.10146172260255
508 201.10146172260255
509 201.10146172260255
510 201.10146172260255
511 201.10146172260255
512 201.10146172260255
513 201.10146172260255
514 201.10146172260255
515 201.10146172260255
516 201.10146172260255
517 201.10146172260255
518 201.10146172260255
519 201.10146172260255
520 201.10146172260255
521 201.10146172260255
522 201.10146172260255
523 201.10146172260255
524 201.10146172260255
525 201.10146172260255
526 201.10146172260255
527 201.10146172260255
528 201.10146172260255
529 201.10146172260255
530 204.66507633279838
531 204.66507633279838
532 204.66507633279838
533 204.66507633279838
534 204.66507633279838
535 204.66507633279838
536 204.66507633279838
537 204.66507633279838
538 204.66507633279838
539 204.66507633279838
540 204.66507633279838
541 204.66507633279838
542 204.66507633279838
543 204.66507633279838
544 204.66507633279838
545 204.66507633279838
546 204.66507633279838
547 204.66507633279838
548 204.66507633279838
549 204.66507633279838
550 204.66507633279838
551 204.66507633279838
552 204.66507633279838
553 204.66507633279838
554 204.66507633279838
555 204.66507633279838
556 204.66507633279838
557 204.66507633279838
558 204.66507633279838
559 204.66507633279838
560 204.66507633279838
561 204.66507633279838
562 204.66507633279838
563 204.66507633279838
564 204.66507633279838
565 204.66507633279838
566 204.66507633279838
567 204.66507633279838
568 204.66507633279838
569 204.66507633279838
570 204.66507633279838
571 204.66507633279838
572 204.66507633279838
573 204.66507633279838
574 204.66507633279838
575 204.66507633279838
576 204.66507633279838
577 204.66507633279838
578 204.66507633279838
579 204.66507633279838
580 204.66507633279838
581 204.66507633279838
582 204.66507633279838
583 204.66507633279838
584 204.66507633279838
585 204.66507633279838
586 204.66507633279838
587 204.66507633279838
588 204.66507633279838
589 204.66507633279838
590 204.66507633279838
591 204.66507633279838
592 204.66507633279838
593 204.66507633279838
594 204.66507633279838
595 204.66507633279838
596 210.35163286013872
597 210.35163286013872
598 210.35163286013872
599 210.35163286013872
600 210.35163286013872
601 210.35163286013872
602 210.35163286013872
603 210.35163286013872
604 210.35163286013872
605 210.35163286013872
606 210.35163286013872
607 210.35163286013872
608 210.35163286013872
609 210.35163286013872
610 210.35163286013872
611 210.35163286013872
612 210.35163286013872
613 210.35163286013872
614 210.35163286013872
615 210.35163286013872
616 210.35163286013872
617 210.35163286013872
618 210.35163286013872
619 210.35163286013872
620 210.35163286013872
621 210.35163286013872
622 210.35163286013872
623 210.35163286013872
624 210.35163286013872
625 210.35163286013872
626 210.35163286013872
627 210.35163286013872
628 210.35163286013872
629 210.35163286013872
630 210.35163286013872
631 210.35163286013872
632 210.35163286013872
633 210.35163286013872
634 210.35163286013872
635 210.35163286013872
636 210.35163286013872
637 210.35163286013872
638 210.35163286013872
639 210.35163286013872
640 210.35163286013872
641 210.35163286013872
642 210.35163286013872
643 210.35163286013872
644 210.35163286013872
645 210.35163286013872
646 210.35163286013872
647 210.35163286013872
648 210.35163286013872
649 210.35163286013872
650 210.35163286013872
651 210.35163286013872
652 210.35163286013872
653 210.35163286013872
654 210.35163286013872
655 210.35163286013872
656 210.35163286013872
657 210.35163286013872
658 210.35163286013872
659 210.35163286013872
660 210.35163286013872
661 210.35163286013872
662 210.35163286013872
663 210.35163286013872
664 210.35163286013872
665 210.35163286013872
666 210.35163286013872
667 210.35163286013872
668 210.35163286013872
669 210.35163286013872
670 210.35163286013872
671 210.35163286013872
672 210.35163286013872
673 210.35163286013872
674 210.35163286013872
675 210.35163286013872
676 210.35163286013872
677 210.35163286013872
678 210.35163286013872
679 210.35163286013872
680 210.35163286013872
681 210.35163286013872
682 210.35163286013872
683 210.35163286013872
684 210.35163286013872
685 210.35163286013872
686 210.35163286013872
687 210.35163286013872
688 210.35163286013872
689 210.35163286013872
690 210.35163286013872
691 210.35163286013872
692 210.35163286013872
693 210.35163286013872
694 210.35163286013872
695 210.35163286013872
696 210.35163286013872
697 210.35163286013872
698 210.35163286013872
699 210.35163286013872
700 210.35163286013872
701 210.35163286013872
702 210.35163286013872
703 210.35163286013872
704 210.35163286013872
705 210.35163286013872
706 210.35163286013872
707 210.35163286013872
708 210.35163286013872
709 210.35163286013872
710 210.35163286013872
711 210.35163286013872
712 210.35163286013872
713 210.35163286013872
714 210.35163286013872
715 210.35163286013872
716 210.35163286013872
717 210.35163286013872
718 210.35163286013872
719 210.35163286013872
720 210.35163286013872
721 210.35163286013872
722 210.35163286013872
723 210.35163286013872
724 210.46734904724133
725 210.46734904724133
726 210.46734904724133
727 210.46734904724133
728 210.46734904724133
729 210.46734904724133
730 210.46734904724133
731 210.46734904724133
732 210.46734904724133
733 210.46734904724133
734 210.46734904724133
735 211.92065178703766
736 211.92065178703766
737 211.92065178703766
738 211.92065178703766
739 211.92065178703766
740 211.92065178703766
741 211.92065178703766
742 211.92065178703766
743 211.92065178703766
744 211.92065178703766
745 211.92065178703766
746 211.92065178703766
747 211.92065178703766
748 211.92065178703766
749 211.92065178703766
750 211.92065178703766
751 211.92065178703766
752 211.92065178703766
753 211.92065178703766
754 211.92065178703766
755 213.70290828999032
756 213.70290828999032
757 214.9397063081598
758 214.9397063081598
759 214.9397063081598
760 214.9397063081598
761 214.9397063081598
762 214.9397063081598
763 214.9397063081598
764 214.9397063081598
765 214.9397063081598
766 214.9397063081598
767 214.9397063081598
768 214.9397063081598
769 214.9397063081598
770 214.9397063081598
771 214.9397063081598
772 214.9397063081598
773 214.9397063081598
774 214.9397063081598
775 214.9397063081598
776 214.9397063081598
777 214.9397063081598
778 214.9397063081598
779 214.9397063081598
780 214.9397063081598
781 215.94225990593492
782 215.94225990593492
783 215.94225990593492
784 215.94225990593492
785 215.94225990593492
786 216.24287609217177
787 216.24287609217177
788 216.24287609217177
789 216.24287609217177
790 216.24287609217177
791 216.24287609217177
792 216.24287609217177
793 216.24287609217177
794 216.24287609217177
795 216.24287609217177
796 216.24287609217177
797 216.24287609217177
798 216.24287609217177
799 216.24287609217177
800 217.40252504706413
801 217.40252504706413
802 217.40252504706413
803 217.40252504706413
804 217.40252504706413
805 217.40252504706413
806 217.40252504706413
807 217.40252504706413
808 217.40252504706413
809 217.40252504706413
810 217.40252504706413
811 218.37347889728835
812 218.37347889728835
813 218.37347889728835
814 218.37347889728835
815 218.37347889728835
816 218.37347889728835
817 218.37347889728835
818 218.37347889728835
819 218.37347889728835
820 218.37347889728835
821 218.37347889728835
822 218.37347889728835
823 218.37347889728835
824 218.37347889728835
825 218.37347889728835
826 218.37347889728835
827 218.37347889728835
828 218.37347889728835
829 218.37347889728835
830 218.37347889728835
831 218.37347889728835
832 218.37347889728835
833 218.37347889728835
834 218.37347889728835
835 218.37347889728835
836 218.37347889728835
837 218.37347889728835
838 218.37347889728835
839 218.37347889728835
840 218.37347889728835
841 218.37347889728835
842 218.37347889728835
843 218.37347889728835
844 218.37347889728835
845 218.37347889728835
846 218.37347889728835
847 218.37347889728835
848 218.37347889728835
849 218.37347889728835
850 218.37347889728835
851 218.37347889728835
852 218.37347889728835
853 218.37347889728835
854 218.37347889728835
855 218.37347889728835
856 218.37347889728835
857 218.67733517025925
858 218.67733517025925
859 218.67733517025925
860 218.67733517025925
861 218.67733517025925
862 218.67733517025925
863 218.67733517025925
864 218.67733517025925
865 218.67733517025925
866 218.67733517025925
867 218.67733517025925
868 218.67733517025925
869 218.67733517025925
870 218.67733517025925
871 218.67733517025925
872 218.67733517025925
873 218.67733517025925
874 218.67733517025925
875 218.67733517025925
876 218.67733517025925
877 218.67733517025925
878 218.67733517025925
879 218.67733517025925
880 218.67733517025925
881 218.67733517025925
882 218.67733517025925
883 218.67733517025925
884 218.67733517025925
885 218.67733517025925
886 218.67733517025925
887 218.67733517025925
888 218.67733517025925
889 218.67733517025925
890 218.67733517025925
891 218.67733517025925
892 218.67733517025925
893 218.67733517025925
894 218.67733517025925
895 218.67733517025925
896 218.67733517025925
897 218.67733517025925
898 219.29433889892607
899 219.29433889892607
900 219.29433889892607
901 219.29433889892607
902 219.29433889892607
903 219.29433889892607
904 219.29433889892607
905 219.29433889892607
906 219.29433889892607
907 219.29433889892607
908 219.29433889892607
909 219.29433889892607
910 220.27868770150656
911 220.27868770150656
912 220.27868770150656
913 220.27868770150656
914 220.27868770150656
915 220.27868770150656
916 220.27868770150656
917 220.27868770150656
918 220.27868770150656
919 220.27868770150656
920 220.27868770150656
921 220.27868770150656
922 220.27868770150656
923 220.27868770150656
924 220.27868770150656
925 220.27868770150656
926 220.27868770150656
927 220.27868770150656
928 220.27868770150656
929 220.27868770150656
930 220.27868770150656
931 220.27868770150656
932 220.27868770150656
933 220.27868770150656
934 220.27868770150656
935 220.27868770150656
936 220.27868770150656
937 220.27868770150656
938 220.27868770150656
939 220.27868770150656
940 220.27868770150656
941 220.27868770150656
942 220.27868770150656
943 220.27868770150656
944 220.27868770150656
945 220.27868770150656
946 220.27868770150656
947 220.27868770150656
948 220.27868770150656
949 220.27868770150656
950 220.27868770150656
951 220.27868770150656
952 220.27868770150656
953 220.35764911775973
954 220.35764911775973
955 220.35764911775973
956 220.35764911775973
957 220.35764911775973
958 220.35764911775973
959 220.35764911775973
960 220.35764911775973
961 220.35764911775973
962 220.35764911775973
963 220.35764911775973
964 220.35764911775973
965 220.35764911775973
966 220.35764911775973
967 220.35764911775973
968 220.35764911775973
969 220.35764911775973
970 220.35764911775973
971 220.35764911775973
972 220.35764911775973
973 220.35764911775973
974 220.35764911775973
975 220.35764911775973
976 220.35764911775973
977 220.35764911775973
978 220.35764911775973
979 220.35764911775973
980 220.35764911775973
981 220.35764911775973
982 220.35764911775973
983 226.86442141311736
984 226.86442141311736
985 226.86442141311736
986 226.86442141311736
987 226.86442141311736
988 226.86442141311736
989 226.86442141311736
990 226.86442141311736
991 226.86442141311736
992 226.86442141311736
993 226.86442141311736
994 226.86442141311736
995 226.86442141311736
996 226.86442141311736
997 226.86442141311736
998 226.86442141311736
999 226.86442141311736
1000 226.86442141311736
1001 226.86442141311736
1002 226.86442141311736
1003 226.86442141311736
1004 226.86442141311736
1005 226.86442141311736
1006 226.86442141311736
1007 226.86442141311736
1008 226.86442141311736
1009 226.86442141311736
1010 226.86442141311736
1011 226.86442141311736
1012 226.86442141311736
1013 226.86442141311736
1014 226.86442141311736
1015 226.86442141311736
1016 226.86442141311736
1017 226.86442141311736
1018 226.86442141311736
1019 226.86442141311736
1020 226.86442141311736
1021 226.86442141311736
1022 226.86442141311736
1023 226.86442141311736
1024 226.86442141311736
1025 226.86442141311736
1026 226.86442141311736
1027 226.86442141311736
1028 226.86442141311736
1029 226.86442141311736
1030 226.86442141311736
1031 226.86442141311736
1032 226.86442141311736
1033 226.86442141311736
1034 226.86442141311736
1035 226.86442141311736
1036 226.86442141311736
1037 226.86442141311736
1038 226.86442141311736
1039 226.86442141311736
1040 226.86442141311736
1041 226.86442141311736
1042 226.86442141311736
1043 226.86442141311736
1044 226.86442141311736
1045 226.86442141311736
1046 226.86442141311736
1047 226.86442141311736
1048 226.86442141311736
1049 226.86442141311736
1050 226.86442141311736
1051 226.86442141311736
1052 226.86442141311736
1053 226.86442141311736
1054 226.86442141311736
1055 226.86442141311736
1056 226.86442141311736
1057 226.86442141311736
1058 226.86442141311736
1059 226.86442141311736
1060 226.86442141311736
1061 226.86442141311736
1062 226.86442141311736
1063 226.86442141311736
1064 226.86442141311736
1065 226.86442141311736
1066 226.86442141311736
1067 226.86442141311736
1068 226.86442141311736
1069 226.86442141311736
1070 226.86442141311736
1071 226.86442141311736
1072 226.86442141311736
1073 226.86442141311736
1074 226.86442141311736
1075 226.86442141311736
1076 226.86442141311736
1077 226.86442141311736
1078 226.86442141311736
1079 226.86442141311736
1080 226.86442141311736
1081 226.86442141311736
1082 226.86442141311736
1083 226.86442141311736
1084 226.86442141311736
1085 226.86442141311736
1086 226.86442141311736
1087 226.86442141311736
1088 226.86442141311736
1089 226.86442141311736
1090 226.86442141311736
1091 226.86442141311736
1092 226.86442141311736
1093 226.86442141311736
1094 226.86442141311736
1095 226.86442141311736
1096 226.86442141311736
1097 226.86442141311736
1098 226.86442141311736
1099 226.86442141311736
1100 226.86442141311736
1101 226.86442141311736
1102 226.86442141311736
1103 226.86442141311736
1104 226.86442141311736
1105 226.86442141311736
1106 226.86442141311736
1107 226.86442141311736
1108 226.86442141311736
1109 226.86442141311736
1110 226.86442141311736
1111 226.86442141311736
1112 226.86442141311736
1113 226.86442141311736
1114 226.86442141311736
1115 226.86442141311736
1116 226.86442141311736
1117 226.86442141311736
1118 226.86442141311736
1119 226.86442141311736
1120 226.86442141311736
1121 226.86442141311736
1122 226.86442141311736
1123 226.86442141311736
1124 226.86442141311736
1125 226.86442141311736
1126 226.86442141311736
1127 226.86442141311736
1128 226.86442141311736
1129 226.86442141311736
1130 226.86442141311736
1131 226.86442141311736
1132 226.86442141311736
1133 226.86442141311736
1134 226.86442141311736
1135 226.86442141311736
1136 226.86442141311736
1137 226.86442141311736
1138 226.86442141311736
1139 226.86442141311736
1140 226.86442141311736
1141 226.86442141311736
1142 226.86442141311736
1143 226.86442141311736
1144 226.86442141311736
1145 226.86442141311736
1146 226.86442141311736
1147 226.86442141311736
1148 226.86442141311736
1149 226.86442141311736
1150 226.86442141311736
1151 226.86442141311736
1152 226.86442141311736
1153 226.86442141311736
1154 226.86442141311736
1155 226.86442141311736
1156 226.86442141311736
1157 226.86442141311736
1158 226.86442141311736
1159 226.86442141311736
1160 226.86442141311736
1161 226.86442141311736
1162 226.86442141311736
1163 226.86442141311736
1164 226.86442141311736
1165 226.86442141311736
1166 226.86442141311736
1167 226.86442141311736
1168 226.86442141311736
1169 226.86442141311736
1170 226.86442141311736
1171 226.86442141311736
1172 226.86442141311736
1173 226.86442141311736
1174 226.86442141311736
1175 226.86442141311736
1176 226.86442141311736
1177 226.86442141311736
1178 226.86442141311736
1179 226.86442141311736
1180 226.86442141311736
1181 226.86442141311736
1182 226.86442141311736
1183 226.86442141311736
1184 226.86442141311736
1185 226.86442141311736
1186 226.86442141311736
1187 226.86442141311736
1188 226.86442141311736
1189 226.86442141311736
1190 226.86442141311736
1191 226.86442141311736
1192 226.86442141311736
1193 226.86442141311736
1194 226.86442141311736
1195 226.86442141311736
1196 226.86442141311736
1197 226.86442141311736
1198 226.86442141311736
1199 226.86442141311736
1200 226.86442141311736
1201 226.86442141311736
1202 226.86442141311736
1203 226.86442141311736
1204 226.86442141311736
1205 226.86442141311736
1206 226.86442141311736
1207 226.86442141311736
1208 226.86442141311736
1209 226.86442141311736
1210 226.86442141311736
1211 226.86442141311736
1212 226.86442141311736
1213 226.86442141311736
1214 226.86442141311736
1215 226.86442141311736
1216 226.86442141311736
1217 226.86442141311736
1218 226.86442141311736
1219 226.86442141311736
1220 226.86442141311736
1221 226.86442141311736
1222 226.86442141311736
1223 226.86442141311736
1224 226.86442141311736
1225 226.86442141311736
1226 226.86442141311736
1227 226.86442141311736
1228 226.86442141311736
1229 226.86442141311736
1230 226.86442141311736
1231 226.86442141311736
1232 226.86442141311736
1233 226.86442141311736
1234 226.86442141311736
1235 226.86442141311736
1236 226.86442141311736
1237 226.86442141311736
1238 226.86442141311736
1239 226.86442141311736
1240 226.86442141311736
1241 226.86442141311736
1242 226.86442141311736
1243 226.86442141311736
1244 226.86442141311736
1245 226.86442141311736
1246 226.86442141311736
1247 226.86442141311736
1248 226.86442141311736
1249 226.86442141311736
1250 226.86442141311736
1251 226.86442141311736
1252 226.86442141311736
1253 226.86442141311736
1254 232.60444694805312
1255 232.60444694805312
1256 232.60444694805312
1257 232.60444694805312
1258 232.60444694805312
1259 232.60444694805312
1260 232.60444694805312
1261 232.60444694805312
1262 232.60444694805312
1263 232.60444694805312
1264 232.60444694805312
1265 232.60444694805312
1266 232.60444694805312
1267 232.60444694805312
1268 232.60444694805312
1269 232.60444694805312
1270 232.60444694805312
1271 232.60444694805312
1272 232.60444694805312
1273 232.60444694805312
1274 232.60444694805312
1275 232.60444694805312
1276 232.60444694805312
1277 232.60444694805312
1278 232.60444694805312
1279 232.60444694805312
1280 232.60444694805312
1281 232.60444694805312
1282 232.60444694805312
1283 232.60444694805312
1284 232.60444694805312
1285 232.60444694805312
1286 232.60444694805312
1287 232.60444694805312
1288 232.60444694805312
1289 232.60444694805312
1290 232.60444694805312
1291 232.60444694805312
1292 232.60444694805312
1293 232.60444694805312
1294 232.60444694805312
1295 232.60444694805312
1296 232.60444694805312
1297 232.60444694805312
1298 232.60444694805312
1299 232.60444694805312
1300 232.60444694805312
1301 232.60444694805312
1302 232.60444694805312
1303 232.60444694805312
1304 232.60444694805312
1305 232.60444694805312
1306 232.60444694805312
1307 232.60444694805312
1308 232.60444694805312
1309 232.60444694805312
1310 232.60444694805312
1311 232.60444694805312
1312 232.60444694805312
1313 232.60444694805312
1314 232.60444694805312
1315 232.60444694805312
1316 232.60444694805312
1317 232.60444694805312
1318 232.60444694805312
1319 232.60444694805312
1320 232.60444694805312
1321 232.60444694805312
1322 232.60444694805312
1323 232.60444694805312
1324 232.60444694805312
1325 232.60444694805312
1326 232.60444694805312
1327 232.60444694805312
1328 232.60444694805312
1329 232.60444694805312
1330 232.60444694805312
1331 232.60444694805312
1332 232.60444694805312
1333 232.60444694805312
1334 232.60444694805312
1335 232.60444694805312
1336 232.60444694805312
1337 232.60444694805312
1338 232.60444694805312
1339 232.60444694805312
1340 232.60444694805312
1341 232.60444694805312
1342 232.60444694805312
1343 232.60444694805312
1344 232.60444694805312
1345 232.60444694805312
1346 232.60444694805312
1347 232.60444694805312
1348 232.60444694805312
1349 232.60444694805312
1350 232.60444694805312
1351 232.60444694805312
1352 232.60444694805312
1353 232.60444694805312
1354 232.60444694805312
1355 232.60444694805312
1356 232.60444694805312
1357 232.60444694805312
1358 232.60444694805312
1359 232.60444694805312
1360 232.60444694805312
1361 232.60444694805312
1362 232.60444694805312
1363 232.60444694805312
1364 232.60444694805312
1365 232.60444694805312
1366 232.60444694805312
1367 232.60444694805312
1368 232.60444694805312
1369 232.60444694805312
1370 232.60444694805312
1371 232.60444694805312
1372 232.60444694805312
1373 232.60444694805312
1374 232.60444694805312
1375 232.60444694805312
1376 232.60444694805312
1377 232.60444694805312
1378 232.60444694805312
1379 232.60444694805312
1380 232.60444694805312
1381 232.60444694805312
1382 232.60444694805312
1383 232.60444694805312
1384 232.60444694805312
1385 232.60444694805312
1386 232.60444694805312
1387 232.60444694805312
1388 232.60444694805312
1389 232.60444694805312
1390 232.60444694805312
1391 232.60444694805312
1392 232.60444694805312
1393 232.60444694805312
1394 232.60444694805312
1395 232.60444694805312
1396 232.60444694805312
1397 232.60444694805312
1398 232.60444694805312
1399 232.60444694805312
1400 232.60444694805312
1401 232.60444694805312
1402 232.60444694805312
1403 232.60444694805312
1404 232.60444694805312
1405 232.60444694805312
1406 232.60444694805312
1407 232.60444694805312
1408 232.60444694805312
1409 232.60444694805312
1410 232.60444694805312
1411 232.60444694805312
1412 232.60444694805312
1413 232.60444694805312
1414 232.60444694805312
1415 232.60444694805312
1416 232.60444694805312
1417 232.60444694805312
1418 232.60444694805312
1419 232.60444694805312
1420 232.60444694805312
1421 232.60444694805312
1422 232.60444694805312
1423 232.60444694805312
1424 232.60444694805312
1425 232.60444694805312
1426 232.60444694805312
1427 232.60444694805312
1428 232.60444694805312
1429 232.60444694805312
1430 232.60444694805312
1431 232.60444694805312
1432 232.60444694805312
1433 232.60444694805312
1434 232.60444694805312
1435 232.60444694805312
1436 232.60444694805312
1437 232.60444694805312
1438 232.60444694805312
1439 232.60444694805312
1440 232.60444694805312
1441 232.60444694805312
1442 232.60444694805312
1443 232.60444694805312
1444 232.60444694805312
1445 232.60444694805312
1446 232.60444694805312
1447 232.60444694805312
1448 232.60444694805312
1449 232.60444694805312
1450 232.60444694805312
1451 232.60444694805312
1452 232.60444694805312
1453 232.60444694805312
1454 232.60444694805312
1455 232.60444694805312
1456 232.60444694805312
1457 232.60444694805312
1458 232.60444694805312
1459 232.60444694805312
1460 232.60444694805312
1461 232.60444694805312
1462 232.60444694805312
1463 232.60444694805312
1464 232.60444694805312
1465 232.60444694805312
1466 232.60444694805312
1467 232.60444694805312
1468 232.60444694805312
1469 232.60444694805312
1470 232.60444694805312
1471 232.60444694805312
1472 232.60444694805312
1473 232.60444694805312
1474 232.60444694805312
1475 232.60444694805312
1476 232.60444694805312
1477 232.60444694805312
1478 232.60444694805312
1479 232.60444694805312
1480 232.60444694805312
1481 232.60444694805312
1482 232.60444694805312
1483 232.60444694805312
1484 232.60444694805312
1485 232.60444694805312
1486 232.60444694805312
1487 232.60444694805312
1488 232.60444694805312
1489 232.60444694805312
1490 232.60444694805312
1491 232.60444694805312
1492 232.60444694805312
1493 232.60444694805312
1494 232.60444694805312
1495 232.60444694805312
1496 232.60444694805312
1497 232.60444694805312
1498 232.60444694805312
1499 232.60444694805312
1500 232.60444694805312
1501 232.60444694805312
1502 232.60444694805312
1503 232.60444694805312
1504 232.60444694805312
1505 232.60444694805312
1506 232.60444694805312
1507 232.60444694805312
1508 232.60444694805312
1509 232.60444694805312
1510 232.60444694805312
1511 232.60444694805312
1512 232.60444694805312
1513 232.60444694805312
1514 232.60444694805312
1515 232.60444694805312
1516 232.60444694805312
1517 232.60444694805312
1518 232.60444694805312
1519 232.60444694805312
1520 232.60444694805312
1521 232.60444694805312
1522 232.60444694805312
1523 232.60444694805312
1524 232.60444694805312
1525 232.60444694805312
1526 232.60444694805312
1527 232.60444694805312
1528 232.60444694805312
1529 232.60444694805312
1530 232.60444694805312
1531 232.60444694805312
1532 232.60444694805312
1533 232.60444694805312
1534 232.60444694805312
1535 232.60444694805312
1536 232.60444694805312
1537 232.60444694805312
1538 232.60444694805312
1539 232.60444694805312
1540 232.60444694805312
1541 232.60444694805312
1542 232.60444694805312
1543 232.60444694805312
1544 232.60444694805312
1545 232.60444694805312
1546 232.60444694805312
1547 232.60444694805312
1548 232.60444694805312
1549 232.60444694805312
1550 232.60444694805312
1551 232.60444694805312
1552 232.60444694805312
1553 232.60444694805312
1554 232.60444694805312
1555 232.60444694805312
1556 232.60444694805312
1557 232.60444694805312
1558 232.60444694805312
1559 232.60444694805312
1560 232.60444694805312
1561 232.60444694805312
1562 232.60444694805312
1563 232.60444694805312
1564 232.60444694805312
1565 232.60444694805312
1566 232.60444694805312
1567 232.60444694805312
1568 232.60444694805312
1569 232.60444694805312
1570 232.60444694805312
1571 232.60444694805312
1572 232.60444694805312
1573 232.60444694805312
1574 232.60444694805312
1575 232.60444694805312
1576 232.60444694805312
1577 232.60444694805312
1578 232.60444694805312
1579 232.60444694805312
1580 232.60444694805312
1581 232.60444694805312
1582 232.60444694805312
1583 232.60444694805312
1584 232.60444694805312
1585 232.60444694805312
1586 232.60444694805312
1587 232.60444694805312
1588 232.60444694805312
1589 232.60444694805312
1590 232.60444694805312
1591 232.60444694805312
1592 232.60444694805312
1593 232.60444694805312
1594 232.60444694805312
1595 232.60444694805312
1596 232.60444694805312
1597 232.60444694805312
1598 232.60444694805312
1599 232.60444694805312
1600 232.60444694805312
1601 232.60444694805312
1602 232.60444694805312
1603 232.60444694805312
1604 232.60444694805312
1605 232.60444694805312
1606 232.60444694805312
1607 232.60444694805312
1608 232.60444694805312
1609 232.60444694805312
1610 232.60444694805312
1611 232.60444694805312
1612 232.60444694805312
1613 232.60444694805312
1614 232.60444694805312
1615 232.60444694805312
1616 232.60444694805312
1617 232.60444694805312
1618 232.60444694805312
1619 232.60444694805312
1620 232.60444694805312
1621 232.60444694805312
1622 232.60444694805312
1623 232.60444694805312
1624 232.60444694805312
1625 232.60444694805312
1626 232.60444694805312
1627 232.60444694805312
1628 232.60444694805312
1629 232.60444694805312
1630 232.60444694805312
1631 232.60444694805312
1632 232.60444694805312
1633 232.60444694805312
1634 232.60444694805312
1635 232.60444694805312
1636 232.60444694805312
1637 232.60444694805312
1638 232.60444694805312
1639 232.60444694805312
1640 232.60444694805312
1641 232.60444694805312
1642 232.60444694805312
1643 232.60444694805312
1644 232.60444694805312
1645 232.60444694805312
1646 232.60444694805312
1647 232.60444694805312
1648 232.60444694805312
1649 232.60444694805312
1650 232.60444694805312
1651 232.60444694805312
1652 232.60444694805312
1653 232.60444694805312
1654 232.60444694805312
1655 232.60444694805312
1656 232.60444694805312
1657 232.60444694805312
1658 232.60444694805312
1659 232.60444694805312
1660 232.60444694805312
1661 232.60444694805312
1662 232.60444694805312
1663 232.60444694805312
1664 232.60444694805312
1665 232.60444694805312
1666 232.60444694805312
1667 232.60444694805312
1668 232.60444694805312
1669 232.60444694805312
1670 232.60444694805312
1671 232.60444694805312
1672 232.60444694805312
1673 232.60444694805312
1674 232.60444694805312
1675 232.60444694805312
1676 232.60444694805312
1677 232.60444694805312
1678 232.60444694805312
1679 232.60444694805312
1680 232.60444694805312
1681 232.60444694805312
1682 232.60444694805312
1683 232.60444694805312
1684 232.60444694805312
1685 232.60444694805312
1686 232.60444694805312
1687 232.60444694805312
1688 232.60444694805312
1689 232.60444694805312
1690 232.60444694805312
1691 232.60444694805312
1692 232.60444694805312
1693 232.60444694805312
1694 232.60444694805312
1695 232.60444694805312
1696 232.60444694805312
1697 232.60444694805312
1698 232.60444694805312
1699 232.60444694805312
1700 232.60444694805312
1701 232.60444694805312
1702 232.60444694805312
1703 232.60444694805312
1704 232.60444694805312
1705 232.60444694805312
1706 232.60444694805312
1707 232.60444694805312
1708 232.60444694805312
1709 232.60444694805312
1710 232.60444694805312
1711 232.60444694805312
1712 232.60444694805312
1713 232.60444694805312
1714 232.60444694805312
1715 232.60444694805312
1716 232.60444694805312
1717 232.60444694805312
1718 232.60444694805312
1719 232.60444694805312
1720 232.60444694805312
1721 232.60444694805312
1722 232.60444694805312
1723 232.60444694805312
1724 232.60444694805312
1725 232.60444694805312
1726 232.60444694805312
1727 232.60444694805312
1728 232.60444694805312
1729 232.60444694805312
1730 232.60444694805312
1731 232.60444694805312
1732 232.60444694805312
1733 232.60444694805312
1734 232.60444694805312
1735 232.60444694805312
1736 232.60444694805312
1737 232.60444694805312
1738 232.60444694805312
1739 232.60444694805312
1740 232.60444694805312
1741 232.60444694805312
1742 232.60444694805312
1743 232.60444694805312
1744 232.60444694805312
1745 232.60444694805312
1746 232.60444694805312
1747 232.60444694805312
1748 232.60444694805312
1749 232.60444694805312
1750 232.60444694805312
1751 232.60444694805312
1752 232.60444694805312
1753 232.60444694805312
1754 232.60444694805312
1755 232.60444694805312
1756 232.60444694805312
1757 232.60444694805312
1758 232.60444694805312
1759 232.60444694805312
1760 232.60444694805312
1761 232.60444694805312
1762 232.60444694805312
1763 232.60444694805312
1764 232.60444694805312
1765 232.60444694805312
1766 232.60444694805312
1767 232.60444694805312
1768 232.60444694805312
1769 232.60444694805312
1770 232.60444694805312
1771 232.60444694805312
1772 232.60444694805312
1773 232.60444694805312
1774 232.60444694805312
1775 232.60444694805312
1776 232.60444694805312
1777 232.60444694805312
1778 232.60444694805312
1779 232.60444694805312
1780 232.60444694805312
1781 232.60444694805312
1782 232.60444694805312
1783 232.60444694805312
1784 232.60444694805312
1785 232.60444694805312
1786 232.60444694805312
1787 232.60444694805312
1788 232.60444694805312
1789 232.60444694805312
1790 232.60444694805312
1791 232.60444694805312
1792 232.60444694805312
1793 232.60444694805312
1794 232.60444694805312
1795 232.60444694805312
1796 232.60444694805312
1797 232.60444694805312
1798 232.60444694805312
1799 232.60444694805312
1800 232.60444694805312
1801 232.60444694805312
1802 232.60444694805312
1803 232.60444694805312
1804 232.60444694805312
1805 232.60444694805312
1806 232.60444694805312
1807 232.60444694805312
1808 232.60444694805312
1809 232.60444694805312
1810 232.60444694805312
1811 232.60444694805312
1812 232.60444694805312
1813 232.60444694805312
1814 232.60444694805312
1815 232.60444694805312
1816 232.60444694805312
1817 232.60444694805312
1818 232.60444694805312
1819 232.60444694805312
1820 232.60444694805312
1821 232.60444694805312
1822 232.60444694805312
1823 232.60444694805312
1824 232.60444694805312
1825 232.60444694805312
1826 232.60444694805312
1827 232.60444694805312
1828 232.60444694805312
1829 232.60444694805312
1830 232.60444694805312
1831 232.60444694805312
1832 232.60444694805312
1833 232.60444694805312
1834 232.60444694805312
1835 232.60444694805312
1836 232.60444694805312
1837 232.60444694805312
1838 232.60444694805312
1839 232.60444694805312
1840 232.60444694805312
1841 232.60444694805312
1842 232.60444694805312
1843 232.60444694805312
1844 232.60444694805312
1845 232.60444694805312
1846 232.60444694805312
1847 232.60444694805312
1848 232.60444694805312
1849 232.60444694805312
1850 232.60444694805312
1851 232.60444694805312
1852 232.60444694805312
1853 232.60444694805312
1854 232.60444694805312
1855 232.60444694805312
1856 232.60444694805312
1857 232.60444694805312
1858 232.60444694805312
1859 232.60444694805312
1860 232.60444694805312
1861 232.60444694805312
1862 232.60444694805312
1863 232.60444694805312
1864 232.60444694805312
1865 232.60444694805312
1866 232.60444694805312
1867 232.60444694805312
1868 232.60444694805312
1869 232.60444694805312
1870 232.60444694805312
1871 232.60444694805312
1872 232.60444694805312
1873 232.60444694805312
1874 232.60444694805312
1875 232.60444694805312
1876 232.60444694805312
1877 232.60444694805312
1878 232.60444694805312
1879 232.60444694805312
1880 232.60444694805312
1881 232.60444694805312
1882 232.60444694805312
1883 232.60444694805312
1884 232.60444694805312
1885 232.60444694805312
1886 232.60444694805312
1887 232.60444694805312
1888 232.60444694805312
1889 232.60444694805312
1890 232.60444694805312
1891 232.60444694805312
1892 232.60444694805312
1893 232.60444694805312
1894 232.60444694805312
1895 232.60444694805312
1896 232.60444694805312
1897 232.60444694805312
1898 232.60444694805312
1899 232.60444694805312
1900 232.60444694805312
1901 232.60444694805312
1902 232.60444694805312
1903 232.60444694805312
1904 232.60444694805312
1905 232.60444694805312
1906 232.60444694805312
1907 232.60444694805312
1908 232.60444694805312
1909 232.60444694805312
1910 232.60444694805312
1911 232.60444694805312
1912 232.60444694805312
1913 232.60444694805312
1914 232.60444694805312
1915 232.60444694805312
1916 232.60444694805312
1917 232.60444694805312
1918 232.60444694805312
1919 232.60444694805312
1920 232.60444694805312
1921 232.60444694805312
1922 232.60444694805312
1923 232.60444694805312
1924 232.60444694805312
1925 232.60444694805312
1926 232.60444694805312
1927 232.60444694805312
1928 232.60444694805312
1929 232.60444694805312
1930 232.60444694805312
1931 232.60444694805312
1932 232.60444694805312
1933 232.60444694805312
1934 232.60444694805312
1935 232.60444694805312
1936 232.60444694805312
1937 232.60444694805312
1938 232.60444694805312
1939 232.60444694805312
1940 232.60444694805312
1941 232.60444694805312
1942 232.60444694805312
1943 232.60444694805312
1944 232.60444694805312
1945 232.60444694805312
1946 232.60444694805312
1947 232.60444694805312
1948 232.60444694805312
1949 232.60444694805312
1950 232.60444694805312
1951 232.60444694805312
1952 232.60444694805312
1953 232.60444694805312
1954 232.60444694805312
1955 232.60444694805312
1956 232.60444694805312
1957 232.60444694805312
1958 232.60444694805312
1959 232.60444694805312
1960 232.60444694805312
1961 232.60444694805312
1962 232.60444694805312
1963 232.60444694805312
1964 232.60444694805312
1965 232.60444694805312
1966 232.60444694805312
1967 232.60444694805312
1968 232.60444694805312
1969 232.60444694805312
1970 232.60444694805312
1971 232.60444694805312
1972 232.60444694805312
1973 232.60444694805312
1974 232.60444694805312
1975 232.60444694805312
1976 232.60444694805312
1977 232.60444694805312
1978 232.60444694805312
1979 232.60444694805312
1980 232.60444694805312
1981 232.60444694805312
1982 232.60444694805312
1983 232.60444694805312
1984 232.60444694805312
1985 232.60444694805312
1986 232.60444694805312
1987 232.60444694805312
1988 232.60444694805312
1989 232.60444694805312
1990 232.60444694805312
1991 232.60444694805312
1992 232.60444694805312
1993 232.60444694805312
1994 232.60444694805312
1995 232.60444694805312
1996 232.60444694805312
1997 232.60444694805312
1998 232.60444694805312
1999 232.60444694805312
