0 0.13619173783825966
1 0.13067762726229376
2 0.12297367844737234
3 0.1280941515213969
4 0.1355342164445581
5 0.11727069863345434
6 0.11720117320097301
7 0.1136482057722813
8 0.11836464330490697
9 0.12114570046214528
10 0.12955574025656907
11 0.14013677898426716
12 0.1429321413717857
13 0.14431213661681333
14 0.15056542125980288
15 0.15457343820535194
16 0.1645430127203452
17 0.17214801680470113
18 0.17626244460677462
19 0.1763831792988058
20 0.1778012977790179
21 0.18223134454645828
22 0.17287835922887915
23 0.1766060029775926
24 0.17881864673458983
25 0.1800413098734196
26 0.18656860485366217
27 0.1861949300736097
28 0.1883728587457354
29 0.18927589973070394
30 0.18700460934016588
31 0.1876430388362397
32 0.18811064972134134
33 0.18841819035487972
34 0.19189109566011658
35 0.19238629936429238
36 0.19040992778593285
37 0.1904696824931052
38 0.1863894554566022
39 0.18673866367669567
40 0.1882386386064939
41 0.18808551775071894
42 0.19006692407174153
43 0.19006692407174153
44 0.1896741872376222
45 0.19029574563318344
46 0.1978022959452077
47 0.1967474691760765
48 0.1975821825505488
49 0.1989174735861082
50 0.19997138390755953
51 0.20142110823824222
52 0.2020504685735693
53 0.19770072294981794
54 0.1969396565653728
55 0.1969396565653728
56 0.19506029654494755
57 0.19507339082401268
58 0.19442253134939974
59 0.19442253134939974
60 0.19486274793041655
61 0.19499293323660266
62 0.1956326263519352
63 0.19955832276135327
64 0.1941675457576279
65 0.19488424078081223
66 0.19488424078081223
67 0.1965900220226112
68 0.19659965293627474
69 0.1967011056389815
70 0.19591325041134455
71 0.19910420408883436
72 0.19910420408883436
73 0.19854566787317604
74 0.1985674784264526
75 0.19497670930736555
76 0.1934326864069706
77 0.19232059994907216
78 0.1923497062428774
79 0.19326593845989765
80 0.19326593845989765
81 0.19351152509720954
82 0.19234489460127144
83 0.1924127447855347
84 0.18837414662178525
85 0.18922562026945544
86 0.18796364934967286
87 0.18796364934967286
88 0.18803379427893363
89 0.18777235999302896
90 0.1838023006199506
91 0.183925606583719
92 0.18533111632557472
93 0.18232394783595984
94 0.18230262783693404
95 0.1815228527575944
96 0.17721111215760355
97 0.17721111215813096
98 0.17568680463597885
99 0.17711417709349095
100 0.17690395708028261
101 0.17722888076492666
102 0.18011871702433185
103 0.1814251507806266
104 0.1814251507806266
105 0.1814251507806266
106 0.18285066620828214
107 0.18285066620828214
108 0.18287287522953408
109 0.18287287522953408
110 0.18324823510186214
111 0.18324823510186214
112 0.18324823510186214
113 0.1841965147856061
114 0.18595560875417935
115 0.1857010629141695
116 0.18548006873424602
117 0.18548006873424602
118 0.18548006873424602
119 0.18548006873424602
120 0.18548006873424605
121 0.18459774441656848
122 0.18459774441656848
123 0.18459774441656848
124 0.18352352429944507
125 0.18352352429944507
126 0.18352352429944507
127 0.18226307497604055
128 0.1839158246784595
129 0.1839158246784595
130 0.18394545130053172
131 0.18330948361934704
132 0.18330944789514708
133 0.18311170171074975
134 0.18311170171074975
135 0.18350090400365027
136 0.18341127095425516
137 0.18341127095425516
138 0.18429246996825704
139 0.18429246996825704
140 0.18435017655084723
141 0.18628084884001248
142 0.18628083829707298
143 0.18628083829707298
144 0.18674578786684115
145 0.1867863359169046
146 0.18679619555521174
147 0.18685467648967588
148 0.18682318904500078
149 0.18722857832904524
150 0.18722857832904524
151 0.18679150047265033
152 0.1870392553462226
153 0.18629812515720356
154 0.18629812515720356
155 0.18629812515720356
156 0.18629812515720356
157 0.18650704934991827
158 0.18650704934991827
159 0.18650704934991827
160 0.18649136262746535
161 0.18649136262746535
162 0.18649136262746535
163 0.18649136262746535
164 0.18592134926368026
165 0.18592134926368026
166 0.18592134926368026
167 0.18612122850589927
168 0.18600650388496703
169 0.18477949844077404
170 0.1847470041845732
171 0.18378829722571485
172 0.18378829722571485
173 0.18378829722571485
174 0.18378829722571485
175 0.18378829722571485
176 0.18378829722571485
177 0.18378829722571485
178 0.1845867188917644
179 0.1845867188917644
180 0.1848675754432084
181 0.1848675754432084
182 0.1848675754432084
183 0.18590336529685492
184 0.18590336529685492
185 0.18590336529685492
186 0.18590336529685492
187 0.18590336529685492
188 0.18590336529685492
189 0.18590336529685492
190 0.18590336529685492
191 0.18590336529436016
192 0.18632602979781646
193 0.18632602979781646
194 0.18632602979781646
195 0.18632602979781646
196 0.18632602979781646
197 0.18633068851802223
198 0.18633068851802223
199 0.18633068851802223
200 0.18633068851802223
201 0.18730840704556037
202 0.18730840704556037
203 0.18717664180640586
204 0.18746478937254382
205 0.18746478937254382
206 0.18746478937254382
207 0.1872446063091094
208 0.18728307923526497
209 0.18731169661904007
210 0.18731169661904007
211 0.1874462250085857
212 0.1874085849140863
213 0.1874085849140863
214 0.1871796303670591
215 0.1871796303670591
216 0.18708876147621975
217 0.18708876147621975
218 0.18708876147621975
219 0.18708876147621975
220 0.1870355446434294
221 0.1870355446434294
222 0.1866870486464817
223 0.18798992764341962
224 0.1888126576952955
225 0.1888126576952955
226 0.189489874742668
227 0.18958105642019704
228 0.18958105642019704
229 0.18958105642019704
230 0.1898987909524229
231 0.1898987909524229
232 0.18877168148013204
233 0.18867474552051597
234 0.18736198063973114
235 0.18857721129609947
236 0.18860646416809956
237 0.18860646416809956
238 0.18860646416809956
239 0.18864407650372045
240 0.18864407650372045
241 0.18864407650372045
242 0.18864407650372045
243 0.18864407650372045
244 0.18864407650372045
245 0.1883798927248981
246 0.18765010649864708
247 0.18754274457636477
248 0.1874273843556319
249 0.1874273843556319
250 0.1867069913860686
251 0.1867069913860686
252 0.1867069913860686
253 0.1867069913860686
254 0.1867069913860686
255 0.1867069913860686
256 0.1867069913860686
257 0.18686337531797104
258 0.18686337531797104
259 0.18785000214660003
260 0.18728111304651807
261 0.1887552830405275
262 0.1887552830405275
263 0.1887552830405275
264 0.1887552830405275
265 0.1880320942641159
266 0.1879787211832791
267 0.1879787211832791
268 0.1879787211832791
269 0.1879787211832791
270 0.1879787211832791
271 0.18820811436718687
272 0.1879371503347493
273 0.1879371503347493
274 0.1879371503347493
275 0.1879371503347493
276 0.18793715033474934
277 0.18793715033474934
278 0.18793715033474934
279 0.18793715033474934
280 0.1892164944296694
281 0.18795447932180193
282 0.18795447932180193
283 0.18808720558457395
284 0.18769095640817943
285 0.18661959177054024
286 0.18661959177054024
287 0.1865709515526876
288 0.1865709515526876
289 0.1865709515526876
290 0.18773036702982843
291 0.18773036702982843
292 0.18773036702982843
293 0.18773036702982843
294 0.18862223958959445
295 0.1889741424712696
296 0.1889741424712696
297 0.1889741424712696
298 0.1880474678389499
299 0.1880474678389499
300 0.1880474678389499
301 0.1880474678389499
302 0.1880474678389499
303 0.1880474678389499
304 0.18804589434549643
305 0.18804589434549643
306 0.18804589434549643
307 0.1874957445626164
308 0.1874957445626164
309 0.1874957445626164
310 0.1870789733515472
311 0.1870789733515472
312 0.1861201356536118
313 0.1861201356536118
314 0.1861201356536118
315 0.18575521611573975
316 0.18575521611573975
317 0.18575521611573975
318 0.18575521611573975
319 0.18575521611573975
320 0.18624210956758236
321 0.18654527030259818
322 0.18654527030259818
323 0.18654527030259818
324 0.1875954482199022
325 0.1875954482199022
326 0.1875954482199022
327 0.1875954482199022
328 0.1875954482199022
329 0.18722075730747081
330 0.18722075730747081
331 0.18722075730747081
332 0.18722075730747081
333 0.18722075730747081
334 0.18719601351104287
335 0.18719601351104287
336 0.18719601351104287
337 0.18721916989456353
338 0.18678218416699752
339 0.1853605344240608
340 0.1853605344240608
341 0.1853605344240608
342 0.1853605344240608
343 0.1853605344240608
344 0.1853605344240608
345 0.1853605344240608
346 0.1853605344240608
347 0.1853605344240608
348 0.18577296055612477
349 0.18577296055612477
350 0.18663712785994863
351 0.18663712785994863
352 0.18663712785994863
353 0.18663712785994863
354 0.18661645952730713
355 0.18661645952730713
356 0.18661645952730713
357 0.18661645952730713
358 0.18661645952730713
359 0.1868787973440745
360 0.1868787973440745
361 0.1868787973440745
362 0.1868787973440745
363 0.1868787973440745
364 0.1868787973440745
365 0.1868787973440745
366 0.1868787973440745
367 0.18682881119600916
368 0.18682881119600916
369 0.18682881119600916
370 0.18682881119600916
371 0.18682881119600916
372 0.18682881119600916
373 0.18682881119600916
374 0.18682881119600916
375 0.18670901548001323
376 0.18670901548001323
377 0.18670901548001323
378 0.18670901548001323
379 0.18670901548001323
380 0.18670901548001323
381 0.18670901548001323
382 0.18740822428727183
383 0.1871264883873261
384 0.1871264883873261
385 0.1871264883873261
386 0.18777480331603702
387 0.18777480331603702
388 0.18777480331603702
389 0.18777480331603702
390 0.18777480331603702
391 0.18674146393457328
392 0.18674146393457328
393 0.18674146393457328
394 0.18675032754368712
395 0.18675032754368712
396 0.1877433689101661
397 0.1877433689101661
398 0.1877433689101661
399 0.1877433689101661
400 0.1899645862885854
401 0.19020812157692393
402 0.19020812157692393
403 0.19020812157692393
404 0.19020812157692393
405 0.19011516603160264
406 0.18910442477269665
407 0.18910442477269665
408 0.18910442477269665
409 0.18910442477269665
410 0.18848499214763964
411 0.18848499214763964
412 0.18848499214763964
413 0.18848499214763964
414 0.18848499214763964
415 0.18848499214763964
416 0.18838218442314925
417 0.18838218442314925
418 0.18838218442314925
419 0.18838218442314925
420 0.19059268258818676
421 0.19054376394920472
422 0.19054376394920466
423 0.19054376394920466
424 0.19054376394920466
425 0.19054376394920466
426 0.19054376394920466
427 0.19054376394920466
428 0.19054376394920466
429 0.19054376394920466
430 0.19054376394920466
431 0.19054376394920466
432 0.1905437797197524
433 0.1905437797197524
434 0.1905437797197524
435 0.18999442700946517
436 0.18999442700946517
437 0.18999442700946517
438 0.18999442700946517
439 0.18999442700946517
440 0.18999442700946517
441 0.19004586510212507
442 0.19004586510212507
443 0.19004586510212507
444 0.19061521527929157
445 0.19061521527929157
446 0.19052734444660624
447 0.19052734444660624
448 0.19052734444660624
449 0.19052734444660624
450 0.19052734444660624
451 0.19052734444660624
452 0.19052734444660624
453 0.19058303013199387
454 0.19058303013199387
455 0.19160665558628887
456 0.19068036194162954
457 0.19068036194162954
458 0.19140172481358322
459 0.19140172481358322
460 0.19140172481358322
461 0.19140172481358322
462 0.19140172481358322
463 0.19140172481358322
464 0.19140172481358322
465 0.19140172481358322
466 0.19140172481358322
467 0.19140172481358322
468 0.19143914076700783
469 0.19143914076700783
470 0.19143914076700783
471 0.19143914076700783
472 0.19143914076700783
473 0.19154748523755608
474 0.19154748523755608
475 0.19154748523755608
476 0.19154748523755608
477 0.19154748523755608
478 0.19154748523755608
479 0.19150877868990365
480 0.19150877868990365
481 0.19150877868990365
482 0.19150877868990365
483 0.19150877868990365
484 0.19163054518648082
485 0.19163054518648082
486 0.19117466313864886
487 0.19117466313864886
488 0.19117466313864886
489 0.19117466313864886
490 0.1911530471602556
491 0.1911530471602556
492 0.1911530471602556
493 0.1911530471602556
494 0.1911530471602556
495 0.19070873259911034
496 0.19070873259911034
497 0.19070873259911034
498 0.19070873259911034
499 0.19070873259911034
500 0.19070873259911034
501 0.19070873259911034
502 0.1914717504719614
503 0.1914717504719614
504 0.1914717504719614
505 0.1914717504719614
506 0.1914717504719614
507 0.1914717504719614
508 0.1914717504719614
509 0.1914717504719614
510 0.1914717504719614
511 0.1914717504719614
512 0.1914717504719614
513 0.1914717504719614
514 0.1914717504719614
515 0.1914717504719614
516 0.1914717504719614
517 0.1914717504719614
518 0.1914717504719614
519 0.19079943059413254
520 0.19079943059413254
521 0.19043049399575215
522 0.19043049399575215
523 0.19043049399575215
524 0.19043049399575215
525 0.19043049399575215
526 0.19043049399575215
527 0.19043049399575215
528 0.19043049399575215
529 0.19043049399575215
530 0.19043049399575215
531 0.19043049399575215
532 0.19043049399575215
533 0.19043049399575215
534 0.19043049399575215
535 0.19043049399575215
536 0.19043049399575215
537 0.192846107488651
538 0.192846107488651
539 0.19322201849737497
540 0.19333312739139027
541 0.19334239057193725
542 0.19334239057193725
543 0.19334239057193725
544 0.19337064420191782
545 0.19337064420191782
546 0.19337064420191782
547 0.19337064420191782
548 0.19337064420191782
549 0.19337064420191782
550 0.19337064420191782
551 0.19337064420191782
552 0.19409202192989403
553 0.19409202192989403
554 0.19409202192989403
555 0.19443600537583441
556 0.19431212109176083
557 0.19431212109176083
558 0.19431212109176083
559 0.19458156101634635
560 0.19458156101634635
561 0.19458156101634635
562 0.19458156101634635
563 0.19458156101634635
564 0.19458156101634635
565 0.19458156101634635
566 0.19458156101634635
567 0.19458156101634635
568 0.19458156101634635
569 0.19458156101634635
570 0.19458156101634635
571 0.19458156101634635
572 0.19458156101634635
573 0.19458156101634635
574 0.19458156101634635
575 0.19458156101634635
576 0.19458156101634635
577 0.19456611228375673
578 0.19456611228375673
579 0.19456611228375673
580 0.19456611228375673
581 0.19456611228375673
582 0.19456611228375673
583 0.19456611228375673
584 0.19586489562825934
585 0.19586489562825934
586 0.1957668354882644
587 0.1957668354882644
588 0.1957668354882644
589 0.1957668354882644
590 0.1957668354882644
591 0.1957668354882644
592 0.1957668354882644
593 0.1959278913884257
594 0.1959278913884257
595 0.19684222193695364
596 0.19831670682038072
597 0.19857464197843286
598 0.19947276419904766
599 0.19947276419904766
600 0.19947276419904766
601 0.19947276419904766
602 0.19947276419904766
603 0.1995162037437723
604 0.1995162037437723
605 0.1993915479231086
606 0.1993915479231086
607 0.1993915479231086
608 0.1993915479231086
609 0.19856930467360498
610 0.19856930467360498
611 0.19856930467360498
612 0.19856930467360498
613 0.19856930467360498
614 0.19856930467360498
615 0.19856930467360498
616 0.19856930467360498
617 0.19856930467360498
618 0.19856930467360498
619 0.19856930467360498
620 0.19825631491102683
621 0.19825631491102683
622 0.19825631491102683
623 0.19825631491102683
624 0.19825631491102683
625 0.19825182823308427
626 0.19825182823308427
627 0.19825182823308427
628 0.19825182823308427
629 0.19825182823308427
630 0.19817066737790076
631 0.19817066737790076
632 0.19817066737790076
633 0.19817066737790076
634 0.19817066737790076
635 0.1972315975194391
636 0.1972062137421582
637 0.19734824697223716
638 0.19813670380170179
639 0.19812349797652176
640 0.19812349797652176
641 0.19833274301117143
642 0.19833274301117143
643 0.19833274301117143
644 0.19841279314541907
645 0.19845730112872825
646 0.19724693117179318
647 0.1963662969762591
648 0.19650168636486176
649 0.19650168636486176
650 0.19650168636486176
651 0.19650168636486176
652 0.19650168636486176
653 0.19710085987347475
654 0.19710085987347475
655 0.19710085987347475
656 0.1970953276596433
657 0.19737497671070364
658 0.1972345131302917
659 0.19721639328762242
660 0.19721639328762242
661 0.19641443155429464
662 0.19641443155429464
663 0.19641443155429464
664 0.19641443155429464
665 0.19641443155429464
666 0.19628382726158827
667 0.19628382726158827
668 0.19624786251098075
669 0.19624786251098075
670 0.1969727483429588
671 0.19680976578153106
672 0.19680976578153106
673 0.19680976578153106
674 0.19680976578153106
675 0.19680976578153106
676 0.19680976578153106
677 0.1965629170051468
678 0.1965629170051468
679 0.1965629170051468
680 0.1961035649580419
681 0.19587773139570683
682 0.19587773139570683
683 0.19587773139570683
684 0.19587773139570683
685 0.19587773139570683
686 0.19587773139570683
687 0.19587773139570683
688 0.19587773139570683
689 0.19586426928812017
690 0.19586426928812017
691 0.19586426928812017
692 0.19586426928812017
693 0.19586426928812017
694 0.19576133362059922
695 0.19576133362059922
696 0.19576133362059922
697 0.19576133362059922
698 0.19576133362059922
699 0.19576133362059922
700 0.19576133362059922
701 0.19576133362059922
702 0.19576133362059922
703 0.19576133362059922
704 0.19576133362059922
705 0.19576133362059922
706 0.19576133362059922
707 0.19576133362059922
708 0.19576133362059922
709 0.19576133362059922
710 0.19576133362059922
711 0.19576133362059922
712 0.19576133362059922
713 0.19576133362059922
714 0.19576133362059922
715 0.19576133362059922
716 0.19576133362059922
717 0.19575593346246328
718 0.19575593346246328
719 0.19591477740373026
720 0.19591477740373026
721 0.19591477740373026
722 0.19591477740373026
723 0.19591477740373026
724 0.19591477740373026
725 0.19591477740373026
726 0.19591477740373026
727 0.1958164314465372
728 0.1958164314465372
729 0.1958164314465372
730 0.1958164314465372
731 0.1958164314465372
732 0.1958164314465372
733 0.1958164314465372
734 0.1957862693848483
735 0.1957862693848483
736 0.1957862693848483
737 0.1957862693848483
738 0.1957862693848483
739 0.1957862693848483
740 0.1957862693848483
741 0.1957862693848483
742 0.1957862693848483
743 0.19587282510473442
744 0.19587282510473442
745 0.19587282510473442
746 0.19587282510473442
747 0.19587282510473442
748 0.19587282510473442
749 0.19587282510473442
750 0.19587282510473442
751 0.19587282510473442
752 0.19587282510473442
753 0.19587282510473442
754 0.19587282510473442
755 0.19587282510473442
756 0.19587282510473442
757 0.19587282510473442
758 0.19587282510473442
759 0.19587282510473442
760 0.19587282510473442
761 0.19587282510473442
762 0.19587282510473442
763 0.19587282510473442
764 0.19587282510473442
765 0.19587282510473442
766 0.19587282510473442
767 0.19587282510473442
768 0.19587282510473442
769 0.19587282510473442
770 0.19587282510473442
771 0.19587282510473442
772 0.19587282510473442
773 0.19587282510473442
774 0.19587282510473442
775 0.19587282510473442
776 0.19564465761433447
777 0.19564465761433447
778 0.19564465761433447
779 0.19564080525005728
780 0.19564080525005728
781 0.19564080525005728
782 0.19564080525005728
783 0.19564080525005728
784 0.19564080525005728
785 0.19564080525005728
786 0.19564080525005728
787 0.19564080525005728
788 0.19564080525005728
789 0.19564080525005728
790 0.19564080525005728
791 0.19564080525005728
792 0.19564080525005728
793 0.19564080525005728
794 0.19564080525005728
795 0.19564080525005728
796 0.19564080525005728
797 0.19564080525005728
798 0.19564080525005728
799 0.19564080525005728
800 0.19564080525005728
801 0.1944473285239933
802 0.1944473285239933
803 0.1944473285239933
804 0.19428117331798225
805 0.19428144650392928
806 0.19428144650392928
807 0.19428144650392928
808 0.19428144650392928
809 0.19428144650392928
810 0.19428144650392928
811 0.19428144650392928
812 0.19427923564597735
813 0.19427923564597735
814 0.19427923564597735
815 0.19427923564597735
816 0.19427923564597735
817 0.19327251922092537
818 0.19327251922092537
819 0.19327251922092537
820 0.193269441866247
821 0.19403362724812878
822 0.19403362724812878
823 0.19403362724812878
824 0.19403362724812878
825 0.19363830848658292
826 0.19363830848658292
827 0.19363830848658292
828 0.19363830848658292
829 0.19363830848658292
830 0.19358168382816085
831 0.19358168382816085
832 0.19358168382816085
833 0.19358168382816085
834 0.19358168382816085
835 0.19358168382816085
836 0.19358168382816085
837 0.19358168382816085
838 0.19358168382816085
839 0.19344886948011705
840 0.19344886948011705
841 0.19344886948011705
842 0.19333789540152918
843 0.19333789540152918
844 0.19372327182822266
845 0.19372327182822266
846 0.19372327182822266
847 0.19372327182822266
848 0.19372327182822266
849 0.19372327182822266
850 0.19372327182822266
851 0.19372327182822266
852 0.19372327182822266
853 0.19372327182822266
854 0.19372327182822266
855 0.19372327182822266
856 0.19372327182822266
857 0.19372327182822266
858 0.19372327182822266
859 0.19372327182822266
860 0.19372327182822266
861 0.19372327182822266
862 0.19372327182822266
863 0.19372327182822266
864 0.19372327182822266
865 0.19372327182822266
866 0.19372327182822266
867 0.19372327182822266
868 0.19372327182822266
869 0.19372327182822266
870 0.19372327182822266
871 0.19372327182822266
872 0.19372327182822266
873 0.19372327182822266
874 0.19372327182822266
875 0.19372327182822266
876 0.19372327182822266
877 0.19312937236650818
878 0.1957021754008569
879 0.1957021754008569
880 0.1957021754008569
881 0.1957021754008569
882 0.1957021754008569
883 0.1957021754008569
884 0.1957021754008569
885 0.1957021754008569
886 0.1957021754008569
887 0.1957021754008569
888 0.1957021754008569
889 0.1957021754008569
890 0.1957021754008569
891 0.19555890748789378
892 0.19555890748789378
893 0.19555890748789378
894 0.19555890748789378
895 0.1957398369701606
896 0.1957398369701606
897 0.19663997598922156
898 0.19663997598922156
899 0.19824427599657649
900 0.19778580982484958
901 0.19778580982484958
902 0.19778580982484958
903 0.19778580982484958
904 0.1979015473448185
905 0.1979015473448185
906 0.1979015473448185
907 0.19836239848937293
908 0.19836239848937293
909 0.19836239848937293
910 0.19852338370243192
911 0.19852338370243192
912 0.19852338370243192
913 0.19852338370243192
914 0.19835687287033338
915 0.19835687287033338
916 0.19835687287033338
917 0.19835687287033338
918 0.19835687287033338
919 0.19835687287033338
920 0.19835687287033338
921 0.19835687287033338
922 0.19835687287033338
923 0.19835687287033338
924 0.19835687287033338
925 0.19835687287033338
926 0.19835687287033338
927 0.19774874133644993
928 0.19818416938157626
929 0.19818416938157626
930 0.19818416938157626
931 0.19818416938157626
932 0.19918039510488564
933 0.19918039510488564
934 0.19918039510488564
935 0.19918039510488564
936 0.19918039510488564
937 0.19918039510488564
938 0.19918039510488564
939 0.19918039510488564
940 0.19918039510488564
941 0.19914523277640123
942 0.19914523277640123
943 0.19914523277640123
944 0.19914523277640123
945 0.20227174420032346
946 0.20227174420032346
947 0.20227174420032346
948 0.2026750563165064
949 0.2026750563165064
950 0.2026750563165064
951 0.2026750563165064
952 0.20544629000157777
953 0.20544629000157777
954 0.20544629000157777
955 0.20544629000157777
956 0.20544629000157777
957 0.20544629000157777
958 0.20544629000157777
959 0.20544629000157777
960 0.20544629000157777
961 0.20544629000157777
962 0.20544629000157777
963 0.20544629000157777
964 0.20544629000157777
965 0.20544629000157777
966 0.20544629000157777
967 0.20544629000157777
968 0.20544629000157777
969 0.20544629000157777
970 0.20544629000157777
971 0.20544629000157777
972 0.20544629000157777
973 0.20544629000157777
974 0.20544629000157777
975 0.20544629000157777
976 0.20544629000157777
977 0.20791574273538824
978 0.20791574273538824
979 0.20791574273538824
980 0.20791574273538824
981 0.20791574273538824
982 0.20791574273538824
983 0.20791574273538824
984 0.20791574273538824
985 0.20791574273538824
986 0.20791574273538824
987 0.20791574273538824
988 0.20791574273538824
989 0.20791574273538824
990 0.20791574273538824
991 0.20791574273538824
992 0.20791574273538824
993 0.20791574273538824
994 0.20791574273538824
995 0.20791574273538824
996 0.20791574273538824
997 0.20791574273538824
998 0.20791574273538824
999 0.20791574273538824
