0 0.4016469960499406
1 0.4016469960499406
2 0.4016469960499406
3 0.622996712110898
4 0.622996712110898
5 0.6509554261360693
6 0.6509554261360693
7 0.6509554261360693
8 0.6509554261360693
9 0.6604059903337203
10 0.6604059903337203
11 0.6604059903337203
12 0.6604059903337203
13 0.6604059903337203
14 0.6784801804150498
15 0.6784801804150498
16 0.6784801804150498
17 0.6784801804150498
18 0.6784801804150498
19 0.6784801804150498
20 0.6784801804150498
21 0.6784801804150498
22 0.6784801804150498
23 0.6784801804150498
24 0.6784801804150498
25 0.6784801804150498
26 0.6784801804150498
27 0.6784801804150498
28 0.6784801804150498
29 0.6784801804150498
30 0.6784801804150498
31 0.6784801804150498
32 0.6784801804150498
33 0.6784801804150498
34 0.6784801804150498
35 0.6784801804150498
36 0.6784801804150498
37 0.6784801804150498
38 0.6784801804150498
39 0.6784801804150498
40 0.6784801804150498
41 0.6784801804150498
42 0.6784801804150498
43 0.6784801804150498
44 0.6784801804150498
45 0.6784801804150498
46 0.6784801804150498
47 0.6784801804150498
48 0.6784801804150498
49 0.6784801804150498
50 0.6784801804150498
51 0.6784801804150498
52 0.6784801804150498
53 0.6784801804150498
54 0.6784801804150498
55 0.6784801804150498
56 0.6784801804150498
57 0.6784801804150498
58 0.6784801804150498
59 0.6784801804150498
60 0.6784801804150498
61 0.6784801804150498
62 0.6784801804150498
63 0.6784801804150498
64 0.6784801804150498
65 0.6784801804150498
66 0.6784801804150498
67 0.6784801804150498
68 0.6784801804150498
69 0.6784801804150498
70 0.6784801804150498
71 0.6784801804150498
72 0.6784801804150498
73 0.6784801804150498
74 0.6784801804150498
75 0.6784801804150498
76 0.6784801804150498
77 0.6784801804150498
78 0.6784801804150498
79 0.6784801804150498
80 0.6784801804150498
81 0.6784801804150498
82 0.6784801804150498
83 0.6784801804150498
84 0.6784801804150498
85 0.6784801804150498
86 0.6784801804150498
87 0.6784801804150498
88 0.6784801804150498
89 0.6784801804150498
90 0.6784801804150498
91 0.6784801804150498
92 0.6784801804150498
93 0.6784801804150498
94 0.6784801804150498
95 0.6784801804150498
96 0.6784801804150498
97 0.6784801804150498
98 0.6784801804150498
99 0.6784801804150498
100 0.6784801804150498
101 0.6784801804150498
102 0.6784801804150498
103 0.6784801804150498
104 0.6784801804150498
105 0.6784801804150498
106 0.6784801804150498
107 0.6784801804150498
108 0.6784801804150498
109 0.6784801804150498
110 0.6784801804150498
111 0.6784801804150498
112 0.6784801804150498
113 0.6784801804150498
114 0.6784801804150498
115 0.6784801804150498
116 0.6784801804150498
117 0.6784801804150498
118 0.6784801804150498
119 0.6784801804150498
120 0.6784801804150498
121 0.6784801804150498
122 0.6784801804150498
123 0.6784801804150498
124 0.6784801804150498
125 0.6784801804150498
126 0.6784801804150498
127 0.6784801804150498
128 0.6784801804150498
129 0.6784801804150498
130 0.6784801804150498
131 0.6784801804150498
132 0.6784801804150498
133 0.6784801804150498
134 0.6784801804150498
135 0.6784801804150498
136 0.6784801804150498
137 0.6784801804150498
138 0.6784801804150498
139 0.6784801804150498
140 0.6784801804150498
141 0.6784801804150498
142 0.6784801804150498
143 0.6784801804150498
144 0.6784801804150498
145 0.6784801804150498
146 0.6784801804150498
147 0.6784801804150498
148 0.6784801804150498
149 0.6784801804150498
150 0.6784801804150498
151 0.6784801804150498
152 0.6784801804150498
153 0.6784801804150498
154 0.6784801804150498
155 0.6784801804150498
156 0.6784801804150498
157 0.6784801804150498
158 0.6784801804150498
159 0.6784801804150498
160 0.6784801804150498
161 0.6784801804150498
162 0.6784801804150498
163 0.6784801804150498
164 0.6784801804150498
165 0.6784801804150498
166 0.6784801804150498
167 0.6784801804150498
168 0.6784801804150498
169 0.6784801804150498
170 0.6784801804150498
171 0.6784801804150498
172 0.6784801804150498
173 0.6784801804150498
174 0.6784801804150498
175 0.6784801804150498
176 0.6784801804150498
177 0.6784801804150498
178 0.6784801804150498
179 0.6784801804150498
180 0.6784801804150498
181 0.6784801804150498
182 0.6784801804150498
183 0.6784801804150498
184 0.6784801804150498
185 0.6784801804150498
186 0.6784801804150498
187 0.6784801804150498
188 0.6784801804150498
189 0.6784801804150498
190 0.6784801804150498
191 0.6784801804150498
192 0.6784801804150498
193 0.6784801804150498
194 0.6784801804150498
195 0.6784801804150498
196 0.6784801804150498
197 0.6784801804150498
198 0.6784801804150498
199 0.6784801804150498
200 0.6784801804150498
201 0.6784801804150498
202 0.6784801804150498
203 0.6784801804150498
204 0.6784801804150498
205 0.6784801804150498
206 0.6784801804150498
207 0.6784801804150498
208 0.6784801804150498
209 0.6784801804150498
210 0.6784801804150498
211 0.6784801804150498
212 0.6784801804150498
213 0.6784801804150498
214 0.6784801804150498
215 0.6784801804150498
216 0.6784801804150498
217 0.6784801804150498
218 0.6784801804150498
219 0.6784801804150498
220 0.6784801804150498
221 0.6784801804150498
222 0.6784801804150498
223 0.6784801804150498
224 0.6784801804150498
225 0.6784801804150498
226 0.6784801804150498
227 0.6784801804150498
228 0.6784801804150498
229 0.6784801804150498
230 0.6784801804150498
231 0.6784801804150498
232 0.6784801804150498
233 0.6784801804150498
234 0.6784801804150498
235 0.6784801804150498
236 0.6784801804150498
237 0.6784801804150498
238 0.6784801804150498
239 0.6784801804150498
240 0.6784801804150498
241 0.6784801804150498
242 0.6784801804150498
243 0.6784801804150498
244 0.6784801804150498
245 0.6784801804150498
246 0.6784801804150498
247 0.6784801804150498
248 0.6784801804150498
249 0.6784801804150498
250 0.6784801804150498
251 0.6784801804150498
252 0.6784801804150498
253 0.6784801804150498
254 0.6784801804150498
255 0.6784801804150498
256 0.6784801804150498
257 0.6784801804150498
258 0.6784801804150498
259 0.6784801804150498
260 0.6784801804150498
261 0.6784801804150498
262 0.6784801804150498
263 0.6784801804150498
264 0.6784801804150498
265 0.6784801804150498
266 0.6784801804150498
267 0.6784801804150498
268 0.6784801804150498
269 0.6784801804150498
270 0.6784801804150498
271 0.6784801804150498
272 0.6784801804150498
273 0.6784801804150498
274 0.6784801804150498
275 0.6784801804150498
276 0.6784801804150498
277 0.6784801804150498
278 0.6784801804150498
279 0.6784801804150498
280 0.6784801804150498
281 0.6784801804150498
282 0.6784801804150498
283 0.6784801804150498
284 0.6784801804150498
285 0.6784801804150498
286 0.6784801804150498
287 0.6784801804150498
288 0.6784801804150498
289 0.6784801804150498
290 0.6784801804150498
291 0.6784801804150498
292 0.6784801804150498
293 0.6784801804150498
294 0.6784801804150498
295 0.6784801804150498
296 0.6784801804150498
297 0.6784801804150498
298 0.6784801804150498
299 0.6784801804150498
300 0.6784801804150498
301 0.6784801804150498
302 0.6784801804150498
303 0.6784801804150498
304 0.6784801804150498
305 0.6784801804150498
306 0.6784801804150498
307 0.6784801804150498
308 0.6784801804150498
309 0.6784801804150498
310 0.6784801804150498
311 0.6784801804150498
312 0.6784801804150498
313 0.6784801804150498
314 0.6784801804150498
315 0.6784801804150498
316 0.6784801804150498
317 0.6784801804150498
318 0.6784801804150498
319 0.6784801804150498
320 0.6784801804150498
321 0.6784801804150498
322 0.6784801804150498
323 0.6784801804150498
324 0.6784801804150498
325 0.6784801804150498
326 0.6784801804150498
327 0.6784801804150498
328 0.6784801804150498
329 0.6784801804150498
330 0.6784801804150498
331 0.6784801804150498
332 0.6784801804150498
333 0.6784801804150498
334 0.6784801804150498
335 0.6784801804150498
336 0.6784801804150498
337 0.6784801804150498
338 0.6784801804150498
339 0.6784801804150498
340 0.6784801804150498
341 0.6784801804150498
342 0.6784801804150498
343 0.6784801804150498
344 0.6784801804150498
345 0.6784801804150498
346 0.6784801804150498
347 0.6784801804150498
348 0.6784801804150498
349 0.6784801804150498
350 0.6784801804150498
351 0.6784801804150498
352 0.6784801804150498
353 0.6784801804150498
354 0.6784801804150498
355 0.6784801804150498
356 0.6784801804150498
357 0.6784801804150498
358 0.6784801804150498
359 0.6784801804150498
360 0.6784801804150498
361 0.6784801804150498
362 0.6784801804150498
363 0.6784801804150498
364 0.6784801804150498
365 0.6784801804150498
366 0.6784801804150498
367 0.6784801804150498
368 0.6784801804150498
369 0.6784801804150498
370 0.6784801804150498
371 0.6784801804150498
372 0.6784801804150498
373 0.6784801804150498
374 0.6784801804150498
375 0.6784801804150498
376 0.6784801804150498
377 0.6784801804150498
378 0.6784801804150498
379 0.6784801804150498
380 0.6784801804150498
381 0.6784801804150498
382 0.6784801804150498
383 0.6784801804150498
384 0.6784801804150498
385 0.6784801804150498
386 0.6784801804150498
387 0.6784801804150498
388 0.6784801804150498
389 0.6784801804150498
390 0.6784801804150498
391 0.6784801804150498
392 0.6784801804150498
393 0.6784801804150498
394 0.6784801804150498
395 0.6784801804150498
396 0.6784801804150498
397 0.6784801804150498
398 0.6784801804150498
399 0.6784801804150498
400 0.6784801804150498
401 0.6784801804150498
402 0.6784801804150498
403 0.6784801804150498
404 0.6784801804150498
405 0.6784801804150498
406 0.6784801804150498
407 0.6784801804150498
408 0.6784801804150498
409 0.6784801804150498
410 0.6784801804150498
411 0.6784801804150498
412 0.6784801804150498
413 0.6784801804150498
414 0.6784801804150498
415 0.6784801804150498
416 0.6784801804150498
417 0.6784801804150498
418 0.6784801804150498
419 0.6784801804150498
420 0.6784801804150498
421 0.6784801804150498
422 0.6784801804150498
423 0.6784801804150498
424 0.6784801804150498
425 0.6784801804150498
426 0.6784801804150498
427 0.6784801804150498
428 0.6784801804150498
429 0.6784801804150498
430 0.6784801804150498
431 0.6784801804150498
432 0.6784801804150498
433 0.6784801804150498
434 0.6784801804150498
435 0.6784801804150498
436 0.6784801804150498
437 0.6784801804150498
438 0.6784801804150498
439 0.6784801804150498
440 0.6784801804150498
441 0.6784801804150498
442 0.6784801804150498
443 0.6784801804150498
444 0.6784801804150498
445 0.6784801804150498
446 0.6784801804150498
447 0.6784801804150498
448 0.6784801804150498
449 0.6784801804150498
450 0.6784801804150498
451 0.6784801804150498
452 0.6784801804150498
453 0.6784801804150498
454 0.6784801804150498
455 0.6784801804150498
456 0.6784801804150498
457 0.6784801804150498
458 0.6784801804150498
459 0.6784801804150498
460 0.6784801804150498
461 0.6784801804150498
462 0.6784801804150498
463 0.6784801804150498
464 0.6784801804150498
465 0.6784801804150498
466 0.6784801804150498
467 0.6784801804150498
468 0.6784801804150498
469 0.6784801804150498
470 0.6784801804150498
471 0.6784801804150498
472 0.6784801804150498
473 0.6784801804150498
474 0.6784801804150498
475 0.6784801804150498
476 0.6784801804150498
477 0.6784801804150498
478 0.6784801804150498
479 0.6784801804150498
480 0.6784801804150498
481 0.6784801804150498
482 0.6784801804150498
483 0.6784801804150498
484 0.6784801804150498
485 0.6784801804150498
486 0.6784801804150498
487 0.6784801804150498
488 0.6784801804150498
489 0.6784801804150498
490 0.6784801804150498
491 0.6784801804150498
492 0.6784801804150498
493 0.6784801804150498
494 0.6784801804150498
495 0.6784801804150498
496 0.6784801804150498
497 0.6784801804150498
498 0.6784801804150498
499 0.6784801804150498
500 0.6784801804150498
501 0.6784801804150498
502 0.6784801804150498
503 0.6784801804150498
504 0.6784801804150498
505 0.6784801804150498
506 0.6784801804150498
507 0.6784801804150498
508 0.6784801804150498
509 0.6784801804150498
510 0.6784801804150498
511 0.6784801804150498
512 0.6784801804150498
513 0.6784801804150498
514 0.6784801804150498
515 0.6784801804150498
516 0.6784801804150498
517 0.6784801804150498
518 0.6784801804150498
519 0.6784801804150498
520 0.6784801804150498
521 0.6784801804150498
522 0.6784801804150498
523 0.6784801804150498
524 0.6784801804150498
525 0.6784801804150498
526 0.6784801804150498
527 0.6784801804150498
528 0.6784801804150498
529 0.6784801804150498
530 0.6784801804150498
531 0.6784801804150498
532 0.6784801804150498
533 0.6784801804150498
534 0.6784801804150498
535 0.6784801804150498
536 0.6784801804150498
537 0.6784801804150498
538 0.6784801804150498
539 0.6784801804150498
540 0.6784801804150498
541 0.6784801804150498
542 0.6784801804150498
543 0.6784801804150498
544 0.6784801804150498
545 0.6784801804150498
546 0.6784801804150498
547 0.6784801804150498
548 0.6784801804150498
549 0.6784801804150498
550 0.6784801804150498
551 0.6784801804150498
552 0.6784801804150498
553 0.6784801804150498
554 0.6784801804150498
555 0.6784801804150498
556 0.6784801804150498
557 0.6784801804150498
558 0.6784801804150498
559 0.6784801804150498
560 0.6784801804150498
561 0.6784801804150498
562 0.6784801804150498
563 0.6784801804150498
564 0.6784801804150498
565 0.6784801804150498
566 0.6784801804150498
567 0.6784801804150498
568 0.6784801804150498
569 0.6784801804150498
570 0.6784801804150498
571 0.6784801804150498
572 0.6784801804150498
573 0.6784801804150498
574 0.6784801804150498
575 0.6784801804150498
576 0.6784801804150498
577 0.6784801804150498
578 0.6784801804150498
579 0.6784801804150498
580 0.6784801804150498
581 0.6784801804150498
582 0.6784801804150498
583 0.6784801804150498
584 0.6784801804150498
585 0.6784801804150498
586 0.6784801804150498
587 0.6784801804150498
588 0.6784801804150498
589 0.6784801804150498
590 0.6784801804150498
591 0.6784801804150498
592 0.6784801804150498
593 0.6784801804150498
594 0.6784801804150498
595 0.6784801804150498
596 0.6784801804150498
597 0.6784801804150498
598 0.6784801804150498
599 0.6784801804150498
600 0.6784801804150498
601 0.6784801804150498
602 0.6784801804150498
603 0.6784801804150498
604 0.6784801804150498
605 0.6784801804150498
606 0.6784801804150498
607 0.6784801804150498
608 0.6784801804150498
609 0.6784801804150498
610 0.6784801804150498
611 0.6784801804150498
612 0.6784801804150498
613 0.6784801804150498
614 0.6784801804150498
615 0.6784801804150498
616 0.6784801804150498
617 0.6784801804150498
618 0.6784801804150498
619 0.6784801804150498
620 0.6784801804150498
621 0.6784801804150498
622 0.6784801804150498
623 0.6784801804150498
624 0.6784801804150498
625 0.6784801804150498
626 0.6784801804150498
627 0.6784801804150498
628 0.6784801804150498
629 0.6784801804150498
630 0.6784801804150498
631 0.6784801804150498
632 0.6784801804150498
633 0.6784801804150498
634 0.6784801804150498
635 0.6784801804150498
636 0.6784801804150498
637 0.6784801804150498
638 0.6784801804150498
639 0.6784801804150498
640 0.6784801804150498
641 0.6784801804150498
642 0.6784801804150498
643 0.6784801804150498
644 0.6784801804150498
645 0.6784801804150498
646 0.6784801804150498
647 0.6784801804150498
648 0.6784801804150498
649 0.6784801804150498
650 0.6784801804150498
651 0.6784801804150498
652 0.6784801804150498
653 0.6784801804150498
654 0.6784801804150498
655 0.6784801804150498
656 0.6784801804150498
657 0.6784801804150498
658 0.6784801804150498
659 0.6784801804150498
660 0.6784801804150498
661 0.6784801804150498
662 0.6784801804150498
663 0.6784801804150498
664 0.6784801804150498
665 0.6784801804150498
666 0.6784801804150498
667 0.6784801804150498
668 0.6784801804150498
669 0.6784801804150498
670 0.6784801804150498
671 0.6784801804150498
672 0.6784801804150498
673 0.6784801804150498
674 0.6784801804150498
675 0.6784801804150498
676 0.6784801804150498
677 0.6784801804150498
678 0.6784801804150498
679 0.6784801804150498
680 0.6784801804150498
681 0.6784801804150498
682 0.6784801804150498
683 0.6784801804150498
684 0.6784801804150498
685 0.6784801804150498
686 0.6784801804150498
687 0.6784801804150498
688 0.6784801804150498
689 0.6784801804150498
690 0.6784801804150498
691 0.6784801804150498
692 0.6784801804150498
693 0.6784801804150498
694 0.6784801804150498
695 0.6784801804150498
696 0.6784801804150498
697 0.6784801804150498
698 0.6784801804150498
699 0.6784801804150498
700 0.6784801804150498
701 0.6784801804150498
702 0.6784801804150498
703 0.6784801804150498
704 0.6784801804150498
705 0.6784801804150498
706 0.6784801804150498
707 0.6784801804150498
708 0.6784801804150498
709 0.6784801804150498
710 0.6784801804150498
711 0.6784801804150498
712 0.6784801804150498
713 0.6784801804150498
714 0.6784801804150498
715 0.6784801804150498
716 0.6784801804150498
717 0.6784801804150498
718 0.6784801804150498
719 0.6784801804150498
720 0.6784801804150498
721 0.6784801804150498
722 0.6784801804150498
723 0.6784801804150498
724 0.6784801804150498
725 0.6784801804150498
726 0.6784801804150498
727 0.6784801804150498
728 0.6784801804150498
729 0.6784801804150498
730 0.6784801804150498
731 0.6784801804150498
732 0.6784801804150498
733 0.6784801804150498
734 0.6784801804150498
735 0.6784801804150498
736 0.6784801804150498
737 0.6784801804150498
738 0.6784801804150498
739 0.6784801804150498
740 0.6784801804150498
741 0.6784801804150498
742 0.6784801804150498
743 0.6784801804150498
744 0.6784801804150498
745 0.6784801804150498
746 0.6784801804150498
747 0.6784801804150498
748 0.6784801804150498
749 0.6784801804150498
750 0.6784801804150498
751 0.6784801804150498
752 0.6784801804150498
753 0.6784801804150498
754 0.6784801804150498
755 0.6784801804150498
756 0.6784801804150498
757 0.6784801804150498
758 0.6784801804150498
759 0.6784801804150498
760 0.6784801804150498
761 0.6784801804150498
762 0.6784801804150498
763 0.6784801804150498
764 0.6784801804150498
765 0.6784801804150498
766 0.6784801804150498
767 0.6784801804150498
768 0.6784801804150498
769 0.6784801804150498
770 0.6784801804150498
771 0.6784801804150498
772 0.6784801804150498
773 0.6784801804150498
774 0.6784801804150498
775 0.6784801804150498
776 0.6784801804150498
777 0.6784801804150498
778 0.6784801804150498
779 0.6784801804150498
780 0.6784801804150498
781 0.6784801804150498
782 0.6784801804150498
783 0.6784801804150498
784 0.6784801804150498
785 0.6784801804150498
786 0.6784801804150498
787 0.6784801804150498
788 0.6784801804150498
789 0.6784801804150498
790 0.6784801804150498
791 0.6784801804150498
792 0.6784801804150498
793 0.6784801804150498
794 0.6784801804150498
795 0.6784801804150498
796 0.6784801804150498
797 0.6784801804150498
798 0.6784801804150498
799 0.6784801804150498
800 0.6784801804150498
801 0.6784801804150498
802 0.6784801804150498
803 0.6784801804150498
804 0.6784801804150498
805 0.6784801804150498
806 0.6784801804150498
807 0.6784801804150498
808 0.6784801804150498
809 0.6784801804150498
810 0.6784801804150498
811 0.6784801804150498
812 0.6784801804150498
813 0.6784801804150498
814 0.6784801804150498
815 0.6784801804150498
816 0.6784801804150498
817 0.6784801804150498
818 0.6784801804150498
819 0.6784801804150498
820 0.6784801804150498
821 0.6784801804150498
822 0.6784801804150498
823 0.6784801804150498
824 0.6784801804150498
825 0.6784801804150498
826 0.6784801804150498
827 0.6784801804150498
828 0.6784801804150498
829 0.6784801804150498
830 0.6784801804150498
831 0.6784801804150498
832 0.6784801804150498
833 0.6784801804150498
834 0.6784801804150498
835 0.6784801804150498
836 0.6784801804150498
837 0.6784801804150498
838 0.6784801804150498
839 0.6784801804150498
840 0.6784801804150498
841 0.6784801804150498
842 0.6784801804150498
843 0.6784801804150498
844 0.6784801804150498
845 0.6784801804150498
846 0.6784801804150498
847 0.6784801804150498
848 0.6784801804150498
849 0.6784801804150498
850 0.6784801804150498
851 0.6784801804150498
852 0.6784801804150498
853 0.6784801804150498
854 0.6784801804150498
855 0.6784801804150498
856 0.6784801804150498
857 0.6784801804150498
858 0.6784801804150498
859 0.6784801804150498
860 0.6784801804150498
861 0.6784801804150498
862 0.6784801804150498
863 0.6784801804150498
864 0.6784801804150498
865 0.6784801804150498
866 0.6784801804150498
867 0.6784801804150498
868 0.6784801804150498
869 0.6784801804150498
870 0.6784801804150498
871 0.6784801804150498
872 0.6784801804150498
873 0.6784801804150498
874 0.6784801804150498
875 0.6784801804150498
876 0.6784801804150498
877 0.6784801804150498
878 0.6784801804150498
879 0.6784801804150498
880 0.6784801804150498
881 0.6784801804150498
882 0.6784801804150498
883 0.6784801804150498
884 0.6784801804150498
885 0.6784801804150498
886 0.6784801804150498
887 0.6784801804150498
888 0.6784801804150498
889 0.6784801804150498
890 0.6784801804150498
891 0.6784801804150498
892 0.6784801804150498
893 0.6784801804150498
894 0.6784801804150498
895 0.6784801804150498
896 0.6784801804150498
897 0.6784801804150498
898 0.6784801804150498
899 0.6784801804150498
900 0.6784801804150498
901 0.6784801804150498
902 0.6784801804150498
903 0.6784801804150498
904 0.6784801804150498
905 0.6784801804150498
906 0.6784801804150498
907 0.6784801804150498
908 0.6784801804150498
909 0.6784801804150498
910 0.6784801804150498
911 0.6784801804150498
912 0.6784801804150498
913 0.6784801804150498
914 0.6784801804150498
915 0.6784801804150498
916 0.6784801804150498
917 0.6784801804150498
918 0.6784801804150498
919 0.6784801804150498
920 0.6784801804150498
921 0.6784801804150498
922 0.6784801804150498
923 0.6784801804150498
924 0.6784801804150498
925 0.6784801804150498
926 0.6784801804150498
927 0.6784801804150498
928 0.6784801804150498
929 0.6784801804150498
930 0.6784801804150498
931 0.6784801804150498
932 0.6784801804150498
933 0.6784801804150498
934 0.6784801804150498
935 0.6784801804150498
936 0.6784801804150498
937 0.6784801804150498
938 0.6784801804150498
939 0.6784801804150498
940 0.6784801804150498
941 0.6784801804150498
942 0.6784801804150498
943 0.6784801804150498
944 0.6784801804150498
945 0.6784801804150498
946 0.6784801804150498
947 0.6784801804150498
948 0.6784801804150498
949 0.6784801804150498
950 0.6784801804150498
951 0.6784801804150498
952 0.6784801804150498
953 0.6784801804150498
954 0.6784801804150498
955 0.6784801804150498
956 0.6784801804150498
957 0.6784801804150498
958 0.6784801804150498
959 0.6784801804150498
960 0.6784801804150498
961 0.6784801804150498
962 0.6784801804150498
963 0.6784801804150498
964 0.6784801804150498
965 0.6784801804150498
966 0.6784801804150498
967 0.6784801804150498
968 0.6784801804150498
969 0.6784801804150498
970 0.6784801804150498
971 0.6784801804150498
972 0.6784801804150498
973 0.6784801804150498
974 0.6784801804150498
975 0.6784801804150498
976 0.6784801804150498
977 0.6784801804150498
978 0.6784801804150498
979 0.6784801804150498
980 0.6784801804150498
981 0.6784801804150498
982 0.6784801804150498
983 0.6784801804150498
984 0.6784801804150498
985 0.6784801804150498
986 0.6784801804150498
987 0.6784801804150498
988 0.6784801804150498
989 0.6784801804150498
990 0.6784801804150498
991 0.6784801804150498
992 0.6784801804150498
993 0.6784801804150498
994 0.6784801804150498
995 0.6784801804150498
996 0.6784801804150498
997 0.6784801804150498
998 0.6784801804150498
999 0.6784801804150498
