0 0.13051957745167364
1 0.13692675084002295
2 0.14758358459957793
3 0.15900138048595586
4 0.16320956295534061
5 0.16514776017602315
6 0.1717088495144009
7 0.18761651259839882
8 0.19190086032150186
9 0.20389717447556957
10 0.20858181025870806
11 0.21916906734936747
12 0.22553420915596065
13 0.2270196432944261
14 0.23289512742055662
15 0.2380307387208789
16 0.24190612932821207
17 0.24466949758387543
18 0.24614443687670515
19 0.24760897164459805
20 0.24950658987252858
21 0.24921138862807504
22 0.251029344912171
23 0.2558029168225892
24 0.2624730128068227
25 0.2659493397581196
26 0.269141793693178
27 0.2711358098156967
28 0.27367307006266156
29 0.27367307006266156
30 0.27845038633284136
31 0.2788357000889505
32 0.28047450372342764
33 0.2802786309785946
34 0.28132056466746874
35 0.28141509450747404
36 0.2820459803477588
37 0.2827463466374889
38 0.2832437902998431
39 0.2841171635792783
40 0.2841171635792783
41 0.2858436068186515
42 0.2854009422549683
43 0.2854009422549683
44 0.28550464187138314
45 0.2862961482567282
46 0.2862961482567282
47 0.28720467335248073
48 0.28720467335248073
49 0.28720467335248073
50 0.2872891558929369
51 0.28818060613704116
52 0.28818060613704116
53 0.28870372053191135
54 0.28855559262700875
55 0.28855559262700875
56 0.28987505394163104
57 0.28987505394163104
58 0.28987505394163104
59 0.29178748723503717
60 0.29279678023923983
61 0.29279678023923983
62 0.29279678023923983
63 0.2928406071158828
64 0.29330141377358665
65 0.29363073006651585
66 0.29428739316487357
67 0.29428739316487357
68 0.29428739316487357
69 0.29428739316487357
70 0.29428739316487357
71 0.29428739316487357
72 0.29428739316487357
73 0.29428739316487357
74 0.29428739316487357
75 0.29597272185913764
76 0.2957502895562604
77 0.29661458670462104
78 0.29703392719320804
79 0.29703392719320804
80 0.29703392719320804
81 0.29703392719320804
82 0.29703392719320804
83 0.2980708232963705
84 0.2980708232963705
85 0.2980708232963705
86 0.2980708232963705
87 0.29708927359486714
88 0.29708927359486714
89 0.29723370459295717
90 0.29723370459295717
91 0.2979392898181193
92 0.2981231752624364
93 0.2985230011676592
94 0.2988187255522257
95 0.2988187255522257
96 0.29904234857894574
97 0.29904234857894574
98 0.29904234857894574
99 0.29904234857894574
100 0.29904234857894574
101 0.29904234857894574
102 0.29904234857894574
103 0.29904234857894574
104 0.29904234857894574
105 0.29904234857894574
106 0.29904234857894574
107 0.29904234857894574
108 0.29904234857894574
109 0.29904234857894574
110 0.29937840055396153
111 0.3010642221633613
112 0.3010642221633613
113 0.3010642221633613
114 0.30402146729249246
115 0.30402146729249246
116 0.30402146729249246
117 0.30402146729249246
118 0.30403853248732504
119 0.30546008532884866
120 0.30708420670044817
121 0.3071382843467348
122 0.3071382843467348
123 0.30858843877912295
124 0.30858843877912295
125 0.30882557108426917
126 0.30882557108426917
127 0.30914033890950154
128 0.30914033890950154
129 0.3091819691849384
130 0.3091819691849384
131 0.3091819691849384
132 0.3091819691849384
133 0.3091819691849384
134 0.3091819691849384
135 0.3091819691849384
136 0.3091819691849384
137 0.3091819691849384
138 0.3101362521080694
139 0.31187290880629154
140 0.3112335732296249
141 0.31134788259223417
142 0.31134788259223417
143 0.31134788259223417
144 0.31134788259223417
145 0.31134788259223417
146 0.31134788259223417
147 0.31134788259223417
148 0.31134788259223417
149 0.31269247961518293
150 0.31271680218837294
151 0.3135253513307242
152 0.3135253513307242
153 0.3135253513307242
154 0.3135253513307242
155 0.3135253513307242
156 0.3145521806485934
157 0.3146051514298656
158 0.3146051514298656
159 0.31464668294434334
160 0.31464668294434334
161 0.31464668294434334
162 0.31464668294434334
163 0.31464668294434334
164 0.31484851341683245
165 0.31484851341683245
166 0.31484851341683245
167 0.31524134315858515
168 0.31545590101803234
169 0.31545590101803234
170 0.31574328011608904
171 0.31574328011608904
172 0.31574328011608904
173 0.31574328011608904
174 0.31574328011608904
175 0.31508450511456254
176 0.31539352630751843
177 0.31539352630751843
178 0.31539352630751843
179 0.3173043119037887
180 0.3171433391812346
181 0.31737357056014925
182 0.31737357056014925
183 0.31737357056014925
184 0.31780033805564906
185 0.31796394025128405
186 0.31796394025128405
187 0.31803598568058894
188 0.31827984095421696
189 0.31827984095421696
190 0.317804610803382
191 0.317804610803382
192 0.3171486991414694
193 0.31754006323821277
194 0.31754006323821277
195 0.31754006323821277
196 0.3181488925673139
197 0.3181488925673139
198 0.3181488925673139
199 0.3181488925673139
200 0.3181488925673139
201 0.3181488925673139
202 0.31891398449594976
203 0.31912965720709763
204 0.31912965720709763
205 0.31912965720709763
206 0.31912965720709763
207 0.31912965720709763
208 0.31931321011676317
209 0.31870517336785337
210 0.31870517336785337
211 0.3185150412893757
212 0.3185150412893757
213 0.3185150412893757
214 0.3185150412893757
215 0.31794032760717034
216 0.31794032760717034
217 0.31794032760717034
218 0.3179448460778498
219 0.31818174663016313
220 0.31818174663016313
221 0.31818174663016313
222 0.31818174663016313
223 0.31818174663016313
224 0.3183165784213385
225 0.3191756882886667
226 0.3191756882886667
227 0.3191756882886667
228 0.3191756882886667
229 0.3191756882886667
230 0.3202470281314659
231 0.32066254395395755
232 0.32066254395395755
233 0.32066254395395755
234 0.32066254395395755
235 0.32066254395395755
236 0.32066254395395755
237 0.32066254395395755
238 0.32066254395395755
239 0.32066254395395755
240 0.32066254395395755
241 0.32116914080718156
242 0.32116914080718156
243 0.32116914080718156
244 0.32116914080718156
245 0.32116914080718156
246 0.32116914080718156
247 0.32116914080718156
248 0.32116914080718156
249 0.32116914080718156
250 0.32140195853044573
251 0.32169620504734164
252 0.32242493797467464
253 0.32242493797467464
254 0.32242493797467464
255 0.32242493797467464
256 0.32242807212677155
257 0.32242807212677155
258 0.32242807212677155
259 0.32242807212677155
260 0.3232064463079619
261 0.3232064463079619
262 0.3232064463079619
263 0.3232064463079619
264 0.3232064463079619
265 0.3232064463079619
266 0.3232064463079619
267 0.3227200837701145
268 0.3222831757577759
269 0.3245603009873165
270 0.3245603009873165
271 0.3245603009873165
272 0.3245603009873165
273 0.3245603009873165
274 0.32484647151240215
275 0.32484647151240215
276 0.32484647151240215
277 0.32484647151240215
278 0.32484647151240215
279 0.32484647151240215
280 0.32484647151240215
281 0.32484647151240215
282 0.32484647151240215
283 0.32484647151240215
284 0.3253251399200892
285 0.3253251399200892
286 0.3253251399200892
287 0.3253251399200892
288 0.3253251399200892
289 0.3253251399200892
290 0.3253251399200892
291 0.3253251399200892
292 0.3253251399200892
293 0.3253251399200892
294 0.32541409966651264
295 0.32541409966651264
296 0.32541409966651264
297 0.32541409966651264
298 0.32541409966651264
299 0.32541409966651264
300 0.32541409966651264
301 0.32541409966651264
302 0.32541409966651264
303 0.32541409966651264
304 0.32541409966651264
305 0.32541409966651264
306 0.32541409966651264
307 0.32541409966651264
308 0.32541409966651264
309 0.32541409966651264
310 0.32541409966651264
311 0.32541409966651264
312 0.32541409966651264
313 0.32541409966651264
314 0.32541409966651264
315 0.32576095287980894
316 0.32576095287980894
317 0.32576095287980894
318 0.32576095287980894
319 0.32576095287980894
320 0.32576095287980894
321 0.32576095287980894
322 0.32576095287980894
323 0.32576095287980894
324 0.32576095287980894
325 0.32576095287980894
326 0.32576095287980894
327 0.32576095287980894
328 0.32576095287980894
329 0.32576095287980894
330 0.32730801836455375
331 0.32730801836455375
332 0.32730801836455375
333 0.32730801836455375
334 0.32734290943920263
335 0.32734290943920263
336 0.32734290943920263
337 0.32734290943920263
338 0.32734290943920263
339 0.32734290943920263
340 0.32734290943920263
341 0.32734290943920263
342 0.32734290943920263
343 0.32734290943920263
344 0.32734290943920263
345 0.32734290943920263
346 0.32734290943920263
347 0.32734290943920263
348 0.32734290943920263
349 0.32734290943920263
350 0.32734290943920263
351 0.32734290943920263
352 0.32734290943920263
353 0.32734290943920263
354 0.32734290943920263
355 0.32734290943920263
356 0.32734290943920263
357 0.32734290943920263
358 0.32734290943920263
359 0.32734290943920263
360 0.32734290943920263
361 0.32734290943920263
362 0.32734290943920263
363 0.32734290943920263
364 0.32734290943920263
365 0.32734290943920263
366 0.32734290943920263
367 0.32734290943920263
368 0.32734290943920263
369 0.32734290943920263
370 0.32734290943920263
371 0.32741243832399475
372 0.32741243832399475
373 0.32741243832399475
374 0.32741243832399475
375 0.32741243832399475
376 0.32741243832399475
377 0.32741243832399475
378 0.32741243832399475
379 0.32741243832399475
380 0.32741243832399475
381 0.32741243832399475
382 0.32741243832399475
383 0.32741243832399475
384 0.32741243832399475
385 0.3287497761567781
386 0.3287497761567781
387 0.3287497761567781
388 0.3287497761567781
389 0.3287497761567781
390 0.3287497761567781
391 0.3287497761567781
392 0.3287497761567781
393 0.3287497761567781
394 0.3287497761567781
395 0.3287497761567781
396 0.3287497761567781
397 0.3287497761567781
398 0.3287497761567781
399 0.3287497761567781
400 0.3287497761567781
401 0.3287497761567781
402 0.3287497761567781
403 0.3287497761567781
404 0.3287497761567781
405 0.3287497761567781
406 0.3287497761567781
407 0.3287497761567781
408 0.3287497761567781
409 0.3287497761567781
410 0.3287497761567781
411 0.3287497761567781
412 0.3287497761567781
413 0.3287497761567781
414 0.3287497761567781
415 0.3287497761567781
416 0.3287497761567781
417 0.3287497761567781
418 0.3287497761567781
419 0.3287497761567781
420 0.3287497761567781
421 0.3287497761567781
422 0.3287497761567781
423 0.3287497761567781
424 0.3287497761567781
425 0.3287497761567781
426 0.3287497761567781
427 0.3287497761567781
428 0.3287497761567781
429 0.3287497761567781
430 0.3287497761567781
431 0.32846975692091923
432 0.32846975692091923
433 0.32807090995085325
434 0.32807090995085325
435 0.32807090995085325
436 0.32807090995085325
437 0.32807090995085325
438 0.32807090995085325
439 0.32807090995085325
440 0.32807090995085325
441 0.32807090995085325
442 0.32807090995085325
443 0.32807090995085325
444 0.32807090995085325
445 0.32807090995085325
446 0.32807090995085325
447 0.32807090995085325
448 0.32807090995085325
449 0.32807090995085325
450 0.32807090995085325
451 0.32807090995085325
452 0.32807090995085325
453 0.32807090995085325
454 0.32807090995085325
455 0.32807090995085325
456 0.32807090995085325
457 0.32807090995085325
458 0.32807090995085325
459 0.32807090995085325
460 0.32807090995085325
461 0.32807090995085325
462 0.32807090995085325
463 0.32807090995085325
464 0.32807090995085325
465 0.32807090995085325
466 0.32807090995085325
467 0.32807090995085325
468 0.32807090995085325
469 0.32807090995085325
470 0.32823452750673393
471 0.32823452750673393
472 0.32823452750673393
473 0.32823452750673393
474 0.32823452750673393
475 0.32823452750673393
476 0.32823452750673393
477 0.32823452750673393
478 0.32823452750673393
479 0.3284669622456259
480 0.3284669622456259
481 0.32870430591968053
482 0.32870430591968053
483 0.32870430591968053
484 0.32870430591968053
485 0.32870430591968053
486 0.32870430591968053
487 0.32870430591968053
488 0.32870430591968053
489 0.32870430591968053
490 0.32870430591968053
491 0.32870430591968053
492 0.32870430591968053
493 0.32964172005920966
494 0.32964172005920966
495 0.32964172005920966
496 0.32964172005920966
497 0.32964172005920966
498 0.32964172005920966
499 0.32964172005920966
500 0.32964172005920966
501 0.3296920583709192
502 0.3296920583709192
503 0.3296920583709192
504 0.3296920583709192
505 0.32971042400859357
506 0.32971042400859357
507 0.32971042400859357
508 0.32971042400859357
509 0.32971042400859357
510 0.32971042400859357
511 0.32971042400859357
512 0.32971042400859357
513 0.32971042400859357
514 0.32971042400859357
515 0.32971042400859357
516 0.32971042400859357
517 0.32971042400859357
518 0.32971042400859357
519 0.32971042400859357
520 0.32971042400859357
521 0.32971042400859357
522 0.32971042400859357
523 0.32971042400859357
524 0.32971042400859357
525 0.32971042400859357
526 0.3307734864671341
527 0.3307734864671341
528 0.3307734864671341
529 0.3307734864671341
530 0.3307734864671341
531 0.3307734864671341
532 0.3307734864671341
533 0.3307734864671341
534 0.3307734864671341
535 0.3307734864671341
536 0.3307734864671341
537 0.3307734864671341
538 0.3307734864671341
539 0.3307734864671341
540 0.3307734864671341
541 0.3307734864671341
542 0.3307734864671341
543 0.3307734864671341
544 0.3307734864671341
545 0.3307734864671341
546 0.3307734864671341
547 0.3307734864671341
548 0.3307734864671341
549 0.3307734864671341
550 0.3307734864671341
551 0.3307734864671341
552 0.3307734864671341
553 0.3307734864671341
554 0.3307734864671341
555 0.3307734864671341
556 0.3307734864671341
557 0.3307734864671341
558 0.3307734864671341
559 0.3307734864671341
560 0.3307734864671341
561 0.3307734864671341
562 0.3307734864671341
563 0.3307734864671341
564 0.3307734864671341
565 0.3307734864671341
566 0.3307734864671341
567 0.3307734864671341
568 0.3307734864671341
569 0.3307734864671341
570 0.3307734864671341
571 0.3307734864671341
572 0.3307734864671341
573 0.3307734864671341
574 0.3307734864671341
575 0.3307734864671341
576 0.3307734864671341
577 0.3307734864671341
578 0.3308568318898335
579 0.3308568318898335
580 0.3308568318898335
581 0.3308568318898335
582 0.3308568318898335
583 0.3308568318898335
584 0.3308568318898335
585 0.3308568318898335
586 0.3308568318898335
587 0.3308568318898335
588 0.3308568318898335
589 0.3308568318898335
590 0.3308568318898335
591 0.3308568318898335
592 0.3308568318898335
593 0.3308568318898335
594 0.3308568318898335
595 0.3308568318898335
596 0.3308568318898335
597 0.3308568318898335
598 0.3308568318898335
599 0.3308568318898335
600 0.3308568318898335
601 0.3308568318898335
602 0.3308568318898335
603 0.3308568318898335
604 0.3308568318898335
605 0.3308568318898335
606 0.3308568318898335
607 0.3308568318898335
608 0.3308568318898335
609 0.3308568318898335
610 0.32999481621930243
611 0.32999481621930243
612 0.32999481621930243
613 0.32999481621930243
614 0.3309962153263132
615 0.3309962153263132
616 0.3309962153263132
617 0.3309962153263132
618 0.3309962153263132
619 0.3309962153263132
620 0.3309962153263132
621 0.3309962153263132
622 0.3309962153263132
623 0.3309962153263132
624 0.3309962153263132
625 0.3309962153263132
626 0.3309962153263132
627 0.3309962153263132
628 0.3309962153263132
629 0.3309962153263132
630 0.3309962153263132
631 0.3309962153263132
632 0.3309962153263132
633 0.3309962153263132
634 0.3309962153263132
635 0.3309962153263132
636 0.3309962153263132
637 0.3309962153263132
638 0.3309962153263132
639 0.3309962153263132
640 0.3309962153263132
641 0.3309962153263132
642 0.3309962153263132
643 0.3309962153263132
644 0.3309962153263132
645 0.3309962153263132
646 0.3309962153263132
647 0.3309962153263132
648 0.3309962153263132
649 0.3309962153263132
650 0.3309962153263132
651 0.3309962153263132
652 0.3309962153263132
653 0.3309962153263132
654 0.3309962153263132
655 0.33138029818965503
656 0.33317782545843216
657 0.33317782545843216
658 0.33317782545843216
659 0.33317782545843216
660 0.33317782545843216
661 0.33317782545843216
662 0.33317782545843216
663 0.33317782545843216
664 0.33317782545843216
665 0.33317782545843216
666 0.33317782545843216
667 0.33317782545843216
668 0.3335994171951101
669 0.3335994171951101
670 0.3335994171951101
671 0.3335994171951101
672 0.33362617573209763
673 0.33362617573209763
674 0.33362617573209763
675 0.33362617573209763
676 0.33362617573209763
677 0.33362617573209763
678 0.33362617573209763
679 0.33362617573209763
680 0.33362617573209763
681 0.33362617573209763
682 0.33362617573209763
683 0.33362617573209763
684 0.33362617573209763
685 0.33362617573209763
686 0.33362617573209763
687 0.33370539522154996
688 0.33370539522154996
689 0.33370539522154996
690 0.3338486193576194
691 0.3338486193576194
692 0.3338486193576194
693 0.33295440898301093
694 0.33295440898301093
695 0.33559660551457904
696 0.33559660551457904
697 0.33559660551457904
698 0.33559660551457904
699 0.3356696482651324
700 0.3356696482651324
701 0.3356696482651324
702 0.3356696482651324
703 0.3356696482651324
704 0.3356696482651324
705 0.3356696482651324
706 0.3356696482651324
707 0.3356696482651324
708 0.3356696482651324
709 0.3356696482651324
710 0.3356696482651324
711 0.3356696482651324
712 0.3356696482651324
713 0.3356696482651324
714 0.3356696482651324
715 0.3356696482651324
716 0.3356696482651324
717 0.33629919634638145
718 0.33629919634638145
719 0.33629919634638145
720 0.33629919634638145
721 0.33629919634638145
722 0.33629919634638145
723 0.33629919634638145
724 0.33629919634638145
725 0.33629919634638145
726 0.33629919634638145
727 0.33629919634638145
728 0.33629919634638145
729 0.33629919634638145
730 0.33629919634638145
731 0.33629919634638145
732 0.33629919634638145
733 0.33629919634638145
734 0.33634735822492373
735 0.33634735822492373
736 0.33634735822492373
737 0.33634735822492373
738 0.33634735822492373
739 0.33634735822492373
740 0.33638800144208625
741 0.33638800144208625
742 0.33638800144208625
743 0.33638800144208625
744 0.33638800144208625
745 0.33638800144208625
746 0.33638800144208625
747 0.33638800144208625
748 0.33638800144208625
749 0.33638800144208625
750 0.33638800144208625
751 0.33638800144208625
752 0.33638800144208625
753 0.33638800144208625
754 0.33638800144208625
755 0.33638800144208625
756 0.33638800144208625
757 0.33638800144208625
758 0.33638800144208625
759 0.33638800144208625
760 0.33679404229086407
761 0.33679404229086407
762 0.33679404229086407
763 0.33679404229086407
764 0.33679404229086407
765 0.33679404229086407
766 0.33679404229086407
767 0.33679404229086407
768 0.33679404229086407
769 0.33679404229086407
770 0.33679404229086407
771 0.33679404229086407
772 0.33679404229086407
773 0.33679404229086407
774 0.33679404229086407
775 0.33679404229086407
776 0.33679404229086407
777 0.33679404229086407
778 0.33679404229086407
779 0.33679404229086407
780 0.33679404229086407
781 0.33679404229086407
782 0.33679404229086407
783 0.33679404229086407
784 0.33679404229086407
785 0.33679404229086407
786 0.33679404229086407
787 0.33679404229086407
788 0.33679404229086407
789 0.33679404229086407
790 0.33679404229086407
791 0.33679404229086407
792 0.33679404229086407
793 0.33679404229086407
794 0.33679404229086407
795 0.33679404229086407
796 0.33679404229086407
797 0.33679404229086407
798 0.33679404229086407
799 0.33679404229086407
800 0.33679404229086407
801 0.33679404229086407
802 0.33679404229086407
803 0.33679404229086407
804 0.33679404229086407
805 0.33679404229086407
806 0.33679404229086407
807 0.33679404229086407
808 0.33679404229086407
809 0.33679404229086407
810 0.33679404229086407
811 0.33679404229086407
812 0.33679404229086407
813 0.33679404229086407
814 0.33679404229086407
815 0.33679404229086407
816 0.33679404229086407
817 0.33679404229086407
818 0.33679404229086407
819 0.33679404229086407
820 0.33679404229086407
821 0.33679404229086407
822 0.33679404229086407
823 0.33679404229086407
824 0.33679404229086407
825 0.33679404229086407
826 0.33766799401125164
827 0.33766799401125164
828 0.33766799401125164
829 0.33766799401125164
830 0.33766799401125164
831 0.33766799401125164
832 0.33766799401125164
833 0.33766799401125164
834 0.33766799401125164
835 0.33766799401125164
836 0.33766799401125164
837 0.33766799401125164
838 0.3395083434094366
839 0.3395083434094366
840 0.3395083434094366
841 0.3395083434094366
842 0.3395083434094366
843 0.3395083434094366
844 0.3395083434094366
845 0.3395083434094366
846 0.3395083434094366
847 0.3395083434094366
848 0.3395083434094366
849 0.3395083434094366
850 0.3395083434094366
851 0.3395083434094366
852 0.3395083434094366
853 0.3409836050148508
854 0.3409836050148508
855 0.3409836050148508
856 0.3409836050148508
857 0.3409836050148508
858 0.3409836050148508
859 0.3409836050148508
860 0.3409836050148508
861 0.3409836050148508
862 0.3409836050148508
863 0.3409836050148508
864 0.3409836050148508
865 0.3409836050148508
866 0.3409836050148508
867 0.3409836050148508
868 0.3409836050148508
869 0.3409836050148508
870 0.3409836050148508
871 0.3409836050148508
872 0.3409836050148508
873 0.3409836050148508
874 0.3409836050148508
875 0.3409836050148508
876 0.3409836050148508
877 0.3409836050148508
878 0.3409836050148508
879 0.3409836050148508
880 0.3409836050148508
881 0.3409836050148508
882 0.3409836050148508
883 0.3409836050148508
884 0.3409836050148508
885 0.3409836050148508
886 0.3409836050148508
887 0.3409836050148508
888 0.3409836050148508
889 0.3409836050148508
890 0.3409836050148508
891 0.3417158011495283
892 0.3417158011495283
893 0.3417158011495283
894 0.3417158011495283
895 0.3417158011495283
896 0.3417158011495283
897 0.3417158011495283
898 0.3417158011495283
899 0.3417158011495283
900 0.3417158011495283
901 0.3417158011495283
902 0.3417158011495283
903 0.3417158011495283
904 0.3417158011495283
905 0.3417158011495283
906 0.3417158011495283
907 0.3417158011495283
908 0.3417158011495283
909 0.3417158011495283
910 0.3417158011495283
911 0.3417158011495283
912 0.3417158011495283
913 0.3417158011495283
914 0.3417158011495283
915 0.3417158011495283
916 0.3417158011495283
917 0.3417158011495283
918 0.3417158011495283
919 0.3417158011495283
920 0.3417158011495283
921 0.3417158011495283
922 0.3417158011495283
923 0.3417158011495283
924 0.3417158011495283
925 0.3417158011495283
926 0.3417158011495283
927 0.3417158011495283
928 0.3417158011495283
929 0.3417158011495283
930 0.3417158011495283
931 0.3417158011495283
932 0.3417158011495283
933 0.3417158011495283
934 0.3417158011495283
935 0.3417158011495283
936 0.3417158011495283
937 0.3417158011495283
938 0.3417158011495283
939 0.3417158011495283
940 0.3417158011495283
941 0.3417158011495283
942 0.3417158011495283
943 0.3417158011495283
944 0.3417158011495283
945 0.3417158011495283
946 0.3417158011495283
947 0.3417158011495283
948 0.3417158011495283
949 0.3417158011495283
950 0.3417158011495283
951 0.3417158011495283
952 0.3417158011495283
953 0.3417158011495283
954 0.3417158011495283
955 0.3417158011495283
956 0.3417158011495283
957 0.3417158011495283
958 0.3417158011495283
959 0.3417158011495283
960 0.3417158011495283
961 0.3417158011495283
962 0.3417158011495283
963 0.3417158011495283
964 0.3417158011495283
965 0.3417158011495283
966 0.3417158011495283
967 0.3417158011495283
968 0.3417158011495283
969 0.3417158011495283
970 0.3417158011495283
971 0.3417158011495283
972 0.34039273879717474
973 0.34039273879717474
974 0.34039273879717474
975 0.34039273879717474
976 0.34039273879717474
977 0.34039273879717474
978 0.34039273879717474
979 0.34039273879717474
980 0.34039273879717474
981 0.34039273879717474
982 0.34039273879717474
983 0.34039273879717474
984 0.34039273879717474
985 0.34039273879717474
986 0.34039273879717474
987 0.34039273879717474
988 0.34039273879717474
989 0.34039273879717474
990 0.34039273879717474
991 0.34039273879717474
992 0.34039273879717474
993 0.34039273879717474
994 0.34039273879717474
995 0.34039273879717474
996 0.34039273879717474
997 0.34039273879717474
998 0.34039273879717474
999 0.34039273879717474
