0 0.13018812450208886
1 0.11830327258114123
2 0.11784405350385192
3 0.12993499284132096
4 0.11283357777261435
5 0.07779283473137709
6 0.08509561044085957
7 0.09233170473567638
8 0.09878942746276105
9 0.10461183905410684
10 0.11023112077668137
11 0.1135364600399286
12 0.12193300966257499
13 0.12944372216913325
14 0.13413095630018038
15 0.1387653412862041
16 0.13803407033427453
17 0.13790549650918124
18 0.13837855192855175
19 0.14528103980939158
20 0.15173894665942328
21 0.15854937370131744
22 0.16095518977699053
23 0.16006873672800062
24 0.16295240400555047
25 0.16817121717424516
26 0.16752689497735784
27 0.16674566886320796
28 0.16545830479712015
29 0.16797207761118213
30 0.16731630767783665
31 0.16205586998638175
32 0.16276087096251338
33 0.16295792404397913
34 0.1564550228508297
35 0.15578507002603476
36 0.15806707190831673
37 0.1625703995101515
38 0.16344369691908547
39 0.15807428769227266
40 0.16094149627103357
41 0.16027264644339775
42 0.1598401418709534
43 0.16106872984231527
44 0.16148611506833122
45 0.16032793991580163
46 0.16129343930781329
47 0.16243980694091192
48 0.1641807651265707
49 0.1641807651265707
50 0.16577466747611264
51 0.16440397562953774
52 0.1648378634646438
53 0.16492046982143413
54 0.16593875276533965
55 0.16555850035043881
56 0.16771769261987846
57 0.1674317959706952
58 0.16760576654459017
59 0.1671806723172441
60 0.16650839799121792
61 0.16713202819133982
62 0.16582986141622208
63 0.16574664787219495
64 0.16863171460894555
65 0.1706471667077274
66 0.17112625116420216
67 0.16881922403316144
68 0.1698239973370036
69 0.1712611917825255
70 0.1712611917825255
71 0.1709654462356806
72 0.1709654462356806
73 0.17136975213907948
74 0.17150372472175107
75 0.17204946082324754
76 0.1717787866132221
77 0.17160145183840647
78 0.171260321159052
79 0.17155283094959292
80 0.1714538243535016
81 0.17167453823646248
82 0.17101964200613273
83 0.1709534579810282
84 0.1709534579810282
85 0.1709534579810282
86 0.17070596015610998
87 0.1720205863896536
88 0.1717980106724194
89 0.17106330538894332
90 0.17117770835046484
91 0.17117770835046484
92 0.17135771469021993
93 0.17130292755680476
94 0.1732732140865994
95 0.17327061145443926
96 0.17429792356122728
97 0.17429792356122728
98 0.17429792356122728
99 0.17461859313023917
100 0.1765860397461372
101 0.1765860397461372
102 0.177450051706341
103 0.17741438222722197
104 0.1772188840912184
105 0.18264969146182514
106 0.18264969146182514
107 0.18304121755360214
108 0.18244477937886408
109 0.18322850597421358
110 0.18395487709618444
111 0.18395487709618444
112 0.1849962913348636
113 0.1861672285972596
114 0.18122053572107216
115 0.18122053572107216
116 0.18320931918771388
117 0.1833112090315079
118 0.1830681564724729
119 0.18381193852617936
120 0.18381193852617936
121 0.18371197343891751
122 0.18371197343891751
123 0.18285167977159084
124 0.18285167977159084
125 0.18398269396437197
126 0.18398269396437197
127 0.1829623743161756
128 0.18291215075889536
129 0.1832168328465085
130 0.18353396211552658
131 0.18367282185896797
132 0.1826374880105235
133 0.1826374880105235
134 0.1826374880105235
135 0.1826374880105235
136 0.18231199827604957
137 0.1822529120711583
138 0.1822529120711583
139 0.18180013955775817
140 0.18180013955775817
141 0.18259398297777518
142 0.182194775188083
143 0.1821981508402438
144 0.1831358907010958
145 0.18207727290959805
146 0.18122972211032592
147 0.18126247147157773
148 0.18176244808552355
149 0.187870996965798
150 0.18305629266037285
151 0.18305629266037285
152 0.1844019642886563
153 0.1844019642886563
154 0.1842042602734491
155 0.1842042602734491
156 0.1842042602734491
157 0.18494831112115329
158 0.18503743731271527
159 0.1848174494749301
160 0.1848174494749301
161 0.1847300699523169
162 0.1849870398034922
163 0.18486120479811294
164 0.18486120479811294
165 0.18378673128179948
166 0.18403207667557633
167 0.18403207667557633
168 0.1840320766755763
169 0.18447125446435172
170 0.1842270766705875
171 0.18415462815870695
172 0.18415462815870695
173 0.18415462815870695
174 0.1840455149309337
175 0.18423518345573467
176 0.18423518345573467
177 0.18423518345573467
178 0.18366581541980176
179 0.18366581541980176
180 0.18364090769178107
181 0.18364090769178107
182 0.18365013602361732
183 0.18289513338956617
184 0.18289513338956617
185 0.1828740196457121
186 0.1828740196457121
187 0.1828740196457121
188 0.1828740196457121
189 0.18210447011146327
190 0.1827760038353139
191 0.1827760038353139
192 0.1827760038353139
193 0.1827760038353139
194 0.182298582110807
195 0.182298582110807
196 0.182298582110807
197 0.182298582110807
198 0.18220352079658
199 0.18220352079658
200 0.18317860507651912
201 0.18317860507651912
202 0.18343725854060147
203 0.18343725854060147
204 0.18343725854060147
205 0.1866322478879117
206 0.18678002543984729
207 0.18678002543984729
208 0.1867833959035511
209 0.1867833959035511
210 0.1867833959035511
211 0.1867833959035511
212 0.1867833959035511
213 0.1867833959035511
214 0.18638686618156408
215 0.18638686618156408
216 0.1877808770134504
217 0.1877808770134504
218 0.1891886704438523
219 0.1891886704438523
220 0.1891886704438523
221 0.18989213126511145
222 0.18989213126511145
223 0.18989213126511145
224 0.190515402724411
225 0.190515402724411
226 0.18958638322485144
227 0.18958638322485144
228 0.18958638322485144
229 0.18958638322485144
230 0.18958638322485144
231 0.1904022937700299
232 0.1904022937700299
233 0.191633603948081
234 0.191633603948081
235 0.19160773649364046
236 0.19160773649364046
237 0.19160773649364046
238 0.19120309201163027
239 0.19120309201163027
240 0.19120309201163027
241 0.19194750358252002
242 0.19194750358252002
243 0.19194750358252002
244 0.19138459488978996
245 0.19138459488978996
246 0.19032684458713148
247 0.19032684458713148
248 0.19032684458713148
249 0.1902774602370458
250 0.1902774602370458
251 0.18972676002388555
252 0.18974658894972488
253 0.18888730320854166
254 0.18828918884727472
255 0.18828918884727472
256 0.18828918884727472
257 0.18828918884727472
258 0.18828918884727472
259 0.18828918884727472
260 0.18828918884727472
261 0.18804802889423025
262 0.18774330198859834
263 0.18747983899748585
264 0.18747983899748585
265 0.18707076154355867
266 0.18707076154355867
267 0.18707076154355867
268 0.18635349761278203
269 0.1863350016518161
270 0.1863350016518161
271 0.18621721097872024
272 0.18616832027386032
273 0.18616832027386032
274 0.18616832027386032
275 0.18591191692351575
276 0.18591191692351575
277 0.18591191692351575
278 0.18591191692351575
279 0.18591191692351575
280 0.18591191692351575
281 0.18591191692351575
282 0.1857543523219573
283 0.1857543523219573
284 0.1857543523219573
285 0.1857543523219573
286 0.1857543523219573
287 0.1857543523219573
288 0.1857543523219573
289 0.1857543523219573
290 0.1857543523219573
291 0.1857543523219573
292 0.1857543523219573
293 0.1857543523219573
294 0.1857543523219573
295 0.1857543523219573
296 0.1857543523219573
297 0.1857543523219573
298 0.1857543523219573
299 0.1857543523219573
300 0.1857543523219573
301 0.1857543523219573
302 0.1857543523219573
303 0.1841414631666234
304 0.1841414631666234
305 0.18431263198387013
306 0.18431263198387013
307 0.18431263198387013
308 0.18447118121312828
309 0.18447118121312828
310 0.18447118121312828
311 0.18431141070832158
312 0.18433911474674353
313 0.18433911474674353
314 0.18433911474674353
315 0.18433911474674353
316 0.18449158603021318
317 0.18449158603021318
318 0.18449158603021318
319 0.18449158603021318
320 0.18450946194919093
321 0.18450946194919093
322 0.18333679829544744
323 0.18333679829544744
324 0.18333679829544744
325 0.18333679829544744
326 0.18230640958518793
327 0.18230640958518793
328 0.18230640958518793
329 0.18214505828245528
330 0.18214505828245528
331 0.18214505828245528
332 0.1827021226399447
333 0.1827021226399447
334 0.1827021226399447
335 0.1816517528963245
336 0.18140768530052248
337 0.1808015670880818
338 0.1808015670880818
339 0.1808015670880818
340 0.1808015670880818
341 0.1808015670880818
342 0.1808015670880818
343 0.1808015670880818
344 0.1808015670880818
345 0.1808015670880818
346 0.1808015670880818
347 0.1808015670880818
348 0.1808015670880818
349 0.1808015670880818
350 0.1808015670880818
351 0.18120113223313383
352 0.18120113223313383
353 0.18120113223313383
354 0.18120113223313383
355 0.18120113223313383
356 0.18120113223313383
357 0.18120113223313383
358 0.18120113223313383
359 0.18120113223313383
360 0.18120113223313383
361 0.18120113223313383
362 0.18120113223313383
363 0.18120113223313383
364 0.18024696432541235
365 0.1801567133104565
366 0.1801567133104565
367 0.1801567133104565
368 0.1801567133104565
369 0.17901437051396368
370 0.17901437051396368
371 0.17901437051396368
372 0.17901437051396368
373 0.18104034674892644
374 0.18100770739153196
375 0.18100770739153196
376 0.18100770739153196
377 0.18400752845357446
378 0.18400752845357446
379 0.18400752845357446
380 0.18400752845357446
381 0.18400752845357446
382 0.18400752845357446
383 0.18400752845357446
384 0.18400752845357446
385 0.18400752845357446
386 0.18400752845357446
387 0.18400752845357446
388 0.18338937992375343
389 0.18338937992375343
390 0.18338937992375343
391 0.18338937992375343
392 0.18338937992375343
393 0.18338937992375343
394 0.18338937992375343
395 0.18338937992375343
396 0.18338937992375343
397 0.18769669817755477
398 0.18769669817755477
399 0.18769669817755477
400 0.18778676728953012
401 0.19037294169962884
402 0.19037294169962884
403 0.19037294169962884
404 0.19037294169962884
405 0.19037294169962884
406 0.19037294169962884
407 0.1907008526957547
408 0.1907008526957547
409 0.1907008526957547
410 0.1907008526957547
411 0.1907008526957547
412 0.19115469325332363
413 0.1912953292038921
414 0.1912953292038921
415 0.1912953292038921
416 0.19096309280103443
417 0.1911926117732075
418 0.1911926117732075
419 0.1911926117732075
420 0.19118793117755706
421 0.19118793117755706
422 0.19118793117755706
423 0.19118793117755706
424 0.19118793117755706
425 0.19436400536656237
426 0.19436400536656237
427 0.19436400536656237
428 0.19436400536656237
429 0.19436400536656237
430 0.19436400536656237
431 0.19436400536656237
432 0.19436400536656237
433 0.19436400536656237
434 0.19436400536656237
435 0.19436400536656237
436 0.19652785181249333
437 0.19652785181249333
438 0.19652785181249333
439 0.19652785181249333
440 0.19652785181249333
441 0.19652785181249333
442 0.19652785181249333
443 0.19662312782293417
444 0.19662312782293417
445 0.19690011572749877
446 0.19690011572749877
447 0.19690011572749877
448 0.19690011572749877
449 0.19690011572749877
450 0.1984996750127338
451 0.19817149627978015
452 0.19817149627978015
453 0.19817149627978015
454 0.19817149627978015
455 0.19854345404631793
456 0.19854345404631793
457 0.19854345404631793
458 0.19806251861780794
459 0.19806251861780794
460 0.19806251861780794
461 0.19806251861780794
462 0.19806251861780794
463 0.19806251861780794
464 0.19806251861780794
465 0.19806251861780794
466 0.19806251861780794
467 0.19806251861780794
468 0.19806251861780794
469 0.19806251861780794
470 0.19806251861780794
471 0.19806251861780794
472 0.19806251861780794
473 0.19806251861780794
474 0.19806251861780794
475 0.19806251861780794
476 0.19806251861780794
477 0.19815918739180777
478 0.19815918739180777
479 0.19815918739180777
480 0.19815918739180777
481 0.19815918739180777
482 0.19815918739180777
483 0.19815918739180777
484 0.19815918739180777
485 0.19815918739180777
486 0.19812478636583267
487 0.19823927289455553
488 0.19823927289455553
489 0.19823927289455553
490 0.19823927289455553
491 0.19823927289455553
492 0.19826904153489303
493 0.19826904153489303
494 0.19826904153489303
495 0.19826904153489303
496 0.19826904153489303
497 0.19826904153489303
498 0.19826904153489303
499 0.19826904153489303
500 0.19826904153489303
501 0.19826904153489303
502 0.19826904153489303
503 0.19826904153489303
504 0.19826904153489303
505 0.19826904153489303
506 0.19815960567472587
507 0.19815960567472587
508 0.19758709544051142
509 0.19758709544051142
510 0.19758709544051142
511 0.19758709544051142
512 0.19758709544051142
513 0.19758709544051142
514 0.19758709544051142
515 0.19758709544051142
516 0.19758709544051142
517 0.19758709544051142
518 0.19758709544051142
519 0.19758709544051142
520 0.19758709544051142
521 0.19758709544051142
522 0.19758709544051142
523 0.1975870852190916
524 0.1975870852190916
525 0.1975870852190916
526 0.1975870852190916
527 0.1975870852190916
528 0.1975870852190916
529 0.1975870852190916
530 0.1975870852190916
531 0.1975870852190916
532 0.1975870852190916
533 0.1975870852190916
534 0.19920725448827872
535 0.19732664909608527
536 0.19732849165092115
537 0.19732849165092115
538 0.19829692085753925
539 0.19829692085753925
540 0.19829692085753925
541 0.19829692085753925
542 0.19829692085753925
543 0.19824220831624487
544 0.19824220831624487
545 0.19824220831624487
546 0.19824220831624487
547 0.19824220831624487
548 0.19824220831624487
549 0.19822388411898686
550 0.19812597467138798
551 0.19812597467138798
552 0.19812597467138798
553 0.19812597467138798
554 0.19812597467138798
555 0.19812597467138798
556 0.19812597467138798
557 0.19812597467138798
558 0.19812597467138798
559 0.19812597467138798
560 0.19812597467138798
561 0.19812597467138798
562 0.19812597467138798
563 0.197441153398102
564 0.197441153398102
565 0.197441153398102
566 0.197441153398102
567 0.197441153398102
568 0.197441153398102
569 0.19765236450326343
570 0.19765236450326343
571 0.19765236450326343
572 0.19765236450326343
573 0.19765236450326343
574 0.19765236450326343
575 0.19765236450326343
576 0.19765236450326343
577 0.19765236450326343
578 0.19765236450326343
579 0.19818335505599027
580 0.19818335505599027
581 0.19818335505599027
582 0.19818335505599027
583 0.19818335505599027
584 0.19818335505599027
585 0.19818335505599027
586 0.19818335505599027
587 0.19818335505599027
588 0.19818335505599027
589 0.19818335505599027
590 0.1968227065190315
591 0.1968227065190315
592 0.1968227065190315
593 0.1968227065190315
594 0.1968227065190315
595 0.1968227065190315
596 0.1968227065190315
597 0.1968227065190315
598 0.19651040823627783
599 0.19651040823627783
600 0.19651040823627783
601 0.19651040823627783
602 0.19651040823627783
603 0.19651040823627783
604 0.19988061933777032
605 0.19988061933777032
606 0.2004544984292319
607 0.2004544984292319
608 0.2004544984292319
609 0.2004544984292319
610 0.2004544984292319
611 0.2004544984292319
612 0.2004544984292319
613 0.2011172235547692
614 0.2011172235547692
615 0.2011172235547692
616 0.2011172235547692
617 0.2011172235547692
618 0.2011172235547692
619 0.2011172235547692
620 0.20105680888440183
621 0.20105680888440183
622 0.20105680888440183
623 0.20105680888440183
624 0.20105680888440183
625 0.20105680888440183
626 0.20105680888440183
627 0.20105680888440183
628 0.20105680888440183
629 0.20115755984106276
630 0.20115755984106276
631 0.20115755984106276
632 0.20115755984106276
633 0.20115755984106276
634 0.20115755984106276
635 0.20115755984106276
636 0.20115755984106276
637 0.20115755984106276
638 0.20115755984106276
639 0.20115755984106276
640 0.20115755984106276
641 0.20115755984106276
642 0.20115755984106276
643 0.20115755984106276
644 0.20115755984106276
645 0.20115755984106276
646 0.20115755984106276
647 0.20115755984106276
648 0.20115755984106276
649 0.20115755984106276
650 0.20115755984106276
651 0.20115755984106276
652 0.2002319576256824
653 0.2002319576256824
654 0.2002319576256824
655 0.2002319576256824
656 0.20023194583674928
657 0.20023194583674928
658 0.20023194583674928
659 0.20023194583674928
660 0.20077631844390026
661 0.20077631844390026
662 0.20077631844390026
663 0.20077631844390026
664 0.20077631844390026
665 0.20077631844390026
666 0.20077631844390026
667 0.2005260510382111
668 0.2005260510382111
669 0.19997710848875436
670 0.19997710848875436
671 0.19997710848875436
672 0.19997710848875436
673 0.19997710848875436
674 0.19997710848875436
675 0.20164190649530503
676 0.20164190649530503
677 0.20164190649530503
678 0.20164190649530503
679 0.20164190649530503
680 0.20164190649530503
681 0.20164190649530503
682 0.20164392060345834
683 0.20164392060345834
684 0.20164392060345834
685 0.20164392060345834
686 0.20164392060345834
687 0.20164392060345834
688 0.20164392060345834
689 0.20164392060345834
690 0.20164392060345834
691 0.20164392060345834
692 0.20164392060345834
693 0.20164392060345834
694 0.20164392060345834
695 0.20164392060345834
696 0.20164392060345834
697 0.20164392060345834
698 0.20164392060345834
699 0.20164392060345834
700 0.20164392060345834
701 0.20164392060345834
702 0.20164392060345834
703 0.20164392060345834
704 0.20164392060345834
705 0.20164392060345834
706 0.20164392060345834
707 0.20164392060345834
708 0.20164392060345834
709 0.20164392060345834
710 0.20164392060345834
711 0.20164392060345834
712 0.20164392060345834
713 0.20164392060345834
714 0.20164392060345834
715 0.20164392060345834
716 0.20139216645080016
717 0.20139216645080016
718 0.20139216645080016
719 0.20139216645080016
720 0.20086005895080936
721 0.2019756194658635
722 0.2019756194658635
723 0.2019756194658635
724 0.2019756194658635
725 0.2019756194658635
726 0.2019756194658635
727 0.2019756194658635
728 0.20183444114285193
729 0.20183444114285193
730 0.20183444114285193
731 0.20183444114285193
732 0.20183444114285193
733 0.2018377451442842
734 0.2018377451442842
735 0.20186578954864715
736 0.20202699721868791
737 0.20202699721868791
738 0.20202699721868791
739 0.20351679338855597
740 0.20351679338855597
741 0.20257762356257591
742 0.20257762356257591
743 0.20257762356257591
744 0.20257762356257591
745 0.20257762356257591
746 0.20257762356257591
747 0.20257762356257591
748 0.20257762356257591
749 0.20257762356257591
750 0.20257762356257591
751 0.20257762356257591
752 0.20257762356257591
753 0.20257762356257591
754 0.20246890752484065
755 0.20246890752484065
756 0.20246890752484065
757 0.20246890752484065
758 0.20246890752484065
759 0.20246890752484065
760 0.20246890752484065
761 0.20246890752484065
762 0.20246890752484065
763 0.20246890752484065
764 0.20246890752484065
765 0.20246890752484065
766 0.20246890752484065
767 0.20246890752484065
768 0.20246890752484065
769 0.20111129149668083
770 0.20111129149668083
771 0.20111129149668083
772 0.20111129149668083
773 0.20111129149668083
774 0.20111129149668083
775 0.2014325916475475
776 0.2014325916475475
777 0.2014325916475475
778 0.2014325916475475
779 0.2014325916475475
780 0.20282328250138504
781 0.20282328250138504
782 0.20282328250138504
783 0.20282328250138504
784 0.20282328250138504
785 0.20282328250138504
786 0.20282328250138504
787 0.20282328250138504
788 0.20282328250138504
789 0.20282328250138504
790 0.2004376646426805
791 0.2004376646426805
792 0.2004376646426805
793 0.2004376646426805
794 0.2004376646426805
795 0.2004376646426805
796 0.2004376646426805
797 0.2004376646426805
798 0.2004376646426805
799 0.2004376646426805
800 0.19845962558649524
801 0.19845962558649524
802 0.19902230451261513
803 0.19902230451261513
804 0.19902230451261513
805 0.19902230451261513
806 0.19902230451261513
807 0.19902230451261513
808 0.19902230451261513
809 0.19902230451261513
810 0.19902230451261513
811 0.19902230451261513
812 0.19902230451261513
813 0.19902230451261513
814 0.19902230451261513
815 0.19902230451261513
816 0.19902230451261513
817 0.19902230451261513
818 0.19902230451261513
819 0.19902230451261513
820 0.19902230451261513
821 0.19902230451261513
822 0.19902230451261513
823 0.19902230451261513
824 0.19902230451261513
825 0.19902230451261513
826 0.19902230451261513
827 0.19902230451261513
828 0.19902230451261513
829 0.19902230451261513
830 0.19902230451261513
831 0.19902230451261513
832 0.19902230451261513
833 0.19902230451261513
834 0.19902230451261513
835 0.19902230451261513
836 0.19902230451261513
837 0.19902230451261513
838 0.19902230451261513
839 0.19902230451261513
840 0.19902230451261513
841 0.19902230451261513
842 0.2020978183903727
843 0.20213812908717937
844 0.20213812908717937
845 0.20213812908717937
846 0.20446352678393465
847 0.20446352678393465
848 0.20446352678393465
849 0.20446352678393465
850 0.20446352678393465
851 0.20446352678393465
852 0.20446352678393465
853 0.20446352678393465
854 0.20446352678393465
855 0.20446352678393465
856 0.20446352678393465
857 0.20446352678393465
858 0.20446352678393465
859 0.20446352678393465
860 0.20446352678393465
861 0.20446352678393465
862 0.20446352678393465
863 0.20446352678393465
864 0.20446352678393465
865 0.20446352678393465
866 0.20446352678393465
867 0.20446352678393465
868 0.20446352678393465
869 0.20446352678393465
870 0.20446352678393465
871 0.20446352678393465
872 0.20446352678393465
873 0.20446352678393465
874 0.20446352678393465
875 0.20446352678393465
876 0.20529441315087968
877 0.20529441315087968
878 0.20529441315087968
879 0.20529441315087968
880 0.20529441315087968
881 0.20529441315087968
882 0.20529441315087968
883 0.20493318657748164
884 0.20493318657748164
885 0.20493318657748164
886 0.20493318657748164
887 0.20493318657748164
888 0.20493318657748164
889 0.20493318657748164
890 0.20493318657748164
891 0.20493318657748164
892 0.20493318657748164
893 0.20493318657748164
894 0.20493318657748164
895 0.20493318657748164
896 0.20493318657748164
897 0.20493318657748164
898 0.20493318657748164
899 0.20493318657748164
900 0.20493318657748164
901 0.20493318657748164
902 0.20493318657748164
903 0.20493318657748164
904 0.20493318657748164
905 0.20429302925805878
906 0.20429302925805878
907 0.2046542353886411
908 0.2046542353886411
909 0.2046542353886411
910 0.2046542353886411
911 0.2046542353886411
912 0.2046542353886411
913 0.2046542353886411
914 0.2046542353886411
915 0.2046542353886411
916 0.2046542353886411
917 0.2046542353886411
918 0.2046542353886411
919 0.2046542353886411
920 0.2046542353886411
921 0.2046542353886411
922 0.2046542353886411
923 0.2046542353886411
924 0.2046542353886411
925 0.2046542353886411
926 0.2046542353886411
927 0.2046542353886411
928 0.2046542353886411
929 0.20647902169820345
930 0.20647902169820345
931 0.20647902169820345
932 0.20647902169820345
933 0.20647902169820345
934 0.20647902169820345
935 0.20647902169820345
936 0.20647902169820345
937 0.20647902169820345
938 0.20647902169820345
939 0.20647902169820345
940 0.20647902169820345
941 0.20647902169820345
942 0.20647902169820345
943 0.2067735692532192
944 0.2067735692532192
945 0.2067735692532192
946 0.2067735692532192
947 0.2067735692532192
948 0.2067735692532192
949 0.2067735692532192
950 0.2067735692532192
951 0.2067735692532192
952 0.2067735692532192
953 0.2067735692532192
954 0.2067735692532192
955 0.2067735692532192
956 0.2067735692532192
957 0.2067735692532192
958 0.2067735692532192
959 0.2067735692532192
960 0.2067735692532192
961 0.2067735692532192
962 0.2067735692532192
963 0.2067735692532192
964 0.2067735692532192
965 0.2067735692532192
966 0.2067735692532192
967 0.2067735692532192
968 0.2067735692532192
969 0.2067735692532192
970 0.2067735692532192
971 0.2067735692532192
972 0.2067735692532192
973 0.2067735692532192
974 0.2067735692532192
975 0.2067735692532192
976 0.206741261967487
977 0.206741261967487
978 0.206741261967487
979 0.206741261967487
980 0.206741261967487
981 0.206741261967487
982 0.20662751313263145
983 0.20662751313263145
984 0.20662751313263145
985 0.20662751313263145
986 0.20662751313263145
987 0.20662751313263145
988 0.20662751313263145
989 0.20662751313263145
990 0.20662751313263145
991 0.20662751313263145
992 0.20662751313263145
993 0.20662751313263145
994 0.20662751313263145
995 0.20662751313263145
996 0.20662751313263145
997 0.20662751313263145
998 0.20662751313263145
999 0.20710804758654783
