0 0.4927701234026956
1 0.7066337629444595
2 0.7066337629444595
3 0.7994799411204682
4 0.8085076763776615
5 0.8085076763776615
6 0.8085076763776615
7 0.8086214886759557
8 0.8086214886759557
9 0.8086214886759557
10 0.8086214886759557
11 0.8086214886759557
12 0.8086214886759557
13 0.8086214886759557
14 0.8086214886759557
15 0.8086214886759557
16 0.8086214886759557
17 0.8086308053786606
18 0.8086308053786606
19 0.808630812295778
20 0.808630812295778
21 0.808630812295778
22 0.808630812295778
23 0.808630812295778
24 0.808630812295778
25 0.808630812295778
26 0.808630812295778
27 0.808630812295778
28 0.808630812295778
29 0.808630812295778
30 0.808630812295778
31 0.808630812295778
32 0.808630812295778
33 0.808630812295778
34 0.808630812295778
35 0.808630812295778
36 0.808630812295778
37 0.808630812295778
38 0.8086834182802983
39 0.8086834182802983
40 0.8086834182802983
41 0.8086998410791236
42 0.8086998410791236
43 0.8086998410791236
44 0.8086998675470431
45 0.8086998814489047
46 0.8086998814489047
47 0.8086998814489047
48 0.8086998814489047
49 0.8086998814489047
50 0.8086998814489047
51 0.8086998814489047
52 0.8086998814489047
53 0.8086998814489047
54 0.8086998814489047
55 0.8086998814489047
56 0.8087284080672978
57 0.8087284080672978
58 0.8087284080672978
59 0.8087284080672978
60 0.8087284080672978
61 0.8087284080672978
62 0.8087284080672978
63 0.8087284080672978
64 0.8087284080672978
65 0.8087284080672978
66 0.8087284080672978
67 0.8087284080672978
68 0.8087284080672978
69 0.8087284080672978
70 0.8087284080672978
71 0.8087284080672978
72 0.8087284080672978
73 0.8087284080672978
74 0.8087284080672978
75 0.8087284080672978
76 0.8087284080672978
77 0.8087284080672978
78 0.8087284080672978
79 0.8087284080672978
80 0.8087284080672978
81 0.8087284080672978
82 0.8087284080672978
83 0.8087284080672978
84 0.8087284080672978
85 0.8087284080672978
86 0.8087284080672978
87 0.8087284080672978
88 0.8087284080672978
89 0.8087284080672978
90 0.8087284080672978
91 0.8087284080672978
92 0.8087284080672978
93 0.8087284080672978
94 0.8087284080672978
95 0.8087284080672978
96 0.8087284080672978
97 0.8087557754330286
98 0.8087557754330286
99 0.8087557754330286
100 0.8087557754330286
101 0.8087557754330286
102 0.8087557754330286
103 0.8087557754330286
104 0.8087559999793354
105 0.8087559999793354
106 0.8087559999793354
107 0.8087559999793354
108 0.8087559999793354
109 0.8087559999793354
110 0.8087559999793354
111 0.8087560543765218
112 0.8087560543765218
113 0.8087560543765218
114 0.8087560543765218
115 0.8087560543765218
116 0.8087560543765218
117 0.8087560543765218
118 0.808758601886195
119 0.808758601886195
120 0.808758601886195
121 0.808758601886195
122 0.808758601886195
123 0.808758601886195
124 0.808758601886195
125 0.808758601886195
126 0.808758601886195
127 0.808758601886195
128 0.808758601886195
129 0.808758601886195
130 0.808758601886195
131 0.808758601886195
132 0.808758601886195
133 0.808758601886195
134 0.8087588787430005
135 0.8087588787430005
136 0.8087588787430005
137 0.8087588787430005
138 0.8087588787430005
139 0.8087588787430005
140 0.8087588787430005
141 0.8087588787430005
142 0.8087588787430005
143 0.8087588787430005
144 0.8087588787430005
145 0.8087588787430005
146 0.8087588787430005
147 0.8087588787430005
148 0.8087588787430005
149 0.8087588787430005
150 0.8087588787430005
151 0.8087588787430005
152 0.8087588787430005
153 0.8087588787430005
154 0.8087588787430005
155 0.8087588787430005
156 0.8087588787430005
157 0.8087589438083788
158 0.8087589438083788
159 0.8087589438083788
160 0.8087589438083788
161 0.8087589438083788
162 0.8087589438083788
163 0.8087589438083788
164 0.8087589438083788
165 0.8087589438083788
166 0.8087589438083788
167 0.8087589438083788
168 0.8087589438083788
169 0.8087589438083788
170 0.8087589438083788
171 0.8087589438083788
172 0.8087589438083788
173 0.8087589438083788
174 0.8087589438083788
175 0.8087589438083788
176 0.8087589438083788
177 0.8087598668255903
178 0.8087598668255903
179 0.8087598668255903
180 0.8087598668255903
181 0.8087598668255903
182 0.8087598668255903
183 0.8087598668255903
184 0.8087598668255903
185 0.8087598668255903
186 0.8087598668255903
187 0.8087598668255903
188 0.8087598668255903
189 0.8087600782275904
190 0.8087600782275904
191 0.8087600782275904
192 0.8087600782275904
193 0.8087600782275904
194 0.8087600782275904
195 0.8087600782275904
196 0.8087600782275904
197 0.8087600782275904
198 0.8087600782275904
199 0.8087600782275904
200 0.8087600887999757
201 0.8087600887999757
202 0.8087600887999757
203 0.8087600887999757
204 0.8087600887999757
205 0.8087600887999757
206 0.8087600887999757
207 0.8087600887999757
208 0.8087600887999757
209 0.8087600887999757
210 0.8087600887999757
211 0.8087600887999757
212 0.8087600887999757
213 0.8087600887999757
214 0.8087600887999757
215 0.8087600887999757
216 0.8087600887999757
217 0.8087600887999757
218 0.8087600887999757
219 0.8087600887999757
220 0.8087600887999757
221 0.8087600887999757
222 0.8087600887999757
223 0.8087600887999757
224 0.8087600887999757
225 0.8087600887999757
226 0.8087600887999757
227 0.8087600887999757
228 0.808760319492268
229 0.808760319492268
230 0.808760319492268
231 0.808760319492268
232 0.808760319492268
233 0.808760319492268
234 0.808760319492268
235 0.808760319492268
236 0.808760319492268
237 0.808760319492268
238 0.808760319492268
239 0.808760319492268
240 0.808760319492268
241 0.808760319492268
242 0.8087603197034783
243 0.8087603197034783
244 0.8087603197034783
245 0.8087603197034783
246 0.8087603197034783
247 0.8087603197034783
248 0.8087603197034783
249 0.8087603197034783
250 0.8087603197034783
251 0.8087603197034783
252 0.8087603197034783
253 0.8087603197034783
254 0.8087603197034783
255 0.8087603197034783
256 0.8087603197034783
257 0.8087603197034783
258 0.8087603197034783
259 0.8087603197034783
260 0.8087603197034783
261 0.8087603197034783
262 0.8087603197034783
263 0.8087603197057235
264 0.8087603197057235
265 0.8087603197057235
266 0.8087603197057235
267 0.8087603197057235
268 0.8087603197057235
269 0.8087603197057235
270 0.8087603197057235
271 0.8087603197057235
272 0.8087603197057235
273 0.8087603197057235
274 0.8087603197057235
275 0.8087603197057235
276 0.8087603197057235
277 0.8087603197057235
278 0.8087603197059736
279 0.8087603197059736
280 0.8087603197059736
281 0.8087603197059736
282 0.8087603197059736
283 0.8087603197059736
284 0.8087603197059736
285 0.8087603197059736
286 0.8087603197059736
287 0.8087603197059736
288 0.8087603197059736
289 0.8087603197060054
290 0.8087603197060054
291 0.8087603197060054
292 0.8087603197060054
293 0.8087603197060907
294 0.8087603197060907
295 0.8087603197060907
296 0.8087603197060907
297 0.8087603197060907
298 0.8087603197060907
299 0.8087603197060907
300 0.8087603197060907
301 0.808760807491633
302 0.808760807491633
303 0.808760807491633
304 0.808760807491633
305 0.808760807491633
306 0.808760807491633
307 0.808760807491633
308 0.808760807491633
309 0.808760807491633
310 0.808760807491633
311 0.808760807491633
312 0.808760807491633
313 0.808760807491633
314 0.808760807491633
315 0.808760807491633
316 0.808760807491633
317 0.808760807491633
318 0.808760807491633
319 0.808760807491633
320 0.808760807491633
321 0.808760807491633
322 0.808760807491633
323 0.808760807491633
324 0.808760807491633
325 0.808760807491633
326 0.808760807491633
327 0.808760807491633
328 0.808760807491633
329 0.808760807491633
330 0.808760807491633
331 0.808760807491633
332 0.808760807491633
333 0.808760807491633
334 0.808760807491633
335 0.808760807491633
336 0.808760807491633
337 0.808760807491633
338 0.808760807491633
339 0.808760807491633
340 0.808760807491633
341 0.808760807491633
342 0.808760807491633
343 0.8087608111048055
344 0.8087608111048055
345 0.8087608111048055
346 0.8087608111048055
347 0.8087608111048055
348 0.8087608111048055
349 0.8087608111048055
350 0.8087608111048055
351 0.8087608111048055
352 0.8087608111048055
353 0.8087608111246877
354 0.8087608111246877
355 0.8087608111246877
356 0.8087608111246877
357 0.8087608111246877
358 0.8087608111246877
359 0.8087608111263893
360 0.8087608111263893
361 0.8087608111263893
362 0.8087608111271349
363 0.8087608111271349
364 0.8087608111271349
365 0.8087608111271349
366 0.8087608111271349
367 0.8087608111271349
368 0.8087608111271349
369 0.8087608111271349
370 0.8087608111271349
371 0.8087608111271349
372 0.8087608111271349
373 0.8087608111271349
374 0.8087608111271349
375 0.8087608111271349
376 0.8087608111271349
377 0.8087608111271349
378 0.8087608111271349
379 0.8087608111271349
380 0.8087608111271349
381 0.8087608111271349
382 0.8087608111271349
383 0.8087608111271349
384 0.8087608111271349
385 0.8087608111271349
386 0.8087608111271349
387 0.8087608111271349
388 0.8087608111271349
389 0.8087608111271349
390 0.8087608111271349
391 0.8087608111271349
392 0.8087608111271349
393 0.8087608111271349
394 0.8087608111323175
395 0.8087608111323175
396 0.8087608111323175
397 0.8087608111323175
398 0.8087608111323175
399 0.8087608111323175
400 0.8087608111323175
401 0.8087608111323175
402 0.8087608111323175
403 0.8087608111323175
404 0.8087608111323175
405 0.8087608111323175
406 0.8087608111323175
407 0.8087608111323175
408 0.8087608111323175
409 0.8087608111323175
410 0.8087608111323175
411 0.8087608111323175
412 0.8087608111323175
413 0.8087608111323175
414 0.8087608111323175
415 0.8087608111323175
416 0.8087608111323175
417 0.8087608111323175
418 0.8087608111323175
419 0.8087608111323175
420 0.8087608111323175
421 0.8087608111323175
422 0.8087608111323175
423 0.8087608111323175
424 0.8087608111323175
425 0.8087608111323175
426 0.8087608111323175
427 0.8087637100419003
428 0.8087637100419003
429 0.8087637100419003
430 0.8087637100419003
431 0.8087637100419003
432 0.8087637100419003
433 0.8087637100419003
434 0.8087637100419003
435 0.8087637100419003
436 0.8087637100419003
437 0.8087637100419003
438 0.8087637100419003
439 0.8087637100419003
440 0.8087637100419003
441 0.8087637100419003
442 0.8087637100419003
443 0.8087637100419003
444 0.8087637100419003
445 0.8087637100419003
446 0.8087637100419003
447 0.8087637100419003
448 0.8087637100419003
449 0.8087637100419003
450 0.8087637100419003
451 0.8087637100419003
452 0.8087637107211223
453 0.8087637107211223
454 0.8087637107211223
455 0.8087637107211223
456 0.8087637107211223
457 0.8087637107211223
458 0.8087637107211223
459 0.8087637107211223
460 0.8087637107894979
461 0.8087637107894979
462 0.8087637107894979
463 0.8087637107894979
464 0.8087637107894979
465 0.8087637107894979
466 0.8087637107894979
467 0.8087637107894979
468 0.8087676614766224
469 0.8087676614766224
470 0.8087676614766224
471 0.8087676614766224
472 0.8087676614766224
473 0.8087676614911866
474 0.8087676614911866
475 0.8087676614911866
476 0.8087676614911866
477 0.8087676614911866
478 0.8087676614911866
479 0.8087676614911866
480 0.8087676614911866
481 0.8087676614911866
482 0.8087676614911866
483 0.8087676614911866
484 0.8087676614911866
485 0.8087676614911866
486 0.8087676614911866
487 0.8087676614911866
488 0.8087676614911866
489 0.8087676614911866
490 0.8087676614911866
491 0.8087676614911866
492 0.8087676614911866
493 0.8087676614911866
494 0.8087676614911866
495 0.8087676614911866
496 0.8087678953523306
497 0.8087678953523306
498 0.8087678953523306
499 0.8087678953523306
500 0.8087678953523306
501 0.8087678953523306
502 0.8087678953523306
503 0.8087678953523306
504 0.8087678953523306
505 0.808768012939998
506 0.808768012939998
507 0.808768012939998
508 0.808768012939998
509 0.808768012939998
510 0.808768012939998
511 0.808768012939998
512 0.808768012939998
513 0.808768012939998
514 0.808768012939998
515 0.808768012939998
516 0.808768012939998
517 0.808768012939998
518 0.808768012939998
519 0.808768012939998
520 0.808768012939998
521 0.808768012939998
522 0.808768012939998
523 0.808768012939998
524 0.808768012939998
525 0.808768012939998
526 0.808768012939998
527 0.808768012939998
528 0.808768012939998
529 0.808768012939998
530 0.808768012939998
531 0.808768012939998
532 0.808768012939998
533 0.808768012939998
534 0.808768012939998
535 0.808768012939998
536 0.808768012939998
537 0.808768012939998
538 0.808768012939998
539 0.808768012939998
540 0.808768012939998
541 0.808768012939998
542 0.808768012939998
543 0.808768012939998
544 0.808768012939998
545 0.808768012939998
546 0.808768012939998
547 0.808768012939998
548 0.808768012939998
549 0.808768012939998
550 0.808768012939998
551 0.808768012939998
552 0.808768012939998
553 0.808768012939998
554 0.808768012939998
555 0.808768012939998
556 0.8087680129404065
557 0.8087680129404065
558 0.8087680129404065
559 0.8087680129404065
560 0.8087680129404065
561 0.8087680129404065
562 0.8087680129404065
563 0.8087680129404065
564 0.8087680129405433
565 0.8087680129405433
566 0.8087680129405433
567 0.8087680129405433
568 0.8087680129405433
569 0.8087680129405433
570 0.8087680129405433
571 0.8087680129405433
572 0.8087680129405433
573 0.8087680129405433
574 0.8087680752500905
575 0.8087680752500905
576 0.8087680752500905
577 0.8087680752500905
578 0.8087680752500905
579 0.8087680752500905
580 0.8087680752500905
581 0.8087680752500905
582 0.8087680752500905
583 0.8087680752500905
584 0.8087680752500905
585 0.8087680752500905
586 0.8087680752500905
587 0.8087680752500905
588 0.8087680752500905
589 0.8087680752500905
590 0.8087680752500905
591 0.8087680752500905
592 0.8087681930975918
593 0.8087681930975918
594 0.8087681930975918
595 0.8087681930975918
596 0.8087681930975918
597 0.8087681930975918
598 0.8087681930975918
599 0.8087681930975918
600 0.8087681930975918
601 0.8087681930975918
602 0.8087682220795561
603 0.8087682220795561
604 0.8087682220795561
605 0.8087682220795561
606 0.8087682220795561
607 0.8087682220795561
608 0.8087682220795561
609 0.8087682220795561
610 0.8087682220795561
611 0.8087682220795561
612 0.8087682220795561
613 0.8087682220795561
614 0.8087682220795561
615 0.8087682220795561
616 0.8087682220795561
617 0.808768222079562
618 0.808768222079562
619 0.808768222079562
620 0.808768222079562
621 0.808768222079562
622 0.808768222079562
623 0.808768222079562
624 0.808768222079562
625 0.808768222079562
626 0.808768222079562
627 0.808768222079562
628 0.808768222079562
629 0.808768222079562
630 0.808768222079562
631 0.808768222079562
632 0.808768222079562
633 0.808768222079562
634 0.808768222079562
635 0.808768222079562
636 0.808768222079562
637 0.808768222079562
638 0.808768222079562
639 0.808768222079562
640 0.808768222079562
641 0.808768222079562
642 0.808768222079562
643 0.808768222079562
644 0.808768222079562
645 0.808768222079562
646 0.808768222079562
647 0.808768222079562
648 0.808768222079562
649 0.808768222079562
650 0.808768222079562
651 0.808768222079562
652 0.808768222079562
653 0.808768222079562
654 0.808768222079562
655 0.808768222079562
656 0.808768222079562
657 0.808768222079562
658 0.808768222079562
659 0.808768222079562
660 0.808768222079562
661 0.808768222079562
662 0.8087682220795743
663 0.8087682220795743
664 0.8087682220795743
665 0.8087682380009031
666 0.8087682380009031
667 0.8087682380009031
668 0.8087682380009031
669 0.8087682380009031
670 0.8087682380009031
671 0.8087682380009031
672 0.8087682380009031
673 0.8087682380009031
674 0.8087682380009031
675 0.8087682380009031
676 0.8087682380009031
677 0.8087682380009031
678 0.8087682380009031
679 0.8087682380009031
680 0.8087682380009031
681 0.8087682380009031
682 0.8087682380009031
683 0.8087682380009031
684 0.8087682380009031
685 0.8087682380009031
686 0.8087682380009031
687 0.8087682380009031
688 0.8087682380009031
689 0.8087682380009031
690 0.8087682380009031
691 0.8087682380009031
692 0.8087682380009031
693 0.8087682380009031
694 0.8087682380009031
695 0.8087682380009031
696 0.8087682380009031
697 0.8087682380009031
698 0.8087682380009031
699 0.8087682380009031
700 0.8087682380009031
701 0.8087682380009031
702 0.8087682380009031
703 0.8087682380009031
704 0.8087682380009031
705 0.8087682380009031
706 0.8087682380009031
707 0.8087682380009031
708 0.8087682380009031
709 0.8087682380009031
710 0.8087682380009031
711 0.8087682380009031
712 0.8087682380009031
713 0.8087682380009031
714 0.8087682380009031
715 0.8087682380009031
716 0.8087682380009095
717 0.8087682380009095
718 0.8087682380009095
719 0.8087682380009095
720 0.8087682380009095
721 0.8087682380009095
722 0.8087682380009095
723 0.8087682380009095
724 0.8087682380009095
725 0.8087682380009095
726 0.8087682380009095
727 0.8087682380009157
728 0.8087682380009157
729 0.8087682380009157
730 0.8087682380009157
731 0.8087682380009157
732 0.8087682380009157
733 0.8087682380009167
734 0.8087682380009167
735 0.8087682380009167
736 0.8087682380009167
737 0.8087682380009167
738 0.8087682380009167
739 0.8087682380009167
740 0.8087682380009167
741 0.8087682380009167
742 0.8087682380009167
743 0.8087682380009167
744 0.8087682380009167
745 0.8087682380009167
746 0.8087682380009167
747 0.8087682380009167
748 0.8087682380009167
749 0.8087682380009167
750 0.8087682380009167
751 0.8087682380009167
752 0.8087682380009167
753 0.8087682380009167
754 0.8087682380009167
755 0.8087682380009167
756 0.8087682380009167
757 0.8087682380009167
758 0.8087682380009187
759 0.8087682380009187
760 0.8087682380009187
761 0.8087682380009187
762 0.8087682380009187
763 0.8087682380009187
764 0.8087682380009187
765 0.8087682380009187
766 0.8087682380009187
767 0.8087682380009187
768 0.8087682380009187
769 0.8087682380009187
770 0.8087682380009187
771 0.8087682380009187
772 0.8087682380009187
773 0.8087682380009187
774 0.8087682380009187
775 0.8087682380009187
776 0.8087682380009187
777 0.8087682380009187
778 0.8087682380009187
779 0.8087682380009187
780 0.8087682380009187
781 0.8087682380009187
782 0.8087682380009187
783 0.8087682380009187
784 0.8087682380009187
785 0.8087682380009187
786 0.8087682380009187
787 0.8087682380009187
788 0.8087682380009187
789 0.8087682380009187
790 0.8087682380009187
791 0.8087682380009187
792 0.8087682380009187
793 0.8087682380009187
794 0.8087682380009187
795 0.8087682380009187
796 0.8087682380009187
797 0.8087682380009187
798 0.8087682380009187
799 0.8087682380009187
800 0.8087682380009187
801 0.8087682380009187
802 0.8087682380009187
803 0.8087682380009187
804 0.8087682380009187
805 0.8087682380009187
806 0.8087682380009187
807 0.8087682380009187
808 0.8087682380009187
809 0.8087682380009187
810 0.8087682380009187
811 0.8087682380009187
812 0.8087682380009187
813 0.8087682380009187
814 0.8087682380009187
815 0.8087682380009187
816 0.8087682380009187
817 0.8087682380009187
818 0.8087682380009187
819 0.8087682380009187
820 0.8087682380009187
821 0.8087682380009187
822 0.8087682380009187
823 0.8087682380009187
824 0.8087682380009187
825 0.8087682380009187
826 0.8087682380009187
827 0.8087682380009187
828 0.8087682380009187
829 0.8087682380009187
830 0.8087682380009187
831 0.8087682380009187
832 0.8087682380009187
833 0.8087682380009187
834 0.8087682380009187
835 0.8087682380009187
836 0.8087682380009187
837 0.8087682380009189
838 0.8087682380009189
839 0.8087682380009189
840 0.8087682380009189
841 0.8087682380009189
842 0.8087682380009189
843 0.8087682380009189
844 0.8087682380009189
845 0.8087682380009189
846 0.8087682380009189
847 0.8087682380009189
848 0.8087682380009189
849 0.8087682380009189
850 0.8087682380009189
851 0.8087682380009189
852 0.8087682380009189
853 0.8087682380009189
854 0.8087682380009189
855 0.8087682380009189
856 0.8087682380009189
857 0.8087682380009189
858 0.8087682380009189
859 0.8087682380009189
860 0.8087682380009189
861 0.8087682380009189
862 0.8087682380009189
863 0.8087682380009189
864 0.8087682380009189
865 0.8087682380009189
866 0.8087682380009189
867 0.8087682380009189
868 0.8087682380009189
869 0.8087682380009189
870 0.8087682380009189
871 0.8087682380009189
872 0.8087682380009189
873 0.8087682380009189
874 0.8087682380009189
875 0.8087682380009189
876 0.8087682380009189
877 0.8087682380009189
878 0.8087682380009189
879 0.8087682380009189
880 0.8087682380009189
881 0.8087682380009189
882 0.8087682380009189
883 0.8087682380009189
884 0.8087682380009189
885 0.8087682380009189
886 0.8087682380009189
887 0.8087682380009189
888 0.8087682380009189
889 0.8087682380009189
890 0.8087682380009189
891 0.8087682380009189
892 0.8087682380009189
893 0.8087682380009189
894 0.8087682380009189
895 0.8087682380009189
896 0.8087682380009189
897 0.8087682380009189
898 0.8087682380009189
899 0.8087682380009189
900 0.8087682380009189
901 0.8087682380009189
902 0.8087682380009189
903 0.8087682380009189
904 0.8087682380009189
905 0.8087682380009189
906 0.8087682380009189
907 0.8087682380009189
908 0.8087682380009189
909 0.8087682380009189
910 0.8087682380009189
911 0.8087682380009189
912 0.8087682380009189
913 0.8087682380009189
914 0.8087682380009189
915 0.8087682380009189
916 0.8087682380009189
917 0.8087682380009189
918 0.8087682380009189
919 0.8087682380009189
920 0.8087682380009189
921 0.8087682380009189
922 0.8087682380009189
923 0.8087682380009189
924 0.8087682380009189
925 0.8087682380009189
926 0.8087682380009189
927 0.8087682380009189
928 0.8087682380009189
929 0.8087682380009189
930 0.8087682380009189
931 0.8087682380009189
932 0.8087682380009189
933 0.8087682380009189
934 0.8087682380009189
935 0.8087682380009189
936 0.8087682380009189
937 0.8087682380009189
938 0.8087682380009189
939 0.8087682380009189
940 0.8087682380009189
941 0.8087682380009189
942 0.8087682380009189
943 0.8087682380009189
944 0.8087682380009189
945 0.8087682380009189
946 0.8087682380009189
947 0.8087682380009189
948 0.8087682380009189
949 0.8087682380009189
950 0.8087682380009189
951 0.8087682380009189
952 0.8087682380009189
953 0.8087682380009189
954 0.8087682380009189
955 0.8087682380009189
956 0.8087682380009189
957 0.8087682380009189
958 0.8087682380009189
959 0.8087682380009189
960 0.8087682380009189
961 0.8087682380009189
962 0.8087682380009189
963 0.8087682380009189
964 0.8087682380009189
965 0.8087682380009189
966 0.8087682380009189
967 0.8087682380009189
968 0.8087682380009189
969 0.8087682380009189
970 0.8087682380009189
971 0.8087682380009189
972 0.8087682380009189
973 0.8087682380009189
974 0.8087682380009189
975 0.8087682380009189
976 0.8087682380009189
977 0.8087682380009189
978 0.8087682380009189
979 0.8087682380009189
980 0.8087682380009189
981 0.8087682380009189
982 0.8087682380009189
983 0.8087682380009189
984 0.8087682380009189
985 0.8087682380009189
986 0.8087682380009189
987 0.8087682380009189
988 0.8087682380009189
989 0.8087682380009189
990 0.8087682380009189
991 0.8087682380009189
992 0.8087682380009189
993 0.8087682380009189
994 0.8087682380009189
995 0.8087682380009189
996 0.8087682380009189
997 0.8087682380009189
998 0.8087682380009189
999 0.8087682380009189
1000 0.8087682380009189
1001 0.8087682380009189
1002 0.8087682380009189
1003 0.8087682380009189
1004 0.8087682380009189
1005 0.8087682380009189
1006 0.8087682380009189
1007 0.8087682380009189
1008 0.8087682380009189
1009 0.8087682380009189
1010 0.8087682380009189
1011 0.8087682380009189
1012 0.8087682380009189
1013 0.8087682380009189
1014 0.8087682380009189
1015 0.8087682380009189
1016 0.8087682380009189
1017 0.8087682380009189
1018 0.8087682380009189
1019 0.8087682380009189
1020 0.8087682380009189
1021 0.8087682380009189
1022 0.8087682380009189
1023 0.8087682380009189
1024 0.8087682380009189
1025 0.8087682380009189
1026 0.8087682380009189
1027 0.8087682380009189
1028 0.8087682380009189
1029 0.8087682380009189
1030 0.8087682380009189
1031 0.8087682380009189
1032 0.8087682380009189
1033 0.8087682380009189
1034 0.8087682380009189
1035 0.8087682380009189
1036 0.8087682380009189
1037 0.8087682380009189
1038 0.8087682380009189
1039 0.8087682380009189
1040 0.8087682380009189
1041 0.8087682380009189
1042 0.8087682380009189
1043 0.8087682380009189
1044 0.8087682380009189
1045 0.8087682380009189
1046 0.8087682380009189
1047 0.8087682380009189
1048 0.8087682380009189
1049 0.8087682380009189
1050 0.8087682380009189
1051 0.8087682380009189
1052 0.8087682380009189
1053 0.8087682380009189
1054 0.8087682380009189
1055 0.8087682380009189
1056 0.8087682380009189
1057 0.8087682380009189
1058 0.8087682380009189
1059 0.8087682380009189
1060 0.8087682380009189
1061 0.8087682380009189
1062 0.8087682380009189
1063 0.8087682380009189
1064 0.8087682380009189
1065 0.8087682380009189
1066 0.8087682380009189
1067 0.8087682380009189
1068 0.8087682380009189
1069 0.8087682380009189
1070 0.8087682380009189
1071 0.8087682380009189
1072 0.8087682380009189
1073 0.8087682380009189
1074 0.8087682380009189
1075 0.8087682380009189
1076 0.8087682380009189
1077 0.8087682380009189
1078 0.8087682380009189
1079 0.8087682380009189
1080 0.8087682380009189
1081 0.8087682380009189
1082 0.8087682380009189
1083 0.8087682380009189
1084 0.8087682380009189
1085 0.8087682380009189
1086 0.8087682380009189
1087 0.8087682380009189
1088 0.8087682380009189
1089 0.8087682380009189
1090 0.8087682380009189
1091 0.8087682380009189
1092 0.8087682380009189
1093 0.8087682380009189
1094 0.8087682380009189
1095 0.8087682380009189
1096 0.8087682380009189
1097 0.8087682380009189
1098 0.8087682380009189
1099 0.8087682380009189
1100 0.8087682380009189
1101 0.8087682380009189
1102 0.8087682380009189
1103 0.8087682380009189
1104 0.8087682380009189
1105 0.8087682380009189
1106 0.8087682380009189
1107 0.8087682380009189
1108 0.8087682380009189
1109 0.8087682380009189
1110 0.8087682380009189
1111 0.8087682380009189
1112 0.8087682380009189
1113 0.8087682380009189
1114 0.8087682380009189
1115 0.8087682380009189
1116 0.8087682380009189
1117 0.8087682380009189
1118 0.8087682380009189
1119 0.8087682380009189
1120 0.8087682380009189
1121 0.8087682380009189
1122 0.8087682380009189
1123 0.8087682380009189
1124 0.8087682380009189
1125 0.8087682380009189
1126 0.8087682380009189
1127 0.8087682380009189
1128 0.8087682380009189
1129 0.8087682380009189
1130 0.8087682380009189
1131 0.8087682380009189
1132 0.8087682380009189
1133 0.8087682380009189
1134 0.8087682380009189
1135 0.8087682380009189
1136 0.8087682380009189
1137 0.8087682380009189
1138 0.8087682380009189
1139 0.8087682380009189
1140 0.8087682380009189
1141 0.8087682380009189
1142 0.8087682380009189
1143 0.8087682380009189
1144 0.8087682380009189
1145 0.8087682380009189
1146 0.8087682380009189
1147 0.8087682380009189
1148 0.8087682380009189
1149 0.8087682380009189
1150 0.8087682380009189
1151 0.8087682380009189
1152 0.8087682380009189
1153 0.8087682380009189
1154 0.8087682380009189
1155 0.8087682380009189
1156 0.8087682380009189
1157 0.8087682380009189
1158 0.8087682380009189
1159 0.8087682380009189
1160 0.8087682380009189
1161 0.8087682380009189
1162 0.8087682380009189
1163 0.8087682380009189
1164 0.8087682380009189
1165 0.8087682380009189
1166 0.8087682380009189
1167 0.8087682380009189
1168 0.8087682380009189
1169 0.8087682380009189
1170 0.8087682380009189
1171 0.8087682380009189
1172 0.8087682380009189
1173 0.8087682380009189
1174 0.8087682380009189
1175 0.8087682380009189
1176 0.8087682380009189
1177 0.8087682380009189
1178 0.8087682380009189
1179 0.8087682380009189
1180 0.8087682380009189
1181 0.8087682380009189
1182 0.8087682380009189
1183 0.8087682380009189
1184 0.8087682380009189
1185 0.8087682380009189
1186 0.8087682380009189
1187 0.8087682380009189
1188 0.8087682380009189
1189 0.8087682380009189
1190 0.8087682380009189
1191 0.8087682380009189
1192 0.8087682380009189
1193 0.8087682380009189
1194 0.8087682380009189
1195 0.8087682380009189
1196 0.8087682380009189
1197 0.8087682380009189
1198 0.8087682380009189
1199 0.8087682380009189
1200 0.8087682380009189
1201 0.8087682380009189
1202 0.8087682380009189
1203 0.8087682380009189
1204 0.8087682380009189
1205 0.8087682380009189
1206 0.8087682380009189
1207 0.8087682380009189
1208 0.8087682380009189
1209 0.8087682380009189
1210 0.8087682380009189
1211 0.8087682380009189
1212 0.8087682380009189
1213 0.8087682380009189
1214 0.8087682380009189
1215 0.8087682380009189
1216 0.8087682380009189
1217 0.8087682380009189
1218 0.8087682380009189
1219 0.8087682380009189
1220 0.8087682380009189
1221 0.8087682380009189
1222 0.8087682380009189
1223 0.8087682380009189
1224 0.8087682380009189
1225 0.8087682380009189
1226 0.8087682380009189
1227 0.8087682380009189
1228 0.8087682380009189
1229 0.8087682380009189
1230 0.8087682380009189
1231 0.8087682380009189
1232 0.8087682380009189
1233 0.8087682380009189
1234 0.8087682380009189
1235 0.8087682380009189
1236 0.8087682380009189
1237 0.8087682380009189
1238 0.8087682380009189
1239 0.8087682380009189
1240 0.8087682380009189
1241 0.8087682380009189
1242 0.8087682380009189
1243 0.8087682380009189
1244 0.8087682380009189
1245 0.8087682380009189
1246 0.8087682380009189
1247 0.8087682380009189
1248 0.8087682380009189
1249 0.8087682380009189
1250 0.8087682380009189
1251 0.8087682380009189
1252 0.8087682380009189
1253 0.8087682380009189
1254 0.8087682380009189
1255 0.8087682380009189
1256 0.8087682380009189
1257 0.8087682380009189
1258 0.8087682380009189
1259 0.8087682380009189
1260 0.8087682380009189
1261 0.8087682380009189
1262 0.8087682380009189
1263 0.8087682380009189
1264 0.8087682380009189
1265 0.8087682380009189
1266 0.8087682380009189
1267 0.8087682380009189
1268 0.8087682380009189
1269 0.8087682380009189
1270 0.8087682380009189
1271 0.8087682380009189
1272 0.8087682380009189
1273 0.8087682380009189
1274 0.8087682380009189
1275 0.8087682380009189
1276 0.8087682380009189
1277 0.8087682380009189
1278 0.8087682380009189
1279 0.8087682380009189
1280 0.8087682380009189
1281 0.8087682380009189
1282 0.8087682380009189
1283 0.8087682380009189
1284 0.8087682380009189
1285 0.8087682380009189
1286 0.8087682380009189
1287 0.8087682380009189
1288 0.8087682380009189
1289 0.8087682380009189
1290 0.8087682380009189
1291 0.8087682380009189
1292 0.8087682380009189
1293 0.8087682380009189
1294 0.8087682380009189
1295 0.8087682380009189
1296 0.8087682380009189
1297 0.8087682380009189
1298 0.8087682380009189
1299 0.8087682380009189
1300 0.8087682380009189
1301 0.8087682380009189
1302 0.8087682380009189
1303 0.8087682380009189
1304 0.8087682380009189
1305 0.8087682380009189
1306 0.8087682380009189
1307 0.8087682380009189
1308 0.8087682380009189
1309 0.8087682380009189
1310 0.8087682380009189
1311 0.8087682380009189
1312 0.8087682380009189
1313 0.8087682380009189
1314 0.8087682380009189
1315 0.8087682380009189
1316 0.8087682380009189
1317 0.8087682380009189
1318 0.8087682380009189
1319 0.8087682380009189
1320 0.8087682380009189
1321 0.8087682380009189
1322 0.8087682380009189
1323 0.8087682380009189
1324 0.8087682380009189
1325 0.8087682380009189
1326 0.8087682380009189
1327 0.8087682380009189
1328 0.8087682380009189
1329 0.8087682380009189
1330 0.8087682380009189
1331 0.8087682380009189
1332 0.8087682380009189
1333 0.8087682380009189
1334 0.8087682380009189
1335 0.8087682380009189
1336 0.8087682380009189
1337 0.8087682380009189
1338 0.8087682380009189
1339 0.8087682380009189
1340 0.8087682380009189
1341 0.8087682380009189
1342 0.8087682380009189
1343 0.8087682380009189
1344 0.8087682380009189
1345 0.8087682380009189
1346 0.8087682380009189
1347 0.8087682380009189
1348 0.8087682380009189
1349 0.8087682380009189
1350 0.8087682380009189
1351 0.8087682380009189
1352 0.8087682380009189
1353 0.8087682380009189
1354 0.8087682380009189
1355 0.8087682380009189
1356 0.8087682380009189
1357 0.8087682380009189
1358 0.8087682380009189
1359 0.8087682380009189
1360 0.8087682380009189
1361 0.8087682380009189
1362 0.8087682380009189
1363 0.8087682380009189
1364 0.8087682380009189
1365 0.8087682380009189
1366 0.8087682380009189
1367 0.8087682380009189
1368 0.8087682380009189
1369 0.8087682380009189
1370 0.8087682380009189
1371 0.8087682380009189
1372 0.8087682380009189
1373 0.8087682380009189
1374 0.8087682380009189
1375 0.8087682380009189
1376 0.8087682380009189
1377 0.8087682380009189
1378 0.8087682380009189
1379 0.8087682380009189
1380 0.8087682380009189
1381 0.8087682380009189
1382 0.8087682380009189
1383 0.8087682380009189
1384 0.8087682380009189
1385 0.8087682380009189
1386 0.8087682380009189
1387 0.8087682380009189
1388 0.8087682380009189
1389 0.8087682380009189
1390 0.8087682380009189
1391 0.8087682380009189
1392 0.8087682380009189
1393 0.8087682380009189
1394 0.8087682380009189
1395 0.8087682380009189
1396 0.8087682380009189
1397 0.8087682380009189
1398 0.8087682380009189
1399 0.8087682380009189
1400 0.8087682380009189
1401 0.8087682380009189
1402 0.8087682380009189
1403 0.8087682380009189
1404 0.8087682380009189
1405 0.8087682380009189
1406 0.8087682380009189
1407 0.8087682380009189
1408 0.8087682380009189
1409 0.8087682380009189
1410 0.8087682380009189
1411 0.8087682380009189
1412 0.8087682380009189
1413 0.8087682380009189
1414 0.8087682380009189
1415 0.8087682380009189
1416 0.8087682380009189
1417 0.8087682380009189
1418 0.8087682380009189
1419 0.8087682380009189
1420 0.8087682380009189
1421 0.8087682380009189
1422 0.8087682380009189
1423 0.8087682380009189
1424 0.8087682380009189
1425 0.8087682380009189
1426 0.8087682380009189
1427 0.8087682380009189
1428 0.8087682380009189
1429 0.8087682380009189
1430 0.8087682380009189
1431 0.8087682380009189
1432 0.8087682380009189
1433 0.8087682380009189
1434 0.8087682380009189
1435 0.8087682380009189
1436 0.8087682380009189
1437 0.8087682380009189
1438 0.8087682380009189
1439 0.8087682380009189
1440 0.8087682380009189
1441 0.8087682380009189
1442 0.8087682380009189
1443 0.8087682380009189
1444 0.8087682380009189
1445 0.8087682380009189
1446 0.8087682380009189
1447 0.8087682380009189
1448 0.8087682380009189
1449 0.8087682380009189
1450 0.8087682380009189
1451 0.8087682380009189
1452 0.8087682380009189
1453 0.8087682380009189
1454 0.8087682439307188
1455 0.8087682439307188
1456 0.8087682439307188
1457 0.8087682439307188
1458 0.8087682439307188
1459 0.8087682439307188
1460 0.8087682439307188
1461 0.8087682439307188
1462 0.8087682439307188
1463 0.8087682439307188
1464 0.8087682439307188
1465 0.8087682439307188
1466 0.8087682439307188
1467 0.8087682439307188
1468 0.8087682439307188
1469 0.8087682439307188
1470 0.8087682439307188
1471 0.8087682439307188
1472 0.8087682439307188
1473 0.8087682439307188
1474 0.8087682439307188
1475 0.8087682439307188
1476 0.8087682439307188
1477 0.8087682439307188
1478 0.8087682439307188
1479 0.8087682439307188
1480 0.8087682439307188
1481 0.8087682439307188
1482 0.8087682439307188
1483 0.8087682439307188
1484 0.8087682439307188
1485 0.8087682439307188
1486 0.8087682439307188
1487 0.8087682439307188
1488 0.8087682439307188
1489 0.8087682439307188
1490 0.8087682439307188
1491 0.8087682439307188
1492 0.8087682439307188
1493 0.8087682439307188
1494 0.8087682439307188
1495 0.8087682439307188
1496 0.8087682439307188
1497 0.8087682439307188
1498 0.8087682439307188
1499 0.8087682439307188
