0 -49.94250048770821
1 -49.94250048770821
2 -49.94250048770821
3 -49.94250048770821
4 -49.94250048770821
5 0.31449463143282236
6 0.31449463143282236
7 0.31449463143282236
8 0.31449463143282236
9 0.31449463143282236
10 0.31449463143282236
11 0.31449463143282236
12 0.31449463143282236
13 0.31449463143282236
14 0.31449463143282236
15 0.31449463143282236
16 0.31449463143282236
17 8.433801745867344
18 8.433801745867344
19 8.433801745867344
20 8.433801745867344
21 8.433801745867344
22 8.433801745867344
23 8.433801745867344
24 19.69872901480889
25 58.33120592658899
26 58.33120592658899
27 58.33120592658899
28 58.33120592658899
29 58.33120592658899
30 58.33120592658899
31 58.33120592658899
32 58.33120592658899
33 58.33120592658899
34 58.33120592658899
35 58.33120592658899
36 62.22093835095185
37 68.4873368865681
38 68.4873368865681
39 68.4873368865681
40 68.4873368865681
41 68.4873368865681
42 68.4873368865681
43 68.4873368865681
44 68.4873368865681
45 71.06055180462964
46 79.21208296396505
47 79.21208296396505
48 79.21208296396505
49 80.589692293382
50 80.589692293382
51 80.589692293382
52 80.589692293382
53 80.589692293382
54 111.42830169407964
55 111.42830169407964
56 111.42830169407964
57 111.42830169407964
58 111.42830169407964
59 111.42830169407964
60 111.42830169407964
61 111.42830169407964
62 111.42830169407964
63 111.42830169407964
64 111.42830169407964
65 111.42830169407964
66 111.42830169407964
67 111.42830169407964
68 111.42830169407964
69 111.42830169407964
70 111.42830169407964
71 111.42830169407964
72 111.42830169407964
73 111.42830169407964
74 111.42830169407964
75 111.42830169407964
76 111.42830169407964
77 111.42830169407964
78 111.42830169407964
79 111.42830169407964
80 111.42830169407964
81 111.42830169407964
82 111.42830169407964
83 111.42830169407964
84 111.42830169407964
85 111.42830169407964
86 111.42830169407964
87 111.42830169407964
88 111.42830169407964
89 111.42830169407964
90 111.42830169407964
91 111.42830169407964
92 111.42830169407964
93 111.42830169407964
94 111.42830169407964
95 111.42830169407964
96 111.42830169407964
97 111.42830169407964
98 111.42830169407964
99 111.42830169407964
100 111.42830169407964
101 111.42830169407964
102 111.42830169407964
103 111.42830169407964
104 111.42830169407964
105 111.42830169407964
106 111.42830169407964
107 111.42830169407964
108 111.42830169407964
109 111.42830169407964
110 111.42830169407964
111 113.14804483892031
112 113.14804483892031
113 113.14804483892031
114 127.03206019472067
115 127.03206019472067
116 127.03206019472067
117 127.03206019472067
118 129.91805789317073
119 134.4470841402261
120 134.4470841402261
121 134.4470841402261
122 134.4470841402261
123 134.4470841402261
124 134.4470841402261
125 134.4470841402261
126 134.4470841402261
127 134.4470841402261
128 134.4470841402261
129 134.4470841402261
130 134.4470841402261
131 134.4470841402261
132 148.796578560874
133 148.796578560874
134 148.796578560874
135 148.796578560874
136 148.796578560874
137 148.796578560874
138 165.76705145558728
139 165.76705145558728
140 165.76705145558728
141 165.76705145558728
142 165.76705145558728
143 165.76705145558728
144 165.76705145558728
145 165.76705145558728
146 165.76705145558728
147 165.76705145558728
148 165.76705145558728
149 165.76705145558728
150 165.76705145558728
151 165.76705145558728
152 165.76705145558728
153 165.76705145558728
154 165.76705145558728
155 165.76705145558728
156 165.76705145558728
157 165.76705145558728
158 165.76705145558728
159 165.76705145558728
160 165.76705145558728
161 165.76705145558728
162 165.76705145558728
163 165.76705145558728
164 165.76705145558728
165 165.76705145558728
166 165.76705145558728
167 165.76705145558728
168 165.76705145558728
169 165.76705145558728
170 165.76705145558728
171 165.76705145558728
172 165.76705145558728
173 165.76705145558728
174 165.76705145558728
175 165.76705145558728
176 165.76705145558728
177 165.76705145558728
178 165.76705145558728
179 165.76705145558728
180 165.76705145558728
181 165.76705145558728
182 165.76705145558728
183 165.76705145558728
184 165.76705145558728
185 165.76705145558728
186 165.76705145558728
187 165.76705145558728
188 165.76705145558728
189 165.76705145558728
190 165.76705145558728
191 165.76705145558728
192 165.76705145558728
193 165.76705145558728
194 165.76705145558728
195 165.76705145558728
196 165.76705145558728
197 165.76705145558728
198 165.76705145558728
199 165.76705145558728
200 165.76705145558728
201 165.76705145558728
202 165.76705145558728
203 165.76705145558728
204 165.76705145558728
205 165.76705145558728
206 165.76705145558728
207 165.76705145558728
208 165.76705145558728
209 165.76705145558728
210 165.76705145558728
211 165.76705145558728
212 165.76705145558728
213 165.76705145558728
214 165.76705145558728
215 165.76705145558728
216 165.76705145558728
217 165.76705145558728
218 165.76705145558728
219 165.76705145558728
220 165.76705145558728
221 165.76705145558728
222 165.76705145558728
223 165.76705145558728
224 165.76705145558728
225 165.76705145558728
226 165.76705145558728
227 165.76705145558728
228 165.76705145558728
229 165.76705145558728
230 165.76705145558728
231 165.76705145558728
232 165.76705145558728
233 165.76705145558728
234 165.76705145558728
235 165.76705145558728
236 165.76705145558728
237 165.76705145558728
238 165.76705145558728
239 165.76705145558728
240 165.76705145558728
241 165.76705145558728
242 165.76705145558728
243 165.76705145558728
244 165.76705145558728
245 165.76705145558728
246 165.76705145558728
247 165.76705145558728
248 165.76705145558728
249 165.76705145558728
250 165.76705145558728
251 165.76705145558728
252 165.76705145558728
253 165.76705145558728
254 165.76705145558728
255 165.76705145558728
256 165.76705145558728
257 165.76705145558728
258 165.76705145558728
259 165.76705145558728
260 165.76705145558728
261 165.76705145558728
262 165.76705145558728
263 165.76705145558728
264 165.76705145558728
265 165.76705145558728
266 165.76705145558728
267 165.76705145558728
268 165.76705145558728
269 165.76705145558728
270 165.76705145558728
271 165.76705145558728
272 165.76705145558728
273 165.76705145558728
274 165.76705145558728
275 165.76705145558728
276 165.76705145558728
277 165.76705145558728
278 165.76705145558728
279 165.76705145558728
280 165.76705145558728
281 165.76705145558728
282 165.76705145558728
283 165.76705145558728
284 165.76705145558728
285 165.76705145558728
286 165.76705145558728
287 165.76705145558728
288 165.76705145558728
289 165.76705145558728
290 165.76705145558728
291 165.76705145558728
292 165.76705145558728
293 165.76705145558728
294 165.76705145558728
295 165.76705145558728
296 165.76705145558728
297 165.76705145558728
298 165.76705145558728
299 165.76705145558728
300 165.76705145558728
301 165.76705145558728
302 165.76705145558728
303 165.76705145558728
304 167.3996451109649
305 167.3996451109649
306 167.3996451109649
307 167.3996451109649
308 167.3996451109649
309 167.3996451109649
310 167.3996451109649
311 167.3996451109649
312 167.3996451109649
313 167.3996451109649
314 167.3996451109649
315 167.3996451109649
316 167.3996451109649
317 167.3996451109649
318 167.3996451109649
319 167.3996451109649
320 167.3996451109649
321 167.3996451109649
322 169.0401188079066
323 169.0401188079066
324 169.0401188079066
325 169.0401188079066
326 169.0401188079066
327 169.0401188079066
328 169.0401188079066
329 169.0401188079066
330 169.0401188079066
331 169.0401188079066
332 169.0401188079066
333 169.0401188079066
334 169.0401188079066
335 169.0401188079066
336 169.0401188079066
337 169.0401188079066
338 169.0401188079066
339 169.0401188079066
340 169.0401188079066
341 169.0401188079066
342 169.0401188079066
343 169.0401188079066
344 169.0401188079066
345 169.0401188079066
346 169.0401188079066
347 169.0401188079066
348 169.0401188079066
349 169.0401188079066
350 169.0401188079066
351 169.0401188079066
352 169.0401188079066
353 169.0401188079066
354 169.0401188079066
355 169.0401188079066
356 169.0401188079066
357 169.0401188079066
358 169.0401188079066
359 169.0401188079066
360 169.0401188079066
361 169.0401188079066
362 169.0401188079066
363 169.0401188079066
364 169.0401188079066
365 169.0401188079066
366 169.0401188079066
367 169.0401188079066
368 169.0401188079066
369 169.0401188079066
370 169.0401188079066
371 169.0401188079066
372 169.0401188079066
373 169.0401188079066
374 169.0401188079066
375 169.0401188079066
376 169.0401188079066
377 169.0401188079066
378 169.0401188079066
379 169.0401188079066
380 169.0401188079066
381 169.0401188079066
382 169.0401188079066
383 169.0401188079066
384 169.0401188079066
385 169.0401188079066
386 169.0401188079066
387 169.0401188079066
388 169.0401188079066
389 169.0401188079066
390 169.0401188079066
391 169.0401188079066
392 169.0401188079066
393 169.0401188079066
394 169.0401188079066
395 169.0401188079066
396 169.0401188079066
397 169.0401188079066
398 169.0401188079066
399 169.0401188079066
400 169.0401188079066
401 169.0401188079066
402 169.0401188079066
403 169.0401188079066
404 169.0401188079066
405 169.0401188079066
406 169.0401188079066
407 169.0401188079066
408 169.0401188079066
409 169.0401188079066
410 169.0401188079066
411 169.0401188079066
412 169.0401188079066
413 169.0401188079066
414 169.0401188079066
415 169.0401188079066
416 170.94290521530604
417 170.94290521530604
418 170.94290521530604
419 170.94290521530604
420 170.94290521530604
421 170.94290521530604
422 170.94290521530604
423 170.94290521530604
424 170.94290521530604
425 170.94290521530604
426 170.94290521530604
427 170.94290521530604
428 170.94290521530604
429 170.94290521530604
430 170.94290521530604
431 170.94290521530604
432 170.94290521530604
433 170.94290521530604
434 170.94290521530604
435 170.94290521530604
436 170.94290521530604
437 170.94290521530604
438 170.94290521530604
439 170.94290521530604
440 170.94290521530604
441 170.94290521530604
442 170.94290521530604
443 170.94290521530604
444 170.94290521530604
445 170.94290521530604
446 170.94290521530604
447 170.94290521530604
448 170.94290521530604
449 170.94290521530604
450 170.94290521530604
451 170.94290521530604
452 170.94290521530604
453 170.94290521530604
454 170.94290521530604
455 170.94290521530604
456 170.94290521530604
457 170.94290521530604
458 170.94290521530604
459 170.94290521530604
460 170.94290521530604
461 170.94290521530604
462 170.94290521530604
463 170.94290521530604
464 170.94290521530604
465 170.94290521530604
466 170.94290521530604
467 170.94290521530604
468 170.94290521530604
469 170.94290521530604
470 170.94290521530604
471 170.94290521530604
472 170.94290521530604
473 170.94290521530604
474 170.94290521530604
475 170.94290521530604
476 170.94290521530604
477 170.94290521530604
478 170.94290521530604
479 170.94290521530604
480 170.94290521530604
481 170.94290521530604
482 170.94290521530604
483 170.94290521530604
484 170.94290521530604
485 170.94290521530604
486 170.94290521530604
487 170.94290521530604
488 170.94290521530604
489 170.94290521530604
490 170.94290521530604
491 170.94290521530604
492 170.94290521530604
493 170.94290521530604
494 170.94290521530604
495 170.94290521530604
496 170.94290521530604
497 170.94290521530604
498 170.94290521530604
499 170.94290521530604
500 170.94290521530604
501 170.94290521530604
502 170.94290521530604
503 170.94290521530604
504 170.94290521530604
505 170.94290521530604
506 170.94290521530604
507 170.94290521530604
508 170.94290521530604
509 170.94290521530604
510 170.94290521530604
511 170.94290521530604
512 170.94290521530604
513 170.94290521530604
514 170.94290521530604
515 170.94290521530604
516 170.94290521530604
517 170.94290521530604
518 170.94290521530604
519 170.94290521530604
520 170.94290521530604
521 170.94290521530604
522 170.94290521530604
523 170.94290521530604
524 170.94290521530604
525 170.94290521530604
526 170.94290521530604
527 170.94290521530604
528 170.94290521530604
529 170.94290521530604
530 170.94290521530604
531 170.94290521530604
532 170.94290521530604
533 170.94290521530604
534 170.94290521530604
535 170.94290521530604
536 170.94290521530604
537 170.94290521530604
538 170.94290521530604
539 170.94290521530604
540 170.94290521530604
541 170.94290521530604
542 170.94290521530604
543 170.94290521530604
544 170.94290521530604
545 170.94290521530604
546 170.94290521530604
547 170.94290521530604
548 170.94290521530604
549 170.94290521530604
550 170.94290521530604
551 170.94290521530604
552 170.94290521530604
553 170.94290521530604
554 170.94290521530604
555 170.94290521530604
556 170.94290521530604
557 170.94290521530604
558 170.94290521530604
559 170.94290521530604
560 170.94290521530604
561 170.94290521530604
562 170.94290521530604
563 170.94290521530604
564 170.94290521530604
565 170.94290521530604
566 170.94290521530604
567 170.94290521530604
568 170.94290521530604
569 170.94290521530604
570 170.94290521530604
571 170.94290521530604
572 170.94290521530604
573 170.94290521530604
574 170.94290521530604
575 170.94290521530604
576 170.94290521530604
577 170.94290521530604
578 170.94290521530604
579 170.94290521530604
580 170.94290521530604
581 170.94290521530604
582 170.94290521530604
583 170.94290521530604
584 170.94290521530604
585 170.94290521530604
586 170.94290521530604
587 170.94290521530604
588 170.94290521530604
589 170.94290521530604
590 170.94290521530604
591 170.94290521530604
592 170.94290521530604
593 170.94290521530604
594 170.94290521530604
595 170.94290521530604
596 170.94290521530604
597 170.94290521530604
598 170.94290521530604
599 170.94290521530604
600 170.94290521530604
601 170.94290521530604
602 170.94290521530604
603 170.94290521530604
604 170.94290521530604
605 170.94290521530604
606 172.92192500467564
607 172.92192500467564
608 172.92192500467564
609 172.92192500467564
610 172.92192500467564
611 172.92192500467564
612 174.27190728078767
613 174.27190728078767
614 174.27190728078767
615 174.27190728078767
616 174.27190728078767
617 174.27190728078767
618 174.27190728078767
619 174.27190728078767
620 174.27190728078767
621 174.27190728078767
622 174.27190728078767
623 174.27190728078767
624 174.27190728078767
625 174.27190728078767
626 174.27190728078767
627 174.27190728078767
628 174.27190728078767
629 174.27190728078767
630 174.27190728078767
631 174.27190728078767
632 174.27190728078767
633 174.27190728078767
634 174.27190728078767
635 174.27190728078767
636 174.27190728078767
637 174.27190728078767
638 174.27190728078767
639 174.27190728078767
640 174.27190728078767
641 174.27190728078767
642 174.27190728078767
643 174.27190728078767
644 174.27190728078767
645 174.27190728078767
646 174.27190728078767
647 174.27190728078767
648 174.27190728078767
649 174.27190728078767
650 174.27190728078767
651 174.27190728078767
652 174.27190728078767
653 174.27190728078767
654 174.27190728078767
655 174.27190728078767
656 174.27190728078767
657 174.27190728078767
658 174.27190728078767
659 175.67083582831987
660 175.67083582831987
661 175.67083582831987
662 175.67083582831987
663 175.67083582831987
664 175.67083582831987
665 175.67083582831987
666 175.67083582831987
667 175.67083582831987
668 175.67083582831987
669 175.67083582831987
670 175.67083582831987
671 175.67083582831987
672 175.67083582831987
673 175.67083582831987
674 175.67083582831987
675 175.67083582831987
676 175.67083582831987
677 175.67083582831987
678 175.67083582831987
679 175.67083582831987
680 175.67083582831987
681 175.67083582831987
682 175.67083582831987
683 175.67083582831987
684 175.67083582831987
685 175.67083582831987
686 175.67083582831987
687 175.67083582831987
688 175.8573218736103
689 175.8573218736103
690 175.8573218736103
691 175.8573218736103
692 175.8573218736103
693 175.8573218736103
694 175.8573218736103
695 175.8573218736103
696 175.8573218736103
697 175.8573218736103
698 175.8573218736103
699 175.8573218736103
700 175.8573218736103
701 175.8573218736103
702 175.8573218736103
703 175.8573218736103
704 175.8573218736103
705 175.8573218736103
706 175.8573218736103
707 175.8573218736103
708 175.8573218736103
709 175.8573218736103
710 175.8573218736103
711 175.8573218736103
712 175.8573218736103
713 175.8573218736103
714 175.8573218736103
715 175.8573218736103
716 175.8573218736103
717 175.8573218736103
718 175.8573218736103
719 175.8573218736103
720 175.8573218736103
721 175.8573218736103
722 175.8573218736103
723 175.8573218736103
724 175.8573218736103
725 175.8573218736103
726 175.8573218736103
727 175.8573218736103
728 175.8573218736103
729 175.8573218736103
730 175.8573218736103
731 175.8573218736103
732 175.8573218736103
733 175.8573218736103
734 175.8573218736103
735 175.8573218736103
736 175.8573218736103
737 175.8573218736103
738 175.8573218736103
739 175.8573218736103
740 175.8573218736103
741 175.8573218736103
742 175.8573218736103
743 175.8573218736103
744 175.8573218736103
745 175.8573218736103
746 175.8573218736103
747 175.8573218736103
748 175.8573218736103
749 175.8573218736103
750 175.8573218736103
751 175.8573218736103
752 175.8573218736103
753 175.8573218736103
754 175.8573218736103
755 175.8573218736103
756 175.8573218736103
757 175.8573218736103
758 175.8573218736103
759 175.8573218736103
760 175.8573218736103
761 175.8573218736103
762 175.8573218736103
763 175.8573218736103
764 175.8573218736103
765 175.8573218736103
766 175.8573218736103
767 175.8573218736103
768 175.8573218736103
769 175.8573218736103
770 175.8573218736103
771 175.8573218736103
772 175.8573218736103
773 175.8573218736103
774 175.8573218736103
775 175.8573218736103
776 175.8573218736103
777 175.8573218736103
778 175.8573218736103
779 175.8573218736103
780 175.8573218736103
781 175.8573218736103
782 175.8573218736103
783 175.8573218736103
784 175.8573218736103
785 175.8573218736103
786 175.8573218736103
787 175.8573218736103
788 175.8573218736103
789 175.8573218736103
790 175.8573218736103
791 175.8573218736103
792 175.8573218736103
793 175.8573218736103
794 175.8573218736103
795 175.8573218736103
796 175.8573218736103
797 175.8573218736103
798 175.8573218736103
799 175.8573218736103
800 175.8573218736103
801 175.8573218736103
802 175.8573218736103
803 175.8573218736103
804 175.8573218736103
805 175.8573218736103
806 175.8573218736103
807 175.8573218736103
808 175.8573218736103
809 175.8573218736103
810 175.8573218736103
811 175.8573218736103
812 175.8573218736103
813 175.8573218736103
814 175.8573218736103
815 175.8573218736103
816 175.8573218736103
817 175.8573218736103
818 175.8573218736103
819 175.8573218736103
820 175.8573218736103
821 175.8573218736103
822 175.8573218736103
823 175.8573218736103
824 175.8573218736103
825 175.8573218736103
826 175.8573218736103
827 175.8573218736103
828 175.8573218736103
829 175.8573218736103
830 175.8573218736103
831 175.8573218736103
832 175.8573218736103
833 175.8573218736103
834 175.8573218736103
835 175.8573218736103
836 175.8573218736103
837 175.8573218736103
838 175.8573218736103
839 175.8573218736103
840 175.8573218736103
841 175.8573218736103
842 175.8573218736103
843 175.8573218736103
844 175.8573218736103
845 175.8573218736103
846 175.8573218736103
847 175.8573218736103
848 175.8573218736103
849 175.8573218736103
850 175.8573218736103
851 175.8573218736103
852 175.8573218736103
853 175.8573218736103
854 175.8573218736103
855 175.8573218736103
856 175.8573218736103
857 175.8573218736103
858 175.8573218736103
859 175.8573218736103
860 175.8573218736103
861 175.8573218736103
862 175.8573218736103
863 175.8573218736103
864 179.27963858569316
865 179.27963858569316
866 179.27963858569316
867 179.27963858569316
868 179.27963858569316
869 179.27963858569316
870 179.27963858569316
871 179.27963858569316
872 179.27963858569316
873 179.27963858569316
874 179.27963858569316
875 179.27963858569316
876 179.27963858569316
877 179.27963858569316
878 179.27963858569316
879 179.27963858569316
880 179.27963858569316
881 179.27963858569316
882 179.27963858569316
883 179.27963858569316
884 179.27963858569316
885 179.27963858569316
886 179.27963858569316
887 179.27963858569316
888 179.27963858569316
889 179.27963858569316
890 179.27963858569316
891 179.27963858569316
892 179.27963858569316
893 179.27963858569316
894 179.27963858569316
895 179.27963858569316
896 179.27963858569316
897 179.27963858569316
898 186.08489878168604
899 186.08489878168604
900 186.08489878168604
901 186.08489878168604
902 186.08489878168604
903 186.08489878168604
904 186.08489878168604
905 186.08489878168604
906 186.08489878168604
907 186.08489878168604
908 186.08489878168604
909 186.08489878168604
910 186.08489878168604
911 186.08489878168604
912 186.08489878168604
913 186.08489878168604
914 186.08489878168604
915 186.08489878168604
916 186.08489878168604
917 186.08489878168604
918 186.08489878168604
919 186.08489878168604
920 186.08489878168604
921 186.08489878168604
922 186.08489878168604
923 186.08489878168604
924 186.08489878168604
925 186.08489878168604
926 186.08489878168604
927 186.08489878168604
928 186.08489878168604
929 186.08489878168604
930 186.08489878168604
931 186.08489878168604
932 186.08489878168604
933 186.08489878168604
934 186.08489878168604
935 186.08489878168604
936 186.08489878168604
937 186.08489878168604
938 186.08489878168604
939 186.08489878168604
940 186.08489878168604
941 186.08489878168604
942 186.08489878168604
943 186.08489878168604
944 186.08489878168604
945 186.08489878168604
946 186.08489878168604
947 186.08489878168604
948 186.08489878168604
949 186.08489878168604
950 186.08489878168604
951 186.08489878168604
952 186.08489878168604
953 186.08489878168604
954 186.08489878168604
955 186.08489878168604
956 186.08489878168604
957 186.08489878168604
958 186.08489878168604
959 186.08489878168604
960 186.08489878168604
961 186.08489878168604
962 186.08489878168604
963 186.08489878168604
964 186.08489878168604
965 186.08489878168604
966 186.08489878168604
967 186.08489878168604
968 186.08489878168604
969 186.08489878168604
970 186.08489878168604
971 186.08489878168604
972 186.08489878168604
973 186.08489878168604
974 186.08489878168604
975 186.08489878168604
976 186.08489878168604
977 186.08489878168604
978 186.08489878168604
979 186.08489878168604
980 186.08489878168604
981 186.08489878168604
982 186.08489878168604
983 186.08489878168604
984 186.08489878168604
985 186.08489878168604
986 186.08489878168604
987 186.08489878168604
988 186.08489878168604
989 186.08489878168604
990 186.08489878168604
991 186.08489878168604
992 186.08489878168604
993 186.08489878168604
994 186.08489878168604
995 186.08489878168604
996 186.08489878168604
997 186.08489878168604
998 186.08489878168604
999 186.08489878168604
1000 186.16387656528582
1001 186.16387656528582
1002 186.16387656528582
1003 186.16387656528582
1004 186.16387656528582
1005 186.16387656528582
1006 186.16387656528582
1007 186.16387656528582
1008 186.16387656528582
1009 186.16387656528582
1010 186.16387656528582
1011 186.16387656528582
1012 186.16387656528582
1013 186.16387656528582
1014 186.16387656528582
1015 186.16387656528582
1016 186.16387656528582
1017 186.16387656528582
1018 186.16387656528582
1019 186.16387656528582
1020 186.16387656528582
1021 186.16387656528582
1022 186.16387656528582
1023 186.16387656528582
1024 186.16387656528582
1025 186.16387656528582
1026 186.16387656528582
1027 186.16387656528582
1028 186.16387656528582
1029 186.16387656528582
1030 186.16387656528582
1031 186.16387656528582
1032 186.16387656528582
1033 186.16387656528582
1034 186.16387656528582
1035 186.16387656528582
1036 186.16387656528582
1037 186.16387656528582
1038 186.16387656528582
1039 186.16387656528582
1040 186.16387656528582
1041 186.16387656528582
1042 186.16387656528582
1043 186.16387656528582
1044 186.16387656528582
1045 186.16387656528582
1046 186.16387656528582
1047 186.16387656528582
1048 186.16387656528582
1049 186.16387656528582
1050 186.16387656528582
1051 186.16387656528582
1052 186.16387656528582
1053 186.16387656528582
1054 186.16387656528582
1055 186.16387656528582
1056 186.16387656528582
1057 186.16387656528582
1058 186.16387656528582
1059 186.16387656528582
1060 186.16387656528582
1061 186.16387656528582
1062 186.16387656528582
1063 186.16387656528582
1064 186.16387656528582
1065 186.16387656528582
1066 186.16387656528582
1067 186.16387656528582
1068 186.16387656528582
1069 186.16387656528582
1070 186.16387656528582
1071 186.16387656528582
1072 186.16387656528582
1073 186.16387656528582
1074 186.16387656528582
1075 186.16387656528582
1076 186.16387656528582
1077 186.16387656528582
1078 186.16387656528582
1079 186.16387656528582
1080 186.16387656528582
1081 186.16387656528582
1082 186.16387656528582
1083 186.16387656528582
1084 187.20752623900606
1085 187.20752623900606
1086 187.20752623900606
1087 187.20752623900606
1088 187.20752623900606
1089 187.20752623900606
1090 187.20752623900606
1091 187.20752623900606
1092 187.20752623900606
1093 187.20752623900606
1094 187.20752623900606
1095 187.20752623900606
1096 187.20752623900606
1097 187.20752623900606
1098 187.20752623900606
1099 187.20752623900606
1100 187.20752623900606
1101 187.20752623900606
1102 187.20752623900606
1103 187.20752623900606
1104 187.20752623900606
1105 187.20752623900606
1106 187.20752623900606
1107 187.20752623900606
1108 187.20752623900606
1109 187.20752623900606
1110 187.20752623900606
1111 187.20752623900606
1112 187.20752623900606
1113 187.20752623900606
1114 187.20752623900606
1115 187.20752623900606
1116 187.20752623900606
1117 187.20752623900606
1118 187.20752623900606
1119 187.20752623900606
1120 187.20752623900606
1121 187.20752623900606
1122 187.20752623900606
1123 187.20752623900606
1124 187.20752623900606
1125 187.20752623900606
1126 187.20752623900606
1127 187.20752623900606
1128 187.20752623900606
1129 187.20752623900606
1130 187.20752623900606
1131 187.20752623900606
1132 187.20752623900606
1133 187.20752623900606
1134 187.20752623900606
1135 187.20752623900606
1136 187.20752623900606
1137 187.20752623900606
1138 187.20752623900606
1139 187.20752623900606
1140 187.20752623900606
1141 187.20752623900606
1142 187.20752623900606
1143 187.20752623900606
1144 187.20752623900606
1145 187.20752623900606
1146 187.20752623900606
1147 187.20752623900606
1148 187.20752623900606
1149 187.20752623900606
1150 187.20752623900606
1151 187.20752623900606
1152 187.20752623900606
1153 187.20752623900606
1154 187.20752623900606
1155 187.20752623900606
1156 187.20752623900606
1157 187.20752623900606
1158 187.20752623900606
1159 187.20752623900606
1160 187.20752623900606
1161 187.20752623900606
1162 187.20752623900606
1163 187.20752623900606
1164 187.20752623900606
1165 187.20752623900606
1166 187.20752623900606
1167 187.20752623900606
1168 187.20752623900606
1169 187.20752623900606
1170 187.20752623900606
1171 187.20752623900606
1172 187.20752623900606
1173 187.20752623900606
1174 187.20752623900606
1175 187.20752623900606
1176 187.20752623900606
1177 187.20752623900606
1178 187.20752623900606
1179 187.20752623900606
1180 187.20752623900606
1181 187.20752623900606
1182 187.20752623900606
1183 187.20752623900606
1184 187.20752623900606
1185 187.20752623900606
1186 187.20752623900606
1187 187.20752623900606
1188 187.20752623900606
1189 187.20752623900606
1190 187.20752623900606
1191 187.20752623900606
1192 187.20752623900606
1193 187.20752623900606
1194 187.20752623900606
1195 187.20752623900606
1196 187.20752623900606
1197 187.20752623900606
1198 187.20752623900606
1199 187.20752623900606
1200 187.20752623900606
1201 187.20752623900606
1202 187.20752623900606
1203 187.20752623900606
1204 187.20752623900606
1205 187.20752623900606
1206 187.20752623900606
1207 187.20752623900606
1208 187.20752623900606
1209 187.20752623900606
1210 187.20752623900606
1211 187.20752623900606
1212 187.20752623900606
1213 187.20752623900606
1214 187.20752623900606
1215 187.20752623900606
1216 187.20752623900606
1217 187.20752623900606
1218 187.20752623900606
1219 187.20752623900606
1220 187.20752623900606
1221 187.20752623900606
1222 187.20752623900606
1223 187.20752623900606
1224 187.20752623900606
1225 187.20752623900606
1226 187.20752623900606
1227 187.20752623900606
1228 187.20752623900606
1229 187.20752623900606
1230 187.20752623900606
1231 187.20752623900606
1232 187.20752623900606
1233 187.20752623900606
1234 187.20752623900606
1235 187.20752623900606
1236 187.20752623900606
1237 187.20752623900606
1238 187.20752623900606
1239 187.20752623900606
1240 187.20752623900606
1241 187.20752623900606
1242 187.20752623900606
1243 187.20752623900606
1244 187.20752623900606
1245 187.20752623900606
1246 187.20752623900606
1247 187.20752623900606
1248 187.20752623900606
1249 187.20752623900606
1250 187.20752623900606
1251 187.20752623900606
1252 187.20752623900606
1253 187.20752623900606
1254 187.20752623900606
1255 187.20752623900606
1256 187.20752623900606
1257 187.20752623900606
1258 187.20752623900606
1259 187.20752623900606
1260 187.20752623900606
1261 187.20752623900606
1262 187.20752623900606
1263 187.20752623900606
1264 187.20752623900606
1265 187.20752623900606
1266 187.20752623900606
1267 187.20752623900606
1268 187.20752623900606
1269 187.20752623900606
1270 187.20752623900606
1271 187.20752623900606
1272 187.20752623900606
1273 187.20752623900606
1274 187.20752623900606
1275 187.20752623900606
1276 187.20752623900606
1277 187.20752623900606
1278 187.20752623900606
1279 187.20752623900606
1280 187.20752623900606
1281 187.20752623900606
1282 187.20752623900606
1283 187.20752623900606
1284 187.20752623900606
1285 187.20752623900606
1286 187.20752623900606
1287 187.20752623900606
1288 187.20752623900606
1289 187.20752623900606
1290 187.20752623900606
1291 187.20752623900606
1292 187.20752623900606
1293 187.20752623900606
1294 187.20752623900606
1295 187.20752623900606
1296 187.20752623900606
1297 187.20752623900606
1298 187.20752623900606
1299 187.20752623900606
1300 187.20752623900606
1301 187.20752623900606
1302 187.20752623900606
1303 187.20752623900606
1304 187.20752623900606
1305 187.20752623900606
1306 187.20752623900606
1307 187.20752623900606
1308 187.20752623900606
1309 187.20752623900606
1310 187.20752623900606
1311 187.20752623900606
1312 187.20752623900606
1313 187.20752623900606
1314 187.20752623900606
1315 187.20752623900606
1316 187.20752623900606
1317 187.20752623900606
1318 187.20752623900606
1319 187.20752623900606
1320 187.20752623900606
1321 187.20752623900606
1322 187.20752623900606
1323 187.20752623900606
1324 187.20752623900606
1325 187.20752623900606
1326 187.20752623900606
1327 187.20752623900606
1328 187.20752623900606
1329 187.20752623900606
1330 187.20752623900606
1331 187.20752623900606
1332 187.20752623900606
1333 187.20752623900606
1334 187.20752623900606
1335 187.20752623900606
1336 187.20752623900606
1337 187.20752623900606
1338 187.20752623900606
1339 187.20752623900606
1340 187.20752623900606
1341 187.20752623900606
1342 187.20752623900606
1343 187.20752623900606
1344 187.20752623900606
1345 187.20752623900606
1346 187.20752623900606
1347 187.20752623900606
1348 187.20752623900606
1349 187.20752623900606
1350 187.20752623900606
1351 187.20752623900606
1352 187.20752623900606
1353 187.20752623900606
1354 187.20752623900606
1355 187.20752623900606
1356 187.20752623900606
1357 187.20752623900606
1358 187.20752623900606
1359 187.20752623900606
1360 187.20752623900606
1361 187.20752623900606
1362 187.20752623900606
1363 187.20752623900606
1364 187.20752623900606
1365 187.20752623900606
1366 187.20752623900606
1367 187.20752623900606
1368 187.20752623900606
1369 187.20752623900606
1370 187.20752623900606
1371 187.20752623900606
1372 187.20752623900606
1373 187.20752623900606
1374 187.20752623900606
1375 187.20752623900606
1376 187.20752623900606
1377 187.20752623900606
1378 187.20752623900606
1379 187.20752623900606
1380 187.20752623900606
1381 187.20752623900606
1382 188.93990786244282
1383 188.93990786244282
1384 188.93990786244282
1385 188.93990786244282
1386 188.93990786244282
1387 188.93990786244282
1388 188.93990786244282
1389 188.93990786244282
1390 188.93990786244282
1391 188.93990786244282
1392 188.93990786244282
1393 188.93990786244282
1394 188.93990786244282
1395 188.93990786244282
1396 188.93990786244282
1397 188.93990786244282
1398 188.93990786244282
1399 188.93990786244282
1400 188.93990786244282
1401 188.93990786244282
1402 188.93990786244282
1403 188.93990786244282
1404 188.93990786244282
1405 188.93990786244282
1406 188.93990786244282
1407 188.93990786244282
1408 188.93990786244282
1409 188.93990786244282
1410 188.93990786244282
1411 188.93990786244282
1412 188.93990786244282
1413 188.93990786244282
1414 188.93990786244282
1415 188.93990786244282
1416 188.93990786244282
1417 188.93990786244282
1418 188.93990786244282
1419 188.93990786244282
1420 188.93990786244282
1421 188.93990786244282
1422 188.93990786244282
1423 188.93990786244282
1424 188.93990786244282
1425 188.93990786244282
1426 188.93990786244282
1427 188.93990786244282
1428 188.93990786244282
1429 188.93990786244282
1430 188.93990786244282
1431 188.93990786244282
1432 188.93990786244282
1433 188.93990786244282
1434 188.93990786244282
1435 188.93990786244282
1436 188.93990786244282
1437 188.93990786244282
1438 188.93990786244282
1439 188.93990786244282
1440 188.93990786244282
1441 188.93990786244282
1442 188.93990786244282
1443 188.93990786244282
1444 188.93990786244282
1445 188.93990786244282
1446 188.93990786244282
1447 188.93990786244282
1448 188.93990786244282
1449 188.93990786244282
1450 188.93990786244282
1451 188.93990786244282
1452 188.93990786244282
1453 188.93990786244282
1454 188.93990786244282
1455 188.93990786244282
1456 188.93990786244282
1457 188.93990786244282
1458 188.93990786244282
1459 188.93990786244282
1460 188.93990786244282
1461 188.93990786244282
1462 188.93990786244282
1463 188.93990786244282
1464 188.93990786244282
1465 188.93990786244282
1466 188.93990786244282
1467 188.93990786244282
1468 188.93990786244282
1469 188.93990786244282
1470 188.93990786244282
1471 188.93990786244282
1472 188.93990786244282
1473 188.93990786244282
1474 188.93990786244282
1475 188.93990786244282
1476 188.93990786244282
1477 188.93990786244282
1478 188.93990786244282
1479 188.93990786244282
1480 188.93990786244282
1481 188.93990786244282
1482 188.93990786244282
1483 188.93990786244282
1484 188.93990786244282
1485 188.93990786244282
1486 188.93990786244282
1487 188.93990786244282
1488 188.93990786244282
1489 188.93990786244282
1490 188.93990786244282
1491 188.93990786244282
1492 188.93990786244282
1493 188.93990786244282
1494 188.93990786244282
1495 188.93990786244282
1496 188.93990786244282
1497 188.93990786244282
1498 188.93990786244282
1499 188.93990786244282
1500 188.93990786244282
1501 188.93990786244282
1502 188.93990786244282
1503 188.93990786244282
1504 188.93990786244282
1505 188.93990786244282
1506 188.93990786244282
1507 188.93990786244282
1508 188.93990786244282
1509 188.93990786244282
1510 188.93990786244282
1511 188.93990786244282
1512 188.93990786244282
1513 188.93990786244282
1514 188.93990786244282
1515 188.93990786244282
1516 188.93990786244282
1517 188.93990786244282
1518 188.93990786244282
1519 188.93990786244282
1520 188.93990786244282
1521 188.93990786244282
1522 188.93990786244282
1523 188.93990786244282
1524 188.93990786244282
1525 188.93990786244282
1526 188.93990786244282
1527 188.93990786244282
1528 188.93990786244282
1529 188.93990786244282
1530 188.93990786244282
1531 188.93990786244282
1532 188.93990786244282
1533 188.93990786244282
1534 188.93990786244282
1535 188.93990786244282
1536 188.93990786244282
1537 188.93990786244282
1538 188.93990786244282
1539 188.93990786244282
1540 188.93990786244282
1541 188.93990786244282
1542 188.93990786244282
1543 188.93990786244282
1544 188.93990786244282
1545 188.93990786244282
1546 188.93990786244282
1547 188.93990786244282
1548 188.93990786244282
1549 188.93990786244282
1550 188.93990786244282
1551 188.93990786244282
1552 188.93990786244282
1553 188.93990786244282
1554 188.93990786244282
1555 188.93990786244282
1556 188.93990786244282
1557 188.93990786244282
1558 188.93990786244282
1559 188.93990786244282
1560 188.93990786244282
1561 188.93990786244282
1562 188.93990786244282
1563 188.93990786244282
1564 188.93990786244282
1565 188.93990786244282
1566 188.93990786244282
1567 188.93990786244282
1568 188.93990786244282
1569 188.93990786244282
1570 188.93990786244282
1571 188.93990786244282
1572 188.93990786244282
1573 188.93990786244282
1574 188.93990786244282
1575 188.93990786244282
1576 188.93990786244282
1577 188.93990786244282
1578 188.93990786244282
1579 188.93990786244282
1580 188.93990786244282
1581 188.93990786244282
1582 188.93990786244282
1583 188.93990786244282
1584 188.93990786244282
1585 188.93990786244282
1586 188.93990786244282
1587 188.93990786244282
1588 188.93990786244282
1589 188.93990786244282
1590 188.93990786244282
1591 188.93990786244282
1592 188.93990786244282
1593 188.93990786244282
1594 188.93990786244282
1595 188.93990786244282
1596 188.93990786244282
1597 188.93990786244282
1598 188.93990786244282
1599 188.93990786244282
1600 188.93990786244282
1601 188.93990786244282
1602 188.93990786244282
1603 188.93990786244282
1604 188.93990786244282
1605 188.93990786244282
1606 188.93990786244282
1607 188.93990786244282
1608 188.93990786244282
1609 188.93990786244282
1610 188.93990786244282
1611 188.93990786244282
1612 188.93990786244282
1613 188.93990786244282
1614 188.93990786244282
1615 188.93990786244282
1616 188.93990786244282
1617 188.93990786244282
1618 188.93990786244282
1619 188.93990786244282
1620 188.93990786244282
1621 188.93990786244282
1622 188.93990786244282
1623 188.93990786244282
1624 188.93990786244282
1625 188.93990786244282
1626 188.93990786244282
1627 188.93990786244282
1628 188.93990786244282
1629 188.93990786244282
1630 188.93990786244282
1631 188.93990786244282
1632 188.93990786244282
1633 188.93990786244282
1634 188.93990786244282
1635 188.93990786244282
1636 188.93990786244282
1637 188.93990786244282
1638 188.93990786244282
1639 188.93990786244282
1640 188.93990786244282
1641 188.93990786244282
1642 188.93990786244282
1643 188.93990786244282
1644 188.93990786244282
1645 188.93990786244282
1646 188.93990786244282
1647 188.93990786244282
1648 188.93990786244282
1649 188.93990786244282
1650 188.93990786244282
1651 188.93990786244282
1652 188.93990786244282
1653 188.93990786244282
1654 188.93990786244282
1655 188.93990786244282
1656 188.93990786244282
1657 188.93990786244282
1658 188.93990786244282
1659 188.93990786244282
1660 188.93990786244282
1661 188.93990786244282
1662 188.93990786244282
1663 188.93990786244282
1664 188.93990786244282
1665 188.93990786244282
1666 188.93990786244282
1667 188.93990786244282
1668 188.93990786244282
1669 188.93990786244282
1670 188.93990786244282
1671 188.93990786244282
1672 188.93990786244282
1673 188.93990786244282
1674 188.93990786244282
1675 188.93990786244282
1676 188.93990786244282
1677 188.93990786244282
1678 188.93990786244282
1679 188.93990786244282
1680 188.93990786244282
1681 188.93990786244282
1682 188.93990786244282
1683 188.93990786244282
1684 188.93990786244282
1685 188.93990786244282
1686 188.93990786244282
1687 188.93990786244282
1688 188.93990786244282
1689 188.93990786244282
1690 188.93990786244282
1691 188.93990786244282
1692 188.93990786244282
1693 188.93990786244282
1694 188.93990786244282
1695 188.93990786244282
1696 188.93990786244282
1697 188.93990786244282
1698 188.93990786244282
1699 188.93990786244282
1700 188.93990786244282
1701 188.93990786244282
1702 188.93990786244282
1703 188.93990786244282
1704 188.93990786244282
1705 188.93990786244282
1706 188.93990786244282
1707 188.93990786244282
1708 188.93990786244282
1709 188.93990786244282
1710 188.93990786244282
1711 188.93990786244282
1712 188.93990786244282
1713 188.93990786244282
1714 188.93990786244282
1715 188.93990786244282
1716 188.93990786244282
1717 188.93990786244282
1718 188.93990786244282
1719 188.93990786244282
1720 188.93990786244282
1721 188.93990786244282
1722 188.93990786244282
1723 188.93990786244282
1724 188.93990786244282
1725 188.93990786244282
1726 188.93990786244282
1727 188.93990786244282
1728 188.93990786244282
1729 188.93990786244282
1730 188.93990786244282
1731 188.93990786244282
1732 188.93990786244282
1733 188.93990786244282
1734 188.93990786244282
1735 188.93990786244282
1736 188.93990786244282
1737 188.93990786244282
1738 188.93990786244282
1739 188.93990786244282
1740 188.93990786244282
1741 188.93990786244282
1742 188.93990786244282
1743 188.93990786244282
1744 188.93990786244282
1745 188.93990786244282
1746 188.93990786244282
1747 188.93990786244282
1748 188.93990786244282
1749 188.93990786244282
1750 188.93990786244282
1751 188.93990786244282
1752 188.93990786244282
1753 188.93990786244282
1754 188.93990786244282
1755 188.93990786244282
1756 188.93990786244282
1757 188.93990786244282
1758 188.93990786244282
1759 188.93990786244282
1760 188.93990786244282
1761 188.93990786244282
1762 188.93990786244282
1763 188.93990786244282
1764 188.93990786244282
1765 188.93990786244282
1766 188.93990786244282
1767 188.93990786244282
1768 188.93990786244282
1769 188.93990786244282
1770 188.93990786244282
1771 188.93990786244282
1772 188.93990786244282
1773 188.93990786244282
1774 188.93990786244282
1775 188.93990786244282
1776 188.93990786244282
1777 188.93990786244282
1778 188.93990786244282
1779 188.93990786244282
1780 188.93990786244282
1781 188.93990786244282
1782 188.93990786244282
1783 188.93990786244282
1784 188.93990786244282
1785 188.93990786244282
1786 188.93990786244282
1787 188.93990786244282
1788 188.93990786244282
1789 188.93990786244282
1790 188.93990786244282
1791 188.93990786244282
1792 188.93990786244282
1793 188.93990786244282
1794 188.93990786244282
1795 188.93990786244282
1796 188.93990786244282
1797 188.93990786244282
1798 188.93990786244282
1799 188.93990786244282
1800 188.93990786244282
1801 188.93990786244282
1802 188.93990786244282
1803 188.93990786244282
1804 188.93990786244282
1805 188.93990786244282
1806 188.93990786244282
1807 188.93990786244282
1808 188.93990786244282
1809 188.93990786244282
1810 188.93990786244282
1811 188.93990786244282
1812 188.93990786244282
1813 188.93990786244282
1814 188.93990786244282
1815 188.93990786244282
1816 188.93990786244282
1817 188.93990786244282
1818 188.93990786244282
1819 188.93990786244282
1820 188.93990786244282
1821 188.93990786244282
1822 188.93990786244282
1823 188.93990786244282
1824 188.93990786244282
1825 188.93990786244282
1826 188.93990786244282
1827 188.93990786244282
1828 188.93990786244282
1829 188.93990786244282
1830 188.93990786244282
1831 188.93990786244282
1832 188.93990786244282
1833 188.93990786244282
1834 188.93990786244282
1835 188.93990786244282
1836 188.93990786244282
1837 188.93990786244282
1838 188.93990786244282
1839 188.93990786244282
1840 188.93990786244282
1841 188.93990786244282
1842 188.93990786244282
1843 188.93990786244282
1844 188.93990786244282
1845 188.93990786244282
1846 188.93990786244282
1847 188.93990786244282
1848 188.93990786244282
1849 188.93990786244282
1850 188.93990786244282
1851 188.93990786244282
1852 188.93990786244282
1853 188.93990786244282
1854 188.93990786244282
1855 188.93990786244282
1856 188.93990786244282
1857 188.93990786244282
1858 188.93990786244282
1859 188.93990786244282
1860 188.93990786244282
1861 188.93990786244282
1862 188.93990786244282
1863 188.93990786244282
1864 188.93990786244282
1865 188.93990786244282
1866 188.93990786244282
1867 188.93990786244282
1868 188.93990786244282
1869 188.93990786244282
1870 188.93990786244282
1871 188.93990786244282
1872 188.93990786244282
1873 188.93990786244282
1874 188.93990786244282
1875 188.93990786244282
1876 188.93990786244282
1877 188.93990786244282
1878 188.93990786244282
1879 188.93990786244282
1880 188.93990786244282
1881 188.93990786244282
1882 188.93990786244282
1883 188.93990786244282
1884 188.93990786244282
1885 188.93990786244282
1886 188.93990786244282
1887 188.93990786244282
1888 188.93990786244282
1889 188.93990786244282
1890 188.93990786244282
1891 188.93990786244282
1892 188.93990786244282
1893 188.93990786244282
1894 188.93990786244282
1895 188.93990786244282
1896 188.93990786244282
1897 188.93990786244282
1898 188.93990786244282
1899 188.93990786244282
1900 188.93990786244282
1901 188.93990786244282
1902 188.93990786244282
1903 188.93990786244282
1904 188.93990786244282
1905 188.93990786244282
1906 188.93990786244282
1907 188.93990786244282
1908 188.93990786244282
1909 188.93990786244282
1910 188.93990786244282
1911 188.93990786244282
1912 188.93990786244282
1913 188.93990786244282
1914 188.93990786244282
1915 188.93990786244282
1916 188.93990786244282
1917 188.93990786244282
1918 188.93990786244282
1919 188.93990786244282
1920 188.93990786244282
1921 188.93990786244282
1922 188.93990786244282
1923 188.93990786244282
1924 188.93990786244282
1925 188.93990786244282
1926 188.93990786244282
1927 188.93990786244282
1928 188.93990786244282
1929 188.93990786244282
1930 188.93990786244282
1931 188.93990786244282
1932 188.93990786244282
1933 188.93990786244282
1934 188.93990786244282
1935 188.93990786244282
1936 188.93990786244282
1937 188.93990786244282
1938 188.93990786244282
1939 188.93990786244282
1940 188.93990786244282
1941 188.93990786244282
1942 188.93990786244282
1943 188.93990786244282
1944 188.93990786244282
1945 188.93990786244282
1946 188.93990786244282
1947 188.93990786244282
1948 188.93990786244282
1949 188.93990786244282
1950 188.93990786244282
1951 188.93990786244282
1952 188.93990786244282
1953 188.93990786244282
1954 188.93990786244282
1955 188.93990786244282
1956 188.93990786244282
1957 188.93990786244282
1958 188.93990786244282
1959 188.93990786244282
1960 188.93990786244282
1961 188.93990786244282
1962 188.93990786244282
1963 188.93990786244282
1964 188.93990786244282
1965 188.93990786244282
1966 188.93990786244282
1967 188.93990786244282
1968 188.93990786244282
1969 188.93990786244282
1970 188.93990786244282
1971 188.93990786244282
1972 188.93990786244282
1973 188.93990786244282
1974 188.93990786244282
1975 188.93990786244282
1976 188.93990786244282
1977 188.93990786244282
1978 188.93990786244282
1979 188.93990786244282
1980 188.93990786244282
1981 188.93990786244282
1982 188.93990786244282
1983 188.93990786244282
1984 188.93990786244282
1985 188.93990786244282
1986 188.93990786244282
1987 188.93990786244282
1988 188.93990786244282
1989 188.93990786244282
1990 188.93990786244282
1991 188.93990786244282
1992 188.93990786244282
1993 188.93990786244282
1994 188.93990786244282
1995 188.93990786244282
1996 188.93990786244282
1997 188.93990786244282
1998 188.93990786244282
1999 188.93990786244282
