0 0.11429413997976338
1 0.11556186945958999
2 0.11896359669059656
3 0.11693278418925278
4 0.11867223729072045
5 0.11341775535423335
6 0.11919842442355273
7 0.11930646266887167
8 0.12007895122229735
9 0.12859025762937817
10 0.12473779236143763
11 0.12455580878130408
12 0.12546254797229545
13 0.12564397990694137
14 0.13031648668344792
15 0.13169060621710987
16 0.13021358812465736
17 0.13288820560102296
18 0.13251963364559827
19 0.13509748092708584
20 0.13725119236484382
21 0.13956655123753553
22 0.1383217553471004
23 0.1383217553471004
24 0.13787248514140557
25 0.14130709199600058
26 0.1433383501567801
27 0.14607352463324408
28 0.14545369776714964
29 0.14627398262993752
30 0.14776169556109178
31 0.14936572509507798
32 0.15067237966319882
33 0.15170115592546807
34 0.15356515796340905
35 0.15513682341749013
36 0.1566236741923845
37 0.15639376171972713
38 0.15651750296597974
39 0.156034394278173
40 0.15919016863798963
41 0.15919016863798963
42 0.15814612592341554
43 0.15792250949394707
44 0.1609379813363629
45 0.15720502781244902
46 0.1558032966097822
47 0.15832515894363308
48 0.15931296718702703
49 0.15862111193796927
50 0.15848358014850944
51 0.15839138896715863
52 0.15754365732165823
53 0.15754365732165823
54 0.15778107570650957
55 0.15843595542358044
56 0.15864984545691885
57 0.15864984545691885
58 0.15809734579271129
59 0.15502559461052526
60 0.15412334108132225
61 0.15412334108132225
62 0.1527622053212786
63 0.1527622053212786
64 0.1508223951786674
65 0.14987255606897154
66 0.14866446174636008
67 0.14866131162622792
68 0.15071566806681175
69 0.15071566806681175
70 0.1513072290790286
71 0.15136380893832785
72 0.15136380893832785
73 0.1519601794050839
74 0.15313370726308237
75 0.15313370726308237
76 0.15473204669721655
77 0.15569826142039558
78 0.15529000408931837
79 0.1562597735732186
80 0.1560261092121533
81 0.1564524273385773
82 0.15603584726231096
83 0.15603584726231096
84 0.15603584726231096
85 0.15642337290568764
86 0.15642337290568764
87 0.15642337290568764
88 0.15737478067493255
89 0.15652833166825705
90 0.1594623519509808
91 0.15821616009077932
92 0.1599901513754277
93 0.1599901513754277
94 0.1601977831520875
95 0.1601977831520875
96 0.1601977831520875
97 0.1601977831520875
98 0.1601977831520875
99 0.16089034830053595
100 0.16112309599102814
101 0.16155174780756382
102 0.16161721779139418
103 0.16161721779139418
104 0.16158343241877562
105 0.16204480124287732
106 0.1621050457850061
107 0.16209892447582713
108 0.1631173459971826
109 0.16392114093169544
110 0.16392114093169544
111 0.16392114093169544
112 0.16426697048768335
113 0.16426697048768335
114 0.16534336817425202
115 0.16940281026259643
116 0.16940281026259643
117 0.17025391650060878
118 0.17039837016935291
119 0.17039837016935291
120 0.17039837016935291
121 0.1700556753311729
122 0.17097010317424702
123 0.1710946130912714
124 0.1710946130912714
125 0.17113273712985796
126 0.17113273712985796
127 0.17113273597361414
128 0.1722260003402589
129 0.17238859691229666
130 0.17238859691229666
131 0.17236057018357412
132 0.17236057018357412
133 0.17236057018357412
134 0.17236057018357412
135 0.17236057018357412
136 0.17330288915811257
137 0.17330288915811257
138 0.1799175593336853
139 0.18005236433865343
140 0.18005236433865343
141 0.18005236433865343
142 0.18005236433865343
143 0.18037972006484276
144 0.18037972006484276
145 0.18037972006484276
146 0.18037972006484276
147 0.18037972006484276
148 0.1802477124188411
149 0.1802477124188411
150 0.18024771241884108
151 0.1804540197294018
152 0.18272092660566003
153 0.18270993557198906
154 0.18270993557198906
155 0.18270993557198906
156 0.18270993557198906
157 0.18390163114293503
158 0.18379286249751395
159 0.18387108475370836
160 0.18387108475370836
161 0.18387108475370836
162 0.18360493815264495
163 0.18314927190264638
164 0.18403987170151787
165 0.1844989412406483
166 0.18520551098640167
167 0.18520551098640167
168 0.18520551098640167
169 0.1851531772882229
170 0.1851531772882229
171 0.1852460806721612
172 0.1839365612761707
173 0.18260627498115634
174 0.18260627498115634
175 0.18260627498115634
176 0.18261654303001912
177 0.18277199997346405
178 0.18277199997346405
179 0.18198029185597503
180 0.18198029185597503
181 0.18257663336508928
182 0.18257663336508928
183 0.18257663336508928
184 0.18257663336508928
185 0.18374421203991556
186 0.18374421203991556
187 0.18374421203991556
188 0.1840023085994143
189 0.1840023085994143
190 0.1840023085994143
191 0.1850386615718018
192 0.1850386615718018
193 0.1850386615718018
194 0.18461257774944204
195 0.18461257774944204
196 0.18461257774944204
197 0.1843591466132696
198 0.1843591466132696
199 0.1843591466132696
200 0.1843591466132696
201 0.1843591466132696
202 0.1843591466132696
203 0.1843591466132696
204 0.1843591466132696
205 0.18725467392750586
206 0.18863494909110787
207 0.18921857136330916
208 0.18921857136330916
209 0.18921857136330916
210 0.187630217011183
211 0.187630217011183
212 0.18723127075461637
213 0.18723127075461637
214 0.18723127075461637
215 0.18723127075461637
216 0.18723127075461637
217 0.18729568767090762
218 0.18729568767090762
219 0.18761381798025528
220 0.18761381798025528
221 0.18893061980424145
222 0.18893061980424145
223 0.1885087854632682
224 0.1885087854632682
225 0.1885087854632682
226 0.1885087854632682
227 0.1885087854632682
228 0.18850437627742403
229 0.18847206770476943
230 0.18847206770476943
231 0.18847206770476943
232 0.18847206770476943
233 0.18847206770476943
234 0.18831199326195106
235 0.1876703687518559
236 0.18768482713032275
237 0.18768482713032275
238 0.18842504738351265
239 0.18828589971443638
240 0.18828589971443638
241 0.18828589971443638
242 0.18828589971443638
243 0.18828589971443638
244 0.1894273933940874
245 0.1894273933940874
246 0.1894273933940874
247 0.1894273933940874
248 0.1894273933940874
249 0.1894273933940874
250 0.18937031031726317
251 0.18937031031726317
252 0.18937031031726317
253 0.18937031031726317
254 0.18937031031726317
255 0.18937028845881435
256 0.18937028845881435
257 0.1880827870451899
258 0.1880827870451899
259 0.1880827870451899
260 0.1880827870451899
261 0.18842701333034614
262 0.1890185607490974
263 0.1890185607490974
264 0.1890185607490974
265 0.18907798921438196
266 0.18907798921438196
267 0.18907798921438196
268 0.1897513813087096
269 0.1897513813087096
270 0.1897513813087096
271 0.18973840450033944
272 0.18970119596677898
273 0.18970119596677898
274 0.18970119596677898
275 0.18970119596677898
276 0.19000822871269493
277 0.19000822871269493
278 0.19047770898730695
279 0.19048920363191213
280 0.19048920363191213
281 0.19038848294020297
282 0.19038848294020297
283 0.19038848294020297
284 0.19038848294020297
285 0.19038848294020297
286 0.19038848294020297
287 0.19038848294020297
288 0.19038848294020297
289 0.19038848294020297
290 0.19038848294020297
291 0.19038848294020297
292 0.19038848294020297
293 0.19038848294020297
294 0.19038848294020297
295 0.18988759098697697
296 0.18895165054508561
297 0.18895165054508561
298 0.18895165054508561
299 0.18982758097866018
300 0.18982758097866018
301 0.18982758097866018
302 0.18982758097866018
303 0.18982758097866018
304 0.19052955342133793
305 0.1914407452848884
306 0.19223838336511234
307 0.19223838336511234
308 0.19223838336511234
309 0.19223838336511234
310 0.19217441574749367
311 0.19217441574749367
312 0.19108691329630415
313 0.19108691329630415
314 0.19108691329630415
315 0.19228135757834913
316 0.19210825789686856
317 0.19210825789686856
318 0.19210825789686856
319 0.19210825789686856
320 0.19210825789686856
321 0.19210825789686856
322 0.19173862157746507
323 0.19173862157746507
324 0.19173862157746507
325 0.19173862157746507
326 0.19173862157746507
327 0.19159936478477316
328 0.19159936478477316
329 0.19159936478477316
330 0.19159936478477316
331 0.19159936478477316
332 0.19159936478477316
333 0.19159936478477316
334 0.19159936478477316
335 0.19165413629434866
336 0.19165413629434866
337 0.19165413629434866
338 0.19165413629434866
339 0.19165413629434866
340 0.19165413629434866
341 0.19165413629434866
342 0.19165413629434866
343 0.19181870566800355
344 0.19181870566800355
345 0.19188449112089104
346 0.19188449112089104
347 0.19188449112089104
348 0.19188449112089104
349 0.19209426479065528
350 0.19183900772042453
351 0.19183900772042453
352 0.19183900772042453
353 0.19155444185138498
354 0.19155444185138498
355 0.19155444185138498
356 0.19155444185138498
357 0.19155444185138498
358 0.19155444185138498
359 0.1914603081482363
360 0.1914603081482363
361 0.1914603081482363
362 0.1914603081482363
363 0.1914603081482363
364 0.1914603081482363
365 0.19073004407685154
366 0.19073004407685154
367 0.19073004407685154
368 0.19073004407685154
369 0.19073004407685154
370 0.19073004407685154
371 0.19118440849276813
372 0.19118440849276813
373 0.19118440849276813
374 0.19055957055192854
375 0.19010100199512453
376 0.19010100199512453
377 0.19010100199512453
378 0.19010100199512453
379 0.19010100199512453
380 0.19010100199512453
381 0.19010100199512453
382 0.19010100199512453
383 0.19008250647419137
384 0.19008250647419137
385 0.19008250647419137
386 0.19009371918918214
387 0.19009371918918214
388 0.1904758114385534
389 0.1904985601434237
390 0.1905733504536256
391 0.1908688641214262
392 0.1908688641214262
393 0.1908688641214262
394 0.1908688641214262
395 0.18978296648867032
396 0.18977994558487254
397 0.18976891783344002
398 0.18976891783344002
399 0.18976891783344002
400 0.19013523234555593
401 0.1899729456267035
402 0.1899729456267035
403 0.1899729456267035
404 0.1899729456267035
405 0.1898288008366724
406 0.1898288008366724
407 0.1898288008366724
408 0.19003435749617473
409 0.19003435749617473
410 0.19003435749617473
411 0.19003435749617473
412 0.19003435749617473
413 0.19003435749617473
414 0.19014575936827366
415 0.19014575936827366
416 0.19014575936827366
417 0.19014575936827366
418 0.19014575936827366
419 0.19014575936827366
420 0.19011962993408157
421 0.19011962993408157
422 0.1907566065998424
423 0.1907566065998424
424 0.18958870578815215
425 0.18945940402044653
426 0.18945940402044653
427 0.1886444235152708
428 0.18856857986694944
429 0.18856857986694944
430 0.18856904446267994
431 0.18820342804436466
432 0.18820342804436466
433 0.18823815663251353
434 0.18823815663251353
435 0.18823815663251353
436 0.18823815663251353
437 0.18823815663251353
438 0.18823815663251353
439 0.18823815663251353
440 0.18823815663251353
441 0.18691719088462166
442 0.18691719088462166
443 0.18691719088462166
444 0.18691719088462166
445 0.18691719088462166
446 0.18691719088462166
447 0.18691719088462166
448 0.18691719088462166
449 0.18691719088462166
450 0.18691719088462166
451 0.18691719088462166
452 0.18691719088462166
453 0.18691719088462166
454 0.18689451539455165
455 0.18689451539455165
456 0.18689451539455165
457 0.18689451539455165
458 0.18698176318783466
459 0.18698176318783466
460 0.18597992738645672
461 0.18597992738645672
462 0.18597992738645672
463 0.18597992738645672
464 0.18597992738645672
465 0.18597992738645672
466 0.18597992738645672
467 0.18616558717477832
468 0.18616558717477832
469 0.18632991810479888
470 0.18632991810479888
471 0.18632991810479888
472 0.18612754698550665
473 0.18620306324332717
474 0.18652246114294563
475 0.18603031931081468
476 0.18603031931081468
477 0.18603031931081468
478 0.18603031931081468
479 0.18603031931081468
480 0.18600104901389988
481 0.18600104901389988
482 0.18600104901389988
483 0.18600104901389988
484 0.18600104901389988
485 0.18505112964833764
486 0.18505112964833764
487 0.1844066956803434
488 0.1844066956803434
489 0.1844066956803434
490 0.1844066956803434
491 0.1844066956803434
492 0.1844066956803434
493 0.1844066956803434
494 0.1844066956803434
495 0.1844066956803434
496 0.18384853412577365
497 0.18384853412577365
498 0.18384853412577365
499 0.18384853412577365
500 0.18384853412577365
501 0.18384853412577365
502 0.18384853412577365
503 0.18384853412577365
504 0.18384853412577365
505 0.18384853412577365
506 0.1849350041432
507 0.18623517057850103
508 0.18740454993428649
509 0.1876103325774413
510 0.1876103325774413
511 0.1876103325774413
512 0.1876103325774413
513 0.1876103325774413
514 0.1876103325774413
515 0.1876103325774413
516 0.1876103325774413
517 0.18765126038104196
518 0.18765126038104196
519 0.1892650944871543
520 0.1892650944871543
521 0.18920375252087515
522 0.18920375252087515
523 0.18920375252087515
524 0.18920375252087515
525 0.18920375252087515
526 0.18920267156569415
527 0.18920267156569415
528 0.1882118654320043
529 0.1882118654320043
530 0.1882118654320043
531 0.1882118654320043
532 0.1882118654320043
533 0.1882118654320043
534 0.18714054054983792
535 0.18735800100235123
536 0.18735800100235123
537 0.1871281928645813
538 0.18670735804940672
539 0.18670735804940672
540 0.1870839375823051
541 0.1870839375823051
542 0.1881894713076847
543 0.18748944361002745
544 0.1875330311417902
545 0.187540401800916
546 0.187540401800916
547 0.187540401800916
548 0.187540401800916
549 0.187540401800916
550 0.1877439376170478
551 0.18801101126448183
552 0.18801101126448183
553 0.1871391852365794
554 0.1871391852365794
555 0.1875527705870158
556 0.1875527705870158
557 0.1865750018806431
558 0.18758801651385387
559 0.18758801651385387
560 0.18758801651385387
561 0.18758801651385387
562 0.18758801651385387
563 0.18758801651385387
564 0.18758801651385387
565 0.18758801651385387
566 0.18758801651385387
567 0.18758801651385387
568 0.18758801651385387
569 0.18758801651385387
570 0.18847000841072226
571 0.18847000841072226
572 0.18847000841072226
573 0.18847000841072226
574 0.18847000841072226
575 0.18847000841072226
576 0.1884827846281482
577 0.1884827846281482
578 0.18843872287177524
579 0.18843872287177524
580 0.18843872287177524
581 0.18843872287177524
582 0.18843872287177524
583 0.18843872287177524
584 0.18843872287177524
585 0.18843872287177524
586 0.18843872287177524
587 0.18843872287177524
588 0.18843872287177524
589 0.18843872287177524
590 0.18843872287177524
591 0.18843872287177524
592 0.18845811990275463
593 0.18845811990275463
594 0.18845811990275463
595 0.18845811990275463
596 0.18845811990275463
597 0.18845811990275463
598 0.18821138001232973
599 0.18829715887220563
600 0.18829715887220563
601 0.18829715887220563
602 0.18829715887220563
603 0.18829715887220563
604 0.18829715887220563
605 0.18829715887220563
606 0.18829715887220563
607 0.18829715887220563
608 0.18829715887220563
609 0.18829715887220563
610 0.18740178926004566
611 0.18740178926004566
612 0.18719336377998128
613 0.18719336377998128
614 0.18719336377998128
615 0.18719336377998128
616 0.18719336377998128
617 0.18719336377998128
618 0.18719336377998128
619 0.18719336377998128
620 0.18719336377998128
621 0.18719336377998128
622 0.18608920302026202
623 0.18608920302026202
624 0.18608920302026202
625 0.18608920302026202
626 0.18505945902292412
627 0.18505945902292412
628 0.18505945902292412
629 0.18505945902292412
630 0.18505945902292412
631 0.18505945902292412
632 0.18505945902292412
633 0.18505945902292412
634 0.1838896952659118
635 0.1838896952659118
636 0.18402520911672682
637 0.18516600153810625
638 0.18522645061672396
639 0.18522645061672396
640 0.18522645061672396
641 0.1844196237492591
642 0.1844196237492591
643 0.1844196237492591
644 0.1854712287777386
645 0.1854712287777386
646 0.1854712287777386
647 0.1854712287777386
648 0.1854712287777386
649 0.1854712287777386
650 0.1854712287777386
651 0.1854712287777386
652 0.1854712287777386
653 0.1854712287777386
654 0.18743986903737833
655 0.18743986903737833
656 0.18743986903737833
657 0.18684901035390544
658 0.18684901035390544
659 0.18684901035390544
660 0.18684901035390544
661 0.18684901035390544
662 0.18684901035390544
663 0.18684901035390544
664 0.18676164373174342
665 0.18676164373174342
666 0.18676164373174342
667 0.18676164373174342
668 0.18694783768194867
669 0.18694783768194867
670 0.18694783768194867
671 0.18694783768194867
672 0.18694783768194867
673 0.18694783768194867
674 0.18694783768194867
675 0.18866066543515764
676 0.18866066543515764
677 0.18866066543515764
678 0.18866066543515764
679 0.18867264463299277
680 0.18867264463299277
681 0.18867264463299277
682 0.18867264463299277
683 0.18788521570048733
684 0.18759981592646582
685 0.18759981592646582
686 0.18759981592646582
687 0.18759981592646582
688 0.18759981592646582
689 0.18759981592646582
690 0.18759981592646582
691 0.18759981592646582
692 0.18759981592646582
693 0.18759981592646582
694 0.18759981592646582
695 0.18759981592646582
696 0.18759981592646582
697 0.18759981592646582
698 0.18759981592646582
699 0.18648375081525378
700 0.18648375081525378
701 0.18648375081525378
702 0.18648375081525378
703 0.18648375081525378
704 0.18648375081525378
705 0.18648375081525378
706 0.18648375081525378
707 0.18648375081525378
708 0.18648375081525378
709 0.18648375081525378
710 0.18648375081525378
711 0.18648375081525378
712 0.1872144155289958
713 0.1872144155289958
714 0.1872144155289958
715 0.1872144155289958
716 0.1872144155289958
717 0.1872144155289958
718 0.1872144155289958
719 0.1872144155289958
720 0.1872144155289958
721 0.1872144155289958
722 0.18753414493359916
723 0.18753414493359916
724 0.18753414493359916
725 0.18753414493359916
726 0.18753414493359916
727 0.18753414493359916
728 0.18753414493359916
729 0.18753414493359916
730 0.18753414493359916
731 0.18753414493359916
732 0.18753414493359916
733 0.18753414493359916
734 0.18753414493359916
735 0.18753414493359916
736 0.18753414493359916
737 0.18753414493359916
738 0.18753414493359916
739 0.18753414493359916
740 0.18753414493359916
741 0.18753414493359916
742 0.1875567389580474
743 0.1875567389580474
744 0.1875567389580474
745 0.1875567389580474
746 0.1875567389580474
747 0.1875567389580474
748 0.1875567389580474
749 0.1875567389580474
750 0.1875567389580474
751 0.1875567389580474
752 0.18667778308325683
753 0.18667778308325683
754 0.18667778308325683
755 0.18552180003875027
756 0.18552180003875027
757 0.18552180003875027
758 0.18552180003875027
759 0.18552180003875027
760 0.18552180003875027
761 0.18555540645658705
762 0.18555540645658705
763 0.18555540645658705
764 0.18555540645658705
765 0.18555540645658705
766 0.18555540645658705
767 0.18555540645658705
768 0.18555540645658705
769 0.18555540645658705
770 0.18555540645658705
771 0.18555540645658705
772 0.18555540645658705
773 0.18555540645658705
774 0.18555540645658705
775 0.19275435792196774
776 0.1880423183391165
777 0.1880423183391165
778 0.1878684933531962
779 0.1878684933531962
780 0.1878684933531962
781 0.1878684933531962
782 0.18786206774890227
783 0.18786206774890227
784 0.18712161141355219
785 0.18712161141355219
786 0.18712161141355219
787 0.18712161141355219
788 0.18712161141355219
789 0.18712161141355219
790 0.18583521705854975
791 0.18583521705854975
792 0.18583521705854975
793 0.18583521705854975
794 0.18583521705854975
795 0.18583521705854975
796 0.18583521705854975
797 0.18583521705854975
798 0.18583521705854975
799 0.18583521705854975
800 0.18583521705854975
801 0.18583521705854975
802 0.18583521705854975
803 0.18583521705854975
804 0.18583521705854975
805 0.18583521705854975
806 0.18583521705854975
807 0.18583521705854975
808 0.18583521705854975
809 0.18583521705854975
810 0.18583521705854975
811 0.18583521705854975
812 0.18583521705854975
813 0.18583521705854975
814 0.18583521705854975
815 0.18469922947735049
816 0.18469922947735049
817 0.18469922947735049
818 0.18469922947735049
819 0.18469922947735049
820 0.18469922947735049
821 0.18469922947735049
822 0.18469922947735049
823 0.18469922947735049
824 0.18469922947735049
825 0.18469922947735049
826 0.18469922947735049
827 0.18514728951541434
828 0.18514728951541434
829 0.18514728951541434
830 0.18514728951541434
831 0.18514728951541434
832 0.18514728951541434
833 0.18514728951541434
834 0.18514728951541434
835 0.18514728951541434
836 0.18514728951541434
837 0.18514728951541434
838 0.18514728951541434
839 0.1848903569186723
840 0.18491012275738986
841 0.18491012275738986
842 0.18491012275738986
843 0.18491012275738986
844 0.18491012275738986
845 0.18491012275738986
846 0.18491012275738986
847 0.18491012275738986
848 0.18491012275738986
849 0.18491012275738986
850 0.18491012275738986
851 0.18415463863640635
852 0.18415463863640635
853 0.18415463863640635
854 0.18415463863640635
855 0.18415463863640635
856 0.1832536003974796
857 0.1832536003974796
858 0.1832536003974796
859 0.1832536003974796
860 0.1832536003974796
861 0.1832536003974796
862 0.1832536003974796
863 0.1832536003974796
864 0.18372773687402438
865 0.18372773687402438
866 0.18372773687402438
867 0.18372773687402438
868 0.18372773687402438
869 0.18372773687402438
870 0.18372773687402438
871 0.18372773687402438
872 0.18372773687402438
873 0.18372773687402438
874 0.18372773687402438
875 0.1837549532991709
876 0.1837549532991709
877 0.1837549532991709
878 0.1837549532991709
879 0.18617630647464878
880 0.18617630647464878
881 0.18617630647464878
882 0.18617630647464878
883 0.18617630647464878
884 0.18617630647464878
885 0.18617630647464878
886 0.18617630647464878
887 0.18617630647464878
888 0.18617630647464878
889 0.18617630647464878
890 0.18617630647464878
891 0.18617630647464878
892 0.18617630647464878
893 0.18617630647464878
894 0.18617630647464878
895 0.18617630647464878
896 0.18617630647464878
897 0.18617630647464878
898 0.18617630647464878
899 0.18617630647464878
900 0.18617630647464878
901 0.18662782146377263
902 0.18662782146377263
903 0.18662782146377263
904 0.18666955558601198
905 0.18666955558601198
906 0.18666955558601198
907 0.18666955558601198
908 0.18666955558601198
909 0.18666955558601198
910 0.18666955558601198
911 0.18666955558601198
912 0.18666955558601198
913 0.18666955558601198
914 0.18666955558601198
915 0.18666955558601198
916 0.18666955558601198
917 0.1866934099785411
918 0.1866934099785411
919 0.1866934099785411
920 0.1866934099785411
921 0.1866934099785411
922 0.1866934099785411
923 0.1866934099785411
924 0.1866934099785411
925 0.1866934099785411
926 0.1866934099785411
927 0.1866934099785411
928 0.1866934099785411
929 0.1866934099785411
930 0.1866934099785411
931 0.1866934099785411
932 0.1866934099785411
933 0.18669300867530175
934 0.18669300867530175
935 0.18671044922283392
936 0.18671044922283392
937 0.18671044922283392
938 0.18671044922283392
939 0.18671044922283392
940 0.18671044922283392
941 0.18671044922283392
942 0.18671044922283392
943 0.18671044922283392
944 0.18671044922283392
945 0.18671044922283392
946 0.18671044922283392
947 0.18671044922283392
948 0.18671044922283392
949 0.18671044922283392
950 0.18671044922283392
951 0.19089700787561675
952 0.1908968577588953
953 0.1908968577588953
954 0.1898565660558939
955 0.1898565660558939
956 0.1898565660558939
957 0.1898565660558939
958 0.1898565660558939
959 0.1898565660558939
960 0.1898565660558939
961 0.1898565660558939
962 0.1898565660558939
963 0.1898565660558939
964 0.1898565660558939
965 0.1898565660558939
966 0.1898565660558939
967 0.1898565660558939
968 0.19218339935699602
969 0.19218339935699602
970 0.19218339935699602
971 0.19218339935699602
972 0.19218339935699602
973 0.19218339935699602
974 0.19218339935699602
975 0.19218339935699602
976 0.19218339935699602
977 0.19218339935699602
978 0.19218339935699602
979 0.19218339935699602
980 0.19218339935699602
981 0.19218339935699602
982 0.19218339935699602
983 0.19218339935699602
984 0.19218339935699602
985 0.19218339935699602
986 0.19218339935699602
987 0.19218339935699602
988 0.19234321250421654
989 0.19234321250421654
990 0.19234321250421654
991 0.19234321250421654
992 0.19249238385898854
993 0.19249238385898854
994 0.19249238385898854
995 0.19249238385898854
996 0.19352287136291044
997 0.19352287136291044
998 0.19455432815884643
999 0.19455432815884643
