0 0.1161881370466092
1 0.10209328350919088
2 0.13558219804229207
3 0.13858338786465638
4 0.14907375229965758
5 0.15616723396826043
6 0.16592917587296852
7 0.170249135281748
8 0.17611652520552193
9 0.18484266750662848
10 0.19523800704671448
11 0.2063186828066703
12 0.2072354295232475
13 0.20798794045585287
14 0.20798794045585287
15 0.20816592314737756
16 0.20872182699176028
17 0.21483768580462012
18 0.21528879571083487
19 0.21769737446392157
20 0.2178273366808642
21 0.22190932002414931
22 0.221742069394959
23 0.2220507177194813
24 0.22302503950542837
25 0.22770862092450841
26 0.22958269376188134
27 0.22954229061114004
28 0.23028556979808446
29 0.23092765183767403
30 0.23290908895796764
31 0.23338147550276025
32 0.23382838527612906
33 0.23376029975140306
34 0.23741444090384842
35 0.23741444090384842
36 0.2376638463688947
37 0.2392458913690388
38 0.23933752859541227
39 0.23933752859541227
40 0.24003634999767587
41 0.24003634999767587
42 0.24103073305470543
43 0.2419404208148746
44 0.2419404208148746
45 0.24279452959497078
46 0.24364981113320772
47 0.24564254636139637
48 0.24564254636139637
49 0.24564254636139637
50 0.24564254636139637
51 0.24740092532418068
52 0.24740092532418068
53 0.2498933550663991
54 0.2525995787532003
55 0.2525995787532003
56 0.25219783652207844
57 0.25219783652207844
58 0.252768337200761
59 0.252768337200761
60 0.254885725567514
61 0.25959251653571513
62 0.26046265969900423
63 0.26291482764190105
64 0.26391467525721257
65 0.2651252027665186
66 0.2651252027665186
67 0.26518066358657794
68 0.26525534333790823
69 0.26814106005524685
70 0.2693550490747413
71 0.26984100667631367
72 0.27047841439327525
73 0.27047841439327525
74 0.2705544637994003
75 0.2713132596073704
76 0.27142124823835706
77 0.27186340340683496
78 0.2734784173066937
79 0.2734784173066937
80 0.27514457487148325
81 0.27730158589584536
82 0.27730158589584536
83 0.27730158589584536
84 0.27731255199558885
85 0.2776512854539461
86 0.2781793799613807
87 0.27880035761757116
88 0.27880035761757116
89 0.27893477504249653
90 0.2790867389829138
91 0.2790867389829138
92 0.2790867389829138
93 0.2790867389829138
94 0.2794190419529672
95 0.28181685512339105
96 0.28181685512339105
97 0.28209905188484763
98 0.28324367972816533
99 0.28386245267034227
100 0.28386245267034227
101 0.28386245267034227
102 0.28429389631866847
103 0.28429389631866847
104 0.28429389631866847
105 0.28429389631866847
106 0.2854885232489391
107 0.2854885232489391
108 0.2854885232489391
109 0.2854885232489391
110 0.2854885232489391
111 0.28534812395263165
112 0.28534812395263165
113 0.28534812395263165
114 0.28534812395263165
115 0.28534812395263165
116 0.28534812395263165
117 0.28553038153522686
118 0.28553038153522686
119 0.2861584694502062
120 0.2861584694502062
121 0.2863012284845919
122 0.28672496378996765
123 0.28672496378996765
124 0.28672496378996765
125 0.28672496378996765
126 0.28708932741541565
127 0.2875754180983875
128 0.28764125967305687
129 0.28764125967305687
130 0.2885581463021196
131 0.2885581463021196
132 0.2885581463021196
133 0.2885581463021196
134 0.2885581463021196
135 0.28928317890768007
136 0.28919208417018105
137 0.28919548539461365
138 0.2902502365484041
139 0.2902502365484041
140 0.2902502365484041
141 0.29050406895663716
142 0.29050406895663716
143 0.2907610529572827
144 0.290915374376932
145 0.290915374376932
146 0.2920981925911398
147 0.2920981925911398
148 0.2920981925911398
149 0.2920981925911398
150 0.29224558154071645
151 0.29171440764994844
152 0.291993543962891
153 0.291993543962891
154 0.2920117392456945
155 0.2920117392456945
156 0.2920117392456945
157 0.2920117392456945
158 0.2926069506348918
159 0.2923987359467201
160 0.293084049144262
161 0.293084049144262
162 0.293084049144262
163 0.293084049144262
164 0.293084049144262
165 0.293084049144262
166 0.293084049144262
167 0.2916996442792356
168 0.2916996442792356
169 0.2916996442792356
170 0.2920060278421621
171 0.2920060278421621
172 0.2920060278421621
173 0.2920060278421621
174 0.2920060278421621
175 0.2920060278421621
176 0.29226059232445484
177 0.29226059232445484
178 0.2929432991901344
179 0.2929432991901344
180 0.2929432991901344
181 0.29318307626908297
182 0.29318307626908297
183 0.29318307626908297
184 0.2933088669780099
185 0.2933088669780099
186 0.2933088669780099
187 0.2934362239639337
188 0.2939285690382108
189 0.2939285690382108
190 0.2939285690382108
191 0.29419128518969806
192 0.29417861026638376
193 0.29417861026638376
194 0.29417861026638376
195 0.2945187633458006
196 0.2945187633458006
197 0.2941119530142164
198 0.2941119530142164
199 0.29400608539102646
200 0.29400608539102646
201 0.294556694816141
202 0.294556694816141
203 0.294556694816141
204 0.294556694816141
205 0.294556694816141
206 0.294556694816141
207 0.2928664595763746
208 0.2928664595763746
209 0.2928664595763746
210 0.2928664595763746
211 0.2928971999943487
212 0.2928971999943487
213 0.2928971999943487
214 0.2930576507208918
215 0.29173953215633175
216 0.29173953215633175
217 0.2919357094958493
218 0.29204233300000687
219 0.29221329229620513
220 0.29224991153956975
221 0.29224991153956975
222 0.29224991153956975
223 0.29224991153956975
224 0.29235262285638
225 0.29235262285638
226 0.2926610805941874
227 0.2926610805941874
228 0.2926610805941874
229 0.2926610805941874
230 0.2926610805941874
231 0.2926610805941874
232 0.2926610805941874
233 0.2926610805941874
234 0.29295711537027364
235 0.29295711537027364
236 0.29295711537027364
237 0.29295711537027364
238 0.2947143925630729
239 0.29386404227107665
240 0.29386404227107665
241 0.29386404227107665
242 0.29386404227107665
243 0.29386404227107665
244 0.2952566689668202
245 0.2952566689668202
246 0.2961257461946671
247 0.29669515017068665
248 0.29669515017068665
249 0.29669515017068665
250 0.29669515017068665
251 0.29669515017068665
252 0.29674472733538565
253 0.29674472733538565
254 0.29674472733538565
255 0.29674472733538565
256 0.29674472733538565
257 0.29674472733538565
258 0.29674472733538565
259 0.29674472733538565
260 0.2969158634910466
261 0.2969158634910466
262 0.2969158634910466
263 0.2969158634910466
264 0.2969158634910466
265 0.2969158634910466
266 0.2969255796994249
267 0.29737446519435146
268 0.29737446519435146
269 0.29737446519435146
270 0.29737446519435146
271 0.29737446519435146
272 0.29737446519435146
273 0.29737446519435146
274 0.2955287112818289
275 0.295438111442127
276 0.2959448567613994
277 0.2959448567613994
278 0.2959448567613994
279 0.2959448567613994
280 0.2959448567613994
281 0.29618802721969617
282 0.29618802721969617
283 0.29618802721969617
284 0.29618802721969617
285 0.29618802721969617
286 0.2960131485044515
287 0.2955485769494013
288 0.2955485769494013
289 0.2955485769494013
290 0.29557181437660107
291 0.29557181437660107
292 0.295595258079274
293 0.295595258079274
294 0.29549124922488884
295 0.29549124922488884
296 0.29549124922488884
297 0.29549124922488884
298 0.29549124922488884
299 0.29549124922488884
300 0.29549124922488884
301 0.29549124922488884
302 0.29549124922488884
303 0.29549124922488884
304 0.29549124922488884
305 0.29549124922488884
306 0.29549124922488884
307 0.29549124922488884
308 0.29547731863928817
309 0.29547731863928817
310 0.29547731863928817
311 0.29549027339012385
312 0.29549027339012385
313 0.29549027339012385
314 0.29549027339012385
315 0.2953049039620521
316 0.2953049039620521
317 0.2953049039620521
318 0.2953049039620521
319 0.2953049039620521
320 0.2961085006689269
321 0.29648826336746914
322 0.29648826336746914
323 0.29648826336746914
324 0.29648826336746914
325 0.29648826336746914
326 0.29648826336746914
327 0.29648826336746914
328 0.296677846289383
329 0.296677846289383
330 0.296677846289383
331 0.296677846289383
332 0.296677846289383
333 0.296677846289383
334 0.2969860300610654
335 0.2971225378242743
336 0.297108581267435
337 0.29734446254487096
338 0.29734446254487096
339 0.29734446254487096
340 0.29734446254487096
341 0.29734446254487096
342 0.29734446254487096
343 0.29750608861993355
344 0.29750608861993355
345 0.29750608861993355
346 0.29750608861993355
347 0.2977334934874229
348 0.2977334934874229
349 0.2977334934874229
350 0.2980818470667048
351 0.2980818470667048
352 0.2980818470667048
353 0.2980818470667048
354 0.2980818470667048
355 0.2980818470667048
356 0.2977243419958906
357 0.2977243419958906
358 0.2977243419958906
359 0.2978021446586306
360 0.29727980504259754
361 0.29778508367787826
362 0.29778508367787826
363 0.29778508367787826
364 0.2981995150381324
365 0.2981995150381324
366 0.2981995150381324
367 0.2981894697713176
368 0.2981894697713176
369 0.2981894697713176
370 0.2981894697713176
371 0.2981894697713176
372 0.2981894697713176
373 0.2981894697713176
374 0.29833483848669834
375 0.29833483848669834
376 0.29833483848669834
377 0.29833483848669834
378 0.29833483848669834
379 0.29833483848669834
380 0.29833483848669834
381 0.29833483848669834
382 0.29833483848669834
383 0.29833483848669834
384 0.29833483848669834
385 0.29833483848669834
386 0.29833483848669834
387 0.29833483848669834
388 0.29833483848669834
389 0.29833483848669834
390 0.29833483848669834
391 0.29833483848669834
392 0.29833483848669834
393 0.298387752997422
394 0.2984366199559086
395 0.2984366199559086
396 0.2984366199559086
397 0.2984366199559086
398 0.2984366199559086
399 0.2984366199559086
400 0.2984366199559086
401 0.2984366199559086
402 0.2984366199559086
403 0.2984366199559086
404 0.2984366199559086
405 0.29821767739314337
406 0.29821767739314337
407 0.29821767739314337
408 0.2986764093195512
409 0.2987559086703537
410 0.2987559086703537
411 0.2987559086703537
412 0.2987559086703537
413 0.2987559086703537
414 0.2987559086703537
415 0.2987559086703537
416 0.2986740330975068
417 0.2988667824491544
418 0.2988667824491544
419 0.29891758528061524
420 0.29891758528061524
421 0.29891758528061524
422 0.29891758528061524
423 0.2990290558203798
424 0.2990290558203798
425 0.2990290558203798
426 0.2990290558203798
427 0.2990290558203798
428 0.2990290558203798
429 0.2990290558203798
430 0.2990447142355088
431 0.2990447142355088
432 0.2990447142355088
433 0.2990447142355088
434 0.2990447142355088
435 0.2990084842453881
436 0.2990084842453881
437 0.2990084842453881
438 0.2990084842453881
439 0.2990084842453881
440 0.2990084842453881
441 0.2990084842453881
442 0.2990084842453881
443 0.2990084842453881
444 0.2990084842453881
445 0.2990084842453881
446 0.2990084842453881
447 0.2994053668003407
448 0.29954209003139476
449 0.29989121304815197
450 0.30139011670015237
451 0.30139011670015237
452 0.30139011670015237
453 0.30139011670015237
454 0.30139011670015237
455 0.30139011670015237
456 0.30139011670015237
457 0.30139011670015237
458 0.3007757162823275
459 0.3007757162823275
460 0.3007757162823275
461 0.3007757162823275
462 0.3007757162823275
463 0.3007757162823275
464 0.3007757162823275
465 0.3007757162823275
466 0.30089159811141286
467 0.30089159811141286
468 0.30089159811141286
469 0.30089159811141286
470 0.30089159811141286
471 0.30089159811141286
472 0.3008364964838404
473 0.3008672588993263
474 0.3008672588993263
475 0.3008672588993263
476 0.3008672588993263
477 0.3008672588993263
478 0.3008672588993263
479 0.3008672588993263
480 0.3008672588993263
481 0.3008672588993263
482 0.3008672588993263
483 0.3008672588993263
484 0.300922235319
485 0.30103343583213726
486 0.30103343583213726
487 0.30103343583213726
488 0.30103343583213726
489 0.30103343583213726
490 0.30103343583213726
491 0.30103343583213726
492 0.30103343583213726
493 0.30103343583213726
494 0.30103343583213726
495 0.30103343583213726
496 0.30103343583213726
497 0.30103343583213726
498 0.30119543811390265
499 0.30119543811390265
500 0.30119543811390265
501 0.30119543811390265
502 0.30119543811390265
503 0.30119543811390265
504 0.30119543811390265
505 0.30119543811390265
506 0.30119543811390265
507 0.30119543811390265
508 0.30119543811390265
509 0.30119543811390265
510 0.30119543811390265
511 0.30119543811390265
512 0.30119543811390265
513 0.3011133063810438
514 0.3011133063810438
515 0.3011133063810438
516 0.3011133063810438
517 0.3011133063810438
518 0.3011133063810438
519 0.3011133063810438
520 0.3011133063810438
521 0.30110381979423756
522 0.30110381979423756
523 0.30110381979423756
524 0.30110381979423756
525 0.30110381979423756
526 0.30110381979423756
527 0.30110381979423756
528 0.30110381979423756
529 0.3011731652935115
530 0.3011731652935115
531 0.3011731652935115
532 0.3011731652935115
533 0.3011731652935115
534 0.3011731652935115
535 0.3012667470296047
536 0.3012667470296047
537 0.3012667470296047
538 0.3012667470296047
539 0.3012667470296047
540 0.3012667470296047
541 0.30198277148894453
542 0.3018991371947565
543 0.3018991371947565
544 0.3018991371947565
545 0.3018991371947565
546 0.3018991371947565
547 0.3018991371947565
548 0.3018991371947565
549 0.3018991371947565
550 0.3018991371947565
551 0.3018991371947565
552 0.3018991371947565
553 0.3018991371947565
554 0.3018991371947565
555 0.3018991371947565
556 0.3018991371947565
557 0.3018991371947565
558 0.3013292536642014
559 0.3013292536642014
560 0.3013292536642014
561 0.3013292536642014
562 0.3013292536642014
563 0.3013292536642014
564 0.3013292536642014
565 0.3013292536642014
566 0.3013292536642014
567 0.3013292536642014
568 0.3013292536642014
569 0.3013292536642014
570 0.3013292536642014
571 0.3019334756355696
572 0.3019334756355696
573 0.3019334756355696
574 0.3019334756355696
575 0.3019098877938117
576 0.30186900219594565
577 0.30186900219594565
578 0.30186900219594565
579 0.30186900219594565
580 0.30186900219594565
581 0.30186900219594565
582 0.30186900219594565
583 0.30186900219594565
584 0.30186900219594565
585 0.30186900219594565
586 0.3018262648581702
587 0.3018262648581702
588 0.3018262648581702
589 0.3018262648581702
590 0.3018262648581702
591 0.3018262648581702
592 0.3018262648581702
593 0.3018262648581702
594 0.3018262648581702
595 0.3018262648581702
596 0.3018262648581702
597 0.3018262648581702
598 0.3018262648581702
599 0.3018262648581702
600 0.3018262648581702
601 0.3018262648581702
602 0.3018262648581702
603 0.3018262648581702
604 0.3018262648581702
605 0.3018262648581702
606 0.3033950944381412
607 0.3033950944381412
608 0.3033950944381412
609 0.3033950944381412
610 0.30725373373813253
611 0.30725373373813253
612 0.30725373373813253
613 0.30725373373813253
614 0.30725373373813253
615 0.30725373373813253
616 0.30725373373813253
617 0.30725373373813253
618 0.30725373373813253
619 0.30725373373813253
620 0.30725373373813253
621 0.30725373373813253
622 0.30725373373813253
623 0.30725373373813253
624 0.30725373373813253
625 0.30725373373813253
626 0.30725373373813253
627 0.30725373373813253
628 0.30725373373813253
629 0.30725373373813253
630 0.30725373373813253
631 0.30725373373813253
632 0.30725373373813253
633 0.30725373373813253
634 0.30725373373813253
635 0.30725373373813253
636 0.30725373373813253
637 0.30725373373813253
638 0.30725373373813253
639 0.30725373373813253
640 0.30725373373813253
641 0.3076343639000164
642 0.3076343639000164
643 0.3076343639000164
644 0.3076343639000164
645 0.3092804096120497
646 0.30944941136370463
647 0.30944941136370463
648 0.30944941136370463
649 0.30944941136370463
650 0.30948909686065107
651 0.30948909686065107
652 0.30948909686065107
653 0.30948909686065107
654 0.30948909686065107
655 0.30948909686065107
656 0.30948909686065107
657 0.30948909686065107
658 0.30948909686065107
659 0.30948909686065107
660 0.30948909686065107
661 0.30948909686065107
662 0.30948909686065107
663 0.30948909686065107
664 0.30948909686065107
665 0.30948909686065107
666 0.30948909686065107
667 0.30948909686065107
668 0.30948909686065107
669 0.30948909686065107
670 0.30948909686065107
671 0.30948909686065107
672 0.30948909686065107
673 0.30948909686065107
674 0.30948909686065107
675 0.30948909686065107
676 0.30948909686065107
677 0.30948909686065107
678 0.30948909686065107
679 0.30948909686065107
680 0.30948909686065107
681 0.30948909686065107
682 0.30948909686065107
683 0.30948909686065107
684 0.30948909686065107
685 0.30948909686065107
686 0.30948909686065107
687 0.30948909686065107
688 0.30948909686065107
689 0.30948909686065107
690 0.30948909686065107
691 0.30948909686065107
692 0.30948909686065107
693 0.30948909686065107
694 0.30948909686065107
695 0.30948909686065107
696 0.30948909686065107
697 0.309562357613016
698 0.309562357613016
699 0.309562357613016
700 0.309562357613016
701 0.309562357613016
702 0.30982071478059975
703 0.30982071478059975
704 0.30982071478059975
705 0.30982071478059975
706 0.30982071478059975
707 0.30982071478059975
708 0.30982071478059975
709 0.30982071478059975
710 0.30982071478059975
711 0.30982071478059975
712 0.30982071478059975
713 0.30982071478059975
714 0.30982071478059975
715 0.30982071478059975
716 0.30982071478059975
717 0.30982071478059975
718 0.30982071478059975
719 0.30982071478059975
720 0.3110845182144497
721 0.3110845182144497
722 0.3110845182144497
723 0.3110845182144497
724 0.3110845182144497
725 0.3116114972047013
726 0.3116114972047013
727 0.3116114972047013
728 0.3116114972047013
729 0.3116388526812881
730 0.31155009824050944
731 0.31155009824050944
732 0.3115687594899446
733 0.3115687594899446
734 0.3115687594899446
735 0.3115687594899446
736 0.3115687594899446
737 0.3115687594899446
738 0.3115687594899446
739 0.3115687594899446
740 0.3115687594899446
741 0.3115687594899446
742 0.3115687594899446
743 0.3115687594899446
744 0.3115687594899446
745 0.3115687594899446
746 0.3115687594899446
747 0.3115687594899446
748 0.3115687594899446
749 0.3115687594899446
750 0.3115687594899446
751 0.3115687594899446
752 0.3115687594899446
753 0.3115687594899446
754 0.3115687594899446
755 0.3115687594899446
756 0.3115687594899446
757 0.3115687594899446
758 0.3115687594899446
759 0.3115687594899446
760 0.3115687594899446
761 0.3115687594899446
762 0.3115687594899446
763 0.3115687594899446
764 0.3115687594899446
765 0.3115687594899446
766 0.31138684434092406
767 0.31138684434092406
768 0.31138684434092406
769 0.31138684434092406
770 0.31138684434092406
771 0.31138684434092406
772 0.31138684434092406
773 0.31138684434092406
774 0.31138684434092406
775 0.31138684434092406
776 0.31138684434092406
777 0.31138684434092406
778 0.31138684434092406
779 0.31138684434092406
780 0.31138684434092406
781 0.31138684434092406
782 0.31138684434092406
783 0.31138684434092406
784 0.31138684434092406
785 0.31138684434092406
786 0.31138684434092406
787 0.31138684434092406
788 0.31138684434092406
789 0.31138684434092406
790 0.31138684434092406
791 0.31138684434092406
792 0.31138684434092406
793 0.31138684434092406
794 0.31138684434092406
795 0.31138684434092406
796 0.31138684434092406
797 0.31138684434092406
798 0.31138684434092406
799 0.31138684434092406
800 0.31138684434092406
801 0.31138684434092406
802 0.31168439237734746
803 0.31168439237734746
804 0.31168439237734746
805 0.31168439237734746
806 0.31168439237734746
807 0.31168439237734746
808 0.31168439237734746
809 0.31168439237734746
810 0.31168439237734746
811 0.31168439237734746
812 0.31168439237734746
813 0.31168439237734746
814 0.31202568557281635
815 0.31202568557281635
816 0.31202568557281635
817 0.31202568557281635
818 0.31202568557281635
819 0.31202568557281635
820 0.31202568557281635
821 0.31202568557281635
822 0.31202568557281635
823 0.31202568557281635
824 0.31202568557281635
825 0.31202568557281635
826 0.31202568557281635
827 0.31202568557281635
828 0.31202568557281635
829 0.31202568557281635
830 0.31202568557281635
831 0.31202568557281635
832 0.31202568557281635
833 0.31202568557281635
834 0.31202568557281635
835 0.31321856064575454
836 0.31321856064575454
837 0.31321856064575454
838 0.31321856064575454
839 0.31321856064575454
840 0.31321856064575454
841 0.31321856064575454
842 0.31321856064575454
843 0.31321856064575454
844 0.31321856064575454
845 0.31321856064575454
846 0.31321856064575454
847 0.31321856064575454
848 0.31321856064575454
849 0.31321856064575454
850 0.31321856064575454
851 0.31321856064575454
852 0.31321856064575454
853 0.31321856064575454
854 0.31321856064575454
855 0.31321856064575454
856 0.31321856064575454
857 0.31321856064575454
858 0.31321856064575454
859 0.31321856064575454
860 0.31321856064575454
861 0.31321856064575454
862 0.31321856064575454
863 0.31321856064575454
864 0.31321856064575454
865 0.31321856064575454
866 0.31321856064575454
867 0.31321856064575454
868 0.31321856064575454
869 0.31321856064575454
870 0.31321856064575454
871 0.31321856064575454
872 0.31321856064575454
873 0.31321856064575454
874 0.31321856064575454
875 0.31321856064575454
876 0.31321856064575454
877 0.31321856064575454
878 0.31321856064575454
879 0.31321856064575454
880 0.31321856064575454
881 0.31321856064575454
882 0.31321856064575454
883 0.31321856064575454
884 0.31321856064575454
885 0.31321856064575454
886 0.31321856064575454
887 0.31321856064575454
888 0.31321856064575454
889 0.31321856064575454
890 0.31321856064575454
891 0.31321856064575454
892 0.3132317893521132
893 0.3132317893521132
894 0.3132317893521132
895 0.3132317893521132
896 0.3132317893521132
897 0.3132317893521132
898 0.3132317893521132
899 0.3132317893521132
900 0.3132317893521132
901 0.3132317893521132
902 0.3132317893521132
903 0.3132317893521132
904 0.3132317893521132
905 0.3132317893521132
906 0.3132317893521132
907 0.3132317893521132
908 0.3132317893521132
909 0.3132317893521132
910 0.3132317893521132
911 0.3132317893521132
912 0.3132317893521132
913 0.3132317893521132
914 0.31335093466763275
915 0.31335093466763275
916 0.31335093466763275
917 0.31335093466763275
918 0.31335093466763275
919 0.31335093466763275
920 0.31335093466763275
921 0.31335093466763275
922 0.31335093466763275
923 0.31335093466763275
924 0.31335093466763275
925 0.31335093466763275
926 0.31335093466763275
927 0.31335093466763275
928 0.31335093466763275
929 0.31335093466763275
930 0.3132862269802141
931 0.3132862269802141
932 0.3132862269802141
933 0.3132862269802141
934 0.3132862269802141
935 0.3132862269802141
936 0.3132862269802141
937 0.3132862269802141
938 0.3132862269802141
939 0.3132862269802141
940 0.3132957210871623
941 0.3132957210871623
942 0.3132957210871623
943 0.3132957210871623
944 0.3132957210871623
945 0.3132957210871623
946 0.3132957210871623
947 0.3132957210871623
948 0.3132957210871623
949 0.3132957210871623
950 0.3132957210871623
951 0.3132957210871623
952 0.3132957210871623
953 0.3132957210871623
954 0.3132957210871623
955 0.3132957210871623
956 0.3132957210871623
957 0.3132957210871623
958 0.3132957210871623
959 0.3132957210871623
960 0.3132957210871623
961 0.31532308037911716
962 0.31532308037911716
963 0.31532308037911716
964 0.31532308037911716
965 0.31532308037911716
966 0.31532308037911716
967 0.31532308037911716
968 0.31532308037911716
969 0.31532308037911716
970 0.31532308037911716
971 0.31532308037911716
972 0.31532308037911716
973 0.31532308037911716
974 0.31532308037911716
975 0.31532308037911716
976 0.31532308037911716
977 0.31532308037911716
978 0.31532308037911716
979 0.31532308037911716
980 0.31532308037911716
981 0.31532308037911716
982 0.31532308037911716
983 0.31532308037911716
984 0.31532308037911716
985 0.31532308037911716
986 0.31532308037911716
987 0.31532308037911716
988 0.31532308037911716
989 0.31532308037911716
990 0.31532308037911716
991 0.31532308037911716
992 0.31532308037911716
993 0.31532308037911716
994 0.31532308037911716
995 0.31532308037911716
996 0.31532308037911716
997 0.31532308037911716
998 0.31532308037911716
999 0.31532308037911716
