0 -101.07110615869256
1 -100.71180169604965
2 -89.15155328529175
3 -89.15155328529175
4 -89.15155328529175
5 -89.15155328529175
6 -89.15155328529175
7 -89.15155328529175
8 -89.15155328529175
9 -89.15155328529175
10 -63.92351648834511
11 -63.92351648834511
12 -63.92351648834511
13 -18.706354085490936
14 -18.706354085490936
15 -18.706354085490936
16 -18.706354085490936
17 47.75736335590971
18 57.89390280935779
19 57.89390280935779
20 57.89390280935779
21 57.89390280935779
22 57.89390280935779
23 57.89390280935779
24 57.89390280935779
25 57.89390280935779
26 57.89390280935779
27 57.89390280935779
28 57.89390280935779
29 57.89390280935779
30 57.89390280935779
31 57.89390280935779
32 57.89390280935779
33 77.14625890546581
34 77.14625890546581
35 77.14625890546581
36 77.14625890546581
37 77.14625890546581
38 77.14625890546581
39 77.14625890546581
40 77.14625890546581
41 77.14625890546581
42 77.14625890546581
43 77.14625890546581
44 77.14625890546581
45 77.14625890546581
46 77.14625890546581
47 77.14625890546581
48 77.14625890546581
49 77.14625890546581
50 77.14625890546581
51 77.14625890546581
52 77.14625890546581
53 77.14625890546581
54 77.14625890546581
55 77.14625890546581
56 77.14625890546581
57 77.14625890546581
58 77.14625890546581
59 77.14625890546581
60 77.14625890546581
61 87.53730626781605
62 87.53730626781605
63 87.53730626781605
64 87.53730626781605
65 87.53730626781605
66 94.2393369307223
67 94.2393369307223
68 108.0002845477449
69 108.0002845477449
70 108.0002845477449
71 108.0002845477449
72 108.0002845477449
73 108.0002845477449
74 110.12796619674728
75 110.12796619674728
76 110.12796619674728
77 110.12796619674728
78 114.39896640842518
79 119.8849482745895
80 119.8849482745895
81 119.8849482745895
82 119.8849482745895
83 119.8849482745895
84 119.8849482745895
85 119.8849482745895
86 119.8849482745895
87 119.8849482745895
88 131.7984707920638
89 131.7984707920638
90 131.7984707920638
91 131.7984707920638
92 131.7984707920638
93 131.7984707920638
94 131.7984707920638
95 131.7984707920638
96 131.7984707920638
97 131.7984707920638
98 131.7984707920638
99 131.7984707920638
100 131.7984707920638
101 131.7984707920638
102 131.7984707920638
103 131.7984707920638
104 131.7984707920638
105 131.7984707920638
106 131.7984707920638
107 131.7984707920638
108 131.7984707920638
109 139.40709112265804
110 139.40709112265804
111 139.40709112265804
112 139.40709112265804
113 139.40709112265804
114 139.40709112265804
115 139.40709112265804
116 139.40709112265804
117 139.40709112265804
118 139.40709112265804
119 139.40709112265804
120 139.40709112265804
121 145.67428781489596
122 145.67428781489596
123 145.67428781489596
124 145.67428781489596
125 145.67428781489596
126 145.67428781489596
127 145.67428781489596
128 145.67428781489596
129 145.67428781489596
130 145.67428781489596
131 145.67428781489596
132 145.67428781489596
133 145.67428781489596
134 145.67428781489596
135 145.67428781489596
136 145.67428781489596
137 145.67428781489596
138 145.67428781489596
139 145.67428781489596
140 145.67428781489596
141 145.67428781489596
142 152.14880713121175
143 152.14880713121175
144 152.14880713121175
145 152.14880713121175
146 152.14880713121175
147 152.14880713121175
148 152.14880713121175
149 152.14880713121175
150 152.14880713121175
151 152.14880713121175
152 152.14880713121175
153 152.14880713121175
154 152.14880713121175
155 152.14880713121175
156 152.14880713121175
157 152.14880713121175
158 152.14880713121175
159 152.14880713121175
160 152.14880713121175
161 152.14880713121175
162 152.59477733264376
163 152.59477733264376
164 152.59477733264376
165 152.59477733264376
166 152.59477733264376
167 152.59477733264376
168 152.59477733264376
169 152.59477733264376
170 152.59477733264376
171 152.59477733264376
172 152.59477733264376
173 152.59477733264376
174 152.59477733264376
175 152.59477733264376
176 152.59477733264376
177 152.59477733264376
178 152.59477733264376
179 168.14797503901312
180 168.14797503901312
181 168.14797503901312
182 168.14797503901312
183 168.14797503901312
184 168.14797503901312
185 168.14797503901312
186 168.14797503901312
187 168.14797503901312
188 168.14797503901312
189 168.14797503901312
190 168.14797503901312
191 168.14797503901312
192 168.14797503901312
193 168.14797503901312
194 168.14797503901312
195 168.14797503901312
196 168.14797503901312
197 168.14797503901312
198 168.14797503901312
199 168.14797503901312
200 168.14797503901312
201 168.14797503901312
202 168.14797503901312
203 168.14797503901312
204 168.14797503901312
205 168.14797503901312
206 168.14797503901312
207 168.14797503901312
208 173.26490389755003
209 173.26490389755003
210 173.26490389755003
211 173.26490389755003
212 173.26490389755003
213 173.26490389755003
214 173.26490389755003
215 173.26490389755003
216 173.26490389755003
217 173.26490389755003
218 173.26490389755003
219 173.26490389755003
220 173.26490389755003
221 173.26490389755003
222 173.26490389755003
223 173.26490389755003
224 173.26490389755003
225 173.26490389755003
226 173.26490389755003
227 173.26490389755003
228 173.26490389755003
229 173.26490389755003
230 173.26490389755003
231 173.26490389755003
232 173.26490389755003
233 173.26490389755003
234 177.51452875101336
235 177.51452875101336
236 177.51452875101336
237 177.51452875101336
238 177.51452875101336
239 177.51452875101336
240 177.51452875101336
241 177.51452875101336
242 177.51452875101336
243 177.51452875101336
244 177.51452875101336
245 177.51452875101336
246 177.51452875101336
247 177.51452875101336
248 177.51452875101336
249 177.51452875101336
250 177.51452875101336
251 177.51452875101336
252 177.51452875101336
253 177.51452875101336
254 177.51452875101336
255 177.51452875101336
256 177.51452875101336
257 177.51452875101336
258 177.51452875101336
259 177.51452875101336
260 177.51452875101336
261 177.51452875101336
262 177.51452875101336
263 177.51452875101336
264 177.51452875101336
265 177.51452875101336
266 177.51452875101336
267 177.51452875101336
268 177.51452875101336
269 177.51452875101336
270 177.51452875101336
271 177.51452875101336
272 177.51452875101336
273 177.51452875101336
274 177.51452875101336
275 177.51452875101336
276 177.51452875101336
277 177.51452875101336
278 177.51452875101336
279 177.51452875101336
280 177.51452875101336
281 177.51452875101336
282 177.51452875101336
283 177.51452875101336
284 177.51452875101336
285 177.51452875101336
286 177.51452875101336
287 177.51452875101336
288 177.51452875101336
289 177.51452875101336
290 177.51452875101336
291 177.51452875101336
292 177.51452875101336
293 177.51452875101336
294 177.51452875101336
295 177.51452875101336
296 177.51452875101336
297 177.51452875101336
298 177.51452875101336
299 177.51452875101336
300 177.51452875101336
301 177.51452875101336
302 177.51452875101336
303 177.51452875101336
304 177.51452875101336
305 177.51452875101336
306 177.51452875101336
307 177.51452875101336
308 177.51452875101336
309 177.51452875101336
310 177.51452875101336
311 177.51452875101336
312 177.51452875101336
313 177.51452875101336
314 177.51452875101336
315 177.51452875101336
316 177.51452875101336
317 177.51452875101336
318 177.51452875101336
319 177.51452875101336
320 177.51452875101336
321 177.51452875101336
322 177.51452875101336
323 177.51452875101336
324 177.51452875101336
325 177.51452875101336
326 177.51452875101336
327 177.51452875101336
328 177.51452875101336
329 177.51452875101336
330 177.51452875101336
331 177.51452875101336
332 177.51452875101336
333 177.51452875101336
334 177.51452875101336
335 177.51452875101336
336 177.51452875101336
337 177.51452875101336
338 177.51452875101336
339 177.51452875101336
340 177.51452875101336
341 177.51452875101336
342 177.51452875101336
343 177.51452875101336
344 177.51452875101336
345 177.51452875101336
346 177.51452875101336
347 177.51452875101336
348 177.51452875101336
349 177.51452875101336
350 177.51452875101336
351 177.51452875101336
352 177.51452875101336
353 177.51452875101336
354 177.51452875101336
355 177.51452875101336
356 177.51452875101336
357 177.51452875101336
358 177.51452875101336
359 177.51452875101336
360 177.51452875101336
361 177.51452875101336
362 177.51452875101336
363 177.51452875101336
364 177.51452875101336
365 177.51452875101336
366 177.51452875101336
367 177.51452875101336
368 177.51452875101336
369 177.51452875101336
370 177.51452875101336
371 177.51452875101336
372 177.51452875101336
373 177.51452875101336
374 177.51452875101336
375 177.51452875101336
376 177.51452875101336
377 177.51452875101336
378 177.51452875101336
379 177.51452875101336
380 177.51452875101336
381 177.51452875101336
382 177.51452875101336
383 177.51452875101336
384 177.51452875101336
385 177.51452875101336
386 177.51452875101336
387 177.51452875101336
388 177.51452875101336
389 177.51452875101336
390 177.51452875101336
391 177.51452875101336
392 177.51452875101336
393 177.51452875101336
394 177.51452875101336
395 177.51452875101336
396 177.51452875101336
397 177.51452875101336
398 177.51452875101336
399 181.06788949119695
400 181.06788949119695
401 181.06788949119695
402 181.06788949119695
403 181.06788949119695
404 181.06788949119695
405 181.06788949119695
406 181.8982971558631
407 181.8982971558631
408 181.8982971558631
409 181.8982971558631
410 181.8982971558631
411 181.8982971558631
412 181.8982971558631
413 181.8982971558631
414 181.8982971558631
415 181.8982971558631
416 181.8982971558631
417 181.8982971558631
418 181.8982971558631
419 181.8982971558631
420 181.8982971558631
421 181.8982971558631
422 181.8982971558631
423 181.8982971558631
424 181.8982971558631
425 181.8982971558631
426 185.29104877295504
427 185.29104877295504
428 185.29104877295504
429 185.29104877295504
430 185.29104877295504
431 185.29104877295504
432 185.29104877295504
433 185.29104877295504
434 185.29104877295504
435 185.29104877295504
436 185.29104877295504
437 185.29104877295504
438 185.29104877295504
439 185.29104877295504
440 185.29104877295504
441 185.29104877295504
442 185.29104877295504
443 185.29104877295504
444 185.29104877295504
445 185.29104877295504
446 185.29104877295504
447 185.29104877295504
448 185.29104877295504
449 185.29104877295504
450 185.29104877295504
451 185.29104877295504
452 185.29104877295504
453 185.29104877295504
454 185.29104877295504
455 185.29104877295504
456 185.29104877295504
457 185.29104877295504
458 185.29104877295504
459 185.29104877295504
460 185.29104877295504
461 185.29104877295504
462 185.29104877295504
463 185.29104877295504
464 185.29104877295504
465 185.29104877295504
466 185.29104877295504
467 185.29104877295504
468 185.29104877295504
469 185.29104877295504
470 185.29104877295504
471 185.29104877295504
472 185.29104877295504
473 185.29104877295504
474 185.29104877295504
475 185.29104877295504
476 185.29104877295504
477 185.29104877295504
478 185.29104877295504
479 185.29104877295504
480 185.29104877295504
481 185.29104877295504
482 185.29104877295504
483 185.29104877295504
484 185.29104877295504
485 185.29104877295504
486 185.29104877295504
487 185.29104877295504
488 185.29104877295504
489 185.29104877295504
490 185.29104877295504
491 185.29104877295504
492 185.29104877295504
493 185.29104877295504
494 185.29104877295504
495 185.29104877295504
496 185.29104877295504
497 185.29104877295504
498 185.29104877295504
499 185.29104877295504
500 185.29104877295504
501 185.29104877295504
502 185.29104877295504
503 185.29104877295504
504 185.29104877295504
505 185.29104877295504
506 185.29104877295504
507 185.29104877295504
508 185.29104877295504
509 185.29104877295504
510 185.29104877295504
511 185.29104877295504
512 185.29104877295504
513 185.29104877295504
514 185.29104877295504
515 185.29104877295504
516 185.29104877295504
517 185.29104877295504
518 185.29104877295504
519 185.29104877295504
520 185.29104877295504
521 185.29104877295504
522 185.29104877295504
523 185.29104877295504
524 185.29104877295504
525 185.29104877295504
526 185.29104877295504
527 185.29104877295504
528 185.29104877295504
529 185.29104877295504
530 185.29104877295504
531 185.29104877295504
532 185.29104877295504
533 185.29104877295504
534 185.29104877295504
535 185.29104877295504
536 185.29104877295504
537 185.29104877295504
538 185.29104877295504
539 185.29104877295504
540 185.29104877295504
541 185.29104877295504
542 185.29104877295504
543 185.29104877295504
544 185.29104877295504
545 185.29104877295504
546 185.29104877295504
547 185.29104877295504
548 185.29104877295504
549 185.29104877295504
550 185.29104877295504
551 185.29104877295504
552 185.29104877295504
553 185.29104877295504
554 185.29104877295504
555 185.29104877295504
556 185.29104877295504
557 185.29104877295504
558 185.29104877295504
559 185.29104877295504
560 185.29104877295504
561 185.29104877295504
562 185.29104877295504
563 185.29104877295504
564 185.29104877295504
565 185.29104877295504
566 185.29104877295504
567 185.29104877295504
568 185.29104877295504
569 185.29104877295504
570 185.29104877295504
571 185.29104877295504
572 185.29104877295504
573 185.29104877295504
574 185.29104877295504
575 185.29104877295504
576 185.29104877295504
577 185.29104877295504
578 185.29104877295504
579 185.29104877295504
580 185.29104877295504
581 185.29104877295504
582 185.29104877295504
583 185.29104877295504
584 185.29104877295504
585 185.29104877295504
586 185.29104877295504
587 185.29104877295504
588 185.29104877295504
589 185.29104877295504
590 185.29104877295504
591 185.29104877295504
592 185.29104877295504
593 185.29104877295504
594 185.29104877295504
595 185.29104877295504
596 185.29104877295504
597 185.29104877295504
598 185.29104877295504
599 185.29104877295504
600 185.29104877295504
601 185.29104877295504
602 185.29104877295504
603 185.29104877295504
604 185.29104877295504
605 185.29104877295504
606 185.29104877295504
607 185.29104877295504
608 185.29104877295504
609 185.29104877295504
610 185.29104877295504
611 185.29104877295504
612 185.29104877295504
613 185.29104877295504
614 185.29104877295504
615 185.29104877295504
616 185.29104877295504
617 185.29104877295504
618 185.29104877295504
619 192.49127574932754
620 192.49127574932754
621 192.49127574932754
622 192.49127574932754
623 192.49127574932754
624 192.49127574932754
625 192.49127574932754
626 192.49127574932754
627 192.49127574932754
628 192.49127574932754
629 192.49127574932754
630 192.49127574932754
631 192.49127574932754
632 192.49127574932754
633 192.49127574932754
634 192.49127574932754
635 192.49127574932754
636 192.49127574932754
637 192.49127574932754
638 192.49127574932754
639 192.49127574932754
640 192.49127574932754
641 192.49127574932754
642 192.49127574932754
643 192.49127574932754
644 192.49127574932754
645 192.49127574932754
646 192.49127574932754
647 192.49127574932754
648 192.49127574932754
649 192.49127574932754
650 192.49127574932754
651 192.49127574932754
652 192.49127574932754
653 192.49127574932754
654 192.49127574932754
655 192.49127574932754
656 192.49127574932754
657 192.49127574932754
658 192.49127574932754
659 192.49127574932754
660 192.49127574932754
661 192.49127574932754
662 192.49127574932754
663 192.49127574932754
664 192.49127574932754
665 192.49127574932754
666 192.49127574932754
667 192.49127574932754
668 192.49127574932754
669 192.49127574932754
670 192.49127574932754
671 192.49127574932754
672 192.49127574932754
673 192.49127574932754
674 192.49127574932754
675 192.49127574932754
676 192.49127574932754
677 192.49127574932754
678 192.49127574932754
679 192.49127574932754
680 192.49127574932754
681 192.49127574932754
682 192.49127574932754
683 192.49127574932754
684 192.49127574932754
685 192.49127574932754
686 192.49127574932754
687 192.49127574932754
688 192.49127574932754
689 192.49127574932754
690 192.49127574932754
691 192.49127574932754
692 192.49127574932754
693 192.49127574932754
694 192.49127574932754
695 192.49127574932754
696 192.49127574932754
697 192.49127574932754
698 192.49127574932754
699 192.49127574932754
700 192.49127574932754
701 192.49127574932754
702 192.49127574932754
703 192.49127574932754
704 192.49127574932754
705 192.49127574932754
706 192.49127574932754
707 192.49127574932754
708 192.49127574932754
709 192.49127574932754
710 192.49127574932754
711 192.49127574932754
712 192.49127574932754
713 192.49127574932754
714 192.49127574932754
715 192.49127574932754
716 192.49127574932754
717 192.49127574932754
718 192.49127574932754
719 192.49127574932754
720 192.49127574932754
721 192.49127574932754
722 192.49127574932754
723 192.49127574932754
724 192.49127574932754
725 192.49127574932754
726 192.49127574932754
727 192.49127574932754
728 192.49127574932754
729 192.49127574932754
730 192.49127574932754
731 192.49127574932754
732 192.49127574932754
733 192.49127574932754
734 192.49127574932754
735 192.49127574932754
736 192.49127574932754
737 192.49127574932754
738 192.49127574932754
739 192.49127574932754
740 192.49127574932754
741 192.49127574932754
742 192.49127574932754
743 192.49127574932754
744 192.49127574932754
745 192.49127574932754
746 192.49127574932754
747 192.49127574932754
748 192.49127574932754
749 192.49127574932754
750 192.49127574932754
751 192.49127574932754
752 192.49127574932754
753 192.49127574932754
754 192.49127574932754
755 192.49127574932754
756 192.49127574932754
757 192.49127574932754
758 192.49127574932754
759 192.49127574932754
760 192.49127574932754
761 192.49127574932754
762 192.49127574932754
763 192.49127574932754
764 192.49127574932754
765 192.49127574932754
766 192.49127574932754
767 192.49127574932754
768 192.49127574932754
769 192.49127574932754
770 192.49127574932754
771 192.49127574932754
772 192.49127574932754
773 192.49127574932754
774 192.49127574932754
775 192.49127574932754
776 192.49127574932754
777 192.49127574932754
778 192.49127574932754
779 192.49127574932754
780 192.49127574932754
781 192.49127574932754
782 192.49127574932754
783 192.49127574932754
784 192.49127574932754
785 192.49127574932754
786 192.49127574932754
787 192.49127574932754
788 192.49127574932754
789 192.49127574932754
790 192.49127574932754
791 192.49127574932754
792 192.49127574932754
793 192.49127574932754
794 192.49127574932754
795 192.49127574932754
796 192.49127574932754
797 192.49127574932754
798 192.49127574932754
799 192.49127574932754
800 192.49127574932754
801 192.49127574932754
802 192.49127574932754
803 192.49127574932754
804 192.49127574932754
805 192.49127574932754
806 192.49127574932754
807 192.49127574932754
808 192.49127574932754
809 192.49127574932754
810 192.49127574932754
811 192.49127574932754
812 192.49127574932754
813 192.49127574932754
814 192.49127574932754
815 192.49127574932754
816 192.49127574932754
817 192.49127574932754
818 192.49127574932754
819 192.49127574932754
820 192.49127574932754
821 192.49127574932754
822 192.49127574932754
823 192.49127574932754
824 192.49127574932754
825 192.49127574932754
826 192.49127574932754
827 192.49127574932754
828 192.49127574932754
829 192.49127574932754
830 192.49127574932754
831 192.49127574932754
832 192.49127574932754
833 192.49127574932754
834 192.49127574932754
835 192.49127574932754
836 192.49127574932754
837 192.49127574932754
838 192.49127574932754
839 192.49127574932754
840 192.49127574932754
841 192.49127574932754
842 192.49127574932754
843 192.49127574932754
844 192.49127574932754
845 192.49127574932754
846 192.49127574932754
847 192.49127574932754
848 192.49127574932754
849 192.49127574932754
850 192.49127574932754
851 192.49127574932754
852 192.49127574932754
853 192.49127574932754
854 192.49127574932754
855 192.49127574932754
856 192.49127574932754
857 192.49127574932754
858 192.49127574932754
859 192.49127574932754
860 192.49127574932754
861 192.49127574932754
862 192.49127574932754
863 192.49127574932754
864 192.49127574932754
865 192.49127574932754
866 192.49127574932754
867 192.49127574932754
868 192.49127574932754
869 192.49127574932754
870 192.49127574932754
871 192.49127574932754
872 192.49127574932754
873 192.49127574932754
874 192.49127574932754
875 192.49127574932754
876 192.49127574932754
877 192.49127574932754
878 192.49127574932754
879 192.49127574932754
880 192.49127574932754
881 192.49127574932754
882 192.49127574932754
883 192.49127574932754
884 192.49127574932754
885 192.49127574932754
886 192.49127574932754
887 192.49127574932754
888 192.49127574932754
889 192.49127574932754
890 192.49127574932754
891 192.49127574932754
892 192.49127574932754
893 192.49127574932754
894 192.49127574932754
895 192.49127574932754
896 192.49127574932754
897 192.49127574932754
898 192.49127574932754
899 192.49127574932754
900 192.49127574932754
901 192.49127574932754
902 192.49127574932754
903 192.49127574932754
904 192.49127574932754
905 192.49127574932754
906 192.49127574932754
907 192.49127574932754
908 192.49127574932754
909 192.49127574932754
910 192.49127574932754
911 192.49127574932754
912 192.49127574932754
913 192.49127574932754
914 192.49127574932754
915 192.49127574932754
916 192.49127574932754
917 192.49127574932754
918 192.49127574932754
919 192.49127574932754
920 192.49127574932754
921 192.49127574932754
922 192.49127574932754
923 192.49127574932754
924 192.49127574932754
925 192.49127574932754
926 192.49127574932754
927 192.49127574932754
928 192.49127574932754
929 192.49127574932754
930 192.49127574932754
931 192.49127574932754
932 192.49127574932754
933 192.49127574932754
934 192.49127574932754
935 192.49127574932754
936 192.49127574932754
937 192.49127574932754
938 192.49127574932754
939 192.49127574932754
940 192.49127574932754
941 192.49127574932754
942 192.49127574932754
943 192.49127574932754
944 192.49127574932754
945 192.49127574932754
946 192.49127574932754
947 192.49127574932754
948 192.49127574932754
949 192.49127574932754
950 192.49127574932754
951 192.49127574932754
952 192.49127574932754
953 192.49127574932754
954 192.49127574932754
955 192.49127574932754
956 192.49127574932754
957 192.49127574932754
958 192.49127574932754
959 192.49127574932754
960 192.49127574932754
961 192.49127574932754
962 192.49127574932754
963 192.49127574932754
964 192.49127574932754
965 192.49127574932754
966 192.49127574932754
967 192.49127574932754
968 192.49127574932754
969 192.49127574932754
970 192.49127574932754
971 192.49127574932754
972 192.49127574932754
973 192.49127574932754
974 192.49127574932754
975 192.49127574932754
976 192.49127574932754
977 192.49127574932754
978 192.49127574932754
979 192.49127574932754
980 192.49127574932754
981 192.49127574932754
982 192.49127574932754
983 192.49127574932754
984 192.49127574932754
985 192.49127574932754
986 192.49127574932754
987 192.49127574932754
988 192.49127574932754
989 192.49127574932754
990 192.49127574932754
991 192.49127574932754
992 192.49127574932754
993 192.49127574932754
994 192.49127574932754
995 192.49127574932754
996 192.49127574932754
997 192.49127574932754
998 192.49127574932754
999 192.49127574932754
1000 192.49127574932754
1001 192.49127574932754
1002 192.49127574932754
1003 192.49127574932754
1004 192.49127574932754
1005 192.49127574932754
1006 192.49127574932754
1007 192.49127574932754
1008 192.49127574932754
1009 192.49127574932754
1010 192.49127574932754
1011 192.49127574932754
1012 192.49127574932754
1013 192.49127574932754
1014 192.49127574932754
1015 192.49127574932754
1016 192.49127574932754
1017 192.49127574932754
1018 192.49127574932754
1019 192.49127574932754
1020 192.49127574932754
1021 192.49127574932754
1022 192.49127574932754
1023 192.49127574932754
1024 192.49127574932754
1025 192.49127574932754
1026 192.49127574932754
1027 192.49127574932754
1028 192.49127574932754
1029 192.49127574932754
1030 192.49127574932754
1031 192.49127574932754
1032 192.49127574932754
1033 192.49127574932754
1034 192.49127574932754
1035 192.49127574932754
1036 192.49127574932754
1037 192.49127574932754
1038 192.49127574932754
1039 192.49127574932754
1040 192.49127574932754
1041 192.49127574932754
1042 192.49127574932754
1043 192.49127574932754
1044 192.49127574932754
1045 192.49127574932754
1046 192.49127574932754
1047 192.49127574932754
1048 192.49127574932754
1049 192.49127574932754
1050 192.49127574932754
1051 192.49127574932754
1052 192.49127574932754
1053 192.49127574932754
1054 192.49127574932754
1055 192.49127574932754
1056 192.49127574932754
1057 192.49127574932754
1058 195.7905957901488
1059 195.7905957901488
1060 195.7905957901488
1061 195.7905957901488
1062 195.7905957901488
1063 195.7905957901488
1064 195.7905957901488
1065 195.7905957901488
1066 195.7905957901488
1067 195.7905957901488
1068 195.7905957901488
1069 195.7905957901488
1070 195.7905957901488
1071 195.7905957901488
1072 195.7905957901488
1073 195.7905957901488
1074 195.7905957901488
1075 195.7905957901488
1076 195.7905957901488
1077 195.7905957901488
1078 195.7905957901488
1079 195.7905957901488
1080 195.7905957901488
1081 195.7905957901488
1082 195.7905957901488
1083 195.7905957901488
1084 195.7905957901488
1085 195.7905957901488
1086 195.7905957901488
1087 195.7905957901488
1088 195.7905957901488
1089 195.7905957901488
1090 195.7905957901488
1091 195.7905957901488
1092 195.7905957901488
1093 195.7905957901488
1094 195.7905957901488
1095 195.7905957901488
1096 195.7905957901488
1097 195.7905957901488
1098 195.7905957901488
1099 195.7905957901488
1100 195.7905957901488
1101 195.7905957901488
1102 195.7905957901488
1103 195.7905957901488
1104 195.7905957901488
1105 195.7905957901488
1106 195.7905957901488
1107 195.7905957901488
1108 195.7905957901488
1109 195.7905957901488
1110 195.7905957901488
1111 195.7905957901488
1112 195.7905957901488
1113 195.7905957901488
1114 195.7905957901488
1115 195.7905957901488
1116 195.7905957901488
1117 195.7905957901488
1118 195.7905957901488
1119 195.7905957901488
1120 195.7905957901488
1121 195.7905957901488
1122 195.7905957901488
1123 195.7905957901488
1124 195.7905957901488
1125 195.7905957901488
1126 195.7905957901488
1127 195.7905957901488
1128 195.7905957901488
1129 195.7905957901488
1130 195.7905957901488
1131 195.7905957901488
1132 195.7905957901488
1133 195.7905957901488
1134 195.7905957901488
1135 195.7905957901488
1136 195.7905957901488
1137 195.7905957901488
1138 195.7905957901488
1139 195.7905957901488
1140 195.7905957901488
1141 195.7905957901488
1142 195.7905957901488
1143 195.7905957901488
1144 195.7905957901488
1145 195.7905957901488
1146 195.7905957901488
1147 195.7905957901488
1148 195.7905957901488
1149 195.7905957901488
1150 195.7905957901488
1151 195.7905957901488
1152 195.7905957901488
1153 195.7905957901488
1154 195.7905957901488
1155 195.7905957901488
1156 195.7905957901488
1157 195.7905957901488
1158 195.7905957901488
1159 195.7905957901488
1160 195.7905957901488
1161 195.7905957901488
1162 195.7905957901488
1163 195.7905957901488
1164 195.7905957901488
1165 195.7905957901488
1166 195.7905957901488
1167 195.7905957901488
1168 195.7905957901488
1169 195.7905957901488
1170 195.7905957901488
1171 195.7905957901488
1172 195.7905957901488
1173 195.7905957901488
1174 195.7905957901488
1175 195.7905957901488
1176 195.7905957901488
1177 195.7905957901488
1178 195.7905957901488
1179 195.7905957901488
1180 195.7905957901488
1181 195.7905957901488
1182 195.7905957901488
1183 195.7905957901488
1184 195.7905957901488
1185 195.7905957901488
1186 195.7905957901488
1187 195.7905957901488
1188 195.7905957901488
1189 195.7905957901488
1190 195.7905957901488
1191 195.7905957901488
1192 195.7905957901488
1193 195.7905957901488
1194 195.7905957901488
1195 195.7905957901488
1196 195.7905957901488
1197 195.7905957901488
1198 195.7905957901488
1199 195.7905957901488
1200 195.7905957901488
1201 195.7905957901488
1202 195.7905957901488
1203 195.7905957901488
1204 195.7905957901488
1205 195.7905957901488
1206 195.7905957901488
1207 195.7905957901488
1208 195.7905957901488
1209 195.7905957901488
1210 195.7905957901488
1211 195.7905957901488
1212 195.7905957901488
1213 195.7905957901488
1214 195.7905957901488
1215 195.7905957901488
1216 195.7905957901488
1217 195.7905957901488
1218 195.7905957901488
1219 195.7905957901488
1220 195.7905957901488
1221 195.7905957901488
1222 195.7905957901488
1223 195.7905957901488
1224 195.7905957901488
1225 195.7905957901488
1226 195.7905957901488
1227 195.7905957901488
1228 195.7905957901488
1229 195.7905957901488
1230 195.7905957901488
1231 195.7905957901488
1232 195.7905957901488
1233 195.7905957901488
1234 195.7905957901488
1235 195.7905957901488
1236 195.7905957901488
1237 195.7905957901488
1238 195.7905957901488
1239 195.7905957901488
1240 195.7905957901488
1241 195.7905957901488
1242 195.7905957901488
1243 195.7905957901488
1244 195.7905957901488
1245 195.7905957901488
1246 195.7905957901488
1247 195.7905957901488
1248 195.7905957901488
1249 195.7905957901488
1250 195.7905957901488
1251 195.7905957901488
1252 195.7905957901488
1253 195.7905957901488
1254 195.7905957901488
1255 195.7905957901488
1256 195.7905957901488
1257 195.94897816640875
1258 195.94897816640875
1259 195.94897816640875
1260 195.94897816640875
1261 195.94897816640875
1262 195.94897816640875
1263 195.94897816640875
1264 195.94897816640875
1265 195.94897816640875
1266 195.94897816640875
1267 195.94897816640875
1268 195.94897816640875
1269 195.94897816640875
1270 195.94897816640875
1271 195.94897816640875
1272 195.94897816640875
1273 195.94897816640875
1274 195.94897816640875
1275 195.94897816640875
1276 195.94897816640875
1277 195.94897816640875
1278 195.94897816640875
1279 195.94897816640875
1280 195.94897816640875
1281 195.94897816640875
1282 195.94897816640875
1283 195.94897816640875
1284 195.94897816640875
1285 195.94897816640875
1286 195.94897816640875
1287 195.94897816640875
1288 195.94897816640875
1289 195.94897816640875
1290 195.94897816640875
1291 195.94897816640875
1292 195.94897816640875
1293 195.94897816640875
1294 195.94897816640875
1295 195.94897816640875
1296 195.94897816640875
1297 195.94897816640875
1298 195.94897816640875
1299 195.94897816640875
1300 195.94897816640875
1301 195.94897816640875
1302 195.94897816640875
1303 195.94897816640875
1304 195.94897816640875
1305 195.94897816640875
1306 195.94897816640875
1307 195.94897816640875
1308 195.94897816640875
1309 195.94897816640875
1310 195.94897816640875
1311 195.94897816640875
1312 195.94897816640875
1313 195.94897816640875
1314 195.94897816640875
1315 195.94897816640875
1316 195.94897816640875
1317 195.94897816640875
1318 195.94897816640875
1319 195.94897816640875
1320 195.94897816640875
1321 195.94897816640875
1322 195.94897816640875
1323 195.94897816640875
1324 195.94897816640875
1325 195.94897816640875
1326 195.94897816640875
1327 195.94897816640875
1328 195.94897816640875
1329 195.94897816640875
1330 195.94897816640875
1331 195.94897816640875
1332 195.94897816640875
1333 195.94897816640875
1334 195.94897816640875
1335 195.94897816640875
1336 195.94897816640875
1337 195.94897816640875
1338 195.94897816640875
1339 195.94897816640875
1340 195.94897816640875
1341 195.94897816640875
1342 195.94897816640875
1343 195.94897816640875
1344 195.94897816640875
1345 195.94897816640875
1346 195.94897816640875
1347 195.94897816640875
1348 195.94897816640875
1349 195.94897816640875
1350 195.94897816640875
1351 195.94897816640875
1352 195.94897816640875
1353 195.94897816640875
1354 195.94897816640875
1355 195.94897816640875
1356 195.94897816640875
1357 195.94897816640875
1358 195.94897816640875
1359 195.94897816640875
1360 195.94897816640875
1361 195.94897816640875
1362 195.94897816640875
1363 195.94897816640875
1364 195.94897816640875
1365 195.94897816640875
1366 195.94897816640875
1367 195.94897816640875
1368 195.94897816640875
1369 195.94897816640875
1370 195.94897816640875
1371 195.94897816640875
1372 195.94897816640875
1373 195.94897816640875
1374 195.94897816640875
1375 195.94897816640875
1376 195.94897816640875
1377 195.94897816640875
1378 195.94897816640875
1379 195.94897816640875
1380 195.94897816640875
1381 195.94897816640875
1382 195.94897816640875
1383 195.94897816640875
1384 195.94897816640875
1385 195.94897816640875
1386 195.94897816640875
1387 195.94897816640875
1388 195.94897816640875
1389 195.94897816640875
1390 195.94897816640875
1391 195.94897816640875
1392 195.94897816640875
1393 195.94897816640875
1394 195.94897816640875
1395 195.94897816640875
1396 195.94897816640875
1397 195.94897816640875
1398 195.94897816640875
1399 195.94897816640875
1400 195.94897816640875
1401 195.94897816640875
1402 195.94897816640875
1403 195.94897816640875
1404 195.94897816640875
1405 195.94897816640875
1406 195.94897816640875
1407 195.94897816640875
1408 195.94897816640875
1409 195.94897816640875
1410 195.94897816640875
1411 195.94897816640875
1412 195.94897816640875
1413 195.94897816640875
1414 195.94897816640875
1415 195.94897816640875
1416 195.94897816640875
1417 195.94897816640875
1418 195.94897816640875
1419 195.94897816640875
1420 195.94897816640875
1421 195.94897816640875
1422 195.94897816640875
1423 195.94897816640875
1424 195.94897816640875
1425 195.94897816640875
1426 195.94897816640875
1427 195.94897816640875
1428 195.94897816640875
1429 195.94897816640875
1430 195.94897816640875
1431 195.94897816640875
1432 195.94897816640875
1433 195.94897816640875
1434 195.94897816640875
1435 195.94897816640875
1436 195.94897816640875
1437 195.94897816640875
1438 195.94897816640875
1439 195.94897816640875
1440 195.94897816640875
1441 195.94897816640875
1442 195.94897816640875
1443 195.94897816640875
1444 195.94897816640875
1445 195.94897816640875
1446 195.94897816640875
1447 195.94897816640875
1448 195.94897816640875
1449 195.94897816640875
1450 195.94897816640875
1451 195.94897816640875
1452 195.94897816640875
1453 195.94897816640875
1454 195.94897816640875
1455 195.94897816640875
1456 195.94897816640875
1457 195.94897816640875
1458 195.94897816640875
1459 195.94897816640875
1460 195.94897816640875
1461 195.94897816640875
1462 195.94897816640875
1463 195.94897816640875
1464 195.94897816640875
1465 195.94897816640875
1466 195.94897816640875
1467 195.94897816640875
1468 195.94897816640875
1469 195.94897816640875
1470 195.94897816640875
1471 195.94897816640875
1472 195.94897816640875
1473 195.94897816640875
1474 195.94897816640875
1475 195.94897816640875
1476 195.94897816640875
1477 195.94897816640875
1478 195.94897816640875
1479 195.94897816640875
1480 195.94897816640875
1481 195.94897816640875
1482 195.94897816640875
1483 195.94897816640875
1484 195.94897816640875
1485 195.94897816640875
1486 195.94897816640875
1487 195.94897816640875
1488 195.94897816640875
1489 195.94897816640875
1490 195.94897816640875
1491 200.27777311921994
1492 200.27777311921994
1493 200.27777311921994
1494 200.27777311921994
1495 200.27777311921994
1496 200.27777311921994
1497 200.27777311921994
1498 200.27777311921994
1499 200.27777311921994
1500 200.27777311921994
1501 200.27777311921994
1502 200.27777311921994
1503 200.27777311921994
1504 200.27777311921994
1505 200.27777311921994
1506 200.27777311921994
1507 200.27777311921994
1508 200.27777311921994
1509 200.27777311921994
1510 200.27777311921994
1511 200.27777311921994
1512 200.27777311921994
1513 200.27777311921994
1514 200.27777311921994
1515 200.27777311921994
1516 200.27777311921994
1517 200.27777311921994
1518 200.27777311921994
1519 200.27777311921994
1520 200.27777311921994
1521 200.27777311921994
1522 200.27777311921994
1523 200.27777311921994
1524 200.27777311921994
1525 200.27777311921994
1526 200.27777311921994
1527 200.27777311921994
1528 200.27777311921994
1529 200.27777311921994
1530 200.27777311921994
1531 200.27777311921994
1532 200.27777311921994
1533 200.27777311921994
1534 200.27777311921994
1535 200.27777311921994
1536 200.27777311921994
1537 200.27777311921994
1538 200.27777311921994
1539 200.27777311921994
1540 200.27777311921994
1541 200.27777311921994
1542 200.27777311921994
1543 200.27777311921994
1544 200.27777311921994
1545 200.27777311921994
1546 200.27777311921994
1547 200.27777311921994
1548 200.27777311921994
1549 200.27777311921994
1550 200.27777311921994
1551 200.27777311921994
1552 200.27777311921994
1553 200.27777311921994
1554 200.27777311921994
1555 200.27777311921994
1556 200.27777311921994
1557 200.27777311921994
1558 200.27777311921994
1559 200.27777311921994
1560 200.27777311921994
1561 200.27777311921994
1562 200.27777311921994
1563 200.27777311921994
1564 200.27777311921994
1565 200.27777311921994
1566 200.27777311921994
1567 200.27777311921994
1568 200.27777311921994
1569 200.27777311921994
1570 200.27777311921994
1571 200.27777311921994
1572 200.27777311921994
1573 200.27777311921994
1574 200.27777311921994
1575 200.27777311921994
1576 200.27777311921994
1577 200.27777311921994
1578 200.27777311921994
1579 200.27777311921994
1580 200.27777311921994
1581 200.27777311921994
1582 200.27777311921994
1583 200.27777311921994
1584 200.27777311921994
1585 200.27777311921994
1586 200.27777311921994
1587 200.27777311921994
1588 200.27777311921994
1589 200.27777311921994
1590 200.27777311921994
1591 200.27777311921994
1592 200.27777311921994
1593 200.27777311921994
1594 200.27777311921994
1595 200.27777311921994
1596 200.27777311921994
1597 200.27777311921994
1598 200.27777311921994
1599 200.27777311921994
1600 200.27777311921994
1601 200.27777311921994
1602 200.27777311921994
1603 200.27777311921994
1604 200.27777311921994
1605 200.27777311921994
1606 200.27777311921994
1607 200.27777311921994
1608 200.27777311921994
1609 200.27777311921994
1610 200.27777311921994
1611 200.27777311921994
1612 200.27777311921994
1613 200.27777311921994
1614 200.27777311921994
1615 200.27777311921994
1616 200.27777311921994
1617 200.27777311921994
1618 200.27777311921994
1619 200.27777311921994
1620 200.27777311921994
1621 200.27777311921994
1622 200.27777311921994
1623 200.27777311921994
1624 200.27777311921994
1625 200.27777311921994
1626 200.27777311921994
1627 200.27777311921994
1628 200.27777311921994
1629 200.27777311921994
1630 200.27777311921994
1631 200.27777311921994
1632 200.27777311921994
1633 200.27777311921994
1634 200.27777311921994
1635 200.27777311921994
1636 200.27777311921994
1637 200.27777311921994
1638 200.27777311921994
1639 200.27777311921994
1640 200.27777311921994
1641 200.27777311921994
1642 200.27777311921994
1643 200.27777311921994
1644 200.27777311921994
1645 200.27777311921994
1646 200.27777311921994
1647 200.27777311921994
1648 200.27777311921994
1649 200.27777311921994
1650 200.27777311921994
1651 200.27777311921994
1652 200.27777311921994
1653 200.27777311921994
1654 200.27777311921994
1655 200.27777311921994
1656 200.27777311921994
1657 200.27777311921994
1658 200.27777311921994
1659 200.27777311921994
1660 200.27777311921994
1661 200.27777311921994
1662 200.27777311921994
1663 200.27777311921994
1664 200.27777311921994
1665 200.27777311921994
1666 200.27777311921994
1667 200.27777311921994
1668 200.27777311921994
1669 200.27777311921994
1670 200.27777311921994
1671 200.27777311921994
1672 200.27777311921994
1673 200.27777311921994
1674 200.27777311921994
1675 200.27777311921994
1676 200.27777311921994
1677 200.27777311921994
1678 200.27777311921994
1679 200.27777311921994
1680 200.27777311921994
1681 200.27777311921994
1682 200.27777311921994
1683 200.27777311921994
1684 200.27777311921994
1685 200.27777311921994
1686 200.27777311921994
1687 200.27777311921994
1688 200.27777311921994
1689 200.27777311921994
1690 200.27777311921994
1691 200.27777311921994
1692 200.27777311921994
1693 200.27777311921994
1694 200.27777311921994
1695 200.27777311921994
1696 200.27777311921994
1697 200.27777311921994
1698 200.27777311921994
1699 200.27777311921994
1700 200.27777311921994
1701 200.27777311921994
1702 200.27777311921994
1703 200.27777311921994
1704 200.27777311921994
1705 200.27777311921994
1706 200.27777311921994
1707 200.27777311921994
1708 200.27777311921994
1709 200.27777311921994
1710 200.27777311921994
1711 200.27777311921994
1712 200.27777311921994
1713 200.27777311921994
1714 200.27777311921994
1715 200.27777311921994
1716 200.27777311921994
1717 200.27777311921994
1718 200.27777311921994
1719 200.27777311921994
1720 200.27777311921994
1721 200.27777311921994
1722 200.27777311921994
1723 200.27777311921994
1724 200.27777311921994
1725 200.27777311921994
1726 200.27777311921994
1727 200.27777311921994
1728 200.27777311921994
1729 200.27777311921994
1730 200.27777311921994
1731 200.27777311921994
1732 200.27777311921994
1733 200.27777311921994
1734 200.27777311921994
1735 200.27777311921994
1736 200.27777311921994
1737 200.27777311921994
1738 200.27777311921994
1739 200.27777311921994
1740 200.27777311921994
1741 200.27777311921994
1742 200.27777311921994
1743 200.27777311921994
1744 200.27777311921994
1745 200.27777311921994
1746 200.27777311921994
1747 200.27777311921994
1748 200.27777311921994
1749 200.27777311921994
1750 200.27777311921994
1751 200.27777311921994
1752 200.27777311921994
1753 200.27777311921994
1754 200.27777311921994
1755 200.27777311921994
1756 200.27777311921994
1757 200.27777311921994
1758 200.27777311921994
1759 200.27777311921994
1760 200.27777311921994
1761 200.27777311921994
1762 200.27777311921994
1763 200.27777311921994
1764 200.27777311921994
1765 200.27777311921994
1766 200.27777311921994
1767 200.27777311921994
1768 200.27777311921994
1769 200.27777311921994
1770 200.27777311921994
1771 200.27777311921994
1772 200.27777311921994
1773 200.27777311921994
1774 200.27777311921994
1775 200.27777311921994
1776 200.27777311921994
1777 200.27777311921994
1778 200.27777311921994
1779 200.27777311921994
1780 200.27777311921994
1781 200.27777311921994
1782 200.27777311921994
1783 200.27777311921994
1784 200.27777311921994
1785 200.27777311921994
1786 200.27777311921994
1787 200.27777311921994
1788 200.27777311921994
1789 200.27777311921994
1790 200.27777311921994
1791 200.27777311921994
1792 200.27777311921994
1793 200.27777311921994
1794 200.27777311921994
1795 200.27777311921994
1796 200.27777311921994
1797 200.27777311921994
1798 200.27777311921994
1799 200.27777311921994
1800 200.27777311921994
1801 200.27777311921994
1802 200.27777311921994
1803 200.27777311921994
1804 200.27777311921994
1805 200.27777311921994
1806 200.27777311921994
1807 200.27777311921994
1808 200.27777311921994
1809 200.27777311921994
1810 200.27777311921994
1811 200.27777311921994
1812 200.27777311921994
1813 200.27777311921994
1814 200.27777311921994
1815 200.27777311921994
1816 200.27777311921994
1817 200.27777311921994
1818 200.27777311921994
1819 200.27777311921994
1820 200.27777311921994
1821 200.27777311921994
1822 200.27777311921994
1823 200.27777311921994
1824 200.27777311921994
1825 200.27777311921994
1826 200.27777311921994
1827 200.27777311921994
1828 200.27777311921994
1829 200.27777311921994
1830 200.27777311921994
1831 200.27777311921994
1832 200.27777311921994
1833 200.27777311921994
1834 200.27777311921994
1835 200.27777311921994
1836 200.27777311921994
1837 200.27777311921994
1838 200.27777311921994
1839 200.27777311921994
1840 200.27777311921994
1841 200.27777311921994
1842 200.27777311921994
1843 200.27777311921994
1844 200.27777311921994
1845 200.27777311921994
1846 200.27777311921994
1847 200.71540234017064
1848 200.71540234017064
1849 200.71540234017064
1850 200.71540234017064
1851 200.71540234017064
1852 200.71540234017064
1853 200.71540234017064
1854 200.71540234017064
1855 200.71540234017064
1856 200.71540234017064
1857 200.71540234017064
1858 200.71540234017064
1859 200.71540234017064
1860 200.71540234017064
1861 200.71540234017064
1862 200.71540234017064
1863 200.71540234017064
1864 200.71540234017064
1865 200.71540234017064
1866 200.71540234017064
1867 200.71540234017064
1868 200.71540234017064
1869 200.71540234017064
1870 200.71540234017064
1871 200.71540234017064
1872 200.71540234017064
1873 200.71540234017064
1874 200.71540234017064
1875 200.71540234017064
1876 200.71540234017064
1877 200.71540234017064
1878 200.71540234017064
1879 200.71540234017064
1880 200.71540234017064
1881 200.71540234017064
1882 200.71540234017064
1883 200.71540234017064
1884 200.71540234017064
1885 200.71540234017064
1886 200.71540234017064
1887 200.71540234017064
1888 200.71540234017064
1889 200.71540234017064
1890 200.71540234017064
1891 200.71540234017064
1892 200.71540234017064
1893 200.71540234017064
1894 200.71540234017064
1895 200.71540234017064
1896 200.71540234017064
1897 200.71540234017064
1898 200.71540234017064
1899 200.71540234017064
1900 200.71540234017064
1901 200.71540234017064
1902 200.71540234017064
1903 200.71540234017064
1904 200.71540234017064
1905 200.71540234017064
1906 200.71540234017064
1907 200.71540234017064
1908 200.71540234017064
1909 200.71540234017064
1910 200.71540234017064
1911 200.71540234017064
1912 200.71540234017064
1913 200.71540234017064
1914 200.71540234017064
1915 200.71540234017064
1916 200.71540234017064
1917 200.71540234017064
1918 200.71540234017064
1919 200.71540234017064
1920 200.71540234017064
1921 200.71540234017064
1922 200.71540234017064
1923 200.71540234017064
1924 200.71540234017064
1925 200.71540234017064
1926 200.71540234017064
1927 200.71540234017064
1928 200.71540234017064
1929 200.71540234017064
1930 200.71540234017064
1931 200.71540234017064
1932 200.71540234017064
1933 200.71540234017064
1934 200.71540234017064
1935 200.71540234017064
1936 200.71540234017064
1937 200.71540234017064
1938 200.71540234017064
1939 200.71540234017064
1940 200.71540234017064
1941 200.71540234017064
1942 200.71540234017064
1943 200.71540234017064
1944 200.71540234017064
1945 200.71540234017064
1946 200.71540234017064
1947 200.71540234017064
1948 200.71540234017064
1949 200.71540234017064
1950 200.71540234017064
1951 200.71540234017064
1952 200.71540234017064
1953 200.71540234017064
1954 200.71540234017064
1955 200.71540234017064
1956 200.71540234017064
1957 200.71540234017064
1958 200.71540234017064
1959 200.71540234017064
1960 200.71540234017064
1961 200.71540234017064
1962 200.71540234017064
1963 200.71540234017064
1964 200.71540234017064
1965 200.71540234017064
1966 200.71540234017064
1967 200.71540234017064
1968 200.71540234017064
1969 200.71540234017064
1970 200.71540234017064
1971 200.71540234017064
1972 200.71540234017064
1973 200.71540234017064
1974 200.71540234017064
1975 200.71540234017064
1976 200.71540234017064
1977 200.71540234017064
1978 200.71540234017064
1979 200.71540234017064
1980 200.71540234017064
1981 200.71540234017064
1982 200.71540234017064
1983 200.71540234017064
1984 200.71540234017064
1985 200.71540234017064
1986 200.71540234017064
1987 200.71540234017064
1988 200.71540234017064
1989 200.71540234017064
1990 200.71540234017064
1991 200.71540234017064
1992 200.71540234017064
1993 200.71540234017064
1994 200.71540234017064
1995 200.71540234017064
1996 200.71540234017064
1997 200.71540234017064
1998 200.71540234017064
1999 200.71540234017064
