0 0.547725892866429
1 0.6919357079152605
2 0.8074544262114862
3 0.8074544262114862
4 0.8074544262114862
5 0.8074544262114862
6 0.8074544262114862
7 0.8074544262114862
8 0.8074544262114862
9 0.8078084011520816
10 0.8078084011520816
11 0.8080984734326735
12 0.8080984734326735
13 0.8080984734326735
14 0.8080984734326735
15 0.808699491285648
16 0.808699491285648
17 0.808699491285648
18 0.8087272400184399
19 0.8087272400184399
20 0.8087272400184399
21 0.8087272400184399
22 0.8087272400184399
23 0.8087272400184399
24 0.8087629707509086
25 0.8087629707509086
26 0.8087629707509086
27 0.8087629707509086
28 0.8087629707509086
29 0.8087629707509086
30 0.8087629707509086
31 0.8087629707509086
32 0.8087629707509086
33 0.8087629707509086
34 0.8087629707509086
35 0.808765569756957
36 0.808765569756957
37 0.808765884397016
38 0.808765884397016
39 0.808765884397016
40 0.8087663182105373
41 0.8087663182105373
42 0.8087663182105373
43 0.8087663182105373
44 0.8087663182105373
45 0.8087663182105373
46 0.8087663182105373
47 0.8087663182105373
48 0.8087663182105373
49 0.8087663182105373
50 0.8087663182105373
51 0.8087663182105373
52 0.8087663182105373
53 0.8087663182105373
54 0.8087663182105373
55 0.8087663182105373
56 0.8087685453962582
57 0.8087685453962582
58 0.8087685453962582
59 0.8087685453962582
60 0.8087685453962582
61 0.8087685453962582
62 0.8087685453962582
63 0.8087685453962582
64 0.8087685453962582
65 0.8087685453962582
66 0.8087685453962582
67 0.8087685453962582
68 0.8087685453962582
69 0.8087685453962582
70 0.8087685453962582
71 0.8087685453962582
72 0.8087685453962582
73 0.8087685507206824
74 0.8087685507206824
75 0.8087685507206824
76 0.8087685507206824
77 0.8087685507206824
78 0.8087685568225434
79 0.8087685568448214
80 0.8087685568448214
81 0.8087685568448214
82 0.808768557254285
83 0.808768557254285
84 0.808768557254285
85 0.8087685673171064
86 0.8087685673171064
87 0.8087685673171064
88 0.8087685673171064
89 0.8087685673171064
90 0.8087685687365895
91 0.8087685687365895
92 0.8087685687365895
93 0.8087685687365895
94 0.8087685687365895
95 0.8087685687365895
96 0.8087685687365895
97 0.8087685687365895
98 0.8087685687593518
99 0.8087685687593518
100 0.8087685687593518
101 0.8087685688896663
102 0.8087685688896663
103 0.8087685688896663
104 0.8087685689686298
105 0.8087685689686298
106 0.8087685689686298
107 0.8087685689686298
108 0.8087685689686298
109 0.8087685689686298
110 0.8087685689686298
111 0.8087685689686298
112 0.8087685689686298
113 0.8087685689686298
114 0.8087685689686298
115 0.8087685689686308
116 0.8087685689686308
117 0.8087685689686308
118 0.8087685689686308
119 0.8087685689686308
120 0.808768569001498
121 0.808768569001498
122 0.808768569001498
123 0.8087685690700053
124 0.8087685690700053
125 0.8087685691207834
126 0.8087685691207834
127 0.8087685691207834
128 0.8087685691207834
129 0.8087685691340027
130 0.8087685691340027
131 0.8087685691340756
132 0.8087685691340756
133 0.8087687502025241
134 0.8087687502025241
135 0.8087687502025241
136 0.8087687502025241
137 0.8087687502025241
138 0.8087687502025241
139 0.8087687502025241
140 0.8087687502193625
141 0.8087687502193625
142 0.8087687502193625
143 0.8087687502193625
144 0.8087687502193625
145 0.8087687502193625
146 0.8087687502193625
147 0.8087687502193625
148 0.8087687502193625
149 0.8087687502193625
150 0.8087687502225939
151 0.8087687503257737
152 0.8087687506332958
153 0.8087687506332958
154 0.8087687506332958
155 0.8087687506332958
156 0.8087687506332958
157 0.8087687506332958
158 0.8087687506332958
159 0.8087687506332958
160 0.8087687506332958
161 0.8087687506332958
162 0.8087687506432593
163 0.8087687506432593
164 0.8087687506432593
165 0.8087687506432593
166 0.8087687506432593
167 0.8087687506432593
168 0.8087687506432593
169 0.8087687506432593
170 0.8087687506432593
171 0.8087687506432593
172 0.8087687506495045
173 0.8087687506858441
174 0.8087687506858441
175 0.8087687506858441
176 0.8087687506864032
177 0.8087687506864032
178 0.8087687507244805
179 0.8087687507244805
180 0.8087687507244805
181 0.8087687507244805
182 0.8087687507244805
183 0.8087687507244805
184 0.8087687507244805
185 0.8087687512735418
186 0.8087687512735418
187 0.8087687512735418
188 0.8087687512735418
189 0.8087687512735418
190 0.8087687512735418
191 0.8087687512735418
192 0.8087687512735418
193 0.8087687512735418
194 0.8087687512735418
195 0.8087687512745297
196 0.8087687512745297
197 0.8087687512745297
198 0.8087688843256594
199 0.8087688843256594
200 0.8087688843256594
201 0.8087688843256594
202 0.8087688843256594
203 0.8087688843256594
204 0.8087688843256594
205 0.8087688843256594
206 0.8087688843256594
207 0.8087688843256594
208 0.8087688843256594
209 0.8087688843256594
210 0.8087688843256594
211 0.8087688843256594
212 0.8087688843279274
213 0.8087688843279274
214 0.8087688843279274
215 0.8087688843279274
216 0.8087688843279274
217 0.8087688843279274
218 0.8087688843387321
219 0.8087688843387321
220 0.8087688843387321
221 0.8087688843387321
222 0.8087688843387321
223 0.8087688843387321
224 0.8087688843387321
225 0.8087688843387321
226 0.8087688843387321
227 0.8087688843387321
228 0.8087688843387321
229 0.8087688843387321
230 0.8087688843387321
231 0.8087688843387321
232 0.8087688843387321
233 0.8087688843387321
234 0.8087688843387321
235 0.8087688843387321
236 0.8087688843387321
237 0.8087688843387321
238 0.8087688843387321
239 0.8087688843387321
240 0.8087688843387321
241 0.8087688843387321
242 0.8087688843387321
243 0.8087688843387321
244 0.8087688843387321
245 0.8087688843387321
246 0.8087688843387321
247 0.8087688843387321
248 0.8087688843387321
249 0.8087688843387321
250 0.8087688843387321
251 0.8087688843387321
252 0.8087688843387321
253 0.8087688843387321
254 0.8087688843387321
255 0.8087688843476625
256 0.8087688843476625
257 0.8087688843476625
258 0.8087688843476625
259 0.8087688843476625
260 0.8087688843476625
261 0.8087688843476625
262 0.8087688843476625
263 0.8087688843530281
264 0.8087688843530281
265 0.8087688843530281
266 0.8087688843530281
267 0.8087688843530281
268 0.8087688843530281
269 0.8087688843530281
270 0.8087688843579425
271 0.8087688843579425
272 0.8087688843579425
273 0.8087688843579425
274 0.8087688843579425
275 0.8087688843579425
276 0.8087688843579425
277 0.8087688843579425
278 0.8087688843579425
279 0.8087688843579425
280 0.8087688843579425
281 0.8087688843579425
282 0.8087688843579425
283 0.8087688843579425
284 0.8087688843579425
285 0.8087688843579425
286 0.8087688843579425
287 0.8087688843579425
288 0.8087688843579425
289 0.8087688843579425
290 0.8087688843579425
291 0.8087688843579425
292 0.8087688843648071
293 0.8087688843648071
294 0.8087688843648071
295 0.8087688843648071
296 0.8087688843648071
297 0.8087688843648071
298 0.8087688843648071
299 0.8087688843648071
300 0.8087688843648071
301 0.8087688843648071
302 0.8087688843648071
303 0.8087688890214455
304 0.8087688890214455
305 0.8087688890214455
306 0.8087688890214455
307 0.8087688890214455
308 0.8087688890214455
309 0.8087688890215698
310 0.8087688890215698
311 0.8087688890215698
312 0.8087688890219299
313 0.8087688890219299
314 0.8087688890219299
315 0.8087688890219299
316 0.8087688890219299
317 0.8087688890219299
318 0.8087688890219299
319 0.8087688890219299
320 0.8087688890219299
321 0.8087688890219299
322 0.8087688890219299
323 0.808768889022493
324 0.808768889022493
325 0.808768889022493
326 0.808768889022493
327 0.808768889022493
328 0.808768889022493
329 0.8087689083741917
330 0.8087689083741917
331 0.8087689083741917
332 0.8087689083741917
333 0.8087689083741917
334 0.8087689083741917
335 0.8087689083741917
336 0.8087689083741917
337 0.8087689083741917
338 0.8087689083741917
339 0.8087689083741917
340 0.8087689083741917
341 0.8087689083741917
342 0.8087689083741917
343 0.8087689083741917
344 0.8087689083741917
345 0.8087689083741917
346 0.8087689083741917
347 0.8087689083741917
348 0.8087689083741917
349 0.8087689083741917
350 0.8087689083741917
351 0.8087689083741955
352 0.8087689083742242
353 0.8087689083742242
354 0.8087689083742242
355 0.8087689083742242
356 0.8087689276489117
357 0.8087689276489117
358 0.8087689276489117
359 0.8087689276489117
360 0.8087689276489117
361 0.8087689276489117
362 0.8087689276489117
363 0.8087689276489117
364 0.8087689276489117
365 0.8087689276489469
366 0.8087689276489469
367 0.8087689276489469
368 0.8087689276489469
369 0.8087689276489469
370 0.8087689276489469
371 0.8087689276489469
372 0.8087689276489469
373 0.8087689276689499
374 0.8087689276689499
375 0.8087689276689499
376 0.8087689276689499
377 0.8087689276689499
378 0.8087689276689499
379 0.8087689276689499
380 0.8087689276689499
381 0.8087689276689499
382 0.8087689276689499
383 0.8087689276689499
384 0.8087689276689499
385 0.8087689276689499
386 0.8087689276689499
387 0.8087689276689499
388 0.8087689276689499
389 0.8087689276689499
390 0.8087689276689499
391 0.8087689276689499
392 0.8087689276689499
393 0.8087689276689499
394 0.8087689276689499
395 0.8087689276689499
396 0.8087689276689499
397 0.8087689276689499
398 0.8087689276689499
399 0.8087689276689499
400 0.8087689276689499
401 0.8087689276689499
402 0.8087689276689505
403 0.8087689276689505
404 0.8087689276816965
405 0.8087689276816965
406 0.8087689276816965
407 0.8087689276816965
408 0.8087689276816965
409 0.8087689276816965
410 0.8087689276816965
411 0.8087689276816965
412 0.8087689276816965
413 0.8087689276816965
414 0.8087689276816965
415 0.8087689276816965
416 0.8087689276816965
417 0.8087689276816965
418 0.8087689276816965
419 0.8087689276816965
420 0.8087689276816965
421 0.8087689276816965
422 0.8087689276816965
423 0.8087689276816965
424 0.8087689276816965
425 0.8087689276816965
426 0.8087689276816965
427 0.8087689276816965
428 0.8087689276845413
429 0.8087689276845413
430 0.8087689276845413
431 0.8087689276845413
432 0.8087689276845413
433 0.8087689276845413
434 0.8087689276845413
435 0.8087689276845413
436 0.8087689276845413
437 0.8087689276845413
438 0.8087689276845413
439 0.8087689276845413
440 0.8087689276845413
441 0.8087689276845413
442 0.8087689276845413
443 0.8087689276845413
444 0.8087689276845413
445 0.8087689277223619
446 0.8087689277223619
447 0.8087689277223619
448 0.8087689277223619
449 0.8087689277223619
450 0.8087689277223619
451 0.8087689277223619
452 0.8087689277223619
453 0.8087689277223619
454 0.8087689277223619
455 0.8087689277223619
456 0.8087689277393376
457 0.8087689277393376
458 0.8087689277393376
459 0.8087689277393376
460 0.8087689277393376
461 0.8087689277393376
462 0.8087689277393376
463 0.8087689277393376
464 0.8087689277393376
465 0.8087689277393376
466 0.8087689277393376
467 0.8087689277393376
468 0.8087689277393376
469 0.8087689277393376
470 0.8087689277393376
471 0.8087689277393376
472 0.8087689277393376
473 0.8087689277393376
474 0.8087689277393376
475 0.8087689277393376
476 0.8087689277393376
477 0.8087689277393376
478 0.8087689277393376
479 0.8087689277393376
480 0.8087689277393376
481 0.8087689277393376
482 0.8087689277393376
483 0.8087689277393376
484 0.8087689277393376
485 0.8087689277393376
486 0.8087689277393376
487 0.8087689277393376
488 0.8087689277393376
489 0.8087689277393376
490 0.8087689277393376
491 0.8087689277393376
492 0.8087689277393376
493 0.8087689277393376
494 0.8087689277393376
495 0.8087689277393376
496 0.8087689277393376
497 0.8087689277393376
498 0.8087689277393376
499 0.8087689277393376
500 0.8087689277393376
501 0.8087689277393376
502 0.8087689277393376
503 0.8087689277393376
504 0.8087689277393376
505 0.8087689277393376
506 0.8087689277393376
507 0.8087689277393376
508 0.8087689277393376
509 0.8087689277393376
510 0.8087689277393376
511 0.8087689277393376
512 0.8087689277393376
513 0.8087689277393376
514 0.8087689277393376
515 0.8087689277393376
516 0.8087689277393376
517 0.8087689277393376
518 0.8087689277393376
519 0.8087689277393376
520 0.8087689277393376
521 0.8087689277393376
522 0.8087689277393376
523 0.8087689279530442
524 0.8087689279530442
525 0.8087689279530442
526 0.8087689279530442
527 0.8087689279530442
528 0.8087689279530442
529 0.8087689279530442
530 0.8087689279530442
531 0.8087689279530442
532 0.8087689279530442
533 0.8087689279530442
534 0.8087689279530442
535 0.8087689279530442
536 0.8087689279530442
537 0.8087689279530442
538 0.8087689279530442
539 0.8087689279530442
540 0.8087689279530442
541 0.8087689279530442
542 0.8087689279530442
543 0.8087689279530442
544 0.8087689279530442
545 0.8087689279530442
546 0.8087689279530442
547 0.8087689279530442
548 0.8087689279530442
549 0.8087689279530442
550 0.8087689279530442
551 0.8087689279530442
552 0.8087689279530442
553 0.8087689279530444
554 0.8087689279530444
555 0.8087689279530449
556 0.8087689279530449
557 0.8087689279530449
558 0.8087689279530449
559 0.8087689279530449
560 0.8087689279530449
561 0.8087689279530449
562 0.8087689279530449
563 0.8087689279530449
564 0.8087689279530449
565 0.8087689279530449
566 0.8087689279530449
567 0.8087689279530449
568 0.8087689279530449
569 0.8087689279530449
570 0.8087689279530449
571 0.8087689279530449
572 0.8087689279530449
573 0.8087689279530449
574 0.8087689279531772
575 0.8087689279531772
576 0.8087689279531772
577 0.8087689279531772
578 0.8087689279531772
579 0.8087689279531772
580 0.8087689279531772
581 0.808768927953434
582 0.808768927953434
583 0.8087689279557349
584 0.8087689279557349
585 0.8087689279557349
586 0.8087689279827156
587 0.8087689279827156
588 0.8087689279827156
589 0.8087689279827156
590 0.8087689279827156
591 0.8087689279827156
592 0.8087689279827156
593 0.8087689279827156
594 0.8087689279827156
595 0.8087689279827156
596 0.8087689279827156
597 0.8087689279827156
598 0.8087689279827156
599 0.8087689279827156
600 0.8087689279827156
601 0.8087689279827156
602 0.8087689279827156
603 0.8087689279827156
604 0.8087689279827156
605 0.8087689279827156
606 0.8087689279827156
607 0.8087689279827156
608 0.8087689279827156
609 0.8087689279827156
610 0.8087689279827156
611 0.8087689279827156
612 0.8087689279827156
613 0.8087689279827156
614 0.8087689279827156
615 0.8087689279827156
616 0.8087689279827156
617 0.8087689279827156
618 0.8087689279827156
619 0.8087689280101789
620 0.8087689280101789
621 0.8087689280101789
622 0.8087689280101789
623 0.8087689280101789
624 0.8087689280101789
625 0.8087689280101789
626 0.8087689280101789
627 0.8087689280101789
628 0.8087689280101789
629 0.8087689280101789
630 0.8087689280101789
631 0.8087689280101789
632 0.8087689280101789
633 0.8087689280101789
634 0.8087689280101789
635 0.8087689280101789
636 0.8087689280101789
637 0.8087689280101789
638 0.8087689280101789
639 0.8087689280101789
640 0.8087689280101789
641 0.8087689280101789
642 0.8087689280101789
643 0.8087689280101789
644 0.8087689280101789
645 0.8087689280101789
646 0.8087689280101789
647 0.8087689280101789
648 0.8087689280101789
649 0.8087689280101789
650 0.8087689280101789
651 0.8087689280101789
652 0.8087689280101789
653 0.8087689280101789
654 0.8087689280101789
655 0.8087689280101789
656 0.8087689280101789
657 0.8087689280101789
658 0.8087689280101789
659 0.8087689280101789
660 0.8087689280101789
661 0.8087689280101789
662 0.8087689280101789
663 0.8087689280101789
664 0.8087689280101789
665 0.8087689280101789
666 0.8087689280101789
667 0.8087689280101789
668 0.8087689280101789
669 0.8087689280101789
670 0.8087689280101789
671 0.8087689280101789
672 0.8087689280101789
673 0.8087689280101789
674 0.8087689280101789
675 0.8087689280101789
676 0.8087689280101815
677 0.8087689280101815
678 0.8087689280101815
679 0.8087689280101815
680 0.8087689280101815
681 0.8087689280101815
682 0.8087689280101815
683 0.8087689280101815
684 0.8087689280101815
685 0.8087689280101815
686 0.8087689280101815
687 0.8087689280101815
688 0.8087689280101815
689 0.8087689280101815
690 0.8087689280101815
691 0.8087689280101815
692 0.8087689280101815
693 0.8087689280101815
694 0.8087689280101815
695 0.8087689280101815
696 0.8087689280101815
697 0.8087689280101815
698 0.8087689280101815
699 0.8087689280101815
700 0.8087689280101815
701 0.8087689280101815
702 0.8087689280101815
703 0.8087689280101815
704 0.8087689280101815
705 0.8087689280101815
706 0.8087689280101815
707 0.8087689280101815
708 0.8087689280101815
709 0.8087689280101815
710 0.8087689280101815
711 0.8087689280101815
712 0.8087689280101815
713 0.8087689280136159
714 0.8087689280136159
715 0.8087689280136159
716 0.8087689280136159
717 0.8087689280136159
718 0.8087689280136159
719 0.8087689280136159
720 0.8087689280136159
721 0.8087689280136159
722 0.8087689280136159
723 0.8087689280136159
724 0.8087689280136159
725 0.8087689280136159
726 0.8087689280136376
727 0.8087689280136376
728 0.8087689280136376
729 0.8087689280136376
730 0.8087689280136376
731 0.8087689280136376
732 0.8087689280136376
733 0.8087689280136376
734 0.8087689280136376
735 0.8087689280136376
736 0.8087689280136376
737 0.8087689280136376
738 0.8087689280136376
739 0.8087689280136376
740 0.8087689280151776
741 0.8087689280151776
742 0.8087689280151776
743 0.8087689280151776
744 0.8087689280151776
745 0.8087689280151776
746 0.8087689280151776
747 0.8087689280151776
748 0.8087689280151776
749 0.8087689280151776
750 0.8087689280151776
751 0.8087689280151776
752 0.8087689280151776
753 0.8087689280151776
754 0.8087689280151776
755 0.8087689280151776
756 0.8087689280151776
757 0.8087689280151776
758 0.8087689280151776
759 0.8087689280151776
760 0.8087689280151776
761 0.8087689280151776
762 0.8087689280151776
763 0.8087689280151776
764 0.8087689280151776
765 0.8087689280167207
766 0.8087689280167207
767 0.8087689280167207
768 0.8087689280167207
769 0.8087689280167207
770 0.8087689280167207
771 0.8087689280167207
772 0.8087689280167207
773 0.8087689280180977
774 0.8087689280180977
775 0.8087689280180977
776 0.8087689280180977
777 0.808768928022362
778 0.808768928022362
779 0.808768928022362
780 0.808768928022362
781 0.808768928022362
782 0.808768928022362
783 0.808768928022362
784 0.808768928022362
785 0.808768928022362
786 0.808768928022362
787 0.808768928022362
788 0.808768928022362
789 0.808768928022362
790 0.808768928022362
791 0.808768928022362
792 0.808768928022362
793 0.8087689280227873
794 0.8087689280227873
795 0.8087689280227873
796 0.8087689280227873
797 0.8087689280227873
798 0.8087689280227873
799 0.8087689280227873
800 0.8087689280227873
801 0.8087689280227873
802 0.8087689280227873
803 0.8087689280227873
804 0.8087689280227873
805 0.8087689280227873
806 0.8087689280227873
807 0.8087689280227873
808 0.8087689280227873
809 0.8087689280227873
810 0.8087689280227873
811 0.8087689280227873
812 0.8087689280227873
813 0.8087689280227873
814 0.8087689280227873
815 0.8087689280227873
816 0.8087689280227873
817 0.8087689280227873
818 0.8087689280227873
819 0.8087689280227873
820 0.8087689280227873
821 0.8087689280227873
822 0.8087689280227873
823 0.8087689280227873
824 0.8087689280227873
825 0.8087689280227873
826 0.8087689280227873
827 0.8087689280227873
828 0.8087689280227873
829 0.8087689280227873
830 0.8087689280227873
831 0.8087689280227873
832 0.8087689280227873
833 0.8087689280227873
834 0.8087689280227873
835 0.8087689280227873
836 0.8087689280227873
837 0.8087689280227873
838 0.8087689280227873
839 0.8087689280227873
840 0.8087689280227873
841 0.8087689280227873
842 0.8087689280227873
843 0.8087689280227873
844 0.8087689280227873
845 0.8087689280227873
846 0.8087689280227873
847 0.8087689280227873
848 0.8087689280227873
849 0.8087689280227873
850 0.8087689280227873
851 0.8087689280227873
852 0.8087689280227873
853 0.8087689280227873
854 0.8087689280227873
855 0.8087689280227873
856 0.8087689280227873
857 0.8087689280227873
858 0.8087689280227873
859 0.8087689280227873
860 0.8087689280227873
861 0.8087689280227873
862 0.8087689280227873
863 0.8087689280227873
864 0.8087689280227873
865 0.8087689280227873
866 0.8087689280227873
867 0.8087689280227873
868 0.8087689280227873
869 0.8087689280227873
870 0.8087689280227873
871 0.8087689280227873
872 0.8087689280227873
873 0.8087689280227873
874 0.8087689280227873
875 0.8087689280227873
876 0.8087689280227873
877 0.8087689280227873
878 0.8087689280227873
879 0.8087689280227873
880 0.8087689280227873
881 0.8087689280227873
882 0.8087689280227873
883 0.8087689280227873
884 0.8087689280227873
885 0.8087689280227873
886 0.8087689280227873
887 0.8087689280227873
888 0.8087689280227873
889 0.8087689280227873
890 0.8087689280227873
891 0.8087689280227873
892 0.8087689280227873
893 0.8087689280227873
894 0.8087689280227873
895 0.8087689280227873
896 0.8087689280227873
897 0.8087689280227873
898 0.8087689280227873
899 0.8087689280227873
900 0.8087689280227873
901 0.8087689280227873
902 0.8087689280227873
903 0.8087689280227873
904 0.8087689280227873
905 0.8087689280227873
906 0.8087689280227873
907 0.8087689280227873
908 0.8087689280227873
909 0.8087689280227873
910 0.8087689280227873
911 0.8087689280227873
912 0.8087689280227873
913 0.8087689280227873
914 0.8087689280227873
915 0.8087689280227873
916 0.8087689280227873
917 0.8087689280227873
918 0.8087689280227873
919 0.8087689280227873
920 0.8087689280227873
921 0.8087689280227873
922 0.8087689280227873
923 0.8087689280227873
924 0.8087689280227873
925 0.8087689280227873
926 0.8087689280227873
927 0.8087689280227873
928 0.8087689280227873
929 0.8087689280227873
930 0.8087689280227873
931 0.8087689280227873
932 0.8087689280227873
933 0.8087689280227873
934 0.8087689280227873
935 0.8087689280227873
936 0.8087689280227873
937 0.8087689280227873
938 0.8087689280227873
939 0.8087689280227873
940 0.8087689280230164
941 0.8087689280230164
942 0.8087689280230164
943 0.8087689280230164
944 0.8087689280230164
945 0.8087689280230164
946 0.8087689280230164
947 0.8087689280230164
948 0.8087689280230164
949 0.8087689280230164
950 0.8087689280230164
951 0.8087689280230164
952 0.8087689280232138
953 0.8087689280232138
954 0.8087689280232138
955 0.8087689280232138
956 0.8087689280232138
957 0.8087689280232138
958 0.8087689280232138
959 0.8087689280232138
960 0.8087689280232138
961 0.8087689280232138
962 0.8087689280232138
963 0.8087689280232138
964 0.8087689280232138
965 0.8087689280232138
966 0.8087689280232138
967 0.8087689280232138
968 0.8087689280232138
969 0.8087689280232138
970 0.8087689280232138
971 0.8087689280232138
972 0.8087689280232138
973 0.8087689280232138
974 0.8087689280232138
975 0.8087689280232138
976 0.8087689280232138
977 0.8087689280232138
978 0.8087689280232138
979 0.8087689280232138
980 0.8087689280232138
981 0.8087689280232138
982 0.8087689280232138
983 0.8087689280232138
984 0.8087689280232138
985 0.8087689280232138
986 0.8087689280232138
987 0.8087689280232138
988 0.8087689280232138
989 0.8087689280232138
990 0.8087689280232138
991 0.8087689280232138
992 0.8087689280232138
993 0.8087689280232138
994 0.8087689280232138
995 0.8087689280232138
996 0.8087689280232138
997 0.8087689280232138
998 0.8087689280232138
999 0.8087689280232138
1000 0.8087689280232138
1001 0.8087689280232138
1002 0.8087689280232138
1003 0.8087689280232138
1004 0.8087689280232138
1005 0.8087689280232138
1006 0.8087689280232138
1007 0.8087689280232138
1008 0.8087689280232138
1009 0.8087689280232138
1010 0.8087689280232138
1011 0.8087689280232138
1012 0.8087689280232138
1013 0.8087689280232138
1014 0.8087689280232138
1015 0.8087689280232138
1016 0.8087689280232138
1017 0.8087689280232138
1018 0.8087689280232138
1019 0.8087689280232138
1020 0.8087689280232138
1021 0.8087689280232138
1022 0.8087689280232138
1023 0.8087689280232138
1024 0.8087689280232138
1025 0.8087689280232138
1026 0.8087689280232138
1027 0.8087689280232138
1028 0.8087689280232138
1029 0.8087689280232138
1030 0.8087689280232138
1031 0.8087689280232138
1032 0.8087689280232138
1033 0.8087689280232138
1034 0.8087689280232138
1035 0.8087689280232138
1036 0.8087689280232138
1037 0.8087689280232138
1038 0.8087689280232138
1039 0.8087689280232138
1040 0.8087689280232138
1041 0.8087689280232138
1042 0.8087689280232138
1043 0.8087689280232138
1044 0.8087689280232138
1045 0.8087689280232138
1046 0.8087689280232138
1047 0.8087689280232138
1048 0.8087689280232138
1049 0.8087689280232138
1050 0.8087689280232138
1051 0.8087689280232138
1052 0.8087689280232138
1053 0.8087689280232138
1054 0.8087689280232138
1055 0.8087689280232138
1056 0.8087689280232138
1057 0.8087689280232138
1058 0.8087689280232138
1059 0.8087689280232138
1060 0.8087689280232138
1061 0.8087689280232138
1062 0.8087689280232138
1063 0.8087689280232138
1064 0.8087689280232138
1065 0.8087689280232138
1066 0.8087689280232138
1067 0.8087689280232138
1068 0.8087689280232138
1069 0.8087689280232138
1070 0.8087689280232138
1071 0.8087689280232138
1072 0.8087689280232138
1073 0.8087689280232138
1074 0.8087689280232138
1075 0.8087689280232138
1076 0.8087689280232138
1077 0.8087689280232138
1078 0.8087689280232138
1079 0.8087689280232138
1080 0.8087689280232138
1081 0.8087689280232138
1082 0.8087689280232138
1083 0.8087689280232138
1084 0.8087689280232138
1085 0.8087689280232138
1086 0.8087689280232138
1087 0.8087689280232138
1088 0.8087689280232138
1089 0.8087689280232138
1090 0.8087689280232138
1091 0.8087689280232138
1092 0.8087689280232138
1093 0.8087689280232138
1094 0.8087689280232138
1095 0.8087689280232138
1096 0.8087689280232138
1097 0.8087689280232138
1098 0.8087689280232138
1099 0.8087689280232138
1100 0.8087689280232138
1101 0.8087689280232138
1102 0.8087689280232138
1103 0.8087689280232138
1104 0.8087689280232138
1105 0.8087689280232138
1106 0.8087689280232138
1107 0.8087689280232138
1108 0.8087689280235363
1109 0.8087689280235363
1110 0.8087689280235363
1111 0.8087689280235363
1112 0.8087689280235363
1113 0.8087689280235363
1114 0.8087689280235363
1115 0.8087689280235363
1116 0.8087689280235363
1117 0.8087689280235363
1118 0.8087689280235363
1119 0.8087689280235363
1120 0.8087689280235363
1121 0.8087689280235363
1122 0.8087689280235363
1123 0.8087689280235363
1124 0.8087689280235363
1125 0.8087689280235363
1126 0.8087689280235363
1127 0.8087689280235363
1128 0.8087689280235363
1129 0.8087689280235363
1130 0.8087689280235363
1131 0.8087689280235363
1132 0.8087689280235363
1133 0.8087689280235363
1134 0.8087689280235363
1135 0.8087689280235363
1136 0.8087689280235363
1137 0.8087689280235363
1138 0.8087689280235363
1139 0.8087689280235363
1140 0.8087689280235363
1141 0.8087689280235363
1142 0.8087689280235363
1143 0.8087689280235363
1144 0.8087689280235363
1145 0.8087689280235363
1146 0.8087689280236884
1147 0.8087689280236884
1148 0.8087689280236884
1149 0.8087689280236884
1150 0.8087689280236884
1151 0.8087689280236884
1152 0.8087689280236884
1153 0.8087689280236884
1154 0.8087689280236884
1155 0.8087689280236884
1156 0.8087689280236884
1157 0.8087689280236884
1158 0.8087689280236884
1159 0.8087689280236884
1160 0.8087689280236884
1161 0.8087689280236884
1162 0.8087689280236884
1163 0.8087689280236884
1164 0.8087689280236884
1165 0.8087689280236884
1166 0.8087689280236884
1167 0.8087689280236884
1168 0.8087689280236884
1169 0.8087689280236884
1170 0.8087689280236884
1171 0.8087689280236884
1172 0.8087689280236884
1173 0.8087689280236884
1174 0.8087689280236884
1175 0.8087689280236884
1176 0.8087689280236884
1177 0.8087689280236884
1178 0.8087689280236884
1179 0.8087689280236884
1180 0.8087689280236884
1181 0.8087689280236884
1182 0.8087689280236884
1183 0.8087689280236884
1184 0.8087689280236884
1185 0.8087689280236884
1186 0.8087689280236884
1187 0.8087689280236884
1188 0.8087689280236884
1189 0.8087689280236884
1190 0.8087689280236884
1191 0.8087689280236884
1192 0.8087689280236884
1193 0.8087689280236884
1194 0.8087689280236884
1195 0.8087689280236884
1196 0.8087689280236884
1197 0.8087689280236884
1198 0.8087689280236884
1199 0.8087689280236884
1200 0.8087689280236884
1201 0.8087689280236884
1202 0.8087689280236884
1203 0.8087689280236884
1204 0.8087689280237976
1205 0.8087689280237976
1206 0.8087689280237976
1207 0.8087689280237976
1208 0.8087689280237976
1209 0.8087689280237976
1210 0.8087689280237976
1211 0.8087689280237976
1212 0.8087689280237976
1213 0.8087689280237976
1214 0.8087689280237976
1215 0.8087689280237976
1216 0.8087689280237976
1217 0.8087689280237976
1218 0.8087689280237976
1219 0.8087689280237976
1220 0.8087689280237976
1221 0.8087689280237976
1222 0.8087689280237976
1223 0.8087689280237976
1224 0.8087689280237976
1225 0.8087689280237976
1226 0.8087689280237976
1227 0.8087689280237976
1228 0.8087689280237976
1229 0.8087689280237976
1230 0.8087689280237976
1231 0.8087689280237976
1232 0.8087689280237976
1233 0.8087689280237976
1234 0.8087689280237976
1235 0.8087689280237976
1236 0.8087689280237976
1237 0.8087689280237976
1238 0.8087689280237976
1239 0.8087689280237976
1240 0.8087689280237976
1241 0.8087689280237976
1242 0.8087689280237976
1243 0.8087689280237976
1244 0.8087689280237976
1245 0.8087689280237976
1246 0.8087689280237976
1247 0.8087689280237976
1248 0.8087689280237976
1249 0.8087689280237976
1250 0.8087689280237976
1251 0.8087689280237976
1252 0.8087689280237976
1253 0.8087689280237976
1254 0.8087689280237976
1255 0.8087689280237976
1256 0.8087689280237976
1257 0.8087689280237976
1258 0.8087689280237976
1259 0.8087689280237976
1260 0.8087689280237976
1261 0.8087689280237976
1262 0.8087689280237976
1263 0.8087689280237976
1264 0.8087689280237976
1265 0.8087689280237976
1266 0.8087689280237976
1267 0.8087689280237976
1268 0.8087689280237976
1269 0.8087689280237976
1270 0.8087689280237976
1271 0.8087689280237976
1272 0.8087689280237976
1273 0.8087689280237976
1274 0.8087689280237976
1275 0.8087689280237976
1276 0.8087689280237976
1277 0.8087689280237976
1278 0.8087689280237976
1279 0.8087689280237976
1280 0.8087689280237976
1281 0.8087689280237976
1282 0.8087689280237976
1283 0.8087689280237976
1284 0.8087689280237976
1285 0.8087689280237976
1286 0.8087689280237976
1287 0.8087689280237976
1288 0.8087689280237976
1289 0.8087689280237976
1290 0.8087689280237976
1291 0.8087689280237976
1292 0.8087689280237976
1293 0.8087689280237976
1294 0.8087689280237976
1295 0.8087689280237976
1296 0.8087689280237976
1297 0.8087689280237976
1298 0.8087689280237976
1299 0.8087689280237976
1300 0.8087689280237976
1301 0.8087689280237976
1302 0.8087689280237976
1303 0.8087689280237976
1304 0.8087689280237976
1305 0.8087689280237976
1306 0.8087689280237976
1307 0.8087689280237976
1308 0.8087689280237976
1309 0.8087689280237976
1310 0.8087689280237976
1311 0.8087689280237976
1312 0.8087689280237976
1313 0.8087689280237976
1314 0.8087689280237976
1315 0.8087689280237976
1316 0.8087689280237976
1317 0.8087689280237976
1318 0.8087689280237976
1319 0.8087689280237976
1320 0.8087689280237976
1321 0.8087689280237976
1322 0.8087689280237976
1323 0.8087689280237976
1324 0.8087689280237976
1325 0.8087689280237976
1326 0.8087689280237976
1327 0.8087689280237976
1328 0.8087689280237976
1329 0.8087689280237976
1330 0.8087689280237976
1331 0.8087689280237976
1332 0.8087689280237976
1333 0.8087689280237976
1334 0.8087689280237976
1335 0.8087689280237976
1336 0.8087689280237976
1337 0.8087689280237976
1338 0.8087689280237976
1339 0.8087689280237976
1340 0.8087689280237976
1341 0.8087689280237976
1342 0.8087689280237976
1343 0.8087689280237976
1344 0.8087689280237976
1345 0.8087689280237976
1346 0.8087689280237976
1347 0.8087689280237976
1348 0.8087689280237976
1349 0.8087689280237976
1350 0.8087689280237976
1351 0.8087689280237976
1352 0.8087689280237976
1353 0.8087689280237976
1354 0.8087689280237976
1355 0.8087689280237976
1356 0.8087689280237976
1357 0.8087689280237976
1358 0.8087689280237976
1359 0.8087689280237976
1360 0.8087689280237976
1361 0.8087689280237976
1362 0.8087689280237976
1363 0.8087689280237976
1364 0.8087689280237976
1365 0.8087689280237976
1366 0.8087689280237976
1367 0.8087689280237976
1368 0.8087689280237976
1369 0.8087689280237976
1370 0.8087689280237976
1371 0.8087689280237976
1372 0.8087689280237976
1373 0.8087689280237976
1374 0.8087689280237976
1375 0.8087689280237976
1376 0.8087689280237976
1377 0.8087689280237976
1378 0.8087689280237976
1379 0.8087689280237976
1380 0.8087689280237976
1381 0.8087689280237976
1382 0.8087689280237976
1383 0.8087689280237976
1384 0.8087689280237976
1385 0.8087689280237976
1386 0.8087689280237976
1387 0.8087689280237976
1388 0.8087689280237976
1389 0.8087689280237976
1390 0.8087689280237976
1391 0.8087689280237976
1392 0.8087689280237976
1393 0.8087689280237976
1394 0.8087689280237976
1395 0.8087689280237976
1396 0.8087689280237976
1397 0.8087689280237976
1398 0.8087689280237976
1399 0.8087689280237976
1400 0.8087689280237976
1401 0.8087689280237976
1402 0.8087689280237976
1403 0.8087689280237976
1404 0.8087689280237976
1405 0.8087689280237976
1406 0.8087689280237976
1407 0.8087689280237976
1408 0.8087689280237976
1409 0.8087689280237976
1410 0.8087689280237976
1411 0.8087689280237976
1412 0.8087689280237976
1413 0.8087689280237976
1414 0.8087689280237976
1415 0.8087689280237976
1416 0.8087689280237976
1417 0.8087689280237976
1418 0.8087689280237976
1419 0.8087689280237976
1420 0.8087689280237976
1421 0.8087689280237976
1422 0.8087689280237976
1423 0.8087689280237981
1424 0.8087689280237981
1425 0.8087689280237981
1426 0.8087689280237981
1427 0.8087689280237981
1428 0.8087689280237981
1429 0.8087689280237981
1430 0.8087689280237981
1431 0.8087689280237981
1432 0.8087689280237981
1433 0.8087689280237981
1434 0.8087689280237981
1435 0.8087689280237981
1436 0.8087689280237981
1437 0.8087689280237981
1438 0.8087689280237981
1439 0.8087689280237981
1440 0.8087689280237981
1441 0.8087689280237981
1442 0.8087689280237981
1443 0.8087689280237981
1444 0.8087689280237981
1445 0.8087689280237981
1446 0.8087689280237981
1447 0.8087689280237981
1448 0.8087689280237981
1449 0.8087689280237981
1450 0.8087689280237981
1451 0.8087689280237981
1452 0.8087689280237981
1453 0.8087689280237981
1454 0.8087689280237981
1455 0.8087689280237981
1456 0.8087689280237981
1457 0.8087689280237981
1458 0.8087689280237981
1459 0.8087689280237981
1460 0.8087689280237981
1461 0.8087689280237981
1462 0.8087689280237981
1463 0.8087689280237981
1464 0.8087689280237981
1465 0.8087689280237981
1466 0.8087689280237981
1467 0.8087689280237981
1468 0.8087689280237981
1469 0.8087689280237981
1470 0.8087689280237981
1471 0.8087689280237981
1472 0.8087689280237981
1473 0.8087689280237981
1474 0.8087689280237981
1475 0.8087689280237981
1476 0.8087689280237981
1477 0.8087689280237981
1478 0.8087689280237981
1479 0.8087689280237981
1480 0.8087689280237981
1481 0.8087689280237981
1482 0.8087689280237981
1483 0.8087689280237981
1484 0.8087689280237981
1485 0.8087689280237981
1486 0.8087689280237981
1487 0.8087689280237981
1488 0.8087689280237981
1489 0.8087689280237981
1490 0.8087689280237981
1491 0.8087689280237981
1492 0.8087689280237981
1493 0.8087689280237981
1494 0.8087689280237981
1495 0.8087689280237981
1496 0.8087689280237981
1497 0.8087689280237981
1498 0.8087689280237981
1499 0.8087689280237981
