0 0.01796875
1 0.44138020833333336
2 0.5911458333333334
3 0.6270572916666667
4 0.6353125
5 0.648828125
6 0.66375
7 0.6763541666666667
8 0.6962760416666667
9 0.7093229166666667
10 0.7214322916666667
11 0.7361979166666667
12 0.7509635416666667
13 0.7646614583333333
14 0.7763541666666667
15 0.7913541666666667
16 0.8068229166666666
17 0.8237760416666666
18 0.83734375
19 0.8509635416666667
20 0.8618489583333333
21 0.8746614583333333
22 0.8852604166666667
23 0.8961458333333333
24 0.9061458333333333
25 0.914453125
26 0.924375
27 0.9338541666666667
28 0.9425
29 0.9498697916666666
30 0.9574479166666666
31 0.9640364583333333
32 0.9703125
33 0.9731770833333333
34 0.977578125
35 0.9797395833333333
36 0.98265625
37 0.9880989583333334
38 0.9912239583333333
39 0.9941927083333333
40 0.9964322916666667
41 0.9977604166666667
42 0.9991145833333334
43 0.99984375
44 1.0
45 1.0
46 1.0
47 1.0
48 1.0
49 1.0
50 1.0
51 1.0
52 1.0
53 1.0
54 1.0
55 1.0
56 1.0
57 1.0
58 1.0
59 1.0
60 1.0
61 1.0
62 1.0
63 1.0
64 1.0
65 1.0
66 1.0
67 1.0
68 1.0
69 1.0
70 1.0
71 1.0
72 1.0
73 1.0
74 1.0
75 1.0
76 1.0
77 1.0
78 1.0
79 1.0
80 1.0
81 1.0
82 1.0
83 1.0
84 1.0
85 1.0
86 1.0
87 1.0
88 1.0
89 1.0
90 1.0
91 1.0
92 1.0
93 1.0
94 1.0
95 1.0
96 1.0
97 1.0
98 1.0
99 1.0
100 1.0
101 1.0
102 1.0
103 1.0
104 1.0
105 1.0
106 1.0
107 1.0
108 1.0
109 1.0
110 1.0
111 1.0
112 1.0
113 1.0
114 1.0
115 1.0
116 1.0
117 1.0
118 1.0
119 1.0
120 1.0
121 1.0
122 1.0
123 1.0
124 1.0
125 1.0
126 1.0
127 1.0
128 1.0
129 1.0
130 1.0
131 1.0
132 1.0
133 1.0
134 1.0
135 1.0
136 1.0
137 1.0
138 1.0
139 1.0
140 1.0
141 1.0
142 1.0
143 1.0
144 1.0
145 1.0
146 1.0
147 1.0
148 1.0
149 1.0
150 1.0
151 1.0
152 1.0
153 1.0
154 1.0
155 1.0
156 1.0
157 1.0
158 1.0
159 1.0
160 1.0
161 1.0
162 1.0
163 1.0
164 1.0
165 1.0
166 1.0
167 1.0
168 1.0
169 1.0
170 1.0
171 1.0
172 1.0
173 1.0
174 1.0
175 1.0
176 1.0
177 1.0
178 1.0
179 1.0
180 1.0
181 1.0
182 1.0
183 1.0
184 1.0
185 1.0
186 1.0
187 1.0
188 1.0
189 1.0
190 1.0
191 1.0
192 1.0
193 1.0
194 1.0
195 1.0
196 1.0
197 1.0
198 1.0
199 1.0
