0 -0.011197916666666667
1 0.26372395833333334
2 0.32958333333333334
3 0.36205729166666667
4 0.39325520833333333
5 0.4220052083333333
6 0.4278385416666667
7 0.44221354166666665
8 0.4665625
9 0.46846354166666665
10 0.47127604166666665
11 0.4813541666666667
12 0.4937239583333333
13 0.49604166666666666
14 0.49614583333333334
15 0.49778645833333335
16 0.499375
17 0.501953125
18 0.51734375
19 0.5323697916666666
20 0.5343229166666666
21 0.5343489583333333
22 0.5354427083333333
23 0.5327604166666666
24 0.539609375
25 0.541171875
26 0.5417708333333333
27 0.5441927083333333
28 0.5444010416666667
29 0.5468229166666667
30 0.548046875
31 0.5488541666666666
32 0.549375
33 0.5500260416666667
34 0.551875
35 0.5529427083333334
36 0.5605208333333334
37 0.573515625
38 0.5790625
39 0.5809635416666666
40 0.5815104166666667
41 0.588125
42 0.5998177083333334
43 0.5996614583333333
44 0.6
45 0.6014583333333333
46 0.60203125
47 0.6034635416666667
48 0.6038802083333333
49 0.6038802083333333
50 0.6038802083333333
51 0.604921875
52 0.605703125
53 0.606484375
54 0.606796875
55 0.6080989583333334
56 0.6097135416666667
57 0.6114583333333333
58 0.61328125
59 0.613515625
60 0.6144270833333333
61 0.6154166666666666
62 0.6154166666666666
63 0.622109375
64 0.622109375
65 0.628046875
66 0.6304947916666667
67 0.6290104166666667
68 0.6306770833333334
69 0.6306510416666666
70 0.6306510416666666
71 0.6335677083333333
72 0.6352604166666667
73 0.6353125
74 0.6430729166666667
75 0.6430729166666667
76 0.648046875
77 0.651640625
78 0.651640625
79 0.651796875
80 0.6572135416666667
81 0.6717447916666667
82 0.6717447916666667
83 0.6717447916666667
84 0.6717447916666667
85 0.6717708333333333
86 0.6717708333333333
87 0.6717708333333333
88 0.6717708333333333
89 0.6717708333333333
90 0.6717708333333333
91 0.6745833333333333
92 0.674921875
93 0.674921875
94 0.674921875
95 0.674921875
96 0.6753645833333334
97 0.6755208333333333
98 0.6755208333333333
99 0.6755208333333333
100 0.6755208333333333
101 0.6757552083333334
102 0.6757552083333334
103 0.6757552083333334
104 0.6757552083333334
105 0.6757552083333334
106 0.6757552083333334
107 0.6757552083333334
108 0.6757552083333334
109 0.6757552083333334
110 0.6757552083333334
111 0.6757552083333334
112 0.6757552083333334
113 0.6757552083333334
114 0.6757552083333334
115 0.6757552083333334
116 0.6757552083333334
117 0.6757552083333334
118 0.6757552083333334
119 0.6757552083333334
120 0.6757552083333334
121 0.6757552083333334
122 0.6757552083333334
123 0.6757552083333334
124 0.6757552083333334
125 0.6757552083333334
126 0.6757552083333334
127 0.6757552083333334
128 0.6757552083333334
129 0.6757552083333334
130 0.6757552083333334
131 0.6757552083333334
132 0.6757552083333334
133 0.6757552083333334
134 0.6757552083333334
135 0.6757552083333334
136 0.6757552083333334
137 0.6757552083333334
138 0.6757552083333334
139 0.6757552083333334
140 0.6757552083333334
141 0.6757552083333334
142 0.6757552083333334
143 0.6757552083333334
144 0.6757552083333334
145 0.6757552083333334
146 0.6757552083333334
147 0.6757552083333334
148 0.6757552083333334
149 0.6757552083333334
150 0.6757552083333334
151 0.6757552083333334
152 0.6757552083333334
153 0.6757552083333334
154 0.6757552083333334
155 0.6757552083333334
156 0.6757552083333334
157 0.6757552083333334
158 0.6757552083333334
159 0.6757552083333334
160 0.6757552083333334
161 0.6757552083333334
162 0.6757552083333334
163 0.6757552083333334
164 0.6757552083333334
165 0.6757552083333334
166 0.6757552083333334
167 0.6757552083333334
168 0.6757552083333334
169 0.6757552083333334
170 0.6757552083333334
171 0.6757552083333334
172 0.6757552083333334
173 0.6757552083333334
174 0.6757552083333334
175 0.6757552083333334
176 0.6757552083333334
177 0.6757552083333334
178 0.6757552083333334
179 0.6757552083333334
180 0.6757552083333334
181 0.6757552083333334
182 0.6757552083333334
183 0.6757552083333334
184 0.6757552083333334
185 0.6757552083333334
186 0.6757552083333334
187 0.6757552083333334
188 0.6757552083333334
189 0.6757552083333334
190 0.6757552083333334
191 0.6757552083333334
192 0.6757552083333334
193 0.6757552083333334
194 0.6757552083333334
195 0.6757552083333334
196 0.6757552083333334
197 0.6757552083333334
198 0.6757552083333334
199 0.6757552083333334
