0 0.7940971560163406
1 0.7940971560163406
2 0.8083676550368507
3 0.8083676550368507
4 0.8083676550368507
5 0.8084426770425865
6 0.8087050215098719
7 0.8087050215098719
8 0.8087050215098719
9 0.8087050215098719
10 0.8087050215098719
11 0.8087050215098719
12 0.8087050215098719
13 0.8087050215098719
14 0.8087105979569748
15 0.8087113381671216
16 0.8087113381671216
17 0.8087113381671216
18 0.8087113381671216
19 0.8087113381671216
20 0.8087113381671216
21 0.8087113381671216
22 0.8087113381671216
23 0.8087113381671216
24 0.8087113381671216
25 0.808762703954001
26 0.808762703954001
27 0.808762703954001
28 0.808762703954001
29 0.808762703954001
30 0.8087627040212864
31 0.8087627040212864
32 0.8087627040212864
33 0.8087640010264232
34 0.8087640010264232
35 0.8087640010264232
36 0.8087640010264232
37 0.8087640010264232
38 0.8087678819928483
39 0.8087678819928483
40 0.8087678819928483
41 0.8087678819928483
42 0.8087678819928483
43 0.8087678819928483
44 0.8087681901295808
45 0.8087681901295808
46 0.8087681901295808
47 0.8087681901295808
48 0.8087681901295808
49 0.8087681901295808
50 0.8087681901295808
51 0.8087681901295808
52 0.8087681901295808
53 0.8087681901295808
54 0.8087681901295808
55 0.8087681901295808
56 0.8087681901295808
57 0.8087681901295808
58 0.8087681901295808
59 0.8087681901295808
60 0.8087681901295808
61 0.8087681901295808
62 0.8087681901295808
63 0.8087681901295808
64 0.8087681901295808
65 0.8087681901295808
66 0.8087681901295808
67 0.8087681901295808
68 0.8087681901295808
69 0.8087681901295808
70 0.8087681901295808
71 0.8087681901295808
72 0.8087681901295808
73 0.8087681901295808
74 0.8087681901295808
75 0.8087681901295808
76 0.8087681901295808
77 0.8087681901295808
78 0.8087681901295808
79 0.8087681901295808
80 0.8087681901295808
81 0.8087681901295808
82 0.8087681901295808
83 0.8087681901295808
84 0.8087681901295808
85 0.8087681901295808
86 0.8087681901295808
87 0.8087681901295808
88 0.8087681901295808
89 0.8087681901295808
90 0.8087681901295808
91 0.8087681901295808
92 0.8087681901295808
93 0.8087681901295808
94 0.8087681901295808
95 0.8087681901295808
96 0.8087681901295808
97 0.8087681901295808
98 0.8087681901295808
99 0.8087681901295808
100 0.8087681901295808
101 0.8087681901295808
102 0.8087681901295808
103 0.8087681901295808
104 0.8087681901295808
105 0.8087681901295808
106 0.8087681901295808
107 0.8087681901295808
108 0.8087681901295808
109 0.8087681901295808
110 0.8087681901295808
111 0.8087681901295808
112 0.8087681901295808
113 0.8087681901295808
114 0.8087681901295808
115 0.8087681901295808
116 0.8087681901295808
117 0.8087681901295808
118 0.8087681901295808
119 0.8087681901295808
120 0.8087681901295808
121 0.8087681901295808
122 0.8087681901295808
123 0.8087681901295808
124 0.8087681901295808
125 0.8087681901295808
126 0.8087681901295808
127 0.8087681901295808
128 0.8087681901295808
129 0.8087681901295808
130 0.8087681901295808
131 0.8087681901295808
132 0.8087681901295808
133 0.8087681901295808
134 0.8087681901295808
135 0.8087681901295808
136 0.8087681901295808
137 0.8087681901295808
138 0.8087681901295808
139 0.8087681901295808
140 0.8087681901295808
141 0.8087681901295808
142 0.8087681901295808
143 0.8087681901295808
144 0.8087681901295808
145 0.8087681901295808
146 0.8087681901295808
147 0.8087681901295808
148 0.8087681901295808
149 0.8087681901295808
150 0.8087681901295808
151 0.8087681901295808
152 0.8087681901295808
153 0.8087681901295808
154 0.8087681901295808
155 0.8087681901295808
156 0.8087681901295808
157 0.8087681901295808
158 0.8087681901295808
159 0.8087681901295808
160 0.8087681901295808
161 0.8087681901295808
162 0.8087681901295808
163 0.8087681901295808
164 0.8087681901295808
165 0.8087681901295808
166 0.8087681901295808
167 0.8087681901295808
168 0.8087681901295808
169 0.8087681901295808
170 0.8087681901295808
171 0.8087681901295808
172 0.8087681901295808
173 0.8087681901295808
174 0.8087681901295808
175 0.8087681901295808
176 0.8087681901295808
177 0.8087681901295808
178 0.8087681901295808
179 0.8087681901295808
180 0.8087681901295808
181 0.8087681901295808
182 0.8087681901295808
183 0.8087681901295808
184 0.8087681901295808
185 0.8087681901295808
186 0.8087681901295808
187 0.8087681901295808
188 0.8087681901295808
189 0.8087681901295808
190 0.8087681901295808
191 0.8087681901295808
192 0.8087681901295808
193 0.8087681901295808
194 0.8087681901295808
195 0.8087681901295808
196 0.8087681901295808
197 0.8087681901295808
198 0.8087681901295808
199 0.8087681901295808
200 0.8087681901295808
201 0.8087681901295808
202 0.8087681901295808
203 0.8087681901295808
204 0.8087681901295808
205 0.8087681901295808
206 0.8087681901295808
207 0.8087681901295808
208 0.8087681901295808
209 0.8087681901295808
210 0.8087681901295808
211 0.8087681901295808
212 0.8087681901295808
213 0.8087681901295808
214 0.8087681901295808
215 0.8087681901295808
216 0.8087681901295808
217 0.8087681901295808
218 0.8087681901295808
219 0.8087681901295808
220 0.8087681901295808
221 0.8087681901295808
222 0.8087681901295808
223 0.8087681901295808
224 0.8087681901295808
225 0.8087681901295808
226 0.8087681901295808
227 0.8087681901295808
228 0.8087681901295808
229 0.8087681901295808
230 0.8087681901295808
231 0.8087681901295808
232 0.8087681901295808
233 0.8087681901295808
234 0.8087681901295808
235 0.8087681901295808
236 0.8087681901295808
237 0.8087681901295808
238 0.8087681901295808
239 0.8087681901295808
240 0.8087681901295808
241 0.8087681901295808
242 0.8087681901295808
243 0.8087681901295808
244 0.8087681901295808
245 0.8087681901295808
246 0.8087681901295808
247 0.8087681901295808
248 0.8087681901295808
249 0.8087681901295808
250 0.8087681901295808
251 0.8087681901295808
252 0.8087681901295808
253 0.8087681901295808
254 0.8087681901295808
255 0.8087681901295808
256 0.8087681901295808
257 0.8087681901295808
258 0.8087681901295808
259 0.8087681901295808
260 0.8087683255318564
261 0.8087683255318564
262 0.8087683255318564
263 0.8087683255318564
264 0.8087683255318564
265 0.8087683255318564
266 0.8087683255318564
267 0.8087683255318564
268 0.8087683255318564
269 0.8087683255318564
270 0.8087683255318564
271 0.8087683255318564
272 0.8087683255318564
273 0.8087683255318564
274 0.8087683255318564
275 0.8087683255318564
276 0.8087683255318564
277 0.8087683255318564
278 0.8087683255318564
279 0.8087683255318564
280 0.8087683255318564
281 0.8087683255318564
282 0.8087683255318564
283 0.8087683255318564
284 0.8087683255318564
285 0.8087683255318564
286 0.8087683255318564
287 0.8087683255318564
288 0.8087683255318564
289 0.8087683255318564
290 0.8087683255318564
291 0.8087683255318564
292 0.8087683255318564
293 0.8087683255318564
294 0.8087683255318564
295 0.8087683255318564
296 0.8087683255318564
297 0.8087683255318564
298 0.8087683255318564
299 0.8087683255318564
300 0.8087683255318564
301 0.8087683255318564
302 0.8087683255318564
303 0.8087683255318564
304 0.8087683255318564
305 0.8087683255318564
306 0.8087683255318564
307 0.8087683255318564
308 0.8087683255318564
309 0.8087683255318564
310 0.8087683255318564
311 0.8087683255318564
312 0.8087683255318564
313 0.8087683255318564
314 0.8087683255318564
315 0.8087683255318564
316 0.8087683255318564
317 0.8087683255318564
318 0.8087683255318564
319 0.8087683255318564
320 0.8087683255318564
321 0.8087683255318564
322 0.8087683255318564
323 0.8087683255318564
324 0.8087683255318564
325 0.8087683255318564
326 0.8087683255318564
327 0.8087683255318564
328 0.8087683255318564
329 0.8087683255318564
330 0.8087683255318564
331 0.8087683255318564
332 0.8087683255318564
333 0.8087683255318564
334 0.8087683255318564
335 0.8087683255318564
336 0.8087683255318564
337 0.8087683255318564
338 0.8087683255318564
339 0.8087683255318564
340 0.8087683255318564
341 0.8087683255318564
342 0.8087683255318564
343 0.8087683255318564
344 0.8087683255318564
345 0.8087683255318564
346 0.8087683255318564
347 0.8087683255318564
348 0.8087683255318564
349 0.8087683255318564
350 0.8087683255318564
351 0.8087683255318564
352 0.8087683255318564
353 0.8087683255318564
354 0.8087683255318564
355 0.8087683255318564
356 0.8087683255318564
357 0.8087683255318564
358 0.8087683255318564
359 0.8087683255318564
360 0.8087683255318564
361 0.8087683255318564
362 0.8087683255318564
363 0.8087683255318564
364 0.8087683255318564
365 0.8087683255318564
366 0.8087683255318564
367 0.8087683255318564
368 0.8087683255318564
369 0.8087683255318564
370 0.8087683255318564
371 0.8087683255318564
372 0.8087683255318564
373 0.8087683255318564
374 0.8087683255318564
375 0.8087683255318564
376 0.8087683255318564
377 0.8087683255318564
378 0.8087683255318564
379 0.8087683255318564
380 0.8087683255318564
381 0.8087683255318564
382 0.8087683255318564
383 0.8087683255318564
384 0.8087683255318564
385 0.8087683255318564
386 0.8087683255318564
387 0.8087683255318564
388 0.8087683255318564
389 0.8087683255318564
390 0.8087683255318564
391 0.8087683255318564
392 0.8087683255318564
393 0.8087683255318564
394 0.8087683255318564
395 0.8087683255318564
396 0.8087683255318564
397 0.8087683255318564
398 0.8087683255318564
399 0.8087683255318564
400 0.8087683255318564
401 0.8087683255318564
402 0.8087683255318564
403 0.8087683255318564
404 0.8087683255318564
405 0.8087683255318564
406 0.8087683255318564
407 0.8087683255318564
408 0.8087683255318564
409 0.8087683255318564
410 0.8087683255318564
411 0.8087683255318564
412 0.8087683255318564
413 0.8087683255318564
414 0.8087683255318564
415 0.8087683255318564
416 0.8087683255318564
417 0.8087683255318564
418 0.8087683255318564
419 0.8087683255318564
420 0.8087683255318564
421 0.8087683255318564
422 0.8087683255318564
423 0.8087683255318564
424 0.8087683255318564
425 0.8087683255318564
426 0.8087683255318564
427 0.8087683255318564
428 0.8087683255318564
429 0.8087683255318564
430 0.8087683255318564
431 0.8087683255318564
432 0.8087683255318564
433 0.8087683255318564
434 0.8087683255318564
435 0.8087683255318564
436 0.8087683255318564
437 0.8087683255318564
438 0.8087683255318564
439 0.8087683255318564
440 0.8087683255318564
441 0.8087683255318564
442 0.8087683255318564
443 0.8087683255318564
444 0.8087683255318564
445 0.8087683255318564
446 0.8087683255318564
447 0.8087683255318564
448 0.8087683255318564
449 0.8087683255318564
450 0.8087683255318564
451 0.8087683255318564
452 0.8087683255318564
453 0.8087683255318564
454 0.8087683255318564
455 0.8087683255318564
456 0.8087683255318564
457 0.8087683255318564
458 0.8087683255318564
459 0.8087683255318564
460 0.8087683255318564
461 0.8087683255318564
462 0.8087683255318564
463 0.8087683255318564
464 0.8087683255318564
465 0.8087683255318564
466 0.8087683255318564
467 0.8087683255318564
468 0.8087683255318564
469 0.8087683255318564
470 0.8087683255318564
471 0.8087683255318564
472 0.8087683255318564
473 0.8087683255318564
474 0.8087683255318564
475 0.8087683255318564
476 0.8087683255318564
477 0.8087683255318564
478 0.8087683255318564
479 0.8087683255318564
480 0.8087683255318564
481 0.8087683255318564
482 0.8087683255318564
483 0.8087683255318564
484 0.8087683255318564
485 0.8087683255318564
486 0.8087683255318564
487 0.8087683255318564
488 0.8087683255318564
489 0.8087683255318564
490 0.8087683255318564
491 0.8087683255318564
492 0.8087683255318564
493 0.8087683255318564
494 0.8087683255318564
495 0.8087683255318564
496 0.8087683255318564
497 0.8087683255318564
498 0.8087683255318564
499 0.8087683255318564
500 0.8087683255318564
501 0.8087683255318564
502 0.8087683255318564
503 0.8087683255318564
504 0.8087683255318564
505 0.8087683255318564
506 0.8087683255318564
507 0.8087683255318564
508 0.8087683255318564
509 0.8087683255318564
510 0.8087683255318564
511 0.8087683255318564
512 0.8087683255318564
513 0.8087683255318564
514 0.8087683255318564
515 0.8087683255318564
516 0.8087683255318564
517 0.8087683255318564
518 0.8087683255318564
519 0.8087683255318564
520 0.8087683255318564
521 0.8087683255318564
522 0.8087683255318564
523 0.8087683255318564
524 0.8087683255318564
525 0.8087683255318564
526 0.8087683255318564
527 0.8087683255318564
528 0.8087683255318564
529 0.8087683255318564
530 0.8087683255318564
531 0.8087683255318564
532 0.8087683255318564
533 0.8087683255318564
534 0.8087683255318564
535 0.8087683255318564
536 0.8087683255318564
537 0.8087683255318564
538 0.8087683255318564
539 0.8087683255318564
540 0.8087683255318564
541 0.8087683255318564
542 0.8087683255318564
543 0.8087683255318564
544 0.8087683255318564
545 0.8087683255318564
546 0.8087683255318564
547 0.8087683255318564
548 0.8087683255318564
549 0.8087683255318564
550 0.8087683255318564
551 0.8087683255318564
552 0.8087683255318564
553 0.8087683255318564
554 0.8087683255318564
555 0.8087683255318564
556 0.8087683255318564
557 0.8087683255318564
558 0.8087683255318564
559 0.8087683255318564
560 0.8087683255318564
561 0.8087683255318564
562 0.8087683255318564
563 0.8087683255318564
564 0.8087683255318564
565 0.8087683255318564
566 0.8087683255318564
567 0.8087683255318564
568 0.8087683255318564
569 0.8087683255318564
570 0.8087683255318564
571 0.8087683255318564
572 0.8087683255318564
573 0.8087683255318564
574 0.8087683255318564
575 0.8087683255318564
576 0.8087683255318564
577 0.8087683255318564
578 0.8087683255318564
579 0.8087683255318564
580 0.8087683255318564
581 0.8087683255318564
582 0.8087683255318564
583 0.8087683255318564
584 0.8087683255318564
585 0.8087683255318564
586 0.8087683255318564
587 0.8087683255318564
588 0.8087683255318564
589 0.8087683255318564
590 0.8087683255318564
591 0.8087683255318564
592 0.8087683255318564
593 0.8087683255318564
594 0.8087683255318564
595 0.8087683255318564
596 0.8087683255318564
597 0.8087683255318564
598 0.8087683255318564
599 0.8087683255318564
600 0.8087683255318564
601 0.8087683255318564
602 0.8087683255318564
603 0.8087683255318564
604 0.8087683255318564
605 0.8087683255318564
606 0.8087683255318564
607 0.8087683255318564
608 0.8087683255318564
609 0.8087683255318564
610 0.8087683255318564
611 0.8087683255318564
612 0.8087683255318564
613 0.8087683255318564
614 0.8087683255318564
615 0.8087683255318564
616 0.8087683255318564
617 0.8087683255318564
618 0.8087683255318564
619 0.8087683255318564
620 0.8087683255318564
621 0.8087683255318564
622 0.8087683255318564
623 0.8087683255318564
624 0.8087683255318564
625 0.8087683255318564
626 0.8087683255318564
627 0.8087683255318564
628 0.8087683255318564
629 0.8087683255318564
630 0.8087683255318564
631 0.8087683255318564
632 0.8087683255318564
633 0.8087683255318564
634 0.8087683255318564
635 0.8087683255318564
636 0.8087683255318564
637 0.8087683255318564
638 0.8087683255318564
639 0.8087683255318564
640 0.8087683255318564
641 0.8087683255318564
642 0.8087683255318564
643 0.8087683255318564
644 0.8087683255318564
645 0.8087683255318564
646 0.8087683255318564
647 0.8087683255318564
648 0.8087683255318564
649 0.8087683255318564
650 0.8087683255318564
651 0.8087683255318564
652 0.8087683255318564
653 0.8087683255318564
654 0.8087683255318564
655 0.8087683255318564
656 0.8087683255318564
657 0.8087683255318564
658 0.8087683255318564
659 0.8087683255318564
660 0.8087683255318564
661 0.8087683255318564
662 0.8087683255318564
663 0.8087683255318564
664 0.8087683255318564
665 0.8087683255318564
666 0.8087683255318564
667 0.8087683255318564
668 0.8087683255318564
669 0.8087683255318564
670 0.8087683255318564
671 0.8087683255318564
672 0.8087683255318564
673 0.8087683255318564
674 0.8087683255318564
675 0.8087683255318564
676 0.8087683255318564
677 0.8087683255318564
678 0.8087683255318564
679 0.8087683255318564
680 0.8087683255318564
681 0.8087683255318564
682 0.8087683255318564
683 0.8087683255318564
684 0.8087683255318564
685 0.8087683255318564
686 0.8087683255318564
687 0.8087683255318564
688 0.8087683255318564
689 0.8087683255318564
690 0.8087683255318564
691 0.8087683255318564
692 0.8087683255318564
693 0.8087683255318564
694 0.8087683255318564
695 0.8087683255318564
696 0.8087683255318564
697 0.8087683255318564
698 0.8087683255318564
699 0.8087683255318564
700 0.8087683255318564
701 0.8087683271848739
702 0.8087683271848739
703 0.8087683271848739
704 0.8087683271848739
705 0.8087683271848739
706 0.8087683271848739
707 0.8087683271848739
708 0.8087683271848739
709 0.8087683271848739
710 0.8087683271848739
711 0.8087683271848739
712 0.8087683271848739
713 0.8087683271848739
714 0.8087683271848739
715 0.8087683271848739
716 0.8087683271848739
717 0.8087683271848739
718 0.8087683271848739
719 0.8087683271848739
720 0.8087683271848739
721 0.8087683271848739
722 0.8087683271848739
723 0.8087683271848739
724 0.8087683271848739
725 0.8087683271848739
726 0.8087683271848739
727 0.8087683271848739
728 0.8087683271848739
729 0.8087683271848739
730 0.8087683271848739
731 0.8087683271848739
732 0.8087683271848739
733 0.8087683271848739
734 0.8087683271848739
735 0.8087683271848739
736 0.8087683271848739
737 0.8087683271848739
738 0.8087683271848739
739 0.8087683271848739
740 0.8087683271848739
741 0.8087683271848739
742 0.8087683271848739
743 0.8087683271848739
744 0.8087683271848739
745 0.8087683271848739
746 0.8087683271848739
747 0.8087683271848739
748 0.8087683271848739
749 0.8087683271848739
750 0.8087683271848739
751 0.8087683271848739
752 0.8087683271848739
753 0.8087683271848739
754 0.8087683271848739
755 0.8087683271848739
756 0.8087683271848739
757 0.8087683271848739
758 0.8087683271848739
759 0.8087683271848739
760 0.8087683271848739
761 0.8087683271848739
762 0.8087683271848739
763 0.8087683271848739
764 0.8087683271848739
765 0.8087683271848739
766 0.8087683271848739
767 0.8087683271848739
768 0.8087683271848739
769 0.8087683271848739
770 0.8087683271848739
771 0.8087683271848739
772 0.8087683271848739
773 0.8087683271848739
774 0.8087683271848739
775 0.8087683271848739
776 0.8087683271848739
777 0.8087683271848739
778 0.8087683271848739
779 0.8087683271848739
780 0.8087683271848739
781 0.8087683271848739
782 0.8087683271848739
783 0.8087683271848739
784 0.8087683271848739
785 0.8087683271848739
786 0.8087683271848739
787 0.8087683271848739
788 0.8087683271848739
789 0.8087683271848739
790 0.8087683271848739
791 0.8087683271848739
792 0.8087683271848739
793 0.8087683271848739
794 0.8087683271848739
795 0.8087683271848739
796 0.8087683271848739
797 0.8087683271848739
798 0.8087683271848739
799 0.8087683271848739
800 0.8087683271848739
801 0.8087683271848739
802 0.8087683271848739
803 0.8087683271848739
804 0.8087683271848739
805 0.8087683271848739
806 0.8087683271848739
807 0.8087683271848739
808 0.8087683271848739
809 0.8087683271848739
810 0.8087683271848739
811 0.8087683271848739
812 0.8087683271848739
813 0.8087683271848739
814 0.8087683271848739
815 0.8087683271848739
816 0.8087683271848739
817 0.8087683271848739
818 0.8087683271848739
819 0.8087683271848739
820 0.8087683271848739
821 0.8087683271848739
822 0.8087683271848739
823 0.8087683271848739
824 0.8087683271848739
825 0.8087683271848739
826 0.8087683271848739
827 0.8087683271848739
828 0.8087683271848739
829 0.8087683271848739
830 0.8087683271848739
831 0.8087683271848739
832 0.8087683271848739
833 0.8087683271848739
834 0.8087683271848739
835 0.8087683271848739
836 0.8087683271848739
837 0.8087683271848739
838 0.8087683271848739
839 0.8087683271848739
840 0.8087683271848739
841 0.8087683271848739
842 0.8087683271848739
843 0.8087683271848739
844 0.8087683271848739
845 0.8087683271848739
846 0.8087683271848739
847 0.8087683271848739
848 0.8087683271848739
849 0.8087683271848739
850 0.8087683271848739
851 0.8087683271848739
852 0.8087683271848739
853 0.8087683271848739
854 0.8087683271848739
855 0.8087683271848739
856 0.8087683271848739
857 0.8087683271848739
858 0.8087683271848739
859 0.8087683271848739
860 0.8087683271848739
861 0.8087683271848739
862 0.8087683271848739
863 0.8087683271848739
864 0.8087683271848739
865 0.8087683271848739
866 0.8087683271848739
867 0.8087683271848739
868 0.8087683271848739
869 0.8087683271848739
870 0.8087683271848739
871 0.8087683271848739
872 0.8087683271848739
873 0.8087683271848739
874 0.8087683271848739
875 0.8087683271848739
876 0.8087683271848739
877 0.8087683271848739
878 0.8087683271848739
879 0.8087683271848739
880 0.8087683271848739
881 0.8087683271848739
882 0.8087683271848739
883 0.8087683271848739
884 0.8087683271848739
885 0.8087683271848739
886 0.8087683271848739
887 0.8087683271848739
888 0.8087683271848739
889 0.8087683271848739
890 0.8087683271848739
891 0.8087683271848739
892 0.8087683271848739
893 0.8087683271848739
894 0.8087683271848739
895 0.8087683271848739
896 0.8087683271848739
897 0.8087683271848739
898 0.8087683271848739
899 0.8087683271848739
900 0.8087683271848739
901 0.8087683271848739
902 0.8087683271848739
903 0.8087683271848739
904 0.8087683271848739
905 0.8087683271848739
906 0.8087683271848739
907 0.8087683271848739
908 0.8087683271848739
909 0.8087683271848739
910 0.8087683271848739
911 0.8087683271848739
912 0.8087683271848739
913 0.8087683271848739
914 0.8087683271848739
915 0.8087683271848739
916 0.8087683271848739
917 0.8087683271848739
918 0.8087683271848739
919 0.8087683271848739
920 0.8087683351794254
921 0.8087683351794254
922 0.8087683351794254
923 0.8087683351794254
924 0.8087683351794254
925 0.8087683351794254
926 0.8087683351794254
927 0.8087683351794254
928 0.8087683351794254
929 0.8087683351794254
930 0.8087683351794254
931 0.8087683351794254
932 0.8087683351794254
933 0.8087683351794254
934 0.8087683351794254
935 0.8087683351794254
936 0.8087683351794254
937 0.8087683351794254
938 0.8087683351794254
939 0.8087683351794254
940 0.8087683351794254
941 0.8087683351794254
942 0.8087683351794254
943 0.8087683351794254
944 0.8087683351794254
945 0.8087683392807214
946 0.8087683392807214
947 0.8087683392807214
948 0.8087683392807214
949 0.8087683392807214
950 0.8087683392807214
951 0.8087683392807214
952 0.8087683392807214
953 0.8087683392807214
954 0.8087683392807214
955 0.8087683392807214
956 0.8087683392807214
957 0.8087683392807214
958 0.8087683392807214
959 0.8087683392807214
960 0.8087683392807214
961 0.8087683392807214
962 0.8087683392807214
963 0.8087683392807214
964 0.8087683392807214
965 0.8087683392807214
966 0.8087683392807214
967 0.8087683392807214
968 0.8087683392807214
969 0.8087683392807214
970 0.8087683392807214
971 0.8087683392807214
972 0.8087683392807214
973 0.8087683392807214
974 0.8087683392807214
975 0.8087683392807214
976 0.8087683392807214
977 0.8087683392807214
978 0.8087683392807214
979 0.8087683392807214
980 0.8087683392807214
981 0.8087683392807214
982 0.8087683392807214
983 0.8087683392807214
984 0.8087683392807214
985 0.8087683392807214
986 0.8087683392807214
987 0.8087683392807214
988 0.8087683392807214
989 0.8087683392807214
990 0.8087683392807214
991 0.8087683392807214
992 0.8087683392807214
993 0.8087683392807214
994 0.8087683392807214
995 0.8087683392807214
996 0.8087683392807214
997 0.8087683392807214
998 0.8087683392807214
999 0.8087683392807214
1000 0.8087683392807214
1001 0.8087683392807214
1002 0.8087683392807214
1003 0.8087683392807214
1004 0.8087683392807214
1005 0.8087683392807214
1006 0.8087683392807214
1007 0.8087683392807214
1008 0.8087683392807214
1009 0.8087683392807214
1010 0.8087683392807214
1011 0.8087683392807214
1012 0.8087683392807214
1013 0.8087683392807214
1014 0.8087683392807214
1015 0.8087683392807214
1016 0.8087683392807214
1017 0.8087683392807214
1018 0.8087683392807214
1019 0.8087683392807214
1020 0.8087683392807214
1021 0.8087683392807214
1022 0.8087683392807214
1023 0.8087683392807214
1024 0.8087683392807214
1025 0.8087683392807214
1026 0.8087683392807214
1027 0.8087683392807214
1028 0.8087683392807214
1029 0.8087683392807214
1030 0.8087683392807214
1031 0.8087683392807214
1032 0.8087683392807214
1033 0.8087683392807214
1034 0.8087683392807214
1035 0.8087683392807214
1036 0.8087683412170195
1037 0.8087683412170195
1038 0.8087683412170195
1039 0.8087683412170195
1040 0.8087683412170195
1041 0.8087683412170195
1042 0.8087683412170195
1043 0.8087683412170195
1044 0.8087683412170195
1045 0.8087683412170195
1046 0.8087683412170195
1047 0.8087683412170195
1048 0.8087683412170195
1049 0.8087683412170195
1050 0.8087683412170195
1051 0.8087683412170195
1052 0.8087683412170195
1053 0.8087683412170195
1054 0.8087683412170195
1055 0.8087683412170195
1056 0.8087683412170195
1057 0.8087683412170195
1058 0.8087683412170195
1059 0.8087683412170195
1060 0.8087683412170195
1061 0.8087683412170195
1062 0.8087683412170195
1063 0.8087683412170195
1064 0.8087683412170195
1065 0.8087683412170195
1066 0.8087683412170195
1067 0.8087683412170195
1068 0.8087683412170195
1069 0.8087683412170195
1070 0.8087683412170195
1071 0.8087683412170195
1072 0.8087683412170195
1073 0.8087683412170195
1074 0.8087683412170195
1075 0.8087683412170195
1076 0.8087683412170195
1077 0.8087683412170195
1078 0.8087683412170195
1079 0.8087683412170195
1080 0.8087683412170195
1081 0.8087683412170195
1082 0.8087683412170195
1083 0.8087683412170195
1084 0.8087683412170195
1085 0.8087683412170195
1086 0.8087683412170195
1087 0.8087683412170195
1088 0.8087683412170195
1089 0.8087683412170195
1090 0.8087683412170195
1091 0.8087683412170195
1092 0.8087683412170195
1093 0.8087683412170195
1094 0.8087683412170195
1095 0.8087683412170195
1096 0.8087683412170195
1097 0.8087683412170195
1098 0.8087683412170195
1099 0.8087683412170195
1100 0.8087683412170195
1101 0.8087683412170195
1102 0.8087683412170195
1103 0.8087683412170195
1104 0.8087683412170195
1105 0.8087683412170195
1106 0.8087683412170195
1107 0.8087683412170195
1108 0.8087683412170195
1109 0.8087683412170195
1110 0.8087683412170195
1111 0.8087683412170195
1112 0.8087683412170195
1113 0.8087683412170195
1114 0.8087683412170195
1115 0.8087683412170195
1116 0.8087683412170195
1117 0.8087683412170195
1118 0.8087683412170195
1119 0.8087683412170195
1120 0.8087683412170195
1121 0.8087683412170195
1122 0.8087683412170195
1123 0.8087683412170195
1124 0.8087683412170195
1125 0.8087683412170195
1126 0.8087683412170195
1127 0.8087683412170195
1128 0.8087683412170195
1129 0.8087683412170195
1130 0.8087683412170195
1131 0.8087683412170195
1132 0.8087683412170195
1133 0.8087683412170195
1134 0.8087683412170195
1135 0.8087683412170195
1136 0.8087683412170195
1137 0.8087683412170195
1138 0.8087683412170195
1139 0.8087683412170195
1140 0.8087683412170195
1141 0.8087683412170195
1142 0.8087683412170195
1143 0.8087683412170195
1144 0.8087683412170195
1145 0.8087683412170195
1146 0.8087683412170195
1147 0.8087683412170195
1148 0.8087683412170195
1149 0.8087683412170195
1150 0.8087683412170195
1151 0.8087683412170195
1152 0.8087683412170195
1153 0.8087683412170195
1154 0.8087683412170195
1155 0.8087683412170195
1156 0.8087683412170195
1157 0.8087683412170195
1158 0.8087683412170195
1159 0.8087683412170195
1160 0.8087683412170195
1161 0.8087683412170195
1162 0.8087683412170195
1163 0.8087683412170195
1164 0.8087683412170195
1165 0.8087683412170195
1166 0.8087683412170195
1167 0.8087683412170195
1168 0.8087683412170195
1169 0.8087683412170195
1170 0.8087683412170195
1171 0.8087683412170195
1172 0.8087683412170195
1173 0.8087683412170195
1174 0.8087683412170195
1175 0.8087683412170195
1176 0.8087683412170195
1177 0.8087683412170195
1178 0.8087683412170195
1179 0.8087683412170195
1180 0.8087683412170195
1181 0.8087683412170195
1182 0.8087683412170195
1183 0.8087683412170195
1184 0.8087683412170195
1185 0.8087683412170195
1186 0.8087683412170195
1187 0.8087683412170195
1188 0.8087683412170195
1189 0.8087683412170195
1190 0.8087683412170195
1191 0.8087683412170195
1192 0.8087683412170195
1193 0.8087683412170195
1194 0.8087683412170195
1195 0.8087683412170195
1196 0.8087683412170195
1197 0.8087683412170195
1198 0.8087683412170195
1199 0.8087683412170195
1200 0.8087683412170195
1201 0.8087683412170195
1202 0.8087683412170195
1203 0.8087683412170195
1204 0.8087683412170195
1205 0.8087683412170195
1206 0.8087683412170195
1207 0.8087683412170195
1208 0.8087683412170195
1209 0.8087683412170195
1210 0.8087683412170195
1211 0.8087683412170195
1212 0.8087683412170195
1213 0.8087683412170195
1214 0.8087683412170195
1215 0.8087683412170195
1216 0.8087683412170195
1217 0.8087683412170195
1218 0.8087683412170195
1219 0.8087683412170195
1220 0.8087683412170195
1221 0.8087683412170195
1222 0.8087683412170195
1223 0.8087683412170195
1224 0.8087683412170195
1225 0.8087683412170195
1226 0.8087683412170195
1227 0.8087683412170195
1228 0.8087683412170195
1229 0.8087683412170195
1230 0.8087683412170195
1231 0.8087683412170195
1232 0.8087683412170195
1233 0.8087683412170195
1234 0.8087683412170195
1235 0.8087683412170195
1236 0.8087683412170195
1237 0.8087683412170195
1238 0.8087683412170195
1239 0.8087683412170195
1240 0.8087683412170195
1241 0.8087683412170195
1242 0.8087683412170195
1243 0.8087683412170195
1244 0.8087683412170195
1245 0.8087683412170195
1246 0.8087683412170195
1247 0.8087683412170195
1248 0.8087683412170195
1249 0.8087683412170195
1250 0.8087683412170195
1251 0.8087683412170195
1252 0.8087683412170195
1253 0.8087683412170195
1254 0.8087683412170195
1255 0.8087683412170195
1256 0.8087683412170195
1257 0.8087683412170195
1258 0.8087683412170195
1259 0.8087683412170195
1260 0.8087683412170195
1261 0.8087683412170195
1262 0.8087683412170195
1263 0.8087683412170195
1264 0.8087683412170195
1265 0.8087683412170195
1266 0.8087683412170195
1267 0.8087683412170195
1268 0.8087683412170195
1269 0.8087683412170195
1270 0.8087683412170195
1271 0.8087683412170195
1272 0.8087683412170195
1273 0.8087683412170195
1274 0.8087683412170195
1275 0.8087683412170195
1276 0.8087683412170195
1277 0.8087683412170195
1278 0.8087683412170195
1279 0.8087683412170195
1280 0.8087683412170195
1281 0.8087683412170195
1282 0.8087683412170195
1283 0.8087683412170195
1284 0.8087683412170195
1285 0.8087683412170195
1286 0.8087683412170195
1287 0.8087683412170195
1288 0.8087683412170195
1289 0.8087683412170195
1290 0.8087683412170195
1291 0.8087683412170195
1292 0.8087683412170195
1293 0.8087683412170195
1294 0.8087683412170195
1295 0.8087683412170195
1296 0.8087683412170195
1297 0.8087683412170195
1298 0.8087683412170195
1299 0.8087683412170195
1300 0.8087683412170195
1301 0.8087683412170195
1302 0.8087683412170195
1303 0.8087683412170195
1304 0.8087683412170195
1305 0.8087683412170195
1306 0.8087683412170195
1307 0.8087683412170195
1308 0.8087683412170195
1309 0.8087683412170195
1310 0.8087683412170195
1311 0.8087683412170195
1312 0.8087683412170195
1313 0.8087683412170195
1314 0.8087683412170195
1315 0.8087683412170195
1316 0.8087683412170195
1317 0.8087683412170195
1318 0.8087683412170195
1319 0.8087683412170195
1320 0.8087683412170195
1321 0.8087683412170195
1322 0.8087683412170195
1323 0.8087683412170195
1324 0.8087683412170195
1325 0.8087683412170195
1326 0.8087683412170195
1327 0.8087683412170195
1328 0.8087683412170195
1329 0.8087683412170195
1330 0.8087683412170195
1331 0.8087683412170195
1332 0.8087683412170195
1333 0.8087683412170195
1334 0.8087683412170195
1335 0.8087683412170195
1336 0.8087683412170195
1337 0.8087683412170195
1338 0.8087683412170195
1339 0.8087683412170195
1340 0.8087683412170195
1341 0.8087683412170195
1342 0.8087683412170195
1343 0.8087683412170195
1344 0.8087683412170195
1345 0.8087683412170195
1346 0.8087683412170195
1347 0.8087683412170195
1348 0.8087683412170195
1349 0.8087683412170195
1350 0.8087683412170195
1351 0.8087683412170195
1352 0.8087683412170195
1353 0.8087683412170195
1354 0.8087683412170195
1355 0.8087683412170195
1356 0.8087683412170195
1357 0.8087683412170195
1358 0.8087683412170195
1359 0.8087683412170195
1360 0.8087683412170195
1361 0.8087683412170195
1362 0.8087683412170195
1363 0.8087683412170195
1364 0.8087683412170195
1365 0.8087683412170195
1366 0.8087683412170195
1367 0.8087683412170195
1368 0.8087683412170195
1369 0.8087683412170195
1370 0.8087683412170195
1371 0.8087683412170195
1372 0.8087683412170195
1373 0.8087683412170195
1374 0.8087683412170195
1375 0.8087683412170195
1376 0.8087683412170195
1377 0.8087683412170195
1378 0.8087683412170195
1379 0.8087683412170195
1380 0.8087683412170195
1381 0.8087683412170195
1382 0.8087683412170195
1383 0.8087683412170195
1384 0.8087683412170195
1385 0.8087683412170195
1386 0.8087683412170195
1387 0.8087683412170195
1388 0.8087683412170195
1389 0.8087683412170195
1390 0.8087683412170195
1391 0.8087683412170195
1392 0.8087683412170195
1393 0.8087683412170195
1394 0.8087683412170195
1395 0.8087683412170195
1396 0.8087683412170195
1397 0.8087683412170195
1398 0.8087683412170195
1399 0.8087683412170195
1400 0.8087683412170195
1401 0.8087683412170195
1402 0.8087683412170195
1403 0.8087683412840557
1404 0.8087683412840557
1405 0.8087683412840557
1406 0.8087683412840557
1407 0.8087683412840557
1408 0.8087683412840557
1409 0.8087683412840557
1410 0.8087683412840557
1411 0.8087683412840557
1412 0.8087683412840557
1413 0.8087683412840557
1414 0.8087683412840557
1415 0.8087683412840557
1416 0.8087683412840557
1417 0.8087683412840557
1418 0.8087683412840557
1419 0.8087683412840557
1420 0.8087683412840557
1421 0.8087683412840557
1422 0.8087683412840557
1423 0.8087683412840557
1424 0.8087683412840557
1425 0.8087683412840557
1426 0.8087683412840557
1427 0.8087683412840557
1428 0.8087683412840557
1429 0.8087683412840557
1430 0.8087683412840557
1431 0.8087683412840557
1432 0.8087683412840557
1433 0.8087683412840557
1434 0.8087683412840557
1435 0.8087683412840557
1436 0.8087683412840557
1437 0.8087683412840557
1438 0.8087683412840557
1439 0.8087683412840557
1440 0.8087683412840557
1441 0.8087683412840557
1442 0.8087683412840557
1443 0.8087683412840557
1444 0.8087683412840557
1445 0.8087683412840557
1446 0.8087683412840557
1447 0.8087683412840557
1448 0.8087683412840557
1449 0.8087683412840557
1450 0.8087683412840557
1451 0.8087683412840557
1452 0.8087683412840557
1453 0.8087683412840557
1454 0.8087683412840557
1455 0.8087683412840557
1456 0.8087683412840557
1457 0.8087683412840557
1458 0.8087683412840557
1459 0.8087683412840557
1460 0.8087683412840557
1461 0.8087683412840557
1462 0.8087683412840557
1463 0.8087683412840557
1464 0.8087683412840557
1465 0.8087683412840557
1466 0.8087683412895792
1467 0.8087683412895792
1468 0.8087683412895792
1469 0.8087683412895792
1470 0.8087683412895792
1471 0.8087683412895792
1472 0.8087683412895792
1473 0.8087683412895792
1474 0.8087683412895792
1475 0.8087683412895792
1476 0.8087683412895792
1477 0.8087683412895792
1478 0.8087683412895792
1479 0.808768341306082
1480 0.808768341306082
1481 0.808768341306082
1482 0.808768341306082
1483 0.808768341306082
1484 0.808768341306082
1485 0.808768341306082
1486 0.808768341306082
1487 0.808768341306082
1488 0.808768341306082
1489 0.808768341306082
1490 0.8087683413118438
1491 0.8087683413118438
1492 0.8087683413118438
1493 0.8087683413118438
1494 0.8087683413118438
1495 0.8087683413118438
1496 0.8087683413118438
1497 0.8087683413118438
1498 0.8087683413118438
1499 0.8087683413118438
