0 0.3746117886433707
1 0.4117921801468347
2 0.4117921801468347
3 0.4164203520799011
4 0.5008885768993011
5 0.6006987991904758
6 0.6006987991904758
7 0.6006987991904758
8 0.6006987991904758
9 0.6006987991904758
10 0.6332144634013853
11 0.6332144634013853
12 0.6332144634013853
13 0.6332144634013853
14 0.6332144634013853
15 0.6332144634013853
16 0.6332144634013853
17 0.6332144634013853
18 0.6332144634013853
19 0.6332144634013853
20 0.6332144634013853
21 0.6332144634013853
22 0.6373207606501615
23 0.6373207606501615
24 0.6373207606501615
25 0.6373207606501615
26 0.6373207606501615
27 0.6721554195143888
28 0.6721554195143888
29 0.6761955732405186
30 0.6761955732405186
31 0.6761955732405186
32 0.6761955732405186
33 0.6761955732405186
34 0.6761955732405186
35 0.6761955732405186
36 0.6761955732405186
37 0.6761955732405186
38 0.6761955732405186
39 0.6761955732405186
40 0.6761955732405186
41 0.6761955732405186
42 0.6761955732405186
43 0.6761955732405186
44 0.6761955732405186
45 0.6761955732405186
46 0.6761955732405186
47 0.6761955732405186
48 0.6761955732405186
49 0.6761955732405186
50 0.6761955732405186
51 0.6761955732405186
52 0.6761955732405186
53 0.6830487047418631
54 0.6830487047418631
55 0.6830487047418631
56 0.6830487047418631
57 0.6830487047418631
58 0.6830487047418631
59 0.6830487047418631
60 0.6830487047418631
61 0.6830487047418631
62 0.6830487047418631
63 0.6830487047418631
64 0.6830487047418631
65 0.6830487047418631
66 0.6830487047418631
67 0.6830487047418631
68 0.6830487047418631
69 0.6830487047418631
70 0.6830487047418631
71 0.6830487047418631
72 0.6830487047418631
73 0.6830487047418631
74 0.6830487047418631
75 0.6830487047418631
76 0.6830487047418631
77 0.6830487047418631
78 0.6830487047418631
79 0.6830487047418631
80 0.6830487047418631
81 0.6830487047418631
82 0.6830487047418631
83 0.6830487047418631
84 0.6830487047418631
85 0.6830487047418631
86 0.6830487047418631
87 0.6830487047418631
88 0.6830487047418631
89 0.6830487047418631
90 0.6830487047418631
91 0.6830487047418631
92 0.6830487047418631
93 0.6830487047418631
94 0.6830487047418631
95 0.6830487047418631
96 0.6830487047418631
97 0.6830487047418631
98 0.6830487047418631
99 0.6830487047418631
100 0.6830487047418631
101 0.6830487047418631
102 0.6830487047418631
103 0.6830487047418631
104 0.6830487047418631
105 0.6830487047418631
106 0.6830487047418631
107 0.6830487047418631
108 0.6830487047418631
109 0.6830487047418631
110 0.6830487047418631
111 0.6830487047418631
112 0.6830487047418631
113 0.6830487047418631
114 0.6830487047418631
115 0.6830487047418631
116 0.6830487047418631
117 0.6830487047418631
118 0.6830487047418631
119 0.6830487047418631
120 0.6830487047418631
121 0.6830487047418631
122 0.6830487047418631
123 0.6830487047418631
124 0.6830487047418631
125 0.6830487047418631
126 0.6830487047418631
127 0.6830487047418631
128 0.6830487047418631
129 0.6830487047418631
130 0.6830487047418631
131 0.6830487047418631
132 0.6830487047418631
133 0.6830487047418631
134 0.6830487047418631
135 0.6830487047418631
136 0.6830487047418631
137 0.6830487047418631
138 0.6830487047418631
139 0.6830487047418631
140 0.6830487047418631
141 0.6830487047418631
142 0.6830487047418631
143 0.6830487047418631
144 0.6830487047418631
145 0.6830487047418631
146 0.6830487047418631
147 0.6830487047418631
148 0.6830487047418631
149 0.6830487047418631
150 0.6830487047418631
151 0.6830487047418631
152 0.6830487047418631
153 0.6830487047418631
154 0.6830487047418631
155 0.6830487047418631
156 0.6830487047418631
157 0.6830487047418631
158 0.6830487047418631
159 0.6830487047418631
160 0.6830487047418631
161 0.6830487047418631
162 0.6830487047418631
163 0.6830487047418631
164 0.6830487047418631
165 0.6830487047418631
166 0.6830487047418631
167 0.6830487047418631
168 0.6830487047418631
169 0.6830487047418631
170 0.6830487047418631
171 0.6830487047418631
172 0.6830487047418631
173 0.6830487047418631
174 0.6830487047418631
175 0.6830487047418631
176 0.6830487047418631
177 0.6830487047418631
178 0.6830487047418631
179 0.6830487047418631
180 0.6830487047418631
181 0.6830487047418631
182 0.6830487047418631
183 0.6830487047418631
184 0.6830487047418631
185 0.6830487047418631
186 0.6830487047418631
187 0.6830487047418631
188 0.6830487047418631
189 0.6830487047418631
190 0.6830487047418631
191 0.6830487047418631
192 0.6830487047418631
193 0.6830487047418631
194 0.6830487047418631
195 0.6830487047418631
196 0.6830487047418631
197 0.6830487047418631
198 0.6830487047418631
199 0.6830487047418631
200 0.6830487047418631
201 0.6830487047418631
202 0.6830487047418631
203 0.6830487047418631
204 0.6830487047418631
205 0.6830487047418631
206 0.6830487047418631
207 0.6830487047418631
208 0.7097369834111366
209 0.7097369834111366
210 0.7097369834111366
211 0.7097369834111366
212 0.7097369834111366
213 0.7097369834111366
214 0.7097369834111366
215 0.7097369834111366
216 0.7139500716377757
217 0.7139500716377757
218 0.7139500716377757
219 0.7139500716377757
220 0.7139500716377757
221 0.7139500716377757
222 0.7139500716377757
223 0.7139500716377757
224 0.7139500716377757
225 0.7139500716377757
226 0.7139500716377757
227 0.7139500716377757
228 0.7139500716377757
229 0.7139500716377757
230 0.7139500716377757
231 0.7139500716377757
232 0.7139500716377757
233 0.7139500716377757
234 0.7139500716377757
235 0.7139500716377757
236 0.7139500716377757
237 0.7139500716377757
238 0.7139500716377757
239 0.7139500716377757
240 0.7139500716377757
241 0.7139500716377757
242 0.7139500716377757
243 0.7139500716377757
244 0.7139500716377757
245 0.7139500716377757
246 0.7139500716377757
247 0.7139500716377757
248 0.7139500716377757
249 0.7139500716377757
250 0.7139500716377757
251 0.7139500716377757
252 0.7139500716377757
253 0.7139500716377757
254 0.7139500716377757
255 0.7139500716377757
256 0.7139500716377757
257 0.7139500716377757
258 0.7139500716377757
259 0.7139500716377757
260 0.7139500716377757
261 0.7139500716377757
262 0.7139500716377757
263 0.7139500716377757
264 0.7139500716377757
265 0.7139500716377757
266 0.7139500716377757
267 0.7139500716377757
268 0.7139500716377757
269 0.7139500716377757
270 0.7139500716377757
271 0.7139500716377757
272 0.7139500716377757
273 0.7139500716377757
274 0.7139500716377757
275 0.7139500716377757
276 0.7139500716377757
277 0.7139500716377757
278 0.7139500716377757
279 0.7139500716377757
280 0.7139500716377757
281 0.7139500716377757
282 0.7139500716377757
283 0.7139500716377757
284 0.7139500716377757
285 0.7139500716377757
286 0.7139500716377757
287 0.7139500716377757
288 0.7139500716377757
289 0.7139500716377757
290 0.7139500716377757
291 0.7139500716377757
292 0.7139500716377757
293 0.7139500716377757
294 0.7139500716377757
295 0.7139500716377757
296 0.7139500716377757
297 0.7139500716377757
298 0.7139500716377757
299 0.7139500716377757
300 0.7139500716377757
301 0.7139500716377757
302 0.7139500716377757
303 0.7139500716377757
304 0.7139500716377757
305 0.7139500716377757
306 0.7139500716377757
307 0.7139500716377757
308 0.7139500716377757
309 0.7139500716377757
310 0.7139500716377757
311 0.7139500716377757
312 0.7139500716377757
313 0.7139500716377757
314 0.7139500716377757
315 0.7139500716377757
316 0.7139500716377757
317 0.7139500716377757
318 0.7139500716377757
319 0.7139500716377757
320 0.7139500716377757
321 0.7139500716377757
322 0.7139500716377757
323 0.7139500716377757
324 0.7139500716377757
325 0.7139500716377757
326 0.7139500716377757
327 0.7139500716377757
328 0.7139500716377757
329 0.7139500716377757
330 0.7139500716377757
331 0.7139500716377757
332 0.7139500716377757
333 0.7139500716377757
334 0.7139500716377757
335 0.7139500716377757
336 0.7139500716377757
337 0.7139500716377757
338 0.7139500716377757
339 0.7139500716377757
340 0.7139500716377757
341 0.7139500716377757
342 0.7139500716377757
343 0.7139500716377757
344 0.7139500716377757
345 0.7139500716377757
346 0.7139500716377757
347 0.7139500716377757
348 0.7139500716377757
349 0.7139500716377757
350 0.7139500716377757
351 0.7139500716377757
352 0.7139500716377757
353 0.7139500716377757
354 0.7139500716377757
355 0.7139500716377757
356 0.7139500716377757
357 0.7139500716377757
358 0.7139500716377757
359 0.7139500716377757
360 0.7139500716377757
361 0.7139500716377757
362 0.7139500716377757
363 0.7139500716377757
364 0.7139500716377757
365 0.7139500716377757
366 0.7139500716377757
367 0.7139500716377757
368 0.7139500716377757
369 0.7139500716377757
370 0.7139500716377757
371 0.7139500716377757
372 0.7139500716377757
373 0.7139500716377757
374 0.7139500716377757
375 0.7139500716377757
376 0.7139500716377757
377 0.7139500716377757
378 0.7139500716377757
379 0.7139500716377757
380 0.7139500716377757
381 0.7139500716377757
382 0.7139500716377757
383 0.7139500716377757
384 0.7139500716377757
385 0.7139500716377757
386 0.7139500716377757
387 0.7139500716377757
388 0.7139500716377757
389 0.7139500716377757
390 0.7139500716377757
391 0.7139500716377757
392 0.7139500716377757
393 0.7139500716377757
394 0.7139500716377757
395 0.7139500716377757
396 0.7139500716377757
397 0.7139500716377757
398 0.7139500716377757
399 0.7139500716377757
400 0.7139500716377757
401 0.7139500716377757
402 0.7139500716377757
403 0.7139500716377757
404 0.7139500716377757
405 0.7139500716377757
406 0.7139500716377757
407 0.7139500716377757
408 0.7139500716377757
409 0.7139500716377757
410 0.7139500716377757
411 0.7139500716377757
412 0.7139500716377757
413 0.7139500716377757
414 0.7139500716377757
415 0.7139500716377757
416 0.7139500716377757
417 0.7139500716377757
418 0.7139500716377757
419 0.7139500716377757
420 0.7139500716377757
421 0.7139500716377757
422 0.7139500716377757
423 0.7139500716377757
424 0.7139500716377757
425 0.7139500716377757
426 0.7139500716377757
427 0.7139500716377757
428 0.7139500716377757
429 0.7139500716377757
430 0.7139500716377757
431 0.7139500716377757
432 0.7139500716377757
433 0.7139500716377757
434 0.7139500716377757
435 0.7139500716377757
436 0.7139500716377757
437 0.7139500716377757
438 0.7139500716377757
439 0.7139500716377757
440 0.7139500716377757
441 0.7139500716377757
442 0.7139500716377757
443 0.7139500716377757
444 0.7139500716377757
445 0.7139500716377757
446 0.7139500716377757
447 0.7139500716377757
448 0.7139500716377757
449 0.7139500716377757
450 0.7139500716377757
451 0.7139500716377757
452 0.7139500716377757
453 0.7139500716377757
454 0.7139500716377757
455 0.7139500716377757
456 0.7139500716377757
457 0.7139500716377757
458 0.7139500716377757
459 0.7139500716377757
460 0.7139500716377757
461 0.7139500716377757
462 0.7139500716377757
463 0.7139500716377757
464 0.7139500716377757
465 0.7139500716377757
466 0.7139500716377757
467 0.7139500716377757
468 0.7139500716377757
469 0.7139500716377757
470 0.7139500716377757
471 0.7139500716377757
472 0.7139500716377757
473 0.7139500716377757
474 0.7139500716377757
475 0.7139500716377757
476 0.7139500716377757
477 0.7139500716377757
478 0.7139500716377757
479 0.7139500716377757
480 0.7139500716377757
481 0.7139500716377757
482 0.7139500716377757
483 0.7139500716377757
484 0.7139500716377757
485 0.7139500716377757
486 0.7139500716377757
487 0.7139500716377757
488 0.7139500716377757
489 0.7139500716377757
490 0.7139500716377757
491 0.7139500716377757
492 0.7139500716377757
493 0.7139500716377757
494 0.7139500716377757
495 0.7139500716377757
496 0.7139500716377757
497 0.7139500716377757
498 0.7139500716377757
499 0.7139500716377757
500 0.7139500716377757
501 0.7139500716377757
502 0.7139500716377757
503 0.7139500716377757
504 0.7139500716377757
505 0.7139500716377757
506 0.7139500716377757
507 0.7139500716377757
508 0.7139500716377757
509 0.7139500716377757
510 0.7139500716377757
511 0.7139500716377757
512 0.7139500716377757
513 0.7139500716377757
514 0.7139500716377757
515 0.7139500716377757
516 0.7139500716377757
517 0.7139500716377757
518 0.7139500716377757
519 0.7139500716377757
520 0.7139500716377757
521 0.7139500716377757
522 0.7139500716377757
523 0.7139500716377757
524 0.7139500716377757
525 0.7139500716377757
526 0.7139500716377757
527 0.7139500716377757
528 0.7139500716377757
529 0.7139500716377757
530 0.7139500716377757
531 0.7139500716377757
532 0.7139500716377757
533 0.7139500716377757
534 0.7139500716377757
535 0.7139500716377757
536 0.7139500716377757
537 0.7139500716377757
538 0.7139500716377757
539 0.7139500716377757
540 0.7139500716377757
541 0.7139500716377757
542 0.7139500716377757
543 0.7139500716377757
544 0.7139500716377757
545 0.7139500716377757
546 0.7139500716377757
547 0.7139500716377757
548 0.7139500716377757
549 0.7139500716377757
550 0.7139500716377757
551 0.7139500716377757
552 0.7139500716377757
553 0.7139500716377757
554 0.7139500716377757
555 0.7139500716377757
556 0.7139500716377757
557 0.7139500716377757
558 0.7139500716377757
559 0.7139500716377757
560 0.7139500716377757
561 0.7139500716377757
562 0.7139500716377757
563 0.7139500716377757
564 0.7139500716377757
565 0.7139500716377757
566 0.7139500716377757
567 0.7139500716377757
568 0.7139500716377757
569 0.7139500716377757
570 0.7139500716377757
571 0.7139500716377757
572 0.7139500716377757
573 0.7139500716377757
574 0.7139500716377757
575 0.7139500716377757
576 0.7139500716377757
577 0.7139500716377757
578 0.7139500716377757
579 0.7139500716377757
580 0.7139500716377757
581 0.7139500716377757
582 0.7139500716377757
583 0.7139500716377757
584 0.7139500716377757
585 0.7139500716377757
586 0.7139500716377757
587 0.7139500716377757
588 0.7139500716377757
589 0.7139500716377757
590 0.7139500716377757
591 0.7139500716377757
592 0.7139500716377757
593 0.7139500716377757
594 0.7139500716377757
595 0.7139500716377757
596 0.7139500716377757
597 0.7139500716377757
598 0.7139500716377757
599 0.7139500716377757
600 0.7139500716377757
601 0.7139500716377757
602 0.7139500716377757
603 0.7139500716377757
604 0.7139500716377757
605 0.7139500716377757
606 0.7139500716377757
607 0.7139500716377757
608 0.7139500716377757
609 0.7139500716377757
610 0.7139500716377757
611 0.7139500716377757
612 0.7139500716377757
613 0.7139500716377757
614 0.7139500716377757
615 0.7139500716377757
616 0.7139500716377757
617 0.7139500716377757
618 0.7139500716377757
619 0.7139500716377757
620 0.7139500716377757
621 0.7139500716377757
622 0.7139500716377757
623 0.7139500716377757
624 0.7139500716377757
625 0.7139500716377757
626 0.7139500716377757
627 0.7139500716377757
628 0.7139500716377757
629 0.7139500716377757
630 0.7139500716377757
631 0.7139500716377757
632 0.7139500716377757
633 0.7139500716377757
634 0.7139500716377757
635 0.7139500716377757
636 0.7139500716377757
637 0.7139500716377757
638 0.7139500716377757
639 0.7139500716377757
640 0.7139500716377757
641 0.7139500716377757
642 0.7139500716377757
643 0.7139500716377757
644 0.7139500716377757
645 0.7139500716377757
646 0.7139500716377757
647 0.7139500716377757
648 0.7139500716377757
649 0.7139500716377757
650 0.7139500716377757
651 0.7139500716377757
652 0.7139500716377757
653 0.7139500716377757
654 0.7139500716377757
655 0.7139500716377757
656 0.7139500716377757
657 0.7139500716377757
658 0.7139500716377757
659 0.7139500716377757
660 0.7139500716377757
661 0.7139500716377757
662 0.7139500716377757
663 0.7139500716377757
664 0.7139500716377757
665 0.7139500716377757
666 0.7139500716377757
667 0.7139500716377757
668 0.7139500716377757
669 0.7139500716377757
670 0.7139500716377757
671 0.7139500716377757
672 0.7139500716377757
673 0.7139500716377757
674 0.7139500716377757
675 0.7139500716377757
676 0.7139500716377757
677 0.7139500716377757
678 0.7139500716377757
679 0.7139500716377757
680 0.7139500716377757
681 0.7139500716377757
682 0.7139500716377757
683 0.7139500716377757
684 0.7139500716377757
685 0.7139500716377757
686 0.7139500716377757
687 0.7139500716377757
688 0.7139500716377757
689 0.7139500716377757
690 0.7139500716377757
691 0.7139500716377757
692 0.7139500716377757
693 0.7139500716377757
694 0.7139500716377757
695 0.7139500716377757
696 0.7139500716377757
697 0.7139500716377757
698 0.7139500716377757
699 0.7139500716377757
700 0.7139500716377757
701 0.7139500716377757
702 0.7139500716377757
703 0.7139500716377757
704 0.7139500716377757
705 0.7139500716377757
706 0.7139500716377757
707 0.7139500716377757
708 0.7139500716377757
709 0.7139500716377757
710 0.7139500716377757
711 0.7139500716377757
712 0.7139500716377757
713 0.7139500716377757
714 0.7139500716377757
715 0.7139500716377757
716 0.7139500716377757
717 0.7139500716377757
718 0.7139500716377757
719 0.7139500716377757
720 0.7139500716377757
721 0.7139500716377757
722 0.7139500716377757
723 0.7139500716377757
724 0.7139500716377757
725 0.7139500716377757
726 0.7139500716377757
727 0.7139500716377757
728 0.7139500716377757
729 0.7139500716377757
730 0.7139500716377757
731 0.7139500716377757
732 0.7139500716377757
733 0.7139500716377757
734 0.7139500716377757
735 0.7139500716377757
736 0.7139500716377757
737 0.7139500716377757
738 0.7139500716377757
739 0.7139500716377757
740 0.7139500716377757
741 0.7139500716377757
742 0.7139500716377757
743 0.7139500716377757
744 0.7139500716377757
745 0.7139500716377757
746 0.7139500716377757
747 0.7139500716377757
748 0.7139500716377757
749 0.7139500716377757
750 0.7139500716377757
751 0.7139500716377757
752 0.7139500716377757
753 0.7139500716377757
754 0.7139500716377757
755 0.7139500716377757
756 0.7139500716377757
757 0.7139500716377757
758 0.7139500716377757
759 0.7139500716377757
760 0.7139500716377757
761 0.7139500716377757
762 0.7139500716377757
763 0.7139500716377757
764 0.7139500716377757
765 0.7139500716377757
766 0.7139500716377757
767 0.7139500716377757
768 0.7139500716377757
769 0.7139500716377757
770 0.7139500716377757
771 0.7139500716377757
772 0.7139500716377757
773 0.7139500716377757
774 0.7139500716377757
775 0.7139500716377757
776 0.7139500716377757
777 0.7139500716377757
778 0.7139500716377757
779 0.7139500716377757
780 0.7139500716377757
781 0.7139500716377757
782 0.7139500716377757
783 0.7139500716377757
784 0.7139500716377757
785 0.7139500716377757
786 0.7139500716377757
787 0.7139500716377757
788 0.7139500716377757
789 0.7139500716377757
790 0.7139500716377757
791 0.7139500716377757
792 0.7139500716377757
793 0.7139500716377757
794 0.7139500716377757
795 0.7139500716377757
796 0.7139500716377757
797 0.7139500716377757
798 0.7139500716377757
799 0.7139500716377757
800 0.7139500716377757
801 0.7139500716377757
802 0.7139500716377757
803 0.7139500716377757
804 0.7139500716377757
805 0.7139500716377757
806 0.7139500716377757
807 0.7139500716377757
808 0.7139500716377757
809 0.7139500716377757
810 0.7139500716377757
811 0.7139500716377757
812 0.7139500716377757
813 0.7139500716377757
814 0.7139500716377757
815 0.7139500716377757
816 0.7139500716377757
817 0.7139500716377757
818 0.7139500716377757
819 0.7139500716377757
820 0.7139500716377757
821 0.7139500716377757
822 0.7139500716377757
823 0.7139500716377757
824 0.7139500716377757
825 0.7139500716377757
826 0.7139500716377757
827 0.7139500716377757
828 0.7139500716377757
829 0.7139500716377757
830 0.7139500716377757
831 0.7139500716377757
832 0.7139500716377757
833 0.7139500716377757
834 0.7139500716377757
835 0.7139500716377757
836 0.7139500716377757
837 0.7139500716377757
838 0.7139500716377757
839 0.7139500716377757
840 0.7139500716377757
841 0.7139500716377757
842 0.7139500716377757
843 0.7139500716377757
844 0.7139500716377757
845 0.7139500716377757
846 0.7139500716377757
847 0.7139500716377757
848 0.7139500716377757
849 0.7139500716377757
850 0.7139500716377757
851 0.7139500716377757
852 0.7139500716377757
853 0.7139500716377757
854 0.7139500716377757
855 0.7139500716377757
856 0.7139500716377757
857 0.7139500716377757
858 0.7139500716377757
859 0.7139500716377757
860 0.7139500716377757
861 0.7139500716377757
862 0.7139500716377757
863 0.7139500716377757
864 0.7139500716377757
865 0.7139500716377757
866 0.7139500716377757
867 0.7139500716377757
868 0.7139500716377757
869 0.7139500716377757
870 0.7139500716377757
871 0.7139500716377757
872 0.7139500716377757
873 0.7139500716377757
874 0.7139500716377757
875 0.7139500716377757
876 0.7139500716377757
877 0.7139500716377757
878 0.7139500716377757
879 0.7139500716377757
880 0.7139500716377757
881 0.7139500716377757
882 0.7139500716377757
883 0.7139500716377757
884 0.7139500716377757
885 0.7139500716377757
886 0.7139500716377757
887 0.7139500716377757
888 0.7139500716377757
889 0.7139500716377757
890 0.7139500716377757
891 0.7139500716377757
892 0.7139500716377757
893 0.7139500716377757
894 0.7139500716377757
895 0.7139500716377757
896 0.7139500716377757
897 0.7139500716377757
898 0.7139500716377757
899 0.7139500716377757
900 0.7139500716377757
901 0.7139500716377757
902 0.7139500716377757
903 0.7139500716377757
904 0.7139500716377757
905 0.7139500716377757
906 0.7139500716377757
907 0.7139500716377757
908 0.7139500716377757
909 0.7139500716377757
910 0.7139500716377757
911 0.7139500716377757
912 0.7139500716377757
913 0.7139500716377757
914 0.7139500716377757
915 0.7139500716377757
916 0.7139500716377757
917 0.7139500716377757
918 0.7139500716377757
919 0.7139500716377757
920 0.7139500716377757
921 0.7139500716377757
922 0.7139500716377757
923 0.7139500716377757
924 0.7139500716377757
925 0.7139500716377757
926 0.7139500716377757
927 0.7139500716377757
928 0.7139500716377757
929 0.7139500716377757
930 0.7139500716377757
931 0.7139500716377757
932 0.7139500716377757
933 0.7139500716377757
934 0.7139500716377757
935 0.7139500716377757
936 0.7139500716377757
937 0.7139500716377757
938 0.7139500716377757
939 0.7139500716377757
940 0.7139500716377757
941 0.7139500716377757
942 0.7139500716377757
943 0.7139500716377757
944 0.7139500716377757
945 0.7139500716377757
946 0.7139500716377757
947 0.7139500716377757
948 0.7139500716377757
949 0.7139500716377757
950 0.7139500716377757
951 0.7139500716377757
952 0.7139500716377757
953 0.7139500716377757
954 0.7139500716377757
955 0.7139500716377757
956 0.7139500716377757
957 0.7139500716377757
958 0.7139500716377757
959 0.7139500716377757
960 0.7139500716377757
961 0.7139500716377757
962 0.7139500716377757
963 0.7139500716377757
964 0.7139500716377757
965 0.7139500716377757
966 0.7139500716377757
967 0.7139500716377757
968 0.7139500716377757
969 0.7139500716377757
970 0.7139500716377757
971 0.7139500716377757
972 0.7139500716377757
973 0.7139500716377757
974 0.7139500716377757
975 0.7139500716377757
976 0.7139500716377757
977 0.7139500716377757
978 0.7139500716377757
979 0.7139500716377757
980 0.7139500716377757
981 0.7139500716377757
982 0.7139500716377757
983 0.7139500716377757
984 0.7139500716377757
985 0.7139500716377757
986 0.7139500716377757
987 0.7139500716377757
988 0.7139500716377757
989 0.7139500716377757
990 0.7139500716377757
991 0.7139500716377757
992 0.7139500716377757
993 0.7139500716377757
994 0.7139500716377757
995 0.7139500716377757
996 0.7139500716377757
997 0.7139500716377757
998 0.7139500716377757
999 0.7139500716377757
