0 0.05216843828692486
1 0.15066950697193357
2 0.1856150956916574
3 0.2148305291312844
4 0.24596144329360875
5 0.2622581381234943
6 0.2684912370019253
7 0.2791573998925697
8 0.2821102446846371
9 0.2768026367839699
10 0.26306044395978
11 0.27576472124036644
12 0.2863425006342545
13 0.27905942451540094
14 0.25519052453130026
15 0.20550058309213629
16 0.16497896457535619
17 0.12116814730632312
18 0.039529171057667394
19 0.03952917105766741
20 0.039529171057667394
21 0.021860189927594007
22 0.021901252900081762
23 0.027865308398526762
24 0.030468813056603962
25 0.030468813056603962
26 0.02527504732382668
27 0.0320567928470239
28 0.03205679284702391
29 0.032097194384285196
30 0.03209719438428521
31 0.03209719438428521
32 0.020235954586009342
33 0.020235954586009353
34 0.020235954586009353
35 0.020235954586009353
36 0.020235954586009353
37 0.022891892425939878
38 0.022891892425939878
39 0.022891892425939878
40 0.030682541025105755
41 0.030714851697441134
42 0.030714851697441134
43 0.030714851697441134
44 0.03332392800076826
45 0.03332392800076826
46 0.028102190625144585
47 0.028102190625144585
48 0.028102190625144585
49 0.028102190625144585
50 0.028102190625144585
51 0.028102190625144585
52 0.028102190625144585
53 0.03499286900061656
54 0.03499286900061656
55 0.03499286900061656
56 0.03499286900061656
57 0.03619272968590388
58 0.03359584681951524
59 0.030998963953126638
60 0.028402081086737998
61 0.025798576428660805
62 0.019599822318177754
63 0.016911241276912417
64 0.010290575496983055
65 0.007693692630594376
66 0.007693692630594376
67 0.007693692630594376
68 0.007693692630594376
69 0.007693692630594376
70 0.007693692630594376
71 0.0076936926305943764
72 0.0076936926305943764
73 0.0076936926305943764
74 0.0076936926305943764
75 0.007693692630594377
76 0.007693692630594377
77 0.007693692630594377
78 0.007693692630594377
79 0.007693692630594377
80 0.007693692630594379
81 0.007693692630594379
82 0.007693692630594379
83 0.007693692630594379
84 0.00769369263059438
85 0.00769369263059438
86 0.00769369263059438
87 0.007693692630594381
88 0.007693692630594381
89 0.007693692630594381
90 0.007693692630594381
91 0.007693692630594381
92 0.007693692630594382
93 0.007693692630594382
94 0.007693692630594382
95 0.007693692630594382
96 0.007693692630594382
97 0.007693692630594382
98 0.007693692630594382
99 0.007693692630594382
100 0.007693692630594382
101 0.007693692630594383
102 0.007693692630594383
103 0.007693692630594383
104 0.007693692630594383
105 0.007693692630594383
106 0.007693692630594384
107 0.007693692630594384
108 0.007693692630594384
109 0.007693692630594385
110 0.007693692630594385
111 0.007693692630594385
112 0.007693692630594385
113 0.007693692630594385
114 0.007693692630594387
115 0.007693692630594387
116 0.007693692630594387
117 0.007693692630594388
118 0.007693692630594388
119 0.007693692630594388
120 0.007693692630594388
121 0.007693692630594388
122 0.007693692630594389
123 0.007693692630594389
124 0.007693692630594389
125 0.007693692630594389
126 0.007693692630594389
127 0.007693692630594389
128 0.007693692630594389
129 0.007693692630594388
130 0.007693692630594388
131 0.007693692630594388
132 0.007693692630594387
133 0.007693692630594387
134 0.007693692630594387
135 0.007693692630594387
136 0.007693692630594387
137 0.007693692630594385
138 0.007693692630594385
139 0.007693692630594385
140 0.007693692630594384
141 0.007693692630594384
142 0.007693692630594384
143 0.007693692630594384
144 0.007693692630594384
145 0.007693692630594383
146 0.007693692630594383
147 0.007693692630594383
148 0.007693692630594382
149 0.007693692630594382
150 0.007693692630594382
151 0.007693692630594382
152 0.007693692630594382
153 0.007693692630594382
154 0.007693692630594382
155 0.007693692630594382
156 0.007693692630594382
157 0.007693692630594382
158 0.007693692630594382
159 0.007693692630594382
160 0.007693692630594382
161 0.007693692630594382
162 0.007693692630594382
163 0.007693692630594382
164 0.007693692630594382
165 0.007693692630594382
166 0.007693692630594382
167 0.007693692630594382
168 0.007693692630594382
169 0.007693692630594382
170 0.007693692630594382
171 0.007693692630594382
172 0.007693692630594382
173 0.007693692630594382
174 0.007693692630594382
175 0.007693692630594382
176 0.007693692630594382
177 0.007693692630594382
178 0.007693692630594382
179 0.007693692630594382
180 0.007693692630594382
181 0.007693692630594382
182 0.007693692630594382
183 0.007693692630594382
184 0.007693692630594382
185 0.007693692630594382
186 0.007693692630594382
187 0.007693692630594382
188 0.007693692630594382
189 0.007693692630594382
190 0.007693692630594382
191 0.007693692630594382
192 0.007693692630594382
193 0.007693692630594382
194 0.007693692630594382
195 0.007693692630594382
196 0.007693692630594382
197 0.007693692630594382
198 0.007693692630594382
199 0.007693692630594382
200 0.007693692630594382
201 0.007693692630594382
202 0.007693692630594382
203 0.007693692630594382
204 0.007693692630594382
205 0.007693692630594382
206 0.007693692630594382
207 0.007693692630594382
208 0.014851253792759103
209 0.014851253792759103
210 0.014851253792759105
211 0.014851253792759105
212 0.014851253792759105
213 0.014851253792759105
214 0.014851253792759107
215 0.014851253792759107
216 0.02205094583719028
217 0.02205094583719028
218 0.02205094583719028
219 0.02205094583719028
220 0.02205094583719028
221 0.02205094583719028
222 0.022050945837190278
223 0.022050945837190278
224 0.022050945837190278
225 0.022050945837190278
226 0.022050945837190278
227 0.022050945837190278
228 0.02205094583719027
229 0.02205094583719027
230 0.02205094583719027
231 0.02205094583719027
232 0.022050945837190267
233 0.022050945837190267
234 0.022050945837190267
235 0.022050945837190267
236 0.022050945837190267
237 0.022050945837190267
238 0.022050945837190264
239 0.022050945837190264
240 0.022050945837190264
241 0.022050945837190264
242 0.02205094583719026
243 0.022050945837190264
244 0.02205094583719026
245 0.02205094583719026
246 0.02205094583719026
247 0.02205094583719026
248 0.022050945837190254
249 0.022050945837190254
250 0.022050945837190254
251 0.022050945837190254
252 0.022050945837190254
253 0.022050945837190254
254 0.02205094583719025
255 0.02205094583719025
256 0.02205094583719025
257 0.02205094583719025
258 0.022050945837190247
259 0.022050945837190247
260 0.022050945837190247
261 0.022050945837190247
262 0.02205094583719024
263 0.02205094583719024
264 0.02205094583719024
265 0.02205094583719024
266 0.022050945837190236
267 0.022050945837190236
268 0.022050945837190236
269 0.022050945837190236
270 0.022050945837190233
271 0.022050945837190233
272 0.022050945837190233
273 0.022050945837190233
274 0.02205094583719023
275 0.02205094583719023
276 0.02205094583719023
277 0.02205094583719023
278 0.02205094583719023
279 0.02205094583719023
280 0.02205094583719023
281 0.02205094583719023
282 0.02205094583719023
283 0.02205094583719023
284 0.02205094583719023
285 0.02205094583719023
286 0.02205094583719023
287 0.02205094583719023
288 0.02205094583719023
289 0.02205094583719023
290 0.02205094583719023
291 0.02205094583719023
292 0.02205094583719023
293 0.02205094583719023
294 0.02205094583719023
295 0.02205094583719023
296 0.02205094583719023
297 0.02205094583719023
298 0.02205094583719023
299 0.02205094583719023
300 0.02205094583719023
301 0.02205094583719023
302 0.02205094583719023
303 0.02205094583719023
304 0.02205094583719023
305 0.02205094583719023
306 0.02205094583719023
307 0.02205094583719023
308 0.02205094583719023
309 0.02205094583719023
310 0.02205094583719023
311 0.02205094583719023
312 0.02205094583719023
313 0.02205094583719023
314 0.02205094583719023
315 0.02205094583719023
316 0.02205094583719023
317 0.02205094583719023
318 0.02205094583719023
319 0.02205094583719023
320 0.02205094583719023
321 0.02205094583719023
322 0.02205094583719023
323 0.02205094583719023
324 0.02205094583719023
325 0.02205094583719023
326 0.02205094583719023
327 0.02205094583719023
328 0.02205094583719023
329 0.02205094583719023
330 0.02205094583719023
331 0.02205094583719023
332 0.02205094583719023
333 0.02205094583719023
334 0.02205094583719023
335 0.02205094583719023
336 0.02205094583719023
337 0.02205094583719023
338 0.02205094583719023
339 0.02205094583719023
340 0.02205094583719023
341 0.02205094583719023
342 0.02205094583719023
343 0.02205094583719023
344 0.02205094583719023
345 0.02205094583719023
346 0.02205094583719023
347 0.02205094583719023
348 0.02205094583719023
349 0.02205094583719023
350 0.02205094583719023
351 0.02205094583719023
352 0.02205094583719023
353 0.02205094583719023
354 0.02205094583719023
355 0.02205094583719023
356 0.02205094583719023
357 0.02205094583719023
358 0.02205094583719023
359 0.02205094583719023
360 0.02205094583719023
361 0.02205094583719023
362 0.02205094583719023
363 0.02205094583719023
364 0.02205094583719023
365 0.02205094583719023
366 0.02205094583719023
367 0.02205094583719023
368 0.02205094583719023
369 0.02205094583719023
370 0.02205094583719023
371 0.02205094583719023
372 0.02205094583719023
373 0.02205094583719023
374 0.02205094583719023
375 0.02205094583719023
376 0.02205094583719023
377 0.02205094583719023
378 0.02205094583719023
379 0.02205094583719023
380 0.02205094583719023
381 0.02205094583719023
382 0.02205094583719023
383 0.02205094583719023
384 0.02205094583719023
385 0.02205094583719023
386 0.02205094583719023
387 0.02205094583719023
388 0.02205094583719023
389 0.02205094583719023
390 0.02205094583719023
391 0.02205094583719023
392 0.02205094583719023
393 0.02205094583719023
394 0.02205094583719023
395 0.02205094583719023
396 0.02205094583719023
397 0.02205094583719023
398 0.02205094583719023
399 0.02205094583719023
400 0.02205094583719023
401 0.02205094583719023
402 0.02205094583719023
403 0.02205094583719023
404 0.02205094583719023
405 0.02205094583719023
406 0.02205094583719023
407 0.02205094583719023
408 0.02205094583719023
409 0.02205094583719023
410 0.02205094583719023
411 0.02205094583719023
412 0.02205094583719023
413 0.02205094583719023
414 0.02205094583719023
415 0.02205094583719023
416 0.02205094583719023
417 0.02205094583719023
418 0.02205094583719023
419 0.02205094583719023
420 0.02205094583719023
421 0.02205094583719023
422 0.02205094583719023
423 0.02205094583719023
424 0.02205094583719023
425 0.02205094583719023
426 0.02205094583719023
427 0.02205094583719023
428 0.02205094583719023
429 0.02205094583719023
430 0.02205094583719023
431 0.02205094583719023
432 0.02205094583719023
433 0.02205094583719023
434 0.02205094583719023
435 0.02205094583719023
436 0.02205094583719023
437 0.02205094583719023
438 0.02205094583719023
439 0.02205094583719023
440 0.02205094583719023
441 0.02205094583719023
442 0.02205094583719023
443 0.02205094583719023
444 0.02205094583719023
445 0.02205094583719023
446 0.02205094583719023
447 0.02205094583719023
448 0.02205094583719023
449 0.02205094583719023
450 0.02205094583719023
451 0.02205094583719023
452 0.02205094583719023
453 0.02205094583719023
454 0.02205094583719023
455 0.02205094583719023
456 0.02205094583719023
457 0.02205094583719023
458 0.02205094583719023
459 0.02205094583719023
460 0.02205094583719023
461 0.02205094583719023
462 0.02205094583719023
463 0.02205094583719023
464 0.02205094583719023
465 0.02205094583719023
466 0.02205094583719023
467 0.02205094583719023
468 0.02205094583719023
469 0.02205094583719023
470 0.02205094583719023
471 0.02205094583719023
472 0.02205094583719023
473 0.02205094583719023
474 0.02205094583719023
475 0.02205094583719023
476 0.02205094583719023
477 0.02205094583719023
478 0.02205094583719023
479 0.02205094583719023
480 0.02205094583719023
481 0.02205094583719023
482 0.02205094583719023
483 0.02205094583719023
484 0.02205094583719023
485 0.02205094583719023
486 0.02205094583719023
487 0.02205094583719023
488 0.02205094583719023
489 0.02205094583719023
490 0.02205094583719023
491 0.01522879877673168
492 0.01522879877673168
493 0.01522879877673168
494 0.01522879877673168
495 0.01522879877673168
496 0.01522879877673168
497 0.01522879877673168
498 0.01522879877673168
499 0.01522879877673168
500 0.01522879877673168
501 0.01522879877673168
502 0.01522879877673168
503 0.01522879877673168
504 0.01522879877673168
505 0.01522879877673168
506 0.01522879877673168
507 0.01522879877673168
508 0.01522879877673168
509 0.01522879877673168
510 0.01522879877673168
511 0.01522879877673168
512 0.01522879877673168
513 0.01522879877673168
514 0.01522879877673168
515 0.01522879877673168
516 0.01522879877673168
517 0.01522879877673168
518 0.01522879877673168
519 0.01522879877673168
520 0.01522879877673168
521 0.01522879877673168
522 0.01522879877673168
523 0.01522879877673168
524 0.01522879877673168
525 0.01522879877673168
526 0.01522879877673168
527 0.01522879877673168
528 0.01522879877673168
529 0.01522879877673168
530 0.01522879877673168
531 0.01522879877673168
532 0.01522879877673168
533 0.01522879877673168
534 0.01522879877673168
535 0.01522879877673168
536 0.01522879877673168
537 0.01522879877673168
538 0.01522879877673168
539 0.01522879877673168
540 0.01522879877673168
541 0.01522879877673168
542 0.01522879877673168
543 0.01522879877673168
544 0.01522879877673168
545 0.01522879877673168
546 0.01522879877673168
547 0.01522879877673168
548 0.01522879877673168
549 0.01522879877673168
550 0.01522879877673168
551 0.01522879877673168
552 0.01522879877673168
553 0.01522879877673168
554 0.01522879877673168
555 0.01522879877673168
556 0.01522879877673168
557 0.01522879877673168
558 0.01522879877673168
559 0.01522879877673168
560 0.01522879877673168
561 0.01522879877673168
562 0.01522879877673168
563 0.01522879877673168
564 0.01522879877673168
565 0.01522879877673168
566 0.01522879877673168
567 0.01522879877673168
568 0.01522879877673168
569 0.01522879877673168
570 0.01522879877673168
571 0.01522879877673168
572 0.01522879877673168
573 0.01522879877673168
574 0.01522879877673168
575 0.01522879877673168
576 0.01522879877673168
577 0.01522879877673168
578 0.01522879877673168
579 0.01522879877673168
580 0.01522879877673168
581 0.01522879877673168
582 0.01522879877673168
583 0.01522879877673168
584 0.01522879877673168
585 0.01522879877673168
586 0.01522879877673168
587 0.01522879877673168
588 0.01522879877673168
589 0.01522879877673168
590 0.01522879877673168
591 0.01522879877673168
592 0.01522879877673168
593 0.01522879877673168
594 0.01522879877673168
595 0.01522879877673168
596 0.01522879877673168
597 0.01522879877673168
598 0.01522879877673168
599 0.01522879877673168
600 0.01522879877673168
601 0.01522879877673168
602 0.01522879877673168
603 0.01522879877673168
604 0.01522879877673168
605 0.01522879877673168
606 0.01522879877673168
607 0.01522879877673168
608 0.01522879877673168
609 0.01522879877673168
610 0.01522879877673168
611 0.01522879877673168
612 0.01522879877673168
613 0.01522879877673168
614 0.01522879877673168
615 0.01522879877673168
616 0.01522879877673168
617 0.01522879877673168
618 0.01522879877673168
619 0.01522879877673168
620 0.01522879877673168
621 0.01522879877673168
622 0.01522879877673168
623 0.01522879877673168
624 0.01522879877673168
625 0.01522879877673168
626 0.01522879877673168
627 0.01522879877673168
628 0.01522879877673168
629 0.01522879877673168
630 0.01522879877673168
631 0.01522879877673168
632 0.01522879877673168
633 0.01522879877673168
634 0.01522879877673168
635 0.01522879877673168
636 0.01522879877673168
637 0.01522879877673168
638 0.01522879877673168
639 0.01522879877673168
640 0.01522879877673168
641 0.01522879877673168
642 0.01522879877673168
643 0.01522879877673168
644 0.01522879877673168
645 0.01522879877673168
646 0.01522879877673168
647 0.01522879877673168
648 0.01522879877673168
649 0.01522879877673168
650 0.01522879877673168
651 0.01522879877673168
652 0.01522879877673168
653 0.01522879877673168
654 0.01522879877673168
655 0.01522879877673168
656 0.01522879877673168
657 0.01522879877673168
658 0.01522879877673168
659 0.01522879877673168
660 0.01522879877673168
661 0.01522879877673168
662 0.01522879877673168
663 0.01522879877673168
664 0.01522879877673168
665 0.01522879877673168
666 0.01522879877673168
667 0.01522879877673168
668 0.01522879877673168
669 0.01522879877673168
670 0.01522879877673168
671 0.01522879877673168
672 0.01522879877673168
673 0.01522879877673168
674 0.01522879877673168
675 0.01522879877673168
676 0.01522879877673168
677 0.01522879877673168
678 0.01522879877673168
679 0.01522879877673168
680 0.01522879877673168
681 0.01522879877673168
682 0.01522879877673168
683 0.01522879877673168
684 0.01522879877673168
685 0.01522879877673168
686 0.01522879877673168
687 0.01522879877673168
688 0.01522879877673168
689 0.01522879877673168
690 0.01522879877673168
691 0.01522879877673168
692 0.01522879877673168
693 0.01522879877673168
694 0.01522879877673168
695 0.01522879877673168
696 0.01522879877673168
697 0.01522879877673168
698 0.01522879877673168
699 0.01522879877673168
700 0.01522879877673168
701 0.01522879877673168
702 0.01522879877673168
703 0.01522879877673168
704 0.01522879877673168
705 0.01522879877673168
706 0.01522879877673168
707 0.01522879877673168
708 0.01522879877673168
709 0.01522879877673168
710 0.01522879877673168
711 0.01522879877673168
712 0.01522879877673168
713 0.01522879877673168
714 0.01522879877673168
715 0.01522879877673168
716 0.01522879877673168
717 0.01522879877673168
718 0.01522879877673168
719 0.01522879877673168
720 0.01522879877673168
721 0.01522879877673168
722 0.01522879877673168
723 0.01522879877673168
724 0.01522879877673168
725 0.01522879877673168
726 0.01522879877673168
727 0.01522879877673168
728 0.01522879877673168
729 0.01522879877673168
730 0.01522879877673168
731 0.01522879877673168
732 0.01522879877673168
733 0.01522879877673168
734 0.01522879877673168
735 0.01522879877673168
736 0.01522879877673168
737 0.01522879877673168
738 0.01522879877673168
739 0.01522879877673168
740 0.01522879877673168
741 0.01522879877673168
742 0.01522879877673168
743 0.01522879877673168
744 0.01522879877673168
745 0.01522879877673168
746 0.01522879877673168
747 0.01522879877673168
748 0.01522879877673168
749 0.01522879877673168
750 0.01522879877673168
751 0.01522879877673168
752 0.01522879877673168
753 0.01522879877673168
754 0.01522879877673168
755 0.01522879877673168
756 0.01522879877673168
757 0.01522879877673168
758 0.01522879877673168
759 0.01522879877673168
760 0.01522879877673168
761 0.01522879877673168
762 0.01522879877673168
763 0.01522879877673168
764 0.01522879877673168
765 0.01522879877673168
766 0.01522879877673168
767 0.01522879877673168
768 0.01522879877673168
769 0.01522879877673168
770 0.01522879877673168
771 0.01522879877673168
772 0.01522879877673168
773 0.01522879877673168
774 0.01522879877673168
775 0.01522879877673168
776 0.01522879877673168
777 0.01522879877673168
778 0.01522879877673168
779 0.01522879877673168
780 0.01522879877673168
781 0.01522879877673168
782 0.01522879877673168
783 0.01522879877673168
784 0.01522879877673168
785 0.01522879877673168
786 0.01522879877673168
787 0.01522879877673168
788 0.01522879877673168
789 0.01522879877673168
790 0.01522879877673168
791 0.01522879877673168
792 0.01522879877673168
793 0.01522879877673168
794 0.01522879877673168
795 0.01522879877673168
796 0.01522879877673168
797 0.01522879877673168
798 0.01522879877673168
799 0.01522879877673168
800 0.01522879877673168
801 0.01522879877673168
802 0.01522879877673168
803 0.01522879877673168
804 0.01522879877673168
805 0.01522879877673168
806 0.01522879877673168
807 0.01522879877673168
808 0.01522879877673168
809 0.01522879877673168
810 0.01522879877673168
811 0.01522879877673168
812 0.01522879877673168
813 0.01522879877673168
814 0.01522879877673168
815 0.01522879877673168
816 0.01522879877673168
817 0.01522879877673168
818 0.01522879877673168
819 0.01522879877673168
820 0.01522879877673168
821 0.01522879877673168
822 0.01522879877673168
823 0.01522879877673168
824 0.01522879877673168
825 0.01522879877673168
826 0.01522879877673168
827 0.01522879877673168
828 0.01522879877673168
829 0.01522879877673168
830 0.01522879877673168
831 0.01522879877673168
832 0.01522879877673168
833 0.01522879877673168
834 0.01522879877673168
835 0.01522879877673168
836 0.01522879877673168
837 0.01522879877673168
838 0.01522879877673168
839 0.01522879877673168
840 0.01522879877673168
841 0.01522879877673168
842 0.01522879877673168
843 0.01522879877673168
844 0.01522879877673168
845 0.01522879877673168
846 0.01522879877673168
847 0.01522879877673168
848 0.01522879877673168
849 0.01522879877673168
850 0.01522879877673168
851 0.01522879877673168
852 0.01522879877673168
853 0.01522879877673168
854 0.01522879877673168
855 0.01522879877673168
856 0.01522879877673168
857 0.01522879877673168
858 0.01522879877673168
859 0.01522879877673168
860 0.01522879877673168
861 0.01522879877673168
862 0.01522879877673168
863 0.01522879877673168
864 0.01522879877673168
865 0.01522879877673168
866 0.01522879877673168
867 0.01522879877673168
868 0.01522879877673168
869 0.01522879877673168
870 0.01522879877673168
871 0.01522879877673168
872 0.01522879877673168
873 0.01522879877673168
874 0.01522879877673168
875 0.01522879877673168
876 0.01522879877673168
877 0.01522879877673168
878 0.01522879877673168
879 0.01522879877673168
880 0.01522879877673168
881 0.01522879877673168
882 0.01522879877673168
883 0.01522879877673168
884 0.01522879877673168
885 0.01522879877673168
886 0.01522879877673168
887 0.01522879877673168
888 0.01522879877673168
889 0.01522879877673168
890 0.01522879877673168
891 0.01522879877673168
892 0.01522879877673168
893 0.01522879877673168
894 0.01522879877673168
895 0.01522879877673168
896 0.01522879877673168
897 0.01522879877673168
898 0.01522879877673168
899 0.01522879877673168
900 0.01522879877673168
901 0.01522879877673168
902 0.01522879877673168
903 0.01522879877673168
904 0.01522879877673168
905 0.01522879877673168
906 0.01522879877673168
907 0.01522879877673168
908 0.01522879877673168
909 0.01522879877673168
910 0.01522879877673168
911 0.01522879877673168
912 0.01522879877673168
913 0.01522879877673168
914 0.01522879877673168
915 0.01522879877673168
916 0.01522879877673168
917 0.01522879877673168
918 0.01522879877673168
919 0.01522879877673168
920 0.01522879877673168
921 0.01522879877673168
922 0.01522879877673168
923 0.01522879877673168
924 0.01522879877673168
925 0.01522879877673168
926 0.01522879877673168
927 0.01522879877673168
928 0.01522879877673168
929 0.01522879877673168
930 0.01522879877673168
931 0.01522879877673168
932 0.01522879877673168
933 0.01522879877673168
934 0.01522879877673168
935 0.01522879877673168
936 0.01522879877673168
937 0.01522879877673168
938 0.01522879877673168
939 0.01522879877673168
940 0.01522879877673168
941 0.01522879877673168
942 0.01522879877673168
943 0.01522879877673168
944 0.01522879877673168
945 0.01522879877673168
946 0.01522879877673168
947 0.01522879877673168
948 0.01522879877673168
949 0.01522879877673168
950 0.01522879877673168
951 0.01522879877673168
952 0.01522879877673168
953 0.01522879877673168
954 0.01522879877673168
955 0.01522879877673168
956 0.01522879877673168
957 0.01522879877673168
958 0.01522879877673168
959 0.01522879877673168
960 0.01522879877673168
961 0.01522879877673168
962 0.01522879877673168
963 0.01522879877673168
964 0.01522879877673168
965 0.01522879877673168
966 0.01522879877673168
967 0.01522879877673168
968 0.01522879877673168
969 0.01522879877673168
970 0.01522879877673168
971 0.01522879877673168
972 0.01522879877673168
973 0.01522879877673168
974 0.01522879877673168
975 0.01522879877673168
976 0.01522879877673168
977 0.01522879877673168
978 0.01522879877673168
979 0.01522879877673168
980 0.01522879877673168
981 0.01522879877673168
982 0.01522879877673168
983 0.01522879877673168
984 0.01522879877673168
985 0.01522879877673168
986 0.01522879877673168
987 0.01522879877673168
988 0.01522879877673168
989 0.01522879877673168
990 0.01522879877673168
991 0.01522879877673168
992 0.01522879877673168
993 0.01522879877673168
994 0.01522879877673168
995 0.01522879877673168
996 0.01522879877673168
997 0.01522879877673168
998 0.01522879877673168
999 0.01522879877673168
