0 19.46377681436051
1 25.617027281680087
2 30.713728288658032
3 31.91063749780929
4 28.345003460744813
5 18.372301045478082
6 18.283122980313514
7 10.77552647013078
8 3.356713665963681
9 2.2098510068032926
10 0.9333493621045006
11 0.3412187695828913
12 0.31485551691656566
13 0.3047534355774591
14 0.29678704850691484
15 0.30087657130078416
16 0.4909767995401213
17 0.4901623908157209
18 0.4884457885732806
19 0.5198890695102024
20 0.7357726720314667
21 0.8227366900560026
22 0.8175090889601548
23 0.8491572265121778
24 1.0161420287659264
25 1.1235128779207717
26 1.2243873609253122
27 1.3128487524817967
28 1.2871125761673818
29 1.3074485122376616
30 1.3276751171919805
31 1.375887401039803
32 1.3464768275803078
33 1.3468030006031158
34 1.3288000597228165
35 1.3196247280131101
36 1.3137334329558403
37 1.3041585935310667
38 1.2545260854669402
39 1.2447093433656142
40 1.2868186395726617
41 1.2442612691310326
42 1.238280358306291
43 1.1810804999020839
44 1.158151319340202
45 1.140990325834803
46 1.117886889199082
47 1.0713314282408386
48 1.066806380460729
49 1.052962667105481
50 1.0095465757257303
51 1.0641032382427393
52 1.0341126220650425
53 0.9684077238583906
54 0.9684077238583906
55 1.074913785390957
56 1.0674788891114857
57 1.0665339593763872
58 1.0536234476929762
59 1.0476523000126154
60 1.0096872154061864
61 1.010610212280421
62 1.008717081710617
63 1.001226505018537
64 0.9955975798227447
65 0.9820688183473227
66 0.9661827395361462
67 1.0704202282933155
68 1.1183038932968477
69 1.103113134440576
70 1.0996408452947706
71 1.0859145869461186
72 1.083813319055347
73 1.083813319055347
74 1.3311909951451704
75 1.3311909951451704
76 1.3220230352041706
77 1.3201598580801819
78 1.3024619755737505
79 1.2900619694337752
80 1.2836995922529582
81 1.273797005567788
82 1.2663664169889797
83 1.2600923436291172
84 1.2584526522864479
85 1.2542999375761743
86 1.2493533399506578
87 1.2493533399506578
88 1.2465400198265033
89 1.2515027766635707
90 1.256558166059918
91 1.2442822552905664
92 1.2442822552905664
93 1.2316510409318897
94 1.226613304056528
95 1.226613304056528
96 1.2163917218530642
97 1.2163917218530642
98 1.2121960041726692
99 1.2065121662700216
100 1.1992668567450684
101 1.1956184236239769
102 1.189352985546482
103 1.1895987410163578
104 1.1885318284255162
105 1.1832098305672796
106 1.1832098305672796
107 1.1976348493223627
108 1.1992494024856437
109 1.1992494024856437
110 1.1992494024856437
111 1.1937359260774563
112 1.1831351367891694
113 1.1777068606272048
114 1.1767040953397647
115 1.1607175740925744
116 1.1607175740925744
117 1.1607175740925744
118 1.1604277655983948
119 1.200795842325392
120 1.2148248824507542
121 1.208481194052235
122 1.2037549148115199
123 1.422616743482814
124 1.422616743482814
125 1.422616743482814
126 1.4165905156455068
127 1.3975515650679058
128 1.3917822641067095
129 1.3889700244640681
130 1.7720400598128712
131 1.7636062485848438
132 1.764235780511077
133 1.7574470230225476
134 1.7574774846682204
135 1.7531069364727576
136 1.7490022544803923
137 1.7490022544803923
138 1.7435844889498184
139 1.7328233113317941
140 1.7299612848503019
141 1.727555186759471
142 1.727555186759471
143 1.7463796117572863
144 1.7413600524751993
145 1.7329675717447215
146 1.728525632834152
147 1.7234877388193233
148 1.7186089189976186
149 1.7186089189976186
150 1.7141994392718034
151 1.7141994392718034
152 1.708857237612303
153 1.7279153439011856
154 1.7227871975974263
155 1.71803555238562
156 1.71803555238562
157 1.7138474503950436
158 1.7087232818587657
159 1.6975054310600712
160 1.6961372935703898
161 1.6928909561642098
162 1.6928909561642098
163 1.687771177822352
164 1.687771177822352
165 1.683661293164991
166 1.678598279278798
167 1.678598279278798
168 1.6754078322833676
169 1.6782975180666708
170 1.6782975180666708
171 1.6749021422700852
172 1.6695348795794804
173 1.6695348795794804
174 1.666675522312447
175 1.6617033374888992
176 1.7237934285351435
177 1.7237934285351435
178 1.7272049903950228
179 1.7208982617029178
180 1.7208982617029178
181 1.7208982617029178
182 1.7208982617029178
183 1.7148023824515555
184 1.7999285748189766
185 1.7923646703026097
186 1.7894692386299214
187 1.7894692386299214
188 1.7998143602873828
189 1.7998143602873828
190 1.7984649974226885
191 1.7944846864400128
192 1.7882753334003263
193 2.0406191132966063
194 2.0406191132966063
195 2.046187211508197
196 2.044569948731183
197 2.044569948731183
198 2.0419332397462866
199 2.0419332397462866
200 2.0419332397462866
201 2.088958393580956
202 2.076622733257581
203 2.076622733257581
204 2.0667434166334377
205 2.0667434166334377
206 2.0667434166334377
207 2.060526449915401
208 2.060526449915401
209 2.053426293438419
210 2.0512755744812003
211 2.0491152824161474
212 2.0442039520638136
213 2.040067291789948
214 2.040067291789948
215 2.040067291789948
216 2.040233204468418
217 2.0342278172751174
218 2.0342278172751174
219 2.1140453045881435
220 2.1140453045881435
221 2.1140453045881435
222 2.1124140921999306
223 2.1124140921999306
224 2.1124140921999306
225 2.157050891663698
226 2.152363674759538
227 2.152363674759538
228 2.152363674759538
229 2.296548126127889
230 2.296548126127889
231 2.290924633043326
232 2.290924633043326
233 2.290924633043326
234 2.290924633043326
235 2.3280185407397034
236 2.3280185407397034
237 2.3222659322917862
238 2.3222659322917862
239 2.3222659322917862
240 2.318020372854803
241 2.318020372854803
242 2.3122254975731598
243 2.3042388067256003
244 2.295998379600275
245 2.295998379600275
246 2.338432688243993
247 2.338432688243993
248 2.338432688243993
249 2.338432688243993
250 2.338432688243993
251 2.338432688243993
252 2.591846825032195
253 2.591846825032195
254 2.5839072801844583
255 2.5839072801844583
256 2.5839072801844583
257 2.5694184150973993
258 2.5694184150973993
259 2.5657868732612203
260 2.563932998770615
261 2.563932998770615
262 2.563932998770615
263 2.563932998770615
264 2.555344256133872
265 2.548578428273739
266 2.5471943108379382
267 2.570611654817454
268 2.570611654817454
269 2.570611654817454
270 2.570611654817454
271 2.5668731101523816
272 2.5668731101523816
273 2.5668731101523816
274 2.5668731101523816
275 2.5668731101523816
276 2.5668731101523816
277 2.5668731101523816
278 2.5668731101523816
279 2.5668731101523816
280 2.5668731101523816
281 2.5668731101523816
282 2.558993001522684
283 2.558993001522684
284 2.558993001522684
285 2.558993001522684
286 2.5481501214978577
287 2.5480369509608667
288 2.5480369509608667
289 2.567046482001378
290 2.567046482001378
291 2.567046482001378
292 2.6055880241142084
293 2.6055880241142084
294 2.605234387416674
295 2.605234387416674
296 2.605234387416674
297 2.605234387416674
298 2.605234387416674
299 3.2627302575773984
300 3.2627302575773984
301 3.259311536710809
302 3.2572301770376426
303 3.2572301770376426
304 3.250828302317968
305 3.250828302317968
306 3.250828302317968
307 3.2431604980531317
308 3.2431604980531317
309 3.2431604980531317
310 3.2385242231050184
311 3.2327932092332943
312 3.2327932092332943
313 3.2327932092332943
314 3.2327932092332943
315 3.2327932092332943
316 3.2327932092332943
317 3.2327932092332943
318 3.4387450625297653
319 3.4387450625297653
320 3.4387450625297653
321 3.4387450625297653
322 3.4315309895051014
323 3.4315309895051014
324 3.4315309895051014
325 3.4315309895051014
326 3.4315309895051014
327 3.4315309895051014
328 3.422761509244529
329 3.405908117343379
330 3.405908117343379
331 3.405908117343379
332 3.405908117343379
333 3.3984742539418447
334 3.5181321368862455
335 3.5181321368862455
336 3.5181321368862455
337 3.5181321368862455
338 3.5181321368862455
339 3.507733481101719
340 3.5041786690254364
341 3.5041786690254364
342 3.580316918640086
343 3.580316918640086
344 3.580316918640086
345 3.580316918640086
346 3.580316918640086
347 3.580316918640086
348 3.580316918640086
349 3.580316918640086
350 3.585200287316743
351 3.585200287316743
352 3.585200287316743
353 3.585200287316743
354 3.585200287316743
355 3.585200287316743
356 3.585200287316743
357 3.585200287316743
358 3.585200287316743
359 3.585200287316743
360 3.585200287316743
361 3.7859527279168326
362 3.7859527279168326
363 3.7859527279168326
364 4.434747310444136
365 4.434747310444136
366 4.434747310444136
367 4.434747310444136
368 4.434747310444136
369 4.434747310444136
370 4.434747310444136
371 4.434747310444136
372 4.434747310444136
373 4.434747310444136
374 4.434747310444136
375 4.434747310444136
376 4.434747310444136
377 4.434747310444136
378 4.434747310444136
379 4.434747310444136
380 4.434747310444136
381 4.434747310444136
382 4.434747310444136
383 4.434747310444136
384 4.422490177004102
385 4.422490177004102
386 4.422490177004102
387 4.422490177004102
388 4.422093533825074
389 4.4113265550249405
390 4.4113265550249405
391 4.4113265550249405
392 4.4113265550249405
393 4.4113265550249405
394 4.4113265550249405
395 4.4113265550249405
396 4.4113265550249405
397 4.4113265550249405
398 4.560326394494914
399 4.582269747704424
400 4.582269747704424
401 4.565004297897303
402 4.565004297897303
403 4.565004297897303
404 4.565004297897303
405 4.881679681188052
406 5.039301791104882
407 5.039301791104882
408 5.039301791104882
409 5.120389064860521
410 5.120389064860521
411 5.120389064860521
412 5.120389064860521
413 5.119984562298856
414 5.119984562298856
415 5.119984562298856
416 5.109903865164433
417 5.379364486898526
418 5.379364486898526
419 5.379364486898526
420 5.379364486898526
421 5.379364486898526
422 5.3751472349548655
423 5.349533088058683
424 5.349533088058683
425 6.034168370762371
426 6.034168370762371
427 6.246487803296694
428 6.246487803296694
429 6.246487803296694
430 6.453195102078443
431 6.453195102078443
432 6.418694969010249
433 6.457927102524429
434 6.420697620832437
435 6.395365263632852
436 6.407469280604412
437 6.407469280604412
438 6.396663362214457
439 6.396663362214457
440 6.388758529399407
441 6.388758529399407
442 6.388758529399407
443 6.388758529399407
444 6.388758529399407
445 6.388758529399407
446 6.388758529399407
447 6.388758529399407
448 6.3830113101178245
449 6.3830113101178245
450 6.5063995013426235
451 8.23835511394537
452 8.23835511394537
453 8.23835511394537
454 8.23085792348929
455 8.216905263457479
456 8.216905263457479
457 8.216905263457479
458 8.216905263457479
459 8.216905263457479
460 8.216905263457479
461 8.21348244954891
462 8.21348244954891
463 8.20355923273123
464 9.048197006606312
465 9.048197006606312
466 9.048197006606312
467 9.048197006606312
468 9.048197006606312
469 9.048197006606312
470 9.048197006606312
471 9.048197006606312
472 9.008809022852235
473 8.990461848642688
474 8.990461848642688
475 8.990461848642688
476 8.990461848642688
477 8.966517913313085
478 8.945030379781562
479 9.016687622002618
480 9.016687622002618
481 9.016687622002618
482 9.016687622002618
483 9.016687622002618
484 9.016687622002618
485 9.016687622002618
486 9.016687622002618
487 9.016687622002618
488 9.016687622002618
489 9.016687622002618
490 9.38821344731885
491 9.38821344731885
492 9.38821344731885
493 9.38821344731885
494 9.3629607220551
495 9.343162911161528
496 9.343162911161528
497 9.314930998115608
498 9.305299948190038
499 9.305299948190038
