0 0.06279459863990794
1 0.1535847271293206
2 0.17137456252786143
3 0.19088448646633357
4 0.21691792360653483
5 0.22919255941941297
6 0.23253821541188155
7 0.24592866031601826
8 0.24288921837307506
9 0.25263620698249434
10 0.25145788651162254
11 0.25793069007951175
12 0.26627828808368004
13 0.271406323670385
14 0.2759027049040987
15 0.28485767925681155
16 0.29964345530818765
17 0.3158482424956557
18 0.2955765604428946
19 0.23725605688491214
20 0.18059209363673126
21 0.08179197214130048
22 0.08179197214130048
23 0.08774359196788943
24 0.08787025784737988
25 0.08787025784737988
26 0.08787025784737988
27 0.06267348522973004
28 0.06267348522973006
29 0.06267348522973006
30 0.06267348522973006
31 0.06267348522973006
32 0.06267348522973006
33 0.039301539432232295
34 0.039301539432232295
35 0.03930153943223229
36 0.03670465656584366
37 0.03670465656584365
38 0.03670465656584365
39 0.03670465656584365
40 0.03670465656584365
41 0.03930153943223229
42 0.037254884893027425
43 0.037254884893027425
44 0.037254884893027425
45 0.037254884893027425
46 0.037254884893027425
47 0.037254884893027425
48 0.037254884893027425
49 0.037254884893027425
50 0.037254884893027425
51 0.018114716341216315
52 0.018114716341216315
53 0.018114716341216315
54 0.018114716341216315
55 0.015517833474827648
56 0.015517833474827648
57 0.015517833474827648
58 0.015517833474827648
59 0.015517833474827648
60 0.015517833474827648
61 0.015517833474827648
62 0.015517833474827648
63 0.015517833474827648
64 0.012901641079588211
65 0.009557717629140403
66 0.006960834762751747
67 0.0007006021149095493
68 0.0007006021149095493
69 0.0007006021149095493
70 0.0007006021149095493
71 0.0007006021149095493
72 0.0007006021149095493
73 0.0007006021149095493
74 0.0007006021149095493
75 0.0007006021149095493
76 0.0007006021149095493
77 0.0007006021149095493
78 0.0007006021149095493
79 0.0007006021149095493
80 0.0007006021149095493
81 0.0007006021149095493
82 0.0007006021149095498
83 0.0007006021149095503
84 0.0007006021149095503
85 0.0007006021149095503
86 0.0007006021149095509
87 0.0007006021149095515
88 0.0007006021149095515
89 0.0007006021149095515
90 0.0007006021149095521
91 0.0007006021149095526
92 0.0007006021149095526
93 0.0007006021149095526
94 0.0007006021149095526
95 0.0007006021149095526
96 0.0007006021149095526
97 0.0007006021149095526
98 0.0007006021149095526
99 0.0007006021149095526
100 0.0007006021149095526
101 0.0007006021149095526
102 0.0007006021149095526
103 0.0007006021149095526
104 0.0007006021149095526
105 0.0007006021149095526
106 0.0007006021149095526
107 0.0007006021149095526
108 0.0007006021149095526
109 0.0007006021149095526
110 0.0007006021149095526
111 0.0007006021149095526
112 0.0007006021149095526
113 0.0007006021149095526
114 0.0007006021149095526
115 0.0007006021149095526
116 0.0007006021149095526
117 0.0007006021149095526
118 0.0007006021149095526
119 0.0007006021149095526
120 0.0007006021149095526
121 0.0007006021149095523
122 0.0007006021149095521
123 0.0007006021149095517
124 0.0007006021149095515
125 0.0007006021149095512
126 0.0007006021149095509
127 0.0007006021149095507
128 0.0007006021149095503
129 0.0007006021149095501
130 0.0007006021149095498
131 0.0007006021149095496
132 0.0007006021149095493
133 0.000700602114909549
134 0.0007006021149095487
135 0.0007006021149095484
136 0.0007006021149095482
137 0.0007006021149095478
138 0.0007006021149095476
139 0.0007006021149095473
140 0.0007006021149095471
141 0.0007006021149095468
142 0.0007006021149095465
143 0.0007006021149095462
144 0.0007006021149095459
145 0.0007006021149095457
146 0.0007006021149095454
147 0.0007006021149095451
148 0.0007006021149095448
149 0.0007006021149095446
150 0.0007006021149095443
151 0.0007006021149095443
152 0.0007006021149095443
153 0.0007006021149095443
154 0.0007006021149095443
155 0.0007006021149095443
156 0.0007006021149095443
157 0.0007006021149095443
158 0.0007006021149095443
159 0.0007006021149095443
160 0.0007006021149095443
161 0.0007006021149095443
162 0.0007006021149095443
163 0.0007006021149095443
164 0.0007006021149095443
165 0.0007006021149095443
166 0.0007006021149095443
167 0.0007006021149095443
168 0.0007006021149095443
169 0.0007006021149095443
170 0.0007006021149095443
171 0.0007006021149095443
172 0.0007006021149095443
173 0.0007006021149095443
174 0.0007006021149095443
175 0.0007006021149095443
176 0.0007006021149095443
177 0.0007006021149095443
178 0.0007006021149095443
179 0.0007006021149095443
180 0.0007006021149095443
181 0.0007006021149095443
182 0.0007006021149095443
183 0.0007006021149095443
184 0.0007006021149095443
185 0.0007006021149095443
186 0.0007006021149095443
187 0.0007006021149095443
188 0.0007006021149095443
189 0.0007006021149095443
190 0.0007006021149095443
191 0.0007006021149095443
192 0.0007006021149095443
193 0.0007006021149095443
194 0.0007006021149095443
195 0.0007006021149095443
196 0.0007006021149095443
197 0.0007006021149095443
198 0.0007006021149095443
199 0.0007006021149095443
200 0.0007006021149095443
201 0.0007006021149095443
202 0.0007006021149095443
203 0.0007006021149095443
204 0.0007006021149095443
205 0.0007006021149095443
206 0.0007006021149095443
207 0.0007006021149095443
208 0.0007006021149095443
209 0.0007006021149095443
210 0.0007006021149095443
211 0.0007006021149095443
212 0.0007006021149095443
213 0.0007006021149095443
214 0.0007006021149095443
215 0.0007006021149095443
216 0.0007006021149095443
217 0.0007006021149095443
218 0.0007006021149095443
219 0.0007006021149095443
220 0.0007006021149095443
221 0.0007006021149095443
222 0.0007006021149095443
223 0.0007006021149095443
224 0.0007006021149095443
225 0.0007006021149095443
226 0.0007006021149095443
227 0.0007006021149095443
228 0.0007006021149095443
229 0.0007006021149095443
230 0.0007006021149095443
231 0.0007006021149095443
232 0.0007006021149095443
233 0.0007006021149095443
234 0.0007006021149095443
235 0.0007006021149095443
236 0.0007006021149095443
237 0.0007006021149095443
238 0.0007006021149095443
239 0.0007006021149095443
240 0.0007006021149095443
241 0.0007006021149095443
242 0.0007006021149095443
243 0.0007006021149095443
244 0.0007006021149095443
245 0.0007006021149095443
246 0.0007006021149095443
247 0.0007006021149095443
248 0.0007006021149095443
249 0.0007006021149095443
250 0.0007006021149095443
251 0.0007006021149095443
252 0.0007006021149095443
253 0.0007006021149095443
254 0.0007006021149095443
255 0.0007006021149095443
256 0.0007006021149095443
257 0.0007006021149095443
258 0.0007006021149095443
259 0.0007006021149095443
260 0.0007006021149095443
261 0.0007006021149095443
262 0.0007006021149095443
263 0.0007006021149095443
264 0.0007006021149095443
265 0.0007006021149095443
266 0.0007006021149095443
267 0.0007006021149095443
268 0.0007006021149095443
269 0.0007006021149095443
270 0.0007006021149095443
271 0.0007006021149095443
272 0.0007006021149095443
273 0.0007006021149095443
274 0.0007006021149095443
275 0.0007006021149095443
276 0.0007006021149095443
277 0.0007006021149095443
278 0.0007006021149095443
279 0.0007006021149095443
280 0.0007006021149095443
281 0.0007006021149095443
282 0.0007006021149095443
283 0.0007006021149095443
284 0.0007006021149095443
285 0.0007006021149095443
286 0.0007006021149095443
287 0.0007006021149095443
288 0.0007006021149095443
289 0.0007006021149095443
290 0.0007006021149095443
291 0.0007006021149095443
292 0.0007006021149095443
293 0.0007006021149095443
294 0.0007006021149095443
295 0.0007006021149095443
296 0.0007006021149095443
297 0.0007006021149095443
298 0.0007006021149095443
299 0.0007006021149095443
300 0.0007006021149095443
301 0.0007006021149095443
302 0.0007006021149095443
303 0.0007006021149095443
304 0.0007006021149095443
305 0.0007006021149095443
306 0.0007006021149095443
307 0.0007006021149095443
308 0.0007006021149095443
309 0.0007006021149095443
310 0.0007006021149095443
311 0.0007006021149095443
312 0.0007006021149095443
313 0.0007006021149095443
314 0.0007006021149095443
315 0.0007006021149095443
316 0.0007006021149095443
317 0.0007006021149095443
318 0.0007006021149095443
319 0.0007006021149095443
320 0.0007006021149095443
321 0.0007006021149095443
322 0.0007006021149095443
323 0.0007006021149095443
324 0.0007006021149095443
325 0.0007006021149095443
326 0.0007006021149095443
327 0.0007006021149095443
328 0.0007006021149095443
329 0.0007006021149095443
330 0.0007006021149095443
331 0.0007006021149095443
332 0.0007006021149095443
333 0.0007006021149095443
334 0.0007006021149095443
335 0.0007006021149095443
336 0.0007006021149095443
337 0.0007006021149095443
338 0.0007006021149095443
339 0.0007006021149095443
340 0.0007006021149095443
341 0.0007006021149095443
342 0.0007006021149095443
343 0.0007006021149095443
344 0.0007006021149095443
345 0.0007006021149095443
346 0.0007006021149095443
347 0.0007006021149095443
348 0.0007006021149095443
349 0.0007006021149095443
350 0.0007006021149095443
351 0.0007006021149095443
352 0.0007006021149095443
353 0.0007006021149095443
354 0.0007006021149095443
355 0.0007006021149095443
356 0.0007006021149095443
357 0.0007006021149095443
358 0.0007006021149095443
359 0.0007006021149095443
360 0.0007006021149095443
361 0.0007006021149095443
362 0.0007006021149095443
363 0.0007006021149095443
364 0.0007006021149095443
365 0.0007006021149095443
366 0.0007006021149095443
367 0.0007006021149095443
368 0.0007006021149095443
369 0.0007006021149095443
370 0.0007006021149095443
371 0.0007006021149095443
372 0.0007006021149095443
373 0.0007006021149095443
374 0.0007006021149095443
375 0.0007006021149095443
376 0.0007006021149095443
377 0.0007006021149095443
378 0.0007006021149095443
379 0.0007006021149095443
380 0.0007006021149095443
381 0.0007006021149095443
382 0.0007006021149095443
383 0.0007006021149095443
384 0.0007006021149095443
385 0.0007006021149095443
386 0.0007006021149095443
387 0.0007006021149095443
388 0.0007006021149095443
389 0.0007006021149095443
390 0.0007006021149095443
391 0.0007006021149095443
392 0.0007006021149095443
393 0.0007006021149095443
394 0.0007006021149095443
395 0.0007006021149095443
396 0.0007006021149095443
397 0.0007006021149095443
398 0.0007006021149095443
399 0.0007006021149095443
400 0.0007006021149095443
401 0.0007006021149095443
402 0.0007006021149095443
403 0.0007006021149095443
404 0.0007006021149095443
405 0.0007006021149095443
406 0.0007006021149095443
407 0.0007006021149095443
408 0.0007006021149095443
409 0.0007006021149095443
410 0.0007006021149095443
411 0.0007006021149095443
412 0.0007006021149095443
413 0.0007006021149095443
414 0.0007006021149095443
415 0.0007006021149095443
416 0.0007006021149095443
417 0.0007006021149095443
418 0.0007006021149095443
419 0.0007006021149095443
420 0.0007006021149095443
421 0.0007006021149095443
422 0.0007006021149095443
423 0.0007006021149095443
424 0.0007006021149095443
425 0.0007006021149095443
426 0.0007006021149095443
427 0.0007006021149095443
428 0.0007006021149095443
429 0.0007006021149095443
430 0.0007006021149095443
431 0.0007006021149095443
432 0.0007006021149095443
433 0.0007006021149095443
434 0.0007006021149095443
435 0.0007006021149095443
436 0.0007006021149095443
437 0.0007006021149095443
438 0.0007006021149095443
439 0.0007006021149095443
440 0.0007006021149095443
441 0.0007006021149095443
442 0.0007006021149095443
443 0.0007006021149095443
444 0.0007006021149095443
445 0.0007006021149095443
446 0.0007006021149095443
447 0.0007006021149095443
448 0.0007006021149095443
449 0.0007006021149095443
450 0.0007006021149095443
451 0.0007006021149095443
452 0.0007006021149095443
453 0.0007006021149095443
454 0.0007006021149095443
455 0.0007006021149095443
456 0.0007006021149095443
457 0.0007006021149095443
458 0.0007006021149095443
459 0.0007006021149095443
460 0.0007006021149095443
461 0.0007006021149095443
462 0.0007006021149095443
463 0.0007006021149095443
464 0.0007006021149095443
465 0.0007006021149095443
466 0.0007006021149095443
467 0.0007006021149095443
468 0.0007006021149095443
469 0.0007006021149095443
470 0.0007006021149095443
471 0.0007006021149095443
472 0.0007006021149095443
473 0.0007006021149095443
474 0.0007006021149095443
475 0.0007006021149095443
476 0.0007006021149095443
477 0.0007006021149095443
478 0.0007006021149095443
479 0.0007006021149095443
480 0.0007006021149095443
481 0.0007006021149095443
482 0.0007006021149095443
483 0.0007006021149095443
484 0.0007006021149095443
485 0.0007006021149095443
486 0.0007006021149095443
487 0.0007006021149095443
488 0.0007006021149095443
489 0.0007006021149095443
490 0.0007006021149095443
491 0.0007006021149095443
492 0.0007006021149095443
493 0.0007006021149095443
494 0.0007006021149095443
495 0.0007006021149095443
496 0.0007006021149095443
497 0.0007006021149095443
498 0.0007006021149095443
499 0.0007006021149095443
500 0.0007006021149095443
501 0.0007006021149095443
502 0.0007006021149095443
503 0.0007006021149095443
504 0.0007006021149095443
505 0.0007006021149095443
506 0.0007006021149095443
507 0.0007006021149095443
508 0.0007006021149095443
509 0.0007006021149095443
510 0.0007006021149095443
511 0.0007006021149095443
512 0.0007006021149095443
513 0.0007006021149095443
514 0.0007006021149095443
515 0.0007006021149095443
516 0.0007006021149095443
517 0.0007006021149095443
518 0.0007006021149095443
519 0.0007006021149095443
520 0.0007006021149095443
521 0.0007006021149095443
522 0.0007006021149095443
523 0.0007006021149095443
524 0.0007006021149095443
525 0.0007006021149095443
526 0.0007006021149095443
527 0.0007006021149095443
528 0.0007006021149095443
529 0.0007006021149095443
530 0.0007006021149095443
531 0.0007006021149095443
532 0.0007006021149095443
533 0.0007006021149095443
534 0.0007006021149095443
535 0.0007006021149095443
536 0.0007006021149095443
537 0.0007006021149095443
538 0.0007006021149095443
539 0.0007006021149095443
540 0.0007006021149095443
541 0.0007006021149095443
542 0.0007006021149095443
543 0.0007006021149095443
544 0.0007006021149095443
545 0.0007006021149095443
546 0.0007006021149095443
547 0.0007006021149095443
548 0.0007006021149095443
549 0.0007006021149095443
550 0.0007006021149095443
551 0.0007006021149095443
552 0.0007006021149095443
553 0.0007006021149095443
554 0.0007006021149095443
555 0.0007006021149095443
556 0.0007006021149095443
557 0.0007006021149095443
558 0.0007006021149095443
559 0.0007006021149095443
560 0.0007006021149095443
561 0.0007006021149095443
562 0.0007006021149095443
563 0.0007006021149095443
564 0.0007006021149095443
565 0.0007006021149095443
566 0.0007006021149095443
567 0.0007006021149095443
568 0.0007006021149095443
569 0.0007006021149095443
570 0.0007006021149095443
571 0.0007006021149095443
572 0.0007006021149095443
573 0.0007006021149095443
574 0.0007006021149095443
575 0.0007006021149095443
576 0.0007006021149095443
577 0.0007006021149095443
578 0.0007006021149095443
579 0.0007006021149095443
580 0.0007006021149095443
581 0.0007006021149095443
582 0.0007006021149095443
583 0.0007006021149095443
584 0.0007006021149095443
585 0.0007006021149095443
586 0.0007006021149095443
587 0.0007006021149095443
588 0.0007006021149095443
589 0.0007006021149095443
590 0.0007006021149095443
591 0.0007006021149095443
592 0.0007006021149095443
593 0.0007006021149095443
594 0.0007006021149095443
595 0.0007006021149095443
596 0.0007006021149095443
597 0.0007006021149095443
598 0.0007006021149095443
599 0.0007006021149095443
600 0.0007006021149095443
601 0.0007006021149095443
602 0.0007006021149095443
603 0.0007006021149095443
604 0.0007006021149095443
605 0.0007006021149095443
606 0.0007006021149095443
607 0.0007006021149095443
608 0.0007006021149095443
609 0.0007006021149095443
610 0.0007006021149095443
611 0.0007006021149095443
612 0.0007006021149095443
613 0.0007006021149095443
614 0.0007006021149095443
615 0.0007006021149095443
616 0.0007006021149095443
617 0.0007006021149095443
618 0.0007006021149095443
619 0.0007006021149095443
620 0.0007006021149095443
621 0.0007006021149095443
622 0.0007006021149095443
623 0.0007006021149095443
624 0.0007006021149095443
625 0.0007006021149095443
626 0.0007006021149095443
627 0.0007006021149095443
628 0.0007006021149095443
629 0.0007006021149095443
630 0.0007006021149095443
631 0.0007006021149095443
632 0.0007006021149095443
633 0.0007006021149095443
634 0.0007006021149095443
635 0.0007006021149095443
636 0.0007006021149095443
637 0.0007006021149095443
638 0.0007006021149095443
639 0.0007006021149095443
640 0.0007006021149095443
641 0.0007006021149095443
642 0.0007006021149095443
643 0.0007006021149095443
644 0.0007006021149095443
645 0.0007006021149095443
646 0.0007006021149095443
647 0.0007006021149095443
648 0.0007006021149095443
649 0.0007006021149095443
650 0.0007006021149095443
651 0.0007006021149095443
652 0.0007006021149095443
653 0.0007006021149095443
654 0.0007006021149095443
655 0.0007006021149095443
656 0.0007006021149095443
657 0.0007006021149095443
658 0.0007006021149095443
659 0.0007006021149095443
660 0.0007006021149095443
661 0.0007006021149095443
662 0.0007006021149095443
663 0.0007006021149095443
664 0.0007006021149095443
665 0.0007006021149095443
666 0.0007006021149095443
667 0.0007006021149095443
668 0.0007006021149095443
669 0.0007006021149095443
670 0.0007006021149095443
671 0.0007006021149095443
672 0.0007006021149095443
673 0.0007006021149095443
674 0.0007006021149095443
675 0.0007006021149095443
676 0.0007006021149095443
677 0.0007006021149095443
678 0.0007006021149095443
679 0.0007006021149095443
680 0.0007006021149095443
681 0.0007006021149095443
682 0.0007006021149095443
683 0.0007006021149095443
684 0.0007006021149095443
685 0.0007006021149095443
686 0.0007006021149095443
687 0.0007006021149095443
688 0.0007006021149095443
689 0.0007006021149095443
690 0.0007006021149095443
691 0.0007006021149095443
692 0.0007006021149095443
693 0.0007006021149095443
694 0.0007006021149095443
695 0.0007006021149095443
696 0.0007006021149095443
697 0.0007006021149095443
698 0.0007006021149095443
699 0.0007006021149095443
700 0.0007006021149095443
701 0.0007006021149095443
702 0.0007006021149095443
703 0.0007006021149095443
704 0.0007006021149095443
705 0.0007006021149095443
706 0.0007006021149095443
707 0.0007006021149095443
708 0.0007006021149095443
709 0.0007006021149095443
710 0.0007006021149095443
711 0.0007006021149095443
712 0.0007006021149095443
713 0.0007006021149095443
714 0.0007006021149095443
715 0.0007006021149095443
716 0.0007006021149095443
717 0.0007006021149095443
718 0.0007006021149095443
719 0.0007006021149095443
720 0.0007006021149095443
721 0.0007006021149095443
722 0.0007006021149095443
723 0.0007006021149095443
724 0.0007006021149095443
725 0.0007006021149095443
726 0.0007006021149095443
727 0.0007006021149095443
728 0.0007006021149095443
729 0.0007006021149095443
730 0.0007006021149095443
731 0.0007006021149095443
732 0.0007006021149095443
733 0.0007006021149095443
734 0.0007006021149095443
735 0.0007006021149095443
736 0.0007006021149095443
737 0.0007006021149095443
738 0.0007006021149095443
739 0.0007006021149095443
740 0.0007006021149095443
741 0.0007006021149095443
742 0.0007006021149095443
743 0.0007006021149095443
744 0.0007006021149095443
745 0.0007006021149095443
746 0.0007006021149095443
747 0.0007006021149095443
748 0.0007006021149095443
749 0.0007006021149095443
750 0.0007006021149095443
751 0.0007006021149095443
752 0.0007006021149095443
753 0.0007006021149095443
754 0.0007006021149095443
755 0.0007006021149095443
756 0.0007006021149095443
757 0.0007006021149095443
758 0.0007006021149095443
759 0.0007006021149095443
760 0.0007006021149095443
761 0.0007006021149095443
762 0.0007006021149095443
763 0.0007006021149095443
764 0.0007006021149095443
765 0.0007006021149095443
766 0.0007006021149095443
767 0.0007006021149095443
768 0.0007006021149095443
769 0.0007006021149095443
770 0.0007006021149095443
771 0.0007006021149095443
772 0.0007006021149095443
773 0.0007006021149095443
774 0.0007006021149095443
775 0.0007006021149095443
776 0.0007006021149095443
777 0.0007006021149095443
778 0.0007006021149095443
779 0.0007006021149095443
780 0.0007006021149095443
781 0.0007006021149095443
782 0.0007006021149095443
783 0.0007006021149095443
784 0.0007006021149095443
785 0.0007006021149095443
786 0.0007006021149095443
787 0.0007006021149095443
788 0.0007006021149095443
789 0.0007006021149095443
790 0.0007006021149095443
791 0.0007006021149095443
792 0.0007006021149095443
793 0.0007006021149095443
794 0.0007006021149095443
795 0.0007006021149095443
796 0.0007006021149095443
797 0.0007006021149095443
798 0.0007006021149095443
799 0.0007006021149095443
800 0.0007006021149095443
801 0.0007006021149095443
802 0.0007006021149095443
803 0.0007006021149095443
804 0.0007006021149095443
805 0.0007006021149095443
806 0.0007006021149095443
807 0.0007006021149095443
808 0.0007006021149095443
809 0.0007006021149095443
810 0.0007006021149095443
811 0.0007006021149095443
812 0.0007006021149095443
813 0.0007006021149095443
814 0.0007006021149095443
815 0.0007006021149095443
816 0.0007006021149095443
817 0.0007006021149095443
818 0.0007006021149095443
819 0.0007006021149095443
820 0.0007006021149095443
821 0.0007006021149095443
822 0.0007006021149095443
823 0.0007006021149095443
824 0.0007006021149095443
825 0.0007006021149095443
826 0.0007006021149095443
827 0.0007006021149095443
828 0.0007006021149095443
829 0.0007006021149095443
830 0.0007006021149095443
831 0.0007006021149095443
832 0.0007006021149095443
833 0.0007006021149095443
834 0.0007006021149095443
835 0.0007006021149095443
836 0.0007006021149095443
837 0.0007006021149095443
838 0.0007006021149095443
839 0.0007006021149095443
840 0.0007006021149095443
841 0.0007006021149095443
842 0.0007006021149095443
843 0.0007006021149095443
844 0.0007006021149095443
845 0.0007006021149095443
846 0.0007006021149095443
847 0.0007006021149095443
848 0.0007006021149095443
849 0.0007006021149095443
850 0.0007006021149095443
851 0.0007006021149095443
852 0.0007006021149095443
853 0.0007006021149095443
854 0.0007006021149095443
855 0.0007006021149095443
856 0.0007006021149095443
857 0.0007006021149095443
858 0.0007006021149095443
859 0.0007006021149095443
860 0.0007006021149095443
861 0.0007006021149095443
862 0.0007006021149095443
863 0.0007006021149095443
864 0.0007006021149095443
865 0.0007006021149095443
866 0.0007006021149095443
867 0.0007006021149095443
868 0.0007006021149095443
869 0.0007006021149095443
870 0.0007006021149095443
871 0.0007006021149095443
872 0.0007006021149095443
873 0.0007006021149095443
874 0.0007006021149095443
875 0.0007006021149095443
876 0.0007006021149095443
877 0.0007006021149095443
878 0.0007006021149095443
879 0.0007006021149095443
880 0.0007006021149095443
881 0.0007006021149095443
882 0.0007006021149095443
883 0.0007006021149095443
884 0.0007006021149095443
885 0.0007006021149095443
886 0.0007006021149095443
887 0.0007006021149095443
888 0.0007006021149095443
889 0.0007006021149095443
890 0.0007006021149095443
891 0.0007006021149095443
892 0.0007006021149095443
893 0.0007006021149095443
894 0.0007006021149095443
895 0.0007006021149095443
896 0.0007006021149095443
897 0.0007006021149095443
898 0.0007006021149095443
899 0.0007006021149095443
900 0.0007006021149095443
901 0.0007006021149095443
902 0.0007006021149095443
903 0.0007006021149095443
904 0.0007006021149095443
905 0.0007006021149095443
906 0.0007006021149095443
907 0.0007006021149095443
908 0.0007006021149095443
909 0.0007006021149095443
910 0.0007006021149095443
911 0.0007006021149095443
912 0.0007006021149095443
913 0.0007006021149095443
914 0.0007006021149095443
915 0.0007006021149095443
916 0.0007006021149095443
917 0.0007006021149095443
918 0.0007006021149095443
919 0.0007006021149095443
920 0.0007006021149095443
921 0.0007006021149095443
922 0.0007006021149095443
923 0.0007006021149095443
924 0.0007006021149095443
925 0.0007006021149095443
926 0.0007006021149095443
927 0.0007006021149095443
928 0.0007006021149095443
929 0.0007006021149095443
930 0.0007006021149095443
931 0.0007006021149095443
932 0.0007006021149095443
933 0.0007006021149095443
934 0.0007006021149095443
935 0.0007006021149095443
936 0.0007006021149095443
937 0.0007006021149095443
938 0.0007006021149095443
939 0.0007006021149095443
940 0.0007006021149095443
941 0.0007006021149095443
942 0.0007006021149095443
943 0.0007006021149095443
944 0.0007006021149095443
945 0.0007006021149095443
946 0.0007006021149095443
947 0.0007006021149095443
948 0.0007006021149095443
949 0.0007006021149095443
950 0.0007006021149095443
951 0.0007006021149095443
952 0.0007006021149095443
953 0.0007006021149095443
954 0.0007006021149095443
955 0.0007006021149095443
956 0.0007006021149095443
957 0.0007006021149095443
958 0.0007006021149095443
959 0.0007006021149095443
960 0.0007006021149095443
961 0.0007006021149095443
962 0.0007006021149095443
963 0.0007006021149095443
964 0.0007006021149095443
965 0.0007006021149095443
966 0.0007006021149095443
967 0.0007006021149095443
968 0.0007006021149095443
969 0.0007006021149095443
970 0.0007006021149095443
971 0.0007006021149095443
972 0.0007006021149095443
973 0.0007006021149095443
974 0.0007006021149095443
975 0.0007006021149095443
976 0.0007006021149095443
977 0.0007006021149095443
978 0.0007006021149095443
979 0.0007006021149095443
980 0.0007006021149095443
981 0.0007006021149095443
982 0.0007006021149095443
983 0.0007006021149095443
984 0.0007006021149095443
985 0.0007006021149095443
986 0.0007006021149095443
987 0.0007006021149095443
988 0.0007006021149095443
989 0.0007006021149095443
990 0.0007006021149095443
991 0.0007006021149095443
992 0.0007006021149095443
993 0.0007006021149095443
994 0.0007006021149095443
995 0.0007006021149095443
996 0.0007006021149095443
997 0.0007006021149095443
998 0.0007006021149095443
999 0.0007006021149095443
