0 0.6666666666666666
1 0.8
2 0.8
3 0.9666666666666667
4 1.3666666666666667
5 1.7
6 1.7
7 1.7
8 1.7
9 1.7
10 1.7
11 1.7
12 1.7
13 1.7
14 1.9
15 1.9
16 1.9
17 2.7333333333333334
18 2.7333333333333334
19 2.7333333333333334
20 2.7333333333333334
21 2.7333333333333334
22 3.2666666666666666
23 3.2666666666666666
24 3.2666666666666666
25 3.2666666666666666
26 3.2666666666666666
27 3.2666666666666666
28 3.2666666666666666
29 3.2666666666666666
30 3.3666666666666667
31 3.3666666666666667
32 3.3666666666666667
33 3.533333333333333
34 3.533333333333333
35 3.533333333333333
36 3.533333333333333
37 3.533333333333333
38 3.533333333333333
39 3.533333333333333
40 3.6333333333333333
41 3.7
42 3.7
43 3.7
44 3.7
45 3.7
46 3.7
47 3.7
48 3.7
49 3.7
50 3.7
51 3.7
52 3.7
53 3.7
54 3.933333333333333
55 3.933333333333333
56 3.933333333333333
57 3.933333333333333
58 3.933333333333333
59 3.933333333333333
60 3.933333333333333
61 3.933333333333333
62 3.933333333333333
63 3.933333333333333
64 3.933333333333333
65 3.933333333333333
66 3.933333333333333
67 3.933333333333333
68 3.933333333333333
69 3.933333333333333
70 3.966666666666667
71 3.966666666666667
72 3.966666666666667
73 4.0
74 4.0
75 4.0
76 4.0
77 4.0
78 4.0
79 4.0
80 4.0
81 4.0
82 4.166666666666667
83 4.166666666666667
84 4.166666666666667
85 4.166666666666667
86 4.166666666666667
87 4.166666666666667
88 4.166666666666667
89 4.233333333333333
90 4.233333333333333
91 4.266666666666667
92 4.266666666666667
93 4.266666666666667
94 4.266666666666667
95 4.266666666666667
96 4.266666666666667
97 4.266666666666667
98 4.266666666666667
99 4.266666666666667
100 4.366666666666666
101 4.366666666666666
102 4.366666666666666
103 4.366666666666666
104 4.366666666666666
105 4.366666666666666
106 4.366666666666666
107 4.366666666666666
108 4.366666666666666
109 4.366666666666666
110 4.366666666666666
111 4.366666666666666
112 4.366666666666666
113 4.366666666666666
114 4.366666666666666
115 4.366666666666666
116 4.4
117 4.4
118 4.4
119 4.4
120 4.4
121 4.4
122 4.4
123 4.4
124 4.733333333333333
125 4.733333333333333
126 4.733333333333333
127 4.733333333333333
128 4.733333333333333
129 4.733333333333333
130 4.733333333333333
131 4.733333333333333
132 4.733333333333333
133 4.733333333333333
134 4.733333333333333
135 4.733333333333333
136 4.733333333333333
137 4.733333333333333
138 4.733333333333333
139 4.733333333333333
140 4.733333333333333
141 4.733333333333333
142 4.733333333333333
143 4.733333333333333
144 4.733333333333333
145 4.733333333333333
146 4.733333333333333
147 4.733333333333333
148 4.733333333333333
149 4.733333333333333
150 4.733333333333333
151 4.733333333333333
152 4.733333333333333
153 4.733333333333333
154 4.733333333333333
155 4.733333333333333
156 4.733333333333333
157 4.733333333333333
158 4.733333333333333
159 4.733333333333333
160 4.733333333333333
161 4.733333333333333
162 4.733333333333333
163 4.733333333333333
164 4.733333333333333
165 4.733333333333333
166 4.733333333333333
167 4.733333333333333
168 4.733333333333333
169 4.733333333333333
170 4.733333333333333
171 4.733333333333333
172 4.733333333333333
173 4.733333333333333
174 4.733333333333333
175 4.733333333333333
176 4.733333333333333
177 4.733333333333333
178 4.733333333333333
179 4.733333333333333
180 4.733333333333333
181 4.733333333333333
182 4.733333333333333
183 4.733333333333333
184 4.733333333333333
185 4.733333333333333
186 4.733333333333333
187 4.733333333333333
188 4.9
189 4.9
190 4.9
191 4.9
192 4.9
193 4.9
194 4.9
195 4.9
196 4.9
197 4.9
198 4.9
199 4.9
200 4.9
201 4.9
202 4.9
203 4.9
204 4.9
205 4.9
206 4.9
207 4.9
208 4.9
209 4.9
210 4.9
211 4.9
212 4.9
213 4.9
214 4.9
215 4.9
216 4.9
217 4.9
218 4.9
219 4.9
220 4.9
221 4.9
222 4.9
223 4.9
224 4.9
225 4.9
226 4.9
227 4.9
228 4.9
229 4.9
230 4.933333333333334
231 4.933333333333334
232 4.933333333333334
233 4.933333333333334
234 4.933333333333334
235 4.933333333333334
236 4.933333333333334
237 4.933333333333334
238 4.933333333333334
239 4.933333333333334
240 4.933333333333334
241 4.933333333333334
242 4.933333333333334
243 4.933333333333334
244 4.933333333333334
245 4.933333333333334
246 4.933333333333334
247 4.933333333333334
248 4.933333333333334
249 4.933333333333334
250 4.933333333333334
251 4.933333333333334
252 4.933333333333334
253 4.933333333333334
254 4.933333333333334
255 4.933333333333334
256 4.933333333333334
257 4.933333333333334
258 4.933333333333334
259 4.933333333333334
260 5.0
261 5.0
262 5.0
263 5.0
264 5.133333333333334
265 5.133333333333334
266 5.133333333333334
267 5.133333333333334
268 5.133333333333334
269 5.133333333333334
270 5.133333333333334
271 5.133333333333334
272 5.133333333333334
273 5.133333333333334
274 5.133333333333334
275 5.133333333333334
276 5.133333333333334
277 5.133333333333334
278 5.133333333333334
279 5.133333333333334
280 5.133333333333334
281 5.133333333333334
282 5.133333333333334
283 5.133333333333334
284 5.133333333333334
285 5.133333333333334
286 5.133333333333334
287 5.133333333333334
288 5.133333333333334
289 5.133333333333334
290 5.133333333333334
291 5.133333333333334
292 5.133333333333334
293 5.133333333333334
294 5.133333333333334
295 5.133333333333334
296 5.133333333333334
297 5.133333333333334
298 5.133333333333334
299 5.133333333333334
300 5.133333333333334
301 5.133333333333334
302 5.133333333333334
303 5.133333333333334
304 5.133333333333334
305 5.133333333333334
306 5.133333333333334
307 5.133333333333334
308 5.133333333333334
309 5.133333333333334
310 5.133333333333334
311 5.133333333333334
312 5.133333333333334
313 5.133333333333334
314 5.133333333333334
315 5.133333333333334
316 5.133333333333334
317 5.133333333333334
318 5.133333333333334
319 5.133333333333334
320 5.133333333333334
321 5.133333333333334
322 5.133333333333334
323 5.133333333333334
324 5.133333333333334
325 5.133333333333334
326 5.133333333333334
327 5.133333333333334
328 5.133333333333334
329 5.133333333333334
330 5.133333333333334
331 5.133333333333334
332 5.133333333333334
333 5.133333333333334
334 5.133333333333334
335 5.133333333333334
336 5.133333333333334
337 5.133333333333334
338 5.133333333333334
339 5.133333333333334
340 5.133333333333334
341 5.133333333333334
342 5.133333333333334
343 5.133333333333334
344 5.133333333333334
345 5.133333333333334
346 5.133333333333334
347 5.133333333333334
348 5.133333333333334
349 5.133333333333334
350 5.133333333333334
351 5.133333333333334
352 5.133333333333334
353 5.133333333333334
354 5.133333333333334
355 5.133333333333334
356 5.133333333333334
357 5.133333333333334
358 5.133333333333334
359 5.133333333333334
360 5.133333333333334
361 5.133333333333334
362 5.133333333333334
363 5.133333333333334
364 5.133333333333334
365 5.133333333333334
366 5.133333333333334
367 5.133333333333334
368 5.133333333333334
369 5.133333333333334
370 5.133333333333334
371 5.133333333333334
372 5.133333333333334
373 5.133333333333334
374 5.133333333333334
375 5.133333333333334
376 5.133333333333334
377 5.133333333333334
378 5.133333333333334
379 5.133333333333334
380 5.133333333333334
381 5.133333333333334
382 5.166666666666667
383 5.166666666666667
384 5.166666666666667
385 5.166666666666667
386 5.166666666666667
387 5.166666666666667
388 5.166666666666667
389 5.166666666666667
390 5.166666666666667
391 5.166666666666667
392 5.166666666666667
393 5.166666666666667
394 5.166666666666667
395 5.166666666666667
396 5.166666666666667
397 5.166666666666667
398 5.166666666666667
399 5.166666666666667
400 5.166666666666667
401 5.166666666666667
402 5.166666666666667
403 5.166666666666667
404 5.166666666666667
405 5.166666666666667
406 5.166666666666667
407 5.166666666666667
408 5.166666666666667
409 5.166666666666667
410 5.166666666666667
411 5.166666666666667
412 5.166666666666667
413 5.166666666666667
414 5.166666666666667
415 5.166666666666667
416 5.166666666666667
417 5.166666666666667
418 5.166666666666667
419 5.166666666666667
420 5.166666666666667
421 5.166666666666667
422 5.166666666666667
423 5.166666666666667
424 5.166666666666667
425 5.166666666666667
426 5.166666666666667
427 5.166666666666667
428 5.166666666666667
429 5.166666666666667
430 5.166666666666667
431 5.166666666666667
432 5.166666666666667
433 5.166666666666667
434 5.166666666666667
435 5.166666666666667
436 5.166666666666667
437 5.166666666666667
438 5.166666666666667
439 5.166666666666667
440 5.166666666666667
441 5.166666666666667
442 5.166666666666667
443 5.166666666666667
444 5.166666666666667
445 5.166666666666667
446 5.166666666666667
447 5.166666666666667
448 5.166666666666667
449 5.166666666666667
450 5.166666666666667
451 5.166666666666667
452 5.166666666666667
453 5.166666666666667
454 5.166666666666667
455 5.166666666666667
456 5.166666666666667
457 5.166666666666667
458 5.166666666666667
459 5.166666666666667
460 5.166666666666667
461 5.166666666666667
462 5.166666666666667
463 5.166666666666667
464 5.166666666666667
465 5.166666666666667
466 5.166666666666667
467 5.166666666666667
468 5.166666666666667
469 5.166666666666667
470 5.166666666666667
471 5.166666666666667
472 5.166666666666667
473 5.166666666666667
474 5.166666666666667
475 5.166666666666667
476 5.166666666666667
477 5.166666666666667
478 5.166666666666667
479 5.166666666666667
480 5.166666666666667
481 5.166666666666667
482 5.166666666666667
483 5.166666666666667
484 5.166666666666667
485 5.166666666666667
486 5.166666666666667
487 5.166666666666667
488 5.166666666666667
489 5.166666666666667
490 5.166666666666667
491 5.166666666666667
492 5.166666666666667
493 5.166666666666667
494 5.166666666666667
495 5.166666666666667
496 5.166666666666667
497 5.166666666666667
498 5.166666666666667
499 5.166666666666667
500 5.166666666666667
501 5.166666666666667
502 5.166666666666667
503 5.166666666666667
504 5.166666666666667
505 5.166666666666667
506 5.2
507 5.2
508 5.2
509 5.2
510 5.2
511 5.2
512 5.2
513 5.2
514 5.2
515 5.2
516 5.2
517 5.2
518 5.2
519 5.2
520 5.2
521 5.2
522 5.2
523 5.2
524 5.2
525 5.2
526 5.2
527 5.2
528 5.2
529 5.2
530 5.2
531 5.2
532 5.2
533 5.2
534 5.2
535 5.2
536 5.2
537 5.2
538 5.2
539 5.2
540 5.2
541 5.2
542 5.2
543 5.2
544 5.2
545 5.2
546 5.2
547 5.2
548 5.2
549 5.2
550 5.2
551 5.2
552 5.2
553 5.2
554 5.2
555 5.2
556 5.2
557 5.2
558 5.2
559 5.2
560 5.2
561 5.2
562 5.2
563 5.2
564 5.2
565 5.2
566 5.2
567 5.2
568 5.2
569 5.2
570 5.2
571 5.2
572 5.2
573 5.2
574 5.2
575 5.2
576 5.2
577 5.2
578 5.2
579 5.2
580 5.2
581 5.2
582 5.2
583 5.2
584 5.2
585 5.2
586 5.2
587 5.2
588 5.2
589 5.2
590 5.2
591 5.2
592 5.2
593 5.2
594 5.2
595 5.2
596 5.2
597 5.2
598 5.2
599 5.2
600 5.2
601 5.2
602 5.2
603 5.2
604 5.2
605 5.2
606 5.2
607 5.2
608 5.2
609 5.2
610 5.2
611 5.2
612 5.2
613 5.2
614 5.2
615 5.2
616 5.2
617 5.2
618 5.2
619 5.2
620 5.2
621 5.2
622 5.2
623 5.2
624 5.2
625 5.2
626 5.2
627 5.2
628 5.2
629 5.2
630 5.2
631 5.2
632 5.2
633 5.2
634 5.2
635 5.2
636 5.2
637 5.2
638 5.2
639 5.2
640 5.2
641 5.2
642 5.2
643 5.2
644 5.2
645 5.2
646 5.2
647 5.2
648 5.2
649 5.2
650 5.2
651 5.2
652 5.2
653 5.2
654 5.2
655 5.2
656 5.2
657 5.2
658 5.2
659 5.2
660 5.2
661 5.2
662 5.2
663 5.2
664 5.2
665 5.2
666 5.2
667 5.2
668 5.2
669 5.2
670 5.233333333333333
671 5.233333333333333
672 5.233333333333333
673 5.233333333333333
674 5.233333333333333
675 5.233333333333333
676 5.233333333333333
677 5.233333333333333
678 5.233333333333333
679 5.233333333333333
680 5.233333333333333
681 5.233333333333333
682 5.233333333333333
683 5.233333333333333
684 5.233333333333333
685 5.233333333333333
686 5.233333333333333
687 5.233333333333333
688 5.233333333333333
689 5.233333333333333
690 5.233333333333333
691 5.233333333333333
692 5.233333333333333
693 5.233333333333333
694 5.233333333333333
695 5.233333333333333
696 5.233333333333333
697 5.233333333333333
698 5.233333333333333
699 5.233333333333333
700 5.233333333333333
701 5.233333333333333
702 5.233333333333333
703 5.233333333333333
704 5.233333333333333
705 5.233333333333333
706 5.233333333333333
707 5.233333333333333
708 5.233333333333333
709 5.233333333333333
710 5.233333333333333
711 5.233333333333333
712 5.233333333333333
713 5.233333333333333
714 5.233333333333333
715 5.233333333333333
716 5.233333333333333
717 5.233333333333333
718 5.233333333333333
719 5.233333333333333
720 5.233333333333333
721 5.233333333333333
722 5.233333333333333
723 5.233333333333333
724 5.233333333333333
725 5.233333333333333
726 5.233333333333333
727 5.233333333333333
728 5.233333333333333
729 5.233333333333333
730 5.233333333333333
731 5.233333333333333
732 5.233333333333333
733 5.233333333333333
734 5.233333333333333
735 5.233333333333333
736 5.233333333333333
737 5.233333333333333
738 5.233333333333333
739 5.233333333333333
740 5.233333333333333
741 5.233333333333333
742 5.233333333333333
743 5.233333333333333
744 5.233333333333333
745 5.233333333333333
746 5.233333333333333
747 5.233333333333333
748 5.233333333333333
749 5.233333333333333
750 5.233333333333333
751 5.233333333333333
752 5.233333333333333
753 5.233333333333333
754 5.233333333333333
755 5.233333333333333
756 5.233333333333333
757 5.233333333333333
758 5.233333333333333
759 5.233333333333333
760 5.233333333333333
761 5.233333333333333
762 5.233333333333333
763 5.233333333333333
764 5.233333333333333
765 5.233333333333333
766 5.233333333333333
767 5.233333333333333
768 5.233333333333333
769 5.233333333333333
770 5.233333333333333
771 5.233333333333333
772 5.233333333333333
773 5.233333333333333
774 5.233333333333333
775 5.233333333333333
776 5.233333333333333
777 5.233333333333333
778 5.233333333333333
779 5.233333333333333
780 5.233333333333333
781 5.233333333333333
782 5.233333333333333
783 5.233333333333333
784 5.233333333333333
785 5.233333333333333
786 5.233333333333333
787 5.233333333333333
788 5.233333333333333
789 5.233333333333333
790 5.233333333333333
791 5.233333333333333
792 5.233333333333333
793 5.233333333333333
794 5.233333333333333
795 5.233333333333333
796 5.233333333333333
797 5.233333333333333
798 5.233333333333333
799 5.233333333333333
800 5.233333333333333
801 5.233333333333333
802 5.233333333333333
803 5.233333333333333
804 5.233333333333333
805 5.233333333333333
806 5.233333333333333
807 5.233333333333333
808 5.233333333333333
809 5.233333333333333
810 5.233333333333333
811 5.233333333333333
812 5.233333333333333
813 5.233333333333333
814 5.233333333333333
815 5.233333333333333
816 5.233333333333333
817 5.233333333333333
818 5.233333333333333
819 5.233333333333333
820 5.233333333333333
821 5.233333333333333
822 5.233333333333333
823 5.233333333333333
824 5.233333333333333
825 5.233333333333333
826 5.233333333333333
827 5.233333333333333
828 5.233333333333333
829 5.233333333333333
830 5.233333333333333
831 5.233333333333333
832 5.233333333333333
833 5.233333333333333
834 5.233333333333333
835 5.233333333333333
836 5.233333333333333
837 5.233333333333333
838 5.233333333333333
839 5.233333333333333
840 5.233333333333333
841 5.233333333333333
842 5.233333333333333
843 5.233333333333333
844 5.233333333333333
845 5.233333333333333
846 5.233333333333333
847 5.233333333333333
848 5.233333333333333
849 5.233333333333333
850 5.233333333333333
851 5.233333333333333
852 5.266666666666667
853 5.266666666666667
854 5.266666666666667
855 5.266666666666667
856 5.266666666666667
857 5.266666666666667
858 5.266666666666667
859 5.266666666666667
860 5.266666666666667
861 5.266666666666667
862 5.266666666666667
863 5.266666666666667
864 5.266666666666667
865 5.266666666666667
866 5.266666666666667
867 5.266666666666667
868 5.266666666666667
869 5.266666666666667
870 5.266666666666667
871 5.266666666666667
872 5.266666666666667
873 5.266666666666667
874 5.266666666666667
875 5.266666666666667
876 5.266666666666667
877 5.266666666666667
878 5.266666666666667
879 5.266666666666667
880 5.266666666666667
881 5.266666666666667
882 5.266666666666667
883 5.266666666666667
884 5.266666666666667
885 5.266666666666667
886 5.266666666666667
887 5.266666666666667
888 5.266666666666667
889 5.266666666666667
890 5.266666666666667
891 5.266666666666667
892 5.266666666666667
893 5.266666666666667
894 5.266666666666667
895 5.266666666666667
896 5.266666666666667
897 5.266666666666667
898 5.266666666666667
899 5.266666666666667
900 5.266666666666667
901 5.266666666666667
902 5.266666666666667
903 5.266666666666667
904 5.266666666666667
905 5.266666666666667
906 5.266666666666667
907 5.266666666666667
908 5.266666666666667
909 5.266666666666667
910 5.266666666666667
911 5.266666666666667
912 5.266666666666667
913 5.266666666666667
914 5.266666666666667
915 5.266666666666667
916 5.266666666666667
917 5.266666666666667
918 5.266666666666667
919 5.266666666666667
920 5.266666666666667
921 5.266666666666667
922 5.266666666666667
923 5.266666666666667
924 5.266666666666667
925 5.266666666666667
926 5.266666666666667
927 5.266666666666667
928 5.266666666666667
929 5.266666666666667
930 5.266666666666667
931 5.266666666666667
932 5.266666666666667
933 5.266666666666667
934 5.266666666666667
935 5.266666666666667
936 5.266666666666667
937 5.266666666666667
938 5.266666666666667
939 5.266666666666667
940 5.266666666666667
941 5.266666666666667
942 5.266666666666667
943 5.266666666666667
944 5.266666666666667
945 5.266666666666667
946 5.266666666666667
947 5.266666666666667
948 5.266666666666667
949 5.3
950 5.3
951 5.3
952 5.3
953 5.3
954 5.3
955 5.3
956 5.3
957 5.3
958 5.3
959 5.3
960 5.3
961 5.3
962 5.3
963 5.3
964 5.3
965 5.3
966 5.3
967 5.3
968 5.3
969 5.3
970 5.3
971 5.3
972 5.3
973 5.3
974 5.3
975 5.3
976 5.3
977 5.3
978 5.3
979 5.3
980 5.3
981 5.3
982 5.3
983 5.3
984 5.3
985 5.3
986 5.3
987 5.3
988 5.3
989 5.3
990 5.3
991 5.3
992 5.3
993 5.3
994 5.3
995 5.3
996 5.3
997 5.3
998 5.3
999 5.3
1000 5.3
1001 5.3
1002 5.3
1003 5.3
1004 5.3
1005 5.3
1006 5.3
1007 5.3
1008 5.3
1009 5.3
1010 5.3
1011 5.3
1012 5.3
1013 5.3
1014 5.3
1015 5.3
1016 5.3
1017 5.3
1018 5.3
1019 5.3
1020 5.3
1021 5.3
1022 5.3
1023 5.3
1024 5.3
1025 5.3
1026 5.3
1027 5.3
1028 5.3
1029 5.3
1030 5.3
1031 5.3
1032 5.3
1033 5.3
1034 5.3
1035 5.3
1036 5.3
1037 5.3
1038 5.3
1039 5.3
1040 5.3
1041 5.3
1042 5.3
1043 5.3
1044 5.3
1045 5.3
1046 5.3
1047 5.3
1048 5.3
1049 5.3
1050 5.3
1051 5.3
1052 5.3
1053 5.3
1054 5.3
1055 5.3
1056 5.3
1057 5.3
1058 5.3
1059 5.3
1060 5.3
1061 5.3
1062 5.3
1063 5.3
1064 5.3
1065 5.3
1066 5.3
1067 5.3
1068 5.3
1069 5.3
1070 5.3
1071 5.3
1072 5.3
1073 5.3
1074 5.3
1075 5.3
1076 5.3
1077 5.3
1078 5.3
1079 5.3
1080 5.3
1081 5.3
1082 5.3
1083 5.3
1084 5.3
1085 5.3
1086 5.3
1087 5.3
1088 5.3
1089 5.3
1090 5.3
1091 5.3
1092 5.3
1093 5.3
1094 5.3
1095 5.3
1096 5.3
1097 5.3
1098 5.3
1099 5.3
1100 5.3
1101 5.3
1102 5.3
1103 5.3
1104 5.3
1105 5.3
1106 5.3
1107 5.3
1108 5.3
1109 5.3
1110 5.3
1111 5.3
1112 5.3
1113 5.3
1114 5.3
1115 5.3
1116 5.3
1117 5.3
1118 5.3
1119 5.3
1120 5.3
1121 5.3
1122 5.3
1123 5.3
1124 5.3
1125 5.3
1126 5.3
1127 5.3
1128 5.3
1129 5.3
1130 5.3
1131 5.3
1132 5.3
1133 5.3
1134 5.3
1135 5.3
1136 5.3
1137 5.3
1138 5.3
1139 5.3
1140 5.3
1141 5.3
1142 5.3
1143 5.3
1144 5.3
1145 5.3
1146 5.3
1147 5.3
1148 5.3
1149 5.3
1150 5.3
1151 5.3
1152 5.3
1153 5.3
1154 5.3
1155 5.3
1156 5.3
1157 5.3
1158 5.3
1159 5.3
1160 5.3
1161 5.3
1162 5.3
1163 5.3
1164 5.3
1165 5.3
1166 5.3
1167 5.3
1168 5.3
1169 5.3
1170 5.3
1171 5.3
1172 5.3
1173 5.3
1174 5.3
1175 5.3
1176 5.3
1177 5.3
1178 5.3
1179 5.3
1180 5.3
1181 5.3
1182 5.3
1183 5.3
1184 5.3
1185 5.3
1186 5.3
1187 5.3
1188 5.3
1189 5.3
1190 5.3
1191 5.3
1192 5.3
1193 5.3
1194 5.3
1195 5.3
1196 5.3
1197 5.3
1198 5.3
1199 5.3
1200 5.3
1201 5.3
1202 5.333333333333333
1203 5.333333333333333
1204 5.333333333333333
1205 5.333333333333333
1206 5.333333333333333
1207 5.333333333333333
1208 5.333333333333333
1209 5.333333333333333
1210 5.333333333333333
1211 5.333333333333333
1212 5.333333333333333
1213 5.333333333333333
1214 5.333333333333333
1215 5.333333333333333
1216 5.333333333333333
1217 5.333333333333333
1218 5.333333333333333
1219 5.333333333333333
1220 5.333333333333333
1221 5.333333333333333
1222 5.333333333333333
1223 5.333333333333333
1224 5.333333333333333
1225 5.333333333333333
1226 5.333333333333333
1227 5.333333333333333
1228 5.333333333333333
1229 5.333333333333333
1230 5.333333333333333
1231 5.333333333333333
1232 5.333333333333333
1233 5.333333333333333
1234 5.333333333333333
1235 5.333333333333333
1236 5.333333333333333
1237 5.333333333333333
1238 5.333333333333333
1239 5.333333333333333
1240 5.333333333333333
1241 5.333333333333333
1242 5.333333333333333
1243 5.333333333333333
1244 5.333333333333333
1245 5.333333333333333
1246 5.333333333333333
1247 5.333333333333333
1248 5.333333333333333
1249 5.333333333333333
1250 5.333333333333333
1251 5.333333333333333
1252 5.333333333333333
1253 5.333333333333333
1254 5.333333333333333
1255 5.333333333333333
1256 5.333333333333333
1257 5.333333333333333
1258 5.333333333333333
1259 5.333333333333333
1260 5.333333333333333
1261 5.333333333333333
1262 5.333333333333333
1263 5.333333333333333
1264 5.333333333333333
1265 5.333333333333333
1266 5.333333333333333
1267 5.333333333333333
1268 5.333333333333333
1269 5.333333333333333
1270 5.333333333333333
1271 5.333333333333333
1272 5.333333333333333
1273 5.333333333333333
1274 5.333333333333333
1275 5.333333333333333
1276 5.333333333333333
1277 5.333333333333333
1278 5.333333333333333
1279 5.333333333333333
1280 5.333333333333333
1281 5.333333333333333
1282 5.333333333333333
1283 5.333333333333333
1284 5.333333333333333
1285 5.333333333333333
1286 5.333333333333333
1287 5.333333333333333
1288 5.333333333333333
1289 5.333333333333333
1290 5.333333333333333
1291 5.333333333333333
1292 5.333333333333333
1293 5.333333333333333
1294 5.333333333333333
1295 5.333333333333333
1296 5.333333333333333
1297 5.333333333333333
1298 5.333333333333333
1299 5.333333333333333
1300 5.333333333333333
1301 5.333333333333333
1302 5.333333333333333
1303 5.333333333333333
1304 5.333333333333333
1305 5.333333333333333
1306 5.333333333333333
1307 5.333333333333333
1308 5.333333333333333
1309 5.333333333333333
1310 5.333333333333333
1311 5.333333333333333
1312 5.333333333333333
1313 5.333333333333333
1314 5.333333333333333
1315 5.333333333333333
1316 5.333333333333333
1317 5.333333333333333
1318 5.333333333333333
1319 5.333333333333333
1320 5.333333333333333
1321 5.333333333333333
1322 5.333333333333333
1323 5.333333333333333
1324 5.333333333333333
1325 5.333333333333333
1326 5.333333333333333
1327 5.333333333333333
1328 5.333333333333333
1329 5.333333333333333
1330 5.333333333333333
1331 5.333333333333333
1332 5.333333333333333
1333 5.333333333333333
1334 5.333333333333333
1335 5.333333333333333
1336 5.333333333333333
1337 5.333333333333333
1338 5.333333333333333
1339 5.333333333333333
1340 5.333333333333333
1341 5.333333333333333
1342 5.333333333333333
1343 5.333333333333333
1344 5.333333333333333
1345 5.333333333333333
1346 5.333333333333333
1347 5.333333333333333
1348 5.333333333333333
1349 5.333333333333333
1350 5.333333333333333
1351 5.333333333333333
1352 5.333333333333333
1353 5.333333333333333
1354 5.333333333333333
1355 5.333333333333333
1356 5.333333333333333
1357 5.333333333333333
1358 5.333333333333333
1359 5.333333333333333
1360 5.333333333333333
1361 5.333333333333333
1362 5.333333333333333
1363 5.333333333333333
1364 5.333333333333333
1365 5.333333333333333
1366 5.333333333333333
1367 5.333333333333333
1368 5.333333333333333
1369 5.333333333333333
1370 5.333333333333333
1371 5.333333333333333
1372 5.333333333333333
1373 5.333333333333333
1374 5.333333333333333
1375 5.333333333333333
1376 5.333333333333333
1377 5.333333333333333
1378 5.333333333333333
1379 5.333333333333333
1380 5.333333333333333
1381 5.333333333333333
1382 5.333333333333333
1383 5.333333333333333
1384 5.333333333333333
1385 5.333333333333333
1386 5.333333333333333
1387 5.333333333333333
1388 5.333333333333333
1389 5.333333333333333
1390 5.333333333333333
1391 5.333333333333333
1392 5.333333333333333
1393 5.333333333333333
1394 5.333333333333333
1395 5.333333333333333
1396 5.333333333333333
1397 5.333333333333333
1398 5.333333333333333
1399 5.333333333333333
1400 5.333333333333333
1401 5.333333333333333
1402 5.333333333333333
1403 5.333333333333333
1404 5.333333333333333
1405 5.333333333333333
1406 5.333333333333333
1407 5.333333333333333
1408 5.333333333333333
1409 5.333333333333333
1410 5.333333333333333
1411 5.333333333333333
1412 5.333333333333333
1413 5.333333333333333
1414 5.333333333333333
1415 5.333333333333333
1416 5.333333333333333
1417 5.333333333333333
1418 5.333333333333333
1419 5.333333333333333
1420 5.333333333333333
1421 5.333333333333333
1422 5.333333333333333
1423 5.333333333333333
1424 5.333333333333333
1425 5.333333333333333
1426 5.333333333333333
1427 5.333333333333333
1428 5.333333333333333
1429 5.333333333333333
1430 5.333333333333333
1431 5.333333333333333
1432 5.333333333333333
1433 5.333333333333333
1434 5.333333333333333
1435 5.333333333333333
1436 5.333333333333333
1437 5.333333333333333
1438 5.333333333333333
1439 5.333333333333333
1440 5.333333333333333
1441 5.333333333333333
1442 5.333333333333333
1443 5.333333333333333
1444 5.333333333333333
1445 5.333333333333333
1446 5.333333333333333
1447 5.333333333333333
1448 5.333333333333333
1449 5.333333333333333
1450 5.333333333333333
1451 5.333333333333333
1452 5.333333333333333
1453 5.333333333333333
1454 5.333333333333333
1455 5.333333333333333
1456 5.333333333333333
1457 5.333333333333333
1458 5.333333333333333
1459 5.333333333333333
1460 5.333333333333333
1461 5.333333333333333
1462 5.333333333333333
1463 5.333333333333333
1464 5.333333333333333
1465 5.333333333333333
1466 5.333333333333333
1467 5.333333333333333
1468 5.333333333333333
1469 5.333333333333333
1470 5.333333333333333
1471 5.333333333333333
1472 5.333333333333333
1473 5.333333333333333
1474 5.333333333333333
1475 5.333333333333333
1476 5.333333333333333
1477 5.333333333333333
1478 5.333333333333333
1479 5.333333333333333
1480 5.333333333333333
1481 5.333333333333333
1482 5.333333333333333
1483 5.333333333333333
1484 5.333333333333333
1485 5.333333333333333
1486 5.333333333333333
1487 5.333333333333333
1488 5.333333333333333
1489 5.333333333333333
1490 5.333333333333333
1491 5.333333333333333
1492 5.333333333333333
1493 5.333333333333333
1494 5.333333333333333
1495 5.333333333333333
1496 5.333333333333333
1497 5.333333333333333
1498 5.333333333333333
1499 5.333333333333333
