0 0.005364583333333333
1 0.22614583333333332
2 0.32731770833333335
3 0.37018229166666666
4 0.4026822916666667
5 0.406171875
6 0.4390364583333333
7 0.441171875
8 0.45200520833333335
9 0.45559895833333336
10 0.45815104166666665
11 0.458984375
12 0.46130208333333333
13 0.46739583333333334
14 0.48028645833333333
15 0.502578125
16 0.524765625
17 0.5273177083333334
18 0.5296614583333333
19 0.5330729166666667
20 0.538671875
21 0.5392447916666666
22 0.5400260416666667
23 0.5392447916666666
24 0.54140625
25 0.5432291666666667
26 0.54578125
27 0.5479427083333334
28 0.5486197916666666
29 0.5486458333333334
30 0.5503645833333334
31 0.5544791666666666
32 0.5534114583333334
33 0.5530729166666667
34 0.554765625
35 0.5627604166666667
36 0.568046875
37 0.56609375
38 0.5683072916666667
39 0.5683072916666667
40 0.568359375
41 0.568359375
42 0.5678385416666667
43 0.5678385416666667
44 0.56703125
45 0.5678385416666667
46 0.5680989583333333
47 0.564609375
48 0.564609375
49 0.5620572916666666
50 0.5647916666666667
51 0.56515625
52 0.56515625
53 0.5665885416666666
54 0.5779947916666667
55 0.5759114583333333
56 0.5784114583333333
57 0.5874479166666666
58 0.5877083333333334
59 0.5877083333333334
60 0.5879166666666666
61 0.5704427083333333
62 0.580078125
63 0.5780729166666667
64 0.5727604166666667
65 0.5784375
66 0.58078125
67 0.5810416666666667
68 0.581171875
69 0.5816145833333334
70 0.58265625
71 0.58265625
72 0.5852604166666666
73 0.590625
74 0.590625
75 0.5921354166666667
76 0.5921354166666667
77 0.5934895833333333
78 0.5934895833333333
79 0.5949739583333333
80 0.5949739583333333
81 0.5949739583333333
82 0.5979427083333333
83 0.5996354166666666
84 0.6013802083333334
85 0.6013802083333334
86 0.6013802083333334
87 0.6028385416666666
88 0.6028385416666666
89 0.6028385416666666
90 0.6028645833333334
91 0.60328125
92 0.60328125
93 0.60328125
94 0.6059375
95 0.6059375
96 0.6068489583333333
97 0.6109375
98 0.6123177083333333
99 0.6123177083333333
100 0.613984375
101 0.617890625
102 0.617890625
103 0.6225260416666667
104 0.6254427083333334
105 0.6254427083333334
106 0.6254427083333334
107 0.6307552083333333
108 0.6307552083333333
109 0.635625
110 0.645078125
111 0.6455729166666667
112 0.646015625
113 0.646484375
114 0.646484375
115 0.646484375
116 0.6472395833333333
117 0.6472395833333333
118 0.6472395833333333
119 0.6472916666666667
120 0.6472916666666667
121 0.6472916666666667
122 0.6472916666666667
123 0.6477083333333333
124 0.6477083333333333
125 0.6477083333333333
126 0.6477083333333333
127 0.6477083333333333
128 0.6477083333333333
129 0.6477083333333333
130 0.6477083333333333
131 0.6477083333333333
132 0.6477083333333333
133 0.6477083333333333
134 0.6477083333333333
135 0.6477083333333333
136 0.6477083333333333
137 0.6482291666666666
138 0.6482291666666666
139 0.6482291666666666
140 0.648984375
141 0.648984375
142 0.648984375
143 0.6500520833333333
144 0.6500520833333333
145 0.6500520833333333
146 0.6517708333333333
147 0.6534635416666666
148 0.6561458333333333
149 0.657734375
150 0.657734375
151 0.657734375
152 0.6594270833333333
153 0.659765625
154 0.659765625
155 0.6607552083333333
156 0.6610416666666666
157 0.6610416666666666
158 0.6610416666666666
159 0.6610416666666666
160 0.6610416666666666
161 0.6610416666666666
162 0.6610416666666666
163 0.6610416666666666
164 0.6621354166666666
165 0.6621354166666666
166 0.6629947916666666
167 0.6629947916666666
168 0.664765625
169 0.6648958333333334
170 0.6648958333333334
171 0.6648958333333334
172 0.6648958333333334
173 0.6648958333333334
174 0.6653385416666666
175 0.6671354166666666
176 0.6671354166666666
177 0.668515625
178 0.668515625
179 0.6696354166666667
180 0.6696354166666667
181 0.6713020833333333
182 0.6713020833333333
183 0.6713020833333333
184 0.673359375
185 0.673359375
186 0.673359375
187 0.673359375
188 0.673359375
189 0.673359375
190 0.673359375
191 0.673359375
192 0.673359375
193 0.673359375
194 0.673359375
195 0.673359375
196 0.673359375
197 0.673359375
198 0.6754947916666667
199 0.6754947916666667
