0 0.47919941676773475
1 0.47919941676773475
2 0.6153951230057116
3 0.6153951230057116
4 0.6153951230057116
5 0.6153951230057116
6 0.6153951230057116
7 0.6191551476449444
8 0.6671857762614992
9 0.6671857762614992
10 0.6671857762614992
11 0.6671857762614992
12 0.6671857762614992
13 0.6671857762614992
14 0.6671857762614992
15 0.6671857762614992
16 0.6671857762614992
17 0.6671857762614992
18 0.6736837220037758
19 0.6736837220037758
20 0.6736837220037758
21 0.6736837220037758
22 0.6736837220037758
23 0.6736837220037758
24 0.6736837220037758
25 0.6736837220037758
26 0.6736837220037758
27 0.6736837220037758
28 0.6736837220037758
29 0.8019892940578914
30 0.8019892940578914
31 0.8019892940578914
32 0.8019892940578914
33 0.8019892940578914
34 0.8019892940578914
35 0.8019892940578914
36 0.8019892940578914
37 0.8019892940578914
38 0.8019892940578914
39 0.8019892940578914
40 0.8019892940578914
41 0.8019892940578914
42 0.8019892940578914
43 0.8019892940578914
44 0.8019892940578914
45 0.8019892940578914
46 0.8019892940578914
47 0.8019892940578914
48 0.8019892940578914
49 0.8019892940578914
50 0.8019892940578914
51 0.8019892940578914
52 0.8019892940578914
53 0.8019892940578914
54 0.8019892940578914
55 0.8019892940578914
56 0.8019892940578914
57 0.8019892940578914
58 0.8019892940578914
59 0.8019892940578914
60 0.8019892940578914
61 0.8019892940578914
62 0.8019892940578914
63 0.8019892940578914
64 0.8019892940578914
65 0.8019892940578914
66 0.8019892940578914
67 0.8019892940578914
68 0.8019892940578914
69 0.8019892940578914
70 0.8019892940578914
71 0.8019892940578914
72 0.8019892940578914
73 0.8019892940578914
74 0.8019892940578914
75 0.8019892940578914
76 0.8019892940578914
77 0.8019892940578914
78 0.8019892940578914
79 0.8019892940578914
80 0.8019892940578914
81 0.8019892940578914
82 0.8019892940578914
83 0.8019892940578914
84 0.8019892940578914
85 0.8019892940578914
86 0.8019892940578914
87 0.8019892940578914
88 0.8019892940578914
89 0.8019892940578914
90 0.8019892940578914
91 0.8019892940578914
92 0.8019892940578914
93 0.8019892940578914
94 0.8019892940578914
95 0.8019892940578914
96 0.8019892940578914
97 0.8019892940578914
98 0.8019892940578914
99 0.8019892940578914
100 0.8019892940578914
101 0.8019892940578914
102 0.8019892940578914
103 0.8019892940578914
104 0.8019892940578914
105 0.8019892940578914
106 0.8019892940578914
107 0.8019892940578914
108 0.8019892940578914
109 0.8019892940578914
110 0.8019892940578914
111 0.8019892940578914
112 0.8019892940578914
113 0.8019892940578914
114 0.8019892940578914
115 0.8019892940578914
116 0.8019892940578914
117 0.8019892940578914
118 0.8019892940578914
119 0.8019892940578914
120 0.8019892940578914
121 0.8019892940578914
122 0.8019892940578914
123 0.8019892940578914
124 0.8019892940578914
125 0.8019892940578914
126 0.8019892940578914
127 0.8019892940578914
128 0.8019892940578914
129 0.8019892940578914
130 0.8019892940578914
131 0.8019892940578914
132 0.8019892940578914
133 0.8019892940578914
134 0.8019892940578914
135 0.8019892940578914
136 0.8019892940578914
137 0.8019892940578914
138 0.8019892940578914
139 0.8019892940578914
140 0.8019892940578914
141 0.8019892940578914
142 0.8019892940578914
143 0.8019892940578914
144 0.8019892940578914
145 0.8019892940578914
146 0.8019892940578914
147 0.8019892940578914
148 0.8019892940578914
149 0.8019892940578914
150 0.8019892940578914
151 0.8019892940578914
152 0.8019892940578914
153 0.8019892940578914
154 0.8019892940578914
155 0.8019892940578914
156 0.8019892940578914
157 0.8019892940578914
158 0.8019892940578914
159 0.8019892940578914
160 0.8019892940578914
161 0.8019892940578914
162 0.8019892940578914
163 0.8019892940578914
164 0.8019892940578914
165 0.8019892940578914
166 0.8019892940578914
167 0.8019892940578914
168 0.8019892940578914
169 0.8019892940578914
170 0.8019892940578914
171 0.8019892940578914
172 0.8019892940578914
173 0.8019892940578914
174 0.8019892940578914
175 0.8019892940578914
176 0.8019892940578914
177 0.8019892940578914
178 0.8019892940578914
179 0.8019892940578914
180 0.8019892940578914
181 0.8019892940578914
182 0.8019892940578914
183 0.8019892940578914
184 0.8019892940578914
185 0.8019892940578914
186 0.8019892940578914
187 0.8019892940578914
188 0.8019892940578914
189 0.8019892940578914
190 0.8019892940578914
191 0.8019892940578914
192 0.8019892940578914
193 0.8019892940578914
194 0.8019892940578914
195 0.8019892940578914
196 0.8019892940578914
197 0.8019892940578914
198 0.8019892940578914
199 0.8019892940578914
200 0.8019892940578914
201 0.8019892940578914
202 0.8019892940578914
203 0.8019892940578914
204 0.8019892940578914
205 0.8019892940578914
206 0.8019892940578914
207 0.8019892940578914
208 0.8019892940578914
209 0.8019892940578914
210 0.8019892940578914
211 0.8019892940578914
212 0.8019892940578914
213 0.8019892940578914
214 0.8019892940578914
215 0.8019892940578914
216 0.8019892940578914
217 0.8019892940578914
218 0.8019892940578914
219 0.8019892940578914
220 0.8019892940578914
221 0.8019892940578914
222 0.8019892940578914
223 0.8019892940578914
224 0.8019892940578914
225 0.8019892940578914
226 0.8019892940578914
227 0.8019892940578914
228 0.8019892940578914
229 0.8019892940578914
230 0.8019892940578914
231 0.8019892940578914
232 0.8019892940578914
233 0.8019892940578914
234 0.8019892940578914
235 0.8019892940578914
236 0.8019892940578914
237 0.8019892940578914
238 0.8019892940578914
239 0.8019892940578914
240 0.8019892940578914
241 0.8019892940578914
242 0.8019892940578914
243 0.8019892940578914
244 0.8019892940578914
245 0.8019892940578914
246 0.8019892940578914
247 0.8019892940578914
248 0.8019892940578914
249 0.8019892940578914
250 0.8019892940578914
251 0.8019892940578914
252 0.8019892940578914
253 0.8019892940578914
254 0.8019892940578914
255 0.8019892940578914
256 0.8019892940578914
257 0.8019892940578914
258 0.8019892940578914
259 0.8019892940578914
260 0.8019892940578914
261 0.8019892940578914
262 0.8019892940578914
263 0.8019892940578914
264 0.8019892940578914
265 0.8019892940578914
266 0.8019892940578914
267 0.8019892940578914
268 0.8019892940578914
269 0.8019892940578914
270 0.8019892940578914
271 0.8019892940578914
272 0.8019892940578914
273 0.8019892940578914
274 0.8019892940578914
275 0.8019892940578914
276 0.8019892940578914
277 0.8019892940578914
278 0.8019892940578914
279 0.8019892940578914
280 0.8019892940578914
281 0.8019892940578914
282 0.8019892940578914
283 0.8019892940578914
284 0.8019892940578914
285 0.8019892940578914
286 0.8019892940578914
287 0.8019892940578914
288 0.8019892940578914
289 0.8019892940578914
290 0.8019892940578914
291 0.8019892940578914
292 0.8019892940578914
293 0.8019892940578914
294 0.8019892940578914
295 0.8019892940578914
296 0.8019892940578914
297 0.8019892940578914
298 0.8019892940578914
299 0.8019892940578914
300 0.8019892940578914
301 0.8019892940578914
302 0.8019892940578914
303 0.8019892940578914
304 0.8019892940578914
305 0.8019892940578914
306 0.8019892940578914
307 0.8019892940578914
308 0.8019892940578914
309 0.8019892940578914
310 0.8019892940578914
311 0.8019892940578914
312 0.8019892940578914
313 0.8019892940578914
314 0.8019892940578914
315 0.8019892940578914
316 0.8019892940578914
317 0.8019892940578914
318 0.8019892940578914
319 0.8019892940578914
320 0.8019892940578914
321 0.8019892940578914
322 0.8019892940578914
323 0.8019892940578914
324 0.8019892940578914
325 0.8019892940578914
326 0.8019892940578914
327 0.8019892940578914
328 0.8019892940578914
329 0.8019892940578914
330 0.8019892940578914
331 0.8019892940578914
332 0.8019892940578914
333 0.8019892940578914
334 0.8019892940578914
335 0.8019892940578914
336 0.8019892940578914
337 0.8019892940578914
338 0.8019892940578914
339 0.8019892940578914
340 0.8019892940578914
341 0.8019892940578914
342 0.8019892940578914
343 0.8019892940578914
344 0.8019892940578914
345 0.8019892940578914
346 0.8019892940578914
347 0.8019892940578914
348 0.8019892940578914
349 0.8019892940578914
350 0.8019892940578914
351 0.8019892940578914
352 0.8019892940578914
353 0.8019892940578914
354 0.8019892940578914
355 0.8019892940578914
356 0.8019892940578914
357 0.8019892940578914
358 0.8019892940578914
359 0.8019892940578914
360 0.8019892940578914
361 0.8019892940578914
362 0.8019892940578914
363 0.8019892940578914
364 0.8019892940578914
365 0.8019892940578914
366 0.8019892940578914
367 0.8019892940578914
368 0.8019892940578914
369 0.8019892940578914
370 0.8019892940578914
371 0.8019892940578914
372 0.8019892940578914
373 0.8019892940578914
374 0.8019892940578914
375 0.8019892940578914
376 0.8019892940578914
377 0.8019892940578914
378 0.8019892940578914
379 0.8019892940578914
380 0.8019892940578914
381 0.8019892940578914
382 0.8019892940578914
383 0.8019892940578914
384 0.8019892940578914
385 0.8019892940578914
386 0.8019892940578914
387 0.8019892940578914
388 0.8019892940578914
389 0.8019892940578914
390 0.8019892940578914
391 0.8019892940578914
392 0.8019892940578914
393 0.8019892940578914
394 0.8019892940578914
395 0.8019892940578914
396 0.8019892940578914
397 0.8019892940578914
398 0.8019892940578914
399 0.9635949431791127
400 0.9635949431791127
401 0.9635949431791127
402 0.9635949431791127
403 0.9635949431791127
404 0.9635949431791127
405 0.9635949431791127
406 0.9635949431791127
407 0.9635949431791127
408 0.9635949431791127
409 0.9635949431791127
410 0.9635949431791127
411 0.9635949431791127
412 0.9635949431791127
413 0.9635949431791127
414 0.9635949431791127
415 0.9635949431791127
416 0.9635949431791127
417 0.9635949431791127
418 0.9635949431791127
419 0.9635949431791127
420 0.9635949431791127
421 0.9635949431791127
422 0.9635949431791127
423 0.9635949431791127
424 0.9635949431791127
425 0.9635949431791127
426 0.9635949431791127
427 0.9635949431791127
428 0.9635949431791127
429 0.9635949431791127
430 0.9635949431791127
431 0.9635949431791127
432 0.9635949431791127
433 0.9635949431791127
434 0.9635949431791127
435 0.9635949431791127
436 0.9635949431791127
437 0.9635949431791127
438 0.9635949431791127
439 0.9635949431791127
440 0.9635949431791127
441 0.9635949431791127
442 0.9635949431791127
443 0.9635949431791127
444 0.9635949431791127
445 0.9635949431791127
446 0.9635949431791127
447 0.9635949431791127
448 0.9635949431791127
449 0.9635949431791127
450 0.9635949431791127
451 0.9635949431791127
452 0.9635949431791127
453 0.9635949431791127
454 0.9635949431791127
455 0.9635949431791127
456 0.9635949431791127
457 0.9635949431791127
458 0.9635949431791127
459 0.9635949431791127
460 0.9635949431791127
461 0.9635949431791127
462 0.9635949431791127
463 0.9635949431791127
464 0.9635949431791127
465 0.9635949431791127
466 0.9635949431791127
467 0.9635949431791127
468 0.9635949431791127
469 0.9635949431791127
470 0.9635949431791127
471 0.9635949431791127
472 0.9635949431791127
473 0.9635949431791127
474 0.9635949431791127
475 0.9635949431791127
476 0.9635949431791127
477 0.9635949431791127
478 0.9635949431791127
479 0.9635949431791127
480 0.9635949431791127
481 0.9635949431791127
482 0.9635949431791127
483 0.9635949431791127
484 0.9635949431791127
485 0.9635949431791127
486 0.9635949431791127
487 0.9635949431791127
488 0.9635949431791127
489 0.9635949431791127
490 0.9635949431791127
491 0.9635949431791127
492 0.9635949431791127
493 0.9635949431791127
494 0.9635949431791127
495 0.9635949431791127
496 0.9635949431791127
497 0.9635949431791127
498 0.9635949431791127
499 0.9635949431791127
500 0.9635949431791127
501 0.9635949431791127
502 0.9635949431791127
503 0.9635949431791127
504 0.9635949431791127
505 0.9635949431791127
506 0.9635949431791127
507 0.9635949431791127
508 0.9635949431791127
509 0.9635949431791127
510 0.9635949431791127
511 0.9635949431791127
512 0.9635949431791127
513 0.9635949431791127
514 0.9635949431791127
515 0.9635949431791127
516 0.9635949431791127
517 0.9635949431791127
518 0.9635949431791127
519 0.9635949431791127
520 0.9635949431791127
521 0.9635949431791127
522 0.9635949431791127
523 0.9635949431791127
524 0.9635949431791127
525 0.9635949431791127
526 0.9635949431791127
527 0.9635949431791127
528 0.9635949431791127
529 0.9635949431791127
530 0.9635949431791127
531 0.9635949431791127
532 0.9635949431791127
533 0.9635949431791127
534 0.9635949431791127
535 0.9635949431791127
536 0.9635949431791127
537 0.9635949431791127
538 0.9635949431791127
539 0.9635949431791127
540 0.9635949431791127
541 0.9635949431791127
542 0.9635949431791127
543 0.9635949431791127
544 0.9635949431791127
545 0.9635949431791127
546 0.9635949431791127
547 0.9635949431791127
548 0.9635949431791127
549 0.9635949431791127
550 0.9635949431791127
551 0.9635949431791127
552 0.9635949431791127
553 0.9635949431791127
554 0.9635949431791127
555 0.9635949431791127
556 0.9635949431791127
557 0.9635949431791127
558 0.9635949431791127
559 0.9635949431791127
560 0.9635949431791127
561 0.9635949431791127
562 0.9635949431791127
563 0.9635949431791127
564 0.9635949431791127
565 0.9635949431791127
566 0.9635949431791127
567 0.9635949431791127
568 0.9635949431791127
569 0.9635949431791127
570 0.9635949431791127
571 0.9635949431791127
572 0.9635949431791127
573 0.9635949431791127
574 0.9635949431791127
575 0.9635949431791127
576 0.9635949431791127
577 0.9635949431791127
578 0.9635949431791127
579 0.9635949431791127
580 0.9635949431791127
581 0.9635949431791127
582 0.9635949431791127
583 0.9635949431791127
584 0.9635949431791127
585 0.9635949431791127
586 0.9635949431791127
587 0.9635949431791127
588 0.9635949431791127
589 0.9635949431791127
590 0.9635949431791127
591 0.9635949431791127
592 0.9635949431791127
593 0.9635949431791127
594 0.9635949431791127
595 0.9635949431791127
596 0.9635949431791127
597 0.9635949431791127
598 0.9635949431791127
599 0.9635949431791127
600 0.9635949431791127
601 0.9635949431791127
602 0.9635949431791127
603 0.9635949431791127
604 0.9635949431791127
605 0.9635949431791127
606 0.9635949431791127
607 0.9635949431791127
608 0.9635949431791127
609 0.9635949431791127
610 0.9635949431791127
611 0.9635949431791127
612 0.9635949431791127
613 0.9635949431791127
614 0.9635949431791127
615 0.9635949431791127
616 0.9635949431791127
617 0.9635949431791127
618 0.9635949431791127
619 0.9635949431791127
620 0.9635949431791127
621 0.9635949431791127
622 0.9635949431791127
623 0.9635949431791127
624 0.9635949431791127
625 0.9635949431791127
626 0.9635949431791127
627 0.9635949431791127
628 0.9635949431791127
629 0.9635949431791127
630 0.9635949431791127
631 0.9635949431791127
632 0.9635949431791127
633 0.9635949431791127
634 0.9635949431791127
635 0.9635949431791127
636 0.9635949431791127
637 0.9635949431791127
638 0.9635949431791127
639 0.9635949431791127
640 0.9635949431791127
641 0.9635949431791127
642 0.9635949431791127
643 0.9635949431791127
644 0.9635949431791127
645 0.9635949431791127
646 0.9635949431791127
647 0.9635949431791127
648 0.9635949431791127
649 0.9635949431791127
650 0.9635949431791127
651 0.9635949431791127
652 0.9635949431791127
653 0.9635949431791127
654 0.9635949431791127
655 0.9635949431791127
656 0.9635949431791127
657 0.9635949431791127
658 0.9635949431791127
659 0.9635949431791127
660 0.9635949431791127
661 0.9635949431791127
662 0.9635949431791127
663 0.9635949431791127
664 0.9635949431791127
665 0.9635949431791127
666 0.9635949431791127
667 0.9635949431791127
668 0.9635949431791127
669 0.9635949431791127
670 0.9635949431791127
671 0.9635949431791127
672 0.9635949431791127
673 0.9635949431791127
674 0.9635949431791127
675 0.9635949431791127
676 0.9635949431791127
677 0.9635949431791127
678 0.9635949431791127
679 0.9635949431791127
680 0.9635949431791127
681 0.9635949431791127
682 0.9635949431791127
683 0.9635949431791127
684 0.9635949431791127
685 0.9635949431791127
686 0.9635949431791127
687 0.9635949431791127
688 0.9635949431791127
689 0.9635949431791127
690 0.9635949431791127
691 0.9635949431791127
692 0.9635949431791127
693 0.9635949431791127
694 0.9635949431791127
695 0.9635949431791127
696 0.9635949431791127
697 0.9635949431791127
698 0.9635949431791127
699 0.9635949431791127
700 0.9635949431791127
701 0.9635949431791127
702 0.9635949431791127
703 0.9635949431791127
704 0.9635949431791127
705 0.9635949431791127
706 0.9635949431791127
707 0.9635949431791127
708 0.9635949431791127
709 0.9635949431791127
710 0.9635949431791127
711 0.9635949431791127
712 0.9635949431791127
713 0.9635949431791127
714 0.9635949431791127
715 0.9635949431791127
716 0.9635949431791127
717 0.9635949431791127
718 0.9635949431791127
719 0.9635949431791127
720 0.9635949431791127
721 0.9635949431791127
722 0.9635949431791127
723 0.9635949431791127
724 0.9635949431791127
725 0.9635949431791127
726 0.9635949431791127
727 0.9635949431791127
728 0.9635949431791127
729 0.9635949431791127
730 0.9635949431791127
731 0.9635949431791127
732 0.9635949431791127
733 0.9635949431791127
734 0.9635949431791127
735 0.9635949431791127
736 0.9635949431791127
737 0.9635949431791127
738 0.9635949431791127
739 0.9635949431791127
740 0.9635949431791127
741 0.9635949431791127
742 0.9635949431791127
743 0.9635949431791127
744 0.9635949431791127
745 0.9635949431791127
746 0.9635949431791127
747 0.9635949431791127
748 0.9635949431791127
749 0.9635949431791127
750 0.9635949431791127
751 0.9635949431791127
752 0.9635949431791127
753 0.9635949431791127
754 0.9635949431791127
755 0.9635949431791127
756 0.9635949431791127
757 0.9635949431791127
758 0.9635949431791127
759 0.9635949431791127
760 0.9635949431791127
761 0.9635949431791127
762 0.9635949431791127
763 0.9635949431791127
764 0.9635949431791127
765 0.9635949431791127
766 0.9635949431791127
767 0.9635949431791127
768 0.9635949431791127
769 0.9635949431791127
770 0.9635949431791127
771 0.9635949431791127
772 0.9635949431791127
773 0.9635949431791127
774 0.9635949431791127
775 0.9635949431791127
776 0.9635949431791127
777 0.9635949431791127
778 0.9635949431791127
779 0.9635949431791127
780 0.9635949431791127
781 0.9635949431791127
782 0.9635949431791127
783 0.9635949431791127
784 0.9635949431791127
785 0.9635949431791127
786 0.9635949431791127
787 0.9635949431791127
788 0.9635949431791127
789 0.9635949431791127
790 0.9635949431791127
791 0.9635949431791127
792 0.9635949431791127
793 0.9635949431791127
794 0.9635949431791127
795 0.9635949431791127
796 0.9635949431791127
797 0.9635949431791127
798 0.9635949431791127
799 0.9635949431791127
800 0.9635949431791127
801 0.9635949431791127
802 0.9635949431791127
803 0.9635949431791127
804 0.9635949431791127
805 0.9635949431791127
806 0.9635949431791127
807 0.9635949431791127
808 0.9635949431791127
809 0.9635949431791127
810 0.9635949431791127
811 0.9635949431791127
812 0.9635949431791127
813 0.9635949431791127
814 0.9635949431791127
815 0.9635949431791127
816 0.9635949431791127
817 0.9635949431791127
818 0.9635949431791127
819 0.9635949431791127
820 0.9635949431791127
821 0.9635949431791127
822 0.9635949431791127
823 0.9635949431791127
824 0.9635949431791127
825 0.9635949431791127
826 0.9635949431791127
827 0.9635949431791127
828 0.9635949431791127
829 0.9635949431791127
830 0.9635949431791127
831 0.9635949431791127
832 0.9635949431791127
833 0.9635949431791127
834 0.9635949431791127
835 0.9635949431791127
836 0.9635949431791127
837 0.9635949431791127
838 0.9635949431791127
839 0.9635949431791127
840 0.9635949431791127
841 0.9635949431791127
842 0.9635949431791127
843 0.9635949431791127
844 0.9635949431791127
845 0.9635949431791127
846 0.9635949431791127
847 0.9635949431791127
848 0.9635949431791127
849 0.9635949431791127
850 0.9635949431791127
851 0.9635949431791127
852 0.9635949431791127
853 0.9635949431791127
854 0.9635949431791127
855 0.9635949431791127
856 0.9635949431791127
857 0.9635949431791127
858 0.9635949431791127
859 0.9635949431791127
860 0.9635949431791127
861 0.9635949431791127
862 0.9635949431791127
863 0.9635949431791127
864 0.9635949431791127
865 0.9635949431791127
866 0.9635949431791127
867 0.9635949431791127
868 0.9635949431791127
869 0.9635949431791127
870 0.9635949431791127
871 0.9635949431791127
872 0.9635949431791127
873 0.9635949431791127
874 0.9635949431791127
875 0.9635949431791127
876 0.9635949431791127
877 0.9635949431791127
878 0.9635949431791127
879 0.9635949431791127
880 0.9635949431791127
881 0.9635949431791127
882 0.9635949431791127
883 0.9635949431791127
884 0.9635949431791127
885 0.9635949431791127
886 0.9635949431791127
887 0.9635949431791127
888 0.9635949431791127
889 0.9635949431791127
890 0.9635949431791127
891 0.9635949431791127
892 0.9635949431791127
893 0.9635949431791127
894 0.9635949431791127
895 0.9635949431791127
896 0.9635949431791127
897 0.9635949431791127
898 0.9635949431791127
899 0.9635949431791127
900 0.9635949431791127
901 0.9635949431791127
902 0.9635949431791127
903 0.9635949431791127
904 0.9635949431791127
905 0.9635949431791127
906 0.9635949431791127
907 0.9635949431791127
908 0.9635949431791127
909 0.9635949431791127
910 0.9635949431791127
911 0.9635949431791127
912 0.9635949431791127
913 0.9635949431791127
914 0.9635949431791127
915 0.9635949431791127
916 0.9635949431791127
917 0.9635949431791127
918 0.9635949431791127
919 0.9635949431791127
920 0.9635949431791127
921 0.9635949431791127
922 0.9635949431791127
923 0.9635949431791127
924 0.9635949431791127
925 0.9635949431791127
926 0.9635949431791127
927 0.9635949431791127
928 0.9635949431791127
929 0.9635949431791127
930 0.9635949431791127
931 0.9635949431791127
932 0.9635949431791127
933 0.9635949431791127
934 0.9635949431791127
935 0.9635949431791127
936 0.9635949431791127
937 0.9635949431791127
938 0.9635949431791127
939 0.9635949431791127
940 0.9635949431791127
941 0.9635949431791127
942 0.9635949431791127
943 0.9635949431791127
944 0.9635949431791127
945 0.9635949431791127
946 0.9635949431791127
947 0.9635949431791127
948 0.9635949431791127
949 0.9635949431791127
950 0.9635949431791127
951 0.9635949431791127
952 0.9635949431791127
953 0.9635949431791127
954 0.9635949431791127
955 0.9635949431791127
956 0.9635949431791127
957 0.9635949431791127
958 0.9635949431791127
959 0.9635949431791127
960 0.9635949431791127
961 0.9635949431791127
962 0.9635949431791127
963 0.9635949431791127
964 0.9635949431791127
965 0.9635949431791127
966 0.9635949431791127
967 0.9635949431791127
968 0.9635949431791127
969 0.9635949431791127
970 0.9635949431791127
971 0.9635949431791127
972 0.9635949431791127
973 0.9635949431791127
974 0.9635949431791127
975 0.9635949431791127
976 0.9635949431791127
977 0.9635949431791127
978 0.9635949431791127
979 0.9635949431791127
980 0.9635949431791127
981 0.9635949431791127
982 0.9635949431791127
983 0.9635949431791127
984 0.9635949431791127
985 0.9635949431791127
986 0.9635949431791127
987 0.9635949431791127
988 0.9635949431791127
989 0.9635949431791127
990 0.9635949431791127
991 0.9635949431791127
992 0.9635949431791127
993 0.9635949431791127
994 0.9635949431791127
995 0.9635949431791127
996 0.9635949431791127
997 0.9635949431791127
998 0.9635949431791127
999 0.9635949431791127
