0 0.6918260957658193
1 0.6918288007679804
2 0.6918288007679804
3 0.6918288007679804
4 0.6918605694008825
5 0.6918605694008825
6 0.6921256582937921
7 0.6921256582937921
8 0.6921256582937921
9 0.6922371827039326
10 0.6929253976839875
11 0.6929253976839875
12 0.6929253976839875
13 0.6931401948012033
14 0.6931401948012033
15 0.6931401948012033
16 0.6931401948012033
17 0.7197201157358795
18 0.7197201157358795
19 0.7197201157358795
20 0.7197201157358795
21 0.7197203585361088
22 0.7197203585361088
23 0.7197370562200214
24 0.7216326771516245
25 0.7216326771516245
26 0.7216326771516245
27 0.7216326771516245
28 0.7216326771516245
29 0.7216326771516245
30 0.7216326771516245
31 0.7216326771516245
32 0.7216326771516245
33 0.7216326771516245
34 0.7216326771516245
35 0.7216326771516245
36 0.7216326771516245
37 0.7216326771516245
38 0.7216326771516245
39 0.7216326771516245
40 0.7216326771516245
41 0.7226986315674425
42 0.7226986315674425
43 0.7226986315674425
44 0.7226986315674425
45 0.7226986315674425
46 0.7226986315674425
47 0.7226986315674425
48 0.7226986315674425
49 0.7226986315674425
50 0.7226986315674425
51 0.7235159380478816
52 0.7235159380478816
53 0.7235159380478816
54 0.7235159380478816
55 0.7243735970032618
56 0.7243735970032618
57 0.7243735970032618
58 0.7243735970032618
59 0.7243735970032618
60 0.7243735970032618
61 0.7243736751538288
62 0.7243736751538288
63 0.7243736751538288
64 0.7243736751538288
65 0.7244046767018806
66 0.7244046767018806
67 0.7244046767018806
68 0.7244046767018806
69 0.7244046767018806
70 0.7244046767018806
71 0.7244046767018806
72 0.7244046767018806
73 0.7244046767018806
74 0.7244046767018806
75 0.7244046767018806
76 0.7244046767018806
77 0.7244046767018806
78 0.7244046767018806
79 0.7244046767018806
80 0.7246627830471629
81 0.7246627830471629
82 0.7246627830471629
83 0.7455200431283074
84 0.7455200431283074
85 0.7455200431283074
86 0.7455200431283074
87 0.7455200431283074
88 0.7455200431283074
89 0.7455200431283074
90 0.7455200431283074
91 0.7455200431283074
92 0.7455200431283074
93 0.7455200431283074
94 0.7455200431283074
95 0.7455200431283074
96 0.7455200431283074
97 0.74553684923584
98 0.74553684923584
99 0.74553684923584
100 0.74553684923584
101 0.74553684923584
102 0.74553684923584
103 0.7652241753740842
104 0.7652241753740842
105 0.7652241753742913
106 0.8680269035849304
107 0.8680269035849304
108 0.8680269035849304
109 0.8680269585481427
110 0.8680325008686032
111 0.8680325008686032
112 0.8680325008686032
113 0.8680325008686032
114 0.8680325008686032
115 0.8680356360364782
116 0.8680356360386321
117 0.868035743312004
118 0.8680357433130661
119 0.8680357433130661
120 0.8680357506575991
121 0.8680357508346991
122 0.8680357508346991
123 0.8680357508346991
124 0.8680357508346991
125 0.8680378228999447
126 0.8680378228999447
127 0.8680378228999447
128 0.8680378228999447
129 0.8680378228999447
130 0.8680378228999447
131 0.8680378228999447
132 0.8680378228999447
133 0.8680391877661467
134 0.8680391877661467
135 0.8680391877694071
136 0.8680391877694071
137 0.8680391877694071
138 0.8680391878401038
139 0.8680539279193838
140 0.868089293102667
141 0.868089293102667
142 0.868089293102667
143 0.868089293102667
144 0.868089293102667
145 0.8680892962595551
146 0.8680892962595551
147 0.8680892962595551
148 0.8680892962644
149 0.8680892963012384
150 0.8680892966716448
151 0.8680892966716448
152 0.8680892966716448
153 0.8680892966716448
154 0.8680892966716448
155 0.8680892966716448
156 0.8680892966716448
157 0.8680892966716448
158 0.8680892966716448
159 0.8680892966716448
160 0.8680892966716448
161 0.8680892966716448
162 0.8680892966716448
163 0.8680892966716448
164 0.8680892966716448
165 0.8680892968605071
166 0.8690483238979932
167 0.8690483238979932
168 0.8690483238979932
169 0.8690483238979932
170 0.8690483238979932
171 0.8690483238979932
172 0.8690483238979932
173 0.8690483238979932
174 0.8690483239001803
175 0.8690483239012927
176 0.8690483419453221
177 0.8690483419453221
178 0.8690483419453221
179 0.8690483419453221
180 0.8690483419453221
181 0.8690483419672131
182 0.8690483419672131
183 0.8690483419672131
184 0.8690483419672143
185 0.8690483419672143
186 0.8690483419672143
187 0.8690483419672143
188 0.869050455179637
189 0.869050455179637
190 0.869050455179637
191 0.869050455179637
192 0.869050455179637
193 0.8690541599242065
194 0.8735929713993779
195 0.8735929713993779
196 0.8735929713993779
197 0.8735929713993779
198 0.8735929713993779
199 0.8735929713993779
200 0.8735929713993779
201 0.8735929713993779
202 0.8735929713993779
203 0.8735929713993779
204 0.8735929713993779
205 0.8735929713993779
206 0.8735929713993779
207 0.8735929713993779
208 0.8735929713993779
209 0.8735929713993779
210 0.8735929713993779
211 0.8735929713993779
212 0.8735929713993938
213 0.8735929713993938
214 0.8735929713993938
215 0.8735929713993938
216 0.8735929713993938
217 0.8735929713993938
218 0.8735929713993938
219 0.873592973127001
220 0.873592973127001
221 0.8735929784356131
222 0.8735929784356131
223 0.8735929784356131
224 0.8735929784356131
225 0.8735929784356131
226 0.8735929784356131
227 0.8735929784356131
228 0.8735929784356131
229 0.873592978497328
230 0.873592978497328
231 0.873592978497328
232 0.8735944147992094
233 0.8735944147992094
234 0.8735944147992094
235 0.8735944147992094
236 0.8735944147992094
237 0.8735944148003545
238 0.8735944148003545
239 0.8735944148003545
240 0.8735944148003545
241 0.87359443098646
242 0.87359443098646
243 0.87359443098646
244 0.87359443098646
245 0.87359443098646
246 0.87359443098646
247 0.87359443098646
248 0.87359443098646
249 0.87359443098646
250 0.87359443098646
251 0.87359443098646
252 0.87359443098646
253 0.87359443098646
254 0.8735944321340581
255 0.8735944321340581
256 0.8735944321553941
257 0.8735944321553941
258 0.8735944321553941
259 0.8735944321553941
260 0.8735944321553941
261 0.8735944321553941
262 0.8735944321553941
263 0.8735944321553941
264 0.8735944321553941
265 0.8735944321553941
266 0.8735944321553941
267 0.8735944321553941
268 0.8735944321553941
269 0.8735944321553941
270 0.8735944321553941
271 0.8735944321553941
272 0.8735944321553941
273 0.8735944321964364
274 0.8735944321964364
275 0.8735944321964364
276 0.8735944321964364
277 0.8735944321964364
278 0.8735944321964364
279 0.8735944321964364
280 0.8735944321964364
281 0.8735944321964364
282 0.873594432203199
283 0.873594432203199
284 0.873594432203199
285 0.8755229107545888
286 0.8755229107545888
287 0.8755229107545888
288 0.8755229107545888
289 0.8755229107545888
290 0.8755229107545888
291 0.8755229107545888
292 0.8755229107545888
293 0.8755229107545888
294 0.8755229107545905
295 0.8755229107550633
296 0.8755229107550633
297 0.8755229107550633
298 0.8755229107550633
299 0.8755230005510934
300 0.8755230005510934
301 0.8755230005510934
302 0.8755423321045946
303 0.8755423321045946
304 0.8755423321045946
305 0.8755446106210957
306 0.8755446106210957
307 0.8755446106210957
308 0.8755446106210957
309 0.8755446106210957
310 0.8755446106210957
311 0.8755446106210957
312 0.8755446106210957
313 0.8755493305083125
314 0.8755493305083125
315 0.8755493305083125
316 0.8755493305083147
317 0.8755493305083147
318 0.8755493305127079
319 0.8755493305127079
320 0.8755493305127079
321 0.875568806049013
322 0.8755688063816625
323 0.8755688063816625
324 0.8755688063816625
325 0.875569032846586
326 0.875569032846586
327 0.875569032846586
328 0.875569032846586
329 0.8755690385579803
330 0.8755690385579803
331 0.8755690385579803
332 0.8755690385582077
333 0.8755690385582077
334 0.8755690385582077
335 0.8755690385582077
336 0.8755690385582077
337 0.8755690385582077
338 0.8755690385582077
339 0.8755690385582077
340 0.8755690385582077
341 0.8755690385582077
342 0.8755690385582077
343 0.8755690385582077
344 0.8755690385582077
345 0.8755690385582077
346 0.8755690385582077
347 0.8755690385582077
348 0.8755690385582077
349 0.8755690385582077
350 0.8755690385582077
351 0.8755690385582077
352 0.8755690385582077
353 0.8755690385582077
354 0.8755690385582077
355 0.8755690385582077
356 0.8755690385582077
357 0.8755690385582077
358 0.8755690385582077
359 0.8755690385582077
360 0.8755690385582077
361 0.875569140756469
362 0.875569140756469
363 0.875569140756469
364 0.875569140756469
365 0.8755691407564776
366 0.8755691407564776
367 0.8755691407564776
368 0.8755691407564776
369 0.8755691407564776
370 0.8755691407564776
371 0.8755691407564776
372 0.8755691407564776
373 0.8755691407564776
374 0.8755691407564776
375 0.8755691407564776
376 0.8755691407564776
377 0.8755691407564776
378 0.8755691407564776
379 0.8755691407564776
380 0.8755691407564776
381 0.875569140756569
382 0.875569140756569
383 0.875569140756569
384 0.875569140756569
385 0.875569140756569
386 0.875569140756569
387 0.875569140756569
388 0.875569140756598
389 0.875569140756598
390 0.8755895554047046
391 0.8755895554047046
392 0.8755895554047046
393 0.8755895554047046
394 0.8755895554047046
395 0.8755895554047046
396 0.8755895554047046
397 0.8755895554047046
398 0.8755895554047046
399 0.8755895554047046
400 0.8755895554047046
401 0.8755895554047046
402 0.8755895554047046
403 0.8755895554047046
404 0.8755895554047046
405 0.8755895554047046
406 0.8755895554047046
407 0.8755895554047046
408 0.8755895554047046
409 0.8755904093009759
410 0.8755904093009759
411 0.8755904093009759
412 0.8755904093009759
413 0.8755904093009759
414 0.8755904093009759
415 0.875801308428832
416 0.875801308428832
417 0.875801308428832
418 0.875801308428832
419 0.875801308428832
420 0.875801308428832
421 0.875801308428832
422 0.875801308428832
423 0.875801308428832
424 0.875801308428832
425 0.875801308428832
426 0.875801308428832
427 0.875801308428832
428 0.875801308428832
429 0.875801308428832
430 0.8758013085064784
431 0.8758013085064784
432 0.8758013085064784
433 0.8758013085064784
434 0.8758013085064784
435 0.8758013085064784
436 0.8758013085064784
437 0.8758013085064784
438 0.8758013085064784
439 0.8758013085064784
440 0.8758013085064784
441 0.8758013085064784
442 0.8758013085064784
443 0.8758013085064784
444 0.8758013085064784
445 0.8758013085064784
446 0.8758013112053691
447 0.8758013112053691
448 0.8758013112053691
449 0.8758013112053691
450 0.8758013112053691
451 0.8758013112053691
452 0.8758013112053691
453 0.8758013112053691
454 0.8758013112053691
455 0.8758013112053691
456 0.8758013112053691
457 0.8758013112053691
458 0.8758013112053691
459 0.8758013112053691
460 0.8758013112053691
461 0.8758013112053691
462 0.8758013112053691
463 0.8758013112053691
464 0.8758013112053691
465 0.8758013112053691
466 0.8758013112053691
467 0.8758013112053691
468 0.8758013112053691
469 0.8758013112053691
470 0.8758013112053691
471 0.8758013112053691
472 0.8758013112053691
473 0.8758013112053691
474 0.8758013112053691
475 0.8758013112053691
476 0.8758013112053691
477 0.8758013112053691
478 0.8758013112053691
479 0.8758013112053691
480 0.8758013112053691
481 0.8758013112053691
482 0.8758176377199436
483 0.8758176377199436
484 0.8758221884303333
485 0.8758221884303333
486 0.8758221884303333
487 0.8758221884303333
488 0.8758336932572195
489 0.8758336932572195
490 0.8758336932572195
491 0.8758336932572195
492 0.8758336932572195
493 0.8758336932572195
494 0.8758336932572195
495 0.8758336932572195
496 0.8758336932572195
497 0.8758336932572195
498 0.8758336932572195
499 0.8758336932572195
500 0.8758336932572195
501 0.8758336932572195
502 0.8758336932572195
503 0.8758336933767032
504 0.8758336933767032
505 0.8758336933767032
506 0.8758336933767032
507 0.8758336933767032
508 0.8758336933767032
509 0.8758336933767032
510 0.8758336933767032
511 0.8758336937818912
512 0.8758336937818912
513 0.8758336937818912
514 0.8758336937818912
515 0.8758336937818912
516 0.8758336937818912
517 0.8758336937818912
518 0.8758336937818912
519 0.8758336937818912
520 0.8758336937818912
521 0.8758336937818912
522 0.8758336937818912
523 0.8758336937818912
524 0.8758336937818912
525 0.8758336937818912
526 0.8758336937818912
527 0.8758336937818912
528 0.8758336937818912
529 0.8758336937818912
530 0.8758336937818912
531 0.8758336937818912
532 0.8758336937818919
533 0.8758336937818919
534 0.8758336937818919
535 0.8758336937818919
536 0.8758336937818919
537 0.8758342546664243
538 0.8758342546664243
539 0.8758342546664243
540 0.8758342546664243
541 0.8758342546664243
542 0.8758342655757627
543 0.8758342655757627
544 0.8758342655757627
545 0.8758342655757627
546 0.8758342655757627
547 0.8758342655757627
548 0.8758342655757627
549 0.8758342656465552
550 0.8758342656465552
551 0.8758342656465552
552 0.8758342656465552
553 0.8758342656465552
554 0.8758342656465552
555 0.8758342656465552
556 0.8758342656465552
557 0.8758342656465552
558 0.8758342656465552
559 0.8758342656465552
560 0.8758342656465552
561 0.875839680335444
562 0.875839680335444
563 0.875839680335444
564 0.8758498164630826
565 0.8758498164630826
566 0.8758498164630826
567 0.8758498164630826
568 0.8758498164630826
569 0.8758498164630826
570 0.8758498164630826
571 0.8758498164630826
572 0.8758498164630826
573 0.8758498164630826
574 0.8758498164630826
575 0.8758498164630826
576 0.8758498164630826
577 0.8758498164630826
578 0.8758498164630826
579 0.8758498164630826
580 0.8758498168781105
581 0.8758498168781105
582 0.8758498168781105
583 0.8758498168781105
584 0.8758498178370022
585 0.8758498178370022
586 0.8758498178370022
587 0.8758498178370022
588 0.8758498178370022
589 0.8758498178370022
590 0.8758498178370022
591 0.8758498178370022
592 0.8758498178370022
593 0.8758498178370022
594 0.8758498178370022
595 0.8758498178370022
596 0.8758498178370022
597 0.8758498178370022
598 0.8758498178370022
599 0.8758498178370022
600 0.8758498178370022
601 0.8758498178370022
602 0.8758498178370023
603 0.8758498178370023
604 0.8758498178370023
605 0.8758498178370023
606 0.8758498178370023
607 0.8758498178370023
608 0.8758498178370023
609 0.8758498178370023
610 0.8758498178370023
611 0.8758498178370023
612 0.8758498179887928
613 0.8758498179887928
614 0.8758498203620166
615 0.8758498203620166
616 0.8758498203620166
617 0.8758498203620166
618 0.875849840163031
619 0.875849840163031
620 0.875849840163031
621 0.875849840163031
622 0.875849840163031
623 0.875849840163031
624 0.875849840163031
625 0.875849840163031
626 0.8758503216127146
627 0.8758503216127146
628 0.8758503216127146
629 0.8758503216127146
630 0.8758503216127146
631 0.8758503216127146
632 0.8758503216127146
633 0.8758503216127146
634 0.8758503216127146
635 0.8758503216127146
636 0.8758503216127146
637 0.8758503216127146
638 0.8758503216127146
639 0.8758503216127146
640 0.8758503216127146
641 0.8758503216127146
642 0.8758503216127146
643 0.8758503825784556
644 0.8758503825784556
645 0.8758503825784556
646 0.8758503825784556
647 0.8758503825784556
648 0.8758503825784556
649 0.8758503825784556
650 0.8758503825784556
651 0.8758503825784556
652 0.8758503825784556
653 0.8758503825784556
654 0.8758503825784556
655 0.8758503825784556
656 0.8758503825784556
657 0.8758503825784556
658 0.8758503825784556
659 0.8758503825784556
660 0.8758503825784556
661 0.8758503825784556
662 0.8758503825784556
663 0.8758503825784963
664 0.8758503825784963
665 0.8758503825784963
666 0.8758503825784963
667 0.8758503825784963
668 0.8758503825784963
669 0.8758503825784963
670 0.8758503825784963
671 0.8758503825784963
672 0.8758503825784963
673 0.8758503825784963
674 0.8758503825784963
675 0.8758503825784963
676 0.8758503825784963
677 0.8758503825784963
678 0.8758503825784963
679 0.8758503825784963
680 0.8758523186827971
681 0.8758523186827971
682 0.8758523186827971
683 0.8758523186827971
684 0.8758523186827971
685 0.8758523186827971
686 0.8758523186827971
687 0.8758523186827971
688 0.8758523186827971
689 0.8758523186828067
690 0.8758523186828067
691 0.8758523186828067
692 0.8758523186828067
693 0.8758523186828067
694 0.8758523186828067
695 0.8758523186828067
696 0.8758523186828067
697 0.8758523186828067
698 0.8758523186828067
699 0.8758523186828067
700 0.8758523186828067
701 0.8758523186828067
702 0.8758523186828067
703 0.8758523186828067
704 0.8758523186828067
705 0.8758523186828067
706 0.8758523186828123
707 0.8758523186828123
708 0.8758523186828123
709 0.8758523186828123
710 0.8758523186828123
711 0.8758523186828123
712 0.8758523186828123
713 0.8831531168958823
714 0.8831531168958823
715 0.8831531168958823
716 0.8831532350706593
717 0.8831532350706593
718 0.8831540554835821
719 0.8831540554835821
720 0.8831540554845725
721 0.8831579897659706
722 0.883157989778931
723 0.883157989778931
724 0.883157989778931
725 0.8831581116865479
726 0.8831581116865479
727 0.8831581116865479
728 0.8831581116865479
729 0.8831581116865479
730 0.8831581116867614
731 0.8831581116867614
732 0.883158133317482
733 0.883158133317482
734 0.883158133317482
735 0.883158133317482
736 0.883158133317482
737 0.8831581340623844
738 0.8831581343511116
739 0.8831581343511116
740 0.8831581343512285
741 0.8831581343512285
742 0.8831581343512285
743 0.8831581343512285
744 0.8831581343512285
745 0.8831581348451957
746 0.8831581348451957
747 0.8831581348451957
748 0.8831581348451957
749 0.8831581348451957
750 0.8831581348451957
751 0.8831581348451957
752 0.8831581349046649
753 0.8831581349046649
754 0.8831581349046649
755 0.8831581349046649
756 0.8831581349046649
757 0.8831581349141795
758 0.8831581349141795
759 0.8831581349141795
760 0.8831581349141795
761 0.8831581349141795
762 0.8831581349141795
763 0.8831581349141795
764 0.8831581349732212
765 0.883158140611454
766 0.883158140611454
767 0.883158140611454
768 0.8831604054334259
769 0.8831604054334259
770 0.8831604054334259
771 0.8831604054494777
772 0.8831604054494777
773 0.8831604054494777
774 0.8831604054494777
775 0.8831604054494777
776 0.8831604054508974
777 0.88316040583193
778 0.88316040583193
779 0.8856222955514678
780 0.8856222955514678
781 0.8856222955943002
782 0.8856222955943002
783 0.8856222955943002
784 0.8856222955943002
785 0.8856222955943002
786 0.8856222955943002
787 0.8856222955943002
788 0.8856222955943002
789 0.8856222955943002
790 0.8856222955943002
791 0.8856222955943002
792 0.8856222955943002
793 0.8856222955943002
794 0.8856222955943002
795 0.8856222955943002
796 0.8856222955943002
797 0.8856222955943002
798 0.8856222955985149
799 0.8856222955985149
800 0.8856222955985149
801 0.8856223104875023
802 0.8856223104875023
803 0.8856223104875023
804 0.8856223104875023
805 0.8856223104875023
806 0.8856223105027546
807 0.8856223105027546
808 0.8856223105027546
809 0.8856230665171945
810 0.8856230665171945
811 0.8856230665171945
812 0.8856230665171945
813 0.8856230665171945
814 0.8856230665171945
815 0.8856230665171945
816 0.8856230665324447
817 0.8856230665324482
818 0.8856230665324482
819 0.8856230665324482
820 0.8856249165601203
821 0.8856249165601203
822 0.8856277436033766
823 0.8856277436033766
824 0.8856277436033766
825 0.8856277436033766
826 0.8856277436033771
827 0.8856277436033771
828 0.8856277436033771
829 0.8856277436033771
830 0.8856277436033771
831 0.8856277436033771
832 0.8856277436033771
833 0.8856277436033771
834 0.8856361836443463
835 0.8856361836443463
836 0.8856361836443463
837 0.8856361836443463
838 0.8856361836443463
839 0.8856361836443463
840 0.8857275984482998
841 0.8857275984482998
842 0.8857275984482998
843 0.8857275984482998
844 0.8857275984482998
845 0.8857275984483004
846 0.8857275984635359
847 0.8857275984635359
848 0.8857275984635359
849 0.8857275984635359
850 0.8857275984635359
851 0.8857275984635359
852 0.8857275984635359
853 0.8857275984635359
854 0.8857275984635359
855 0.8857275984635362
856 0.8857275984635362
857 0.8857275984635362
858 0.8857315611871346
859 0.8857315611871346
860 0.8857315611871346
861 0.8857315611871346
862 0.8857315611871346
863 0.8857315611871346
864 0.8857315611871346
865 0.8857315611871346
866 0.8857315611871346
867 0.8857315611871346
868 0.8857315611871346
869 0.8857330815069642
870 0.8857330815069642
871 0.8857330815069642
872 0.8857330815069642
873 0.8857330815069642
874 0.8857330815069642
875 0.8857330815069642
876 0.8857330815069642
877 0.8857330815069642
878 0.8857330815069642
879 0.8857330815069642
880 0.8857330815069644
881 0.8857330815069644
882 0.8857330815069644
883 0.8857330815069644
884 0.8857330815069644
885 0.8857330815069644
886 0.8857330815069644
887 0.8857330815069644
888 0.8857330815069644
889 0.8857330815069644
890 0.8857330815069644
891 0.8857330815069644
892 0.8857330815069644
893 0.8857330815069644
894 0.8857330815069645
895 0.8857330815069645
896 0.8857330815069645
897 0.8857330815069645
898 0.8857330815069645
899 0.8857330815069645
900 0.8857330815069645
901 0.8857330815069645
902 0.8857330815069645
903 0.8857330815069645
904 0.8857330815069645
905 0.8857330815069645
906 0.8857330815069645
907 0.8857330815069645
908 0.8857330815069645
909 0.8857330815069645
910 0.8857330815069645
911 0.8857330815069645
912 0.8857330815069645
913 0.8857330815069645
914 0.8857330815069645
915 0.8857330815069645
916 0.8857330815069645
917 0.8857330815069645
918 0.8857330815069645
919 0.8857330815069645
920 0.8857330815069645
921 0.8857330815069645
922 0.8857330815069645
923 0.8857330815069645
924 0.8857330815069645
925 0.8857330815069645
926 0.8857330815069645
927 0.8857330815069645
928 0.8857330815069645
929 0.8857330815069645
930 0.8857330815069645
931 0.8857330815069645
932 0.8858024876289241
933 0.8858024876289241
934 0.8858024876289241
935 0.8858024876289444
936 0.8858024876289444
937 0.8858024876289444
938 0.8858024876289444
939 0.8858024876289444
940 0.8858024876289444
941 0.8858024876289444
942 0.8858024876289444
943 0.8858024876289444
944 0.8858024876289444
945 0.8858024876289444
946 0.8858024876289444
947 0.8858024876289444
948 0.8858024878507114
949 0.8858024878507114
950 0.8858024878507114
951 0.8858024878507114
952 0.8858024878507114
953 0.8858024878507114
954 0.8858024878507114
955 0.8858024878507114
956 0.8858024878507114
957 0.8858024878507114
958 0.8858025043610669
959 0.8858025043610669
960 0.8858025043610669
961 0.8858025043610669
962 0.8858030438457497
963 0.8858030438457497
964 0.8858030438457497
965 0.8858030438457497
966 0.8858036615785602
967 0.8858036615785602
968 0.8858055787503241
969 0.8858055787503241
970 0.8858055787503241
971 0.8858136944575835
972 0.8858136944575835
973 0.8858136944575835
974 0.8858136944575835
975 0.8858136944575835
976 0.8858136944575835
977 0.8858136944575835
978 0.8858136944575835
979 0.8858136944575835
980 0.8858136944575835
981 0.8858136944575835
982 0.8858136944575835
983 0.8858136944575835
984 0.8858136944575835
985 0.8858136945759123
986 0.8858136945759123
987 0.8858136945759123
988 0.8858136947254992
989 0.8858136970582484
990 0.8858136970582484
991 0.8858136970582484
992 0.8858136970582484
993 0.8858136970582484
994 0.8858136970582484
995 0.8858136970582484
996 0.8858136970582484
997 0.8858136970582484
998 0.8858136970582484
999 0.8858136970582644
1000 0.8858136970582644
1001 0.8858137144820278
1002 0.8858141364124885
1003 0.8858141916690095
1004 0.8858141916690095
1005 0.8858141916690095
1006 0.8858141916690095
1007 0.8858141916690095
1008 0.8858141916690095
1009 0.8858141916690095
1010 0.8858141916690095
1011 0.8858141916690095
1012 0.8858141916690097
1013 0.8858141916690097
1014 0.8858141916690097
1015 0.8858141916690097
1016 0.8858141916690097
1017 0.885814307404091
1018 0.885814307404091
1019 0.885814307404091
1020 0.885814307404091
1021 0.885814307404091
1022 0.885814307404091
1023 0.885814307404091
1024 0.885814307404091
1025 0.8858143074040911
1026 0.8858143074040911
1027 0.8858143074040911
1028 0.8858144271972132
1029 0.8858144271972132
1030 0.8858144271972132
1031 0.8858144271972132
1032 0.8858144271972132
1033 0.8858144271972132
1034 0.8858144271972132
1035 0.8858144271972134
1036 0.8858144271972134
1037 0.8858144271972134
1038 0.8858144271972134
1039 0.8858144271972134
1040 0.8858144271972134
1041 0.8858144271972134
1042 0.8858148587698887
1043 0.8858148587698887
1044 0.8858148587698887
1045 0.8858148587698887
1046 0.8858148587698887
1047 0.8858148587698887
1048 0.8858148587698887
1049 0.8858148587698887
1050 0.8858148587698887
1051 0.8858148587698887
1052 0.8858148587698887
1053 0.8858148587698887
1054 0.8858148587698887
1055 0.8858148587699894
1056 0.8858148587699894
1057 0.8858148587699894
1058 0.8858148587699894
1059 0.8858148587699894
1060 0.8858148587699894
1061 0.8858148587699894
1062 0.8858148587699898
1063 0.8858148587699898
1064 0.8858148587699898
1065 0.8858148587699898
1066 0.8858148587699898
1067 0.8858148587699898
1068 0.8858148587699901
1069 0.8858148587699901
1070 0.8858148587699901
1071 0.8858148587699901
1072 0.8858148587699901
1073 0.8858148587699901
1074 0.8858148587699901
1075 0.8858174364840158
1076 0.8858174364840158
1077 0.8858174364840158
1078 0.8858174364840158
1079 0.8858174364840158
1080 0.8858174364840158
1081 0.8858174364840158
1082 0.8858174364840158
1083 0.8858174364840158
1084 0.8858174364840158
1085 0.8858174364840158
1086 0.8858174364840158
1087 0.8858174364840158
1088 0.8858174364840158
1089 0.8858184770718706
1090 0.8858184770718706
1091 0.8858184770718706
1092 0.8858184770718706
1093 0.8858184770718706
1094 0.8858184770718706
1095 0.8858194153027527
1096 0.8858194153027527
1097 0.8858194153027527
1098 0.8858194153027527
1099 0.8858194153027527
1100 0.8858194153027527
1101 0.8858194153027527
1102 0.8858194153027527
1103 0.8858194153027527
1104 0.8858194153027527
1105 0.8858194153027527
1106 0.8858194153027527
1107 0.8858194153027527
1108 0.8858194153027527
1109 0.8858194153027527
1110 0.8858194153027529
1111 0.8858194153027529
1112 0.8858194153027529
1113 0.8858194153027529
1114 0.8858194153027529
1115 0.8858194153027529
1116 0.8858194153027529
1117 0.8858194153027529
1118 0.8858194153027529
1119 0.8858194153027529
1120 0.8858194153027529
1121 0.8858194153027529
1122 0.8858194153027529
1123 0.8858194153027529
1124 0.8858194153027529
1125 0.8858194153027529
1126 0.8858199326268364
1127 0.8858199326268364
1128 0.8858199326268364
1129 0.8858201937460483
1130 0.8858201937460483
1131 0.8858201937460483
1132 0.8858201937460483
1133 0.8858201937460483
1134 0.8858201937460483
1135 0.8858201937460483
1136 0.8858201937460483
1137 0.8858201937460483
1138 0.8858201937460483
1139 0.8858201937460483
1140 0.8858201937460483
1141 0.8858201937460483
1142 0.8858201937460485
1143 0.8858201937460485
1144 0.8858201937460485
1145 0.8858201937460485
1146 0.8858201937460485
1147 0.8858201937460485
1148 0.8858201937460485
1149 0.8858201937460485
1150 0.8858201937460485
1151 0.8858201937460485
1152 0.885820709085271
1153 0.885820709085271
1154 0.8858993125939316
1155 0.8858993125939316
1156 0.8858993125939316
1157 0.8858993125939316
1158 0.8858993125939316
1159 0.8858993125939318
1160 0.8858993125939318
1161 0.8858993275626328
1162 0.8858993275626328
1163 0.8858993275626328
1164 0.8858993275626328
1165 0.8858993275626328
1166 0.8858993275626328
1167 0.8858993275626328
1168 0.8858993275626328
1169 0.8858993275626328
1170 0.8858993275626328
1171 0.8858993275626328
1172 0.8858993275626328
1173 0.8858993275626328
1174 0.8858993275626328
1175 0.8858993275626328
1176 0.8858993275626328
1177 0.8858993275626328
1178 0.8858993275626328
1179 0.8858993275626328
1180 0.8858993275626328
1181 0.8858993275626328
1182 0.8858993275626328
1183 0.8858993275626328
1184 0.8858993275626328
1185 0.8858993275626328
1186 0.8858993275626328
1187 0.8858993275626328
1188 0.8858993275626328
1189 0.8858993275626328
1190 0.8859169990979389
1191 0.8859169990979389
1192 0.8859169990979389
1193 0.8859169990979389
1194 0.8859169990979389
1195 0.8859169990979389
1196 0.8859169990979389
1197 0.8859169990979389
1198 0.8859169990979389
1199 0.8859169990979389
1200 0.8859169990979389
1201 0.8859169990979389
1202 0.8859169990979389
1203 0.8859169990979389
1204 0.8859169990979389
1205 0.8859169990979389
1206 0.8859169990979389
1207 0.8859169990979389
1208 0.8859169990979389
1209 0.8859169990979389
1210 0.8859171760888608
1211 0.8859171760888608
1212 0.8859171760888608
1213 0.8859171760888608
1214 0.8859171760888608
1215 0.8859171760888608
1216 0.8859171760888608
1217 0.8859171760888608
1218 0.8859171760888608
1219 0.8859171760888608
1220 0.8859171760888608
1221 0.8859173339231897
1222 0.8859173339231897
1223 0.8859173339231897
1224 0.8859173339231897
1225 0.8859173339231897
1226 0.8859173339231897
1227 0.8859173339231897
1228 0.8859173339231897
1229 0.8859173339231897
1230 0.8859173339231897
1231 0.8859173339231897
1232 0.8859173339231897
1233 0.8859173339231897
1234 0.8859173339231897
1235 0.8859173339231956
1236 0.8859173339231956
1237 0.8859173339231956
1238 0.8859173339231956
1239 0.8859173339231956
1240 0.8859173339231956
1241 0.8859173339231956
1242 0.8859173339231956
1243 0.8859173339231956
1244 0.8859173433925719
1245 0.8859173433925719
1246 0.8859173433925719
1247 0.8859173433925719
1248 0.8859173433925719
1249 0.8859173433925719
1250 0.8859173433925719
1251 0.8859173433925723
1252 0.8859173433925723
1253 0.8859173433925723
1254 0.8859173433925723
1255 0.8859173433925723
1256 0.8859173433925723
1257 0.8859173433925723
1258 0.8859173433925723
1259 0.8859173433925723
1260 0.8859173433925723
1261 0.8859173433925723
1262 0.8859173433925723
1263 0.8859173433925723
1264 0.8859173433925723
1265 0.8859173433925723
1266 0.8859173433925723
1267 0.8859173433925723
1268 0.8859173433925723
1269 0.8859173433925723
1270 0.8859173433925723
1271 0.8859173433925723
1272 0.8859173433925723
1273 0.8859173433925723
1274 0.8859173433925723
1275 0.8859173433925723
1276 0.8859173433925724
1277 0.8859173433925724
1278 0.8859173433925724
1279 0.8859173433925724
1280 0.8859173433925724
1281 0.8859173433925724
1282 0.8859173433925724
1283 0.8859173433925724
1284 0.8859173433925724
1285 0.8859173433925724
1286 0.8859173433925724
1287 0.8859173433925724
1288 0.8859173433925724
1289 0.8859173433925724
1290 0.8859173433925724
1291 0.8859173433925724
1292 0.8859173433925724
1293 0.8859173433925724
1294 0.8859173433925724
1295 0.8859173433925724
1296 0.8859173433925724
1297 0.8859173433925724
1298 0.8859174844671253
1299 0.8859174844671253
1300 0.8859174844671253
1301 0.8859174844671253
1302 0.8859174844671253
1303 0.8859174844671253
1304 0.8859174844671253
1305 0.8859174844671253
1306 0.8859174844671253
1307 0.8859174844671253
1308 0.8859174844671253
1309 0.8859174844671253
1310 0.8859174844671253
1311 0.8859174844671253
1312 0.8859174844671253
1313 0.8859174844671253
1314 0.8859174844671253
1315 0.8859174844671253
1316 0.8859174844671253
1317 0.8859174844671253
1318 0.8859175283696862
1319 0.8859175283696862
1320 0.8859175283696862
1321 0.8859175283696862
1322 0.8859175283696862
1323 0.8859175283696862
1324 0.8859179425700158
1325 0.8859179425700158
1326 0.8859179425700158
1327 0.8859179425700158
1328 0.8859179425700158
1329 0.8859179425700158
1330 0.8859179425700158
1331 0.8859179425786322
1332 0.8859179425786322
1333 0.8859179425786322
1334 0.8859179425786322
1335 0.8859179425786322
1336 0.8859179425786322
1337 0.8859179425786322
1338 0.8859179425786322
1339 0.8859179425786322
1340 0.8859179425786322
1341 0.8859179425786322
1342 0.8859179425786322
1343 0.8859187365102997
1344 0.8859187365102997
1345 0.8859187365102997
1346 0.8859187365102997
1347 0.8859187365102997
1348 0.8859187365102997
1349 0.8859187365102997
1350 0.8859187365102997
1351 0.8859187365102997
1352 0.8859187365102997
1353 0.8859187365102997
1354 0.8859187365102997
1355 0.8859187365103779
1356 0.8859187365103779
1357 0.8859187365103779
1358 0.8859187365103779
1359 0.8859187365103779
1360 0.8859187365103779
1361 0.8859187365103779
1362 0.8859187365103779
1363 0.8859187365103779
1364 0.8859187365103779
1365 0.8859187365103779
1366 0.8859187365103788
1367 0.8859187365103788
1368 0.8859187365103788
1369 0.8859187365103788
1370 0.8859187365103788
1371 0.8859187365103788
1372 0.8859187365103788
1373 0.8859187365103788
1374 0.8859187365103788
1375 0.8859187365103788
1376 0.8859187365103788
1377 0.8859187365103788
1378 0.8859187365103788
1379 0.8859187365103788
1380 0.8859187365103788
1381 0.8859201406492824
1382 0.8859201406492824
1383 0.8859201406492824
1384 0.8859201406492824
1385 0.8859201406492824
1386 0.8859201406492824
1387 0.8859201406492824
1388 0.8859201406492824
1389 0.8859201406492826
1390 0.8859201406492826
1391 0.8859204112742725
1392 0.8859205499230262
1393 0.8859205499230262
1394 0.8859205499230262
1395 0.8859205499230262
1396 0.8859205499230262
1397 0.8859205499230262
1398 0.8859205499230262
1399 0.8859205499230262
1400 0.8859205499230262
1401 0.8859205499230262
1402 0.8859205499230262
1403 0.8859205499230262
1404 0.8859205499230262
1405 0.8859205499230262
1406 0.8859205499230262
1407 0.8859205499230262
1408 0.8859205499230262
1409 0.8859205499230262
1410 0.8859205499230262
1411 0.8859205499230262
1412 0.8859205499230262
1413 0.8859205499230263
1414 0.8859205499230263
1415 0.8859205499230263
1416 0.8859205499230263
1417 0.8859205499230266
1418 0.8859205499230266
1419 0.8859205499230266
1420 0.8859205499230266
1421 0.8859205499230266
1422 0.8859205499230266
1423 0.8859205499230266
1424 0.8859205499230266
1425 0.8859205499230266
1426 0.8859205499230266
1427 0.8859205499230266
1428 0.8859205499230266
1429 0.8859205499230266
1430 0.8859205499230266
1431 0.8859205499230266
1432 0.8859205499230266
1433 0.8859205499230266
1434 0.8859205499230266
1435 0.8859205499230266
1436 0.8859205499230266
1437 0.8859205499230266
1438 0.8859205499230266
1439 0.8859205499230266
1440 0.8859205499230266
1441 0.8859205499230266
1442 0.8859205499230266
1443 0.8859205499230266
1444 0.8859205499230266
1445 0.8859205499230266
1446 0.8859205499230266
1447 0.8859205499230266
1448 0.8859205499230266
1449 0.8859205499230266
1450 0.8859205499230266
1451 0.8859205499230266
1452 0.8859205499230266
1453 0.8859205499230266
1454 0.8859205499230266
1455 0.885925041421478
1456 0.885925041421478
1457 0.885925041421478
1458 0.885925041421478
1459 0.885925041421478
1460 0.885925041421478
1461 0.885925041421478
1462 0.885925041421478
1463 0.885925041421478
1464 0.885925041421478
1465 0.885925041421478
1466 0.885925041421478
1467 0.885925041421478
1468 0.885925041421478
1469 0.8859254070004096
1470 0.8859254070004096
1471 0.8859254070004096
1472 0.8859254070004096
1473 0.8859254070004096
1474 0.8859254070004096
1475 0.8859254070004096
1476 0.8859254070004096
1477 0.8859254070004096
1478 0.8859254070004096
1479 0.8859254070004096
1480 0.8859254070004096
1481 0.8859254070004096
1482 0.8859254070004096
1483 0.8859254070004096
1484 0.8859254070004096
1485 0.8859254070004096
1486 0.8859254070004096
1487 0.8859254070004096
1488 0.8859254070004096
1489 0.8859254070004096
1490 0.8859254070004096
1491 0.8859254070004096
1492 0.8859254070004096
1493 0.8859254070004096
1494 0.8859254070004096
1495 0.8859254070004096
1496 0.8859294460849296
1497 0.8859294460849296
1498 0.8859294460849296
1499 0.8859294460849296
