0 0.72265625
1 0.72265625
2 0.72265625
3 0.72265625
4 0.734375
5 0.75390625
6 0.75390625
7 0.78125
8 0.8125
9 0.82421875
10 0.82421875
11 0.8515625
12 0.8515625
13 0.8515625
14 0.8515625
15 0.8515625
16 0.8515625
17 0.8515625
18 0.8515625
19 0.8515625
20 0.85546875
21 0.85546875
22 0.85546875
23 0.86328125
24 0.86328125
25 0.86328125
26 0.86328125
27 0.86328125
28 0.86328125
29 0.87890625
30 0.87890625
31 0.87890625
32 0.87890625
33 0.87890625
34 0.87890625
35 0.87890625
36 0.87890625
37 0.87890625
38 0.87890625
39 0.87890625
40 0.87890625
41 0.87890625
42 0.87890625
43 0.87890625
44 0.87890625
45 0.87890625
46 0.87890625
47 0.87890625
48 0.87890625
49 0.87890625
50 0.87890625
51 0.87890625
52 0.87890625
53 0.87890625
54 0.87890625
55 0.87890625
56 0.87890625
57 0.87890625
58 0.87890625
59 0.87890625
60 0.87890625
61 0.87890625
62 0.87890625
63 0.87890625
64 0.87890625
65 0.87890625
66 0.8828125
67 0.8828125
68 0.8828125
69 0.8828125
70 0.8828125
71 0.8828125
72 0.8828125
73 0.8828125
74 0.8828125
75 0.8828125
76 0.8828125
77 0.8828125
78 0.8828125
79 0.8828125
80 0.8828125
81 0.8828125
82 0.8828125
83 0.8828125
84 0.8828125
85 0.8828125
86 0.8828125
87 0.8828125
88 0.8828125
89 0.8828125
90 0.8828125
91 0.8828125
92 0.8828125
93 0.8828125
94 0.8828125
95 0.8828125
96 0.8828125
97 0.8828125
98 0.8828125
99 0.8828125
100 0.8828125
101 0.8828125
102 0.8828125
103 0.8828125
104 0.8828125
105 0.8828125
106 0.8828125
107 0.8828125
108 0.8828125
109 0.8828125
110 0.8828125
111 0.8828125
112 0.8828125
113 0.8828125
114 0.8828125
115 0.8828125
116 0.8828125
117 0.8828125
118 0.8828125
119 0.8828125
120 0.8828125
121 0.8828125
122 0.8828125
123 0.8828125
124 0.8828125
125 0.8828125
126 0.8828125
127 0.8828125
128 0.8828125
129 0.8828125
130 0.8828125
131 0.8828125
132 0.8828125
133 0.8828125
134 0.8828125
135 0.8828125
136 0.8828125
137 0.8828125
138 0.8828125
139 0.8828125
140 0.8828125
141 0.8828125
142 0.8828125
143 0.8828125
144 0.8828125
145 0.8828125
146 0.8828125
147 0.8828125
148 0.8828125
149 0.8828125
150 0.8828125
151 0.8828125
152 0.8828125
153 0.8828125
154 0.8828125
155 0.8828125
156 0.8828125
157 0.8828125
158 0.8828125
159 0.8828125
160 0.8828125
161 0.8828125
162 0.8828125
163 0.8828125
164 0.8828125
165 0.8828125
166 0.8828125
167 0.8828125
168 0.8828125
169 0.8828125
170 0.8828125
171 0.8828125
172 0.8828125
173 0.8828125
174 0.8828125
175 0.8828125
176 0.8828125
177 0.8828125
178 0.8828125
179 0.8828125
180 0.8828125
181 0.8828125
182 0.8828125
183 0.8828125
184 0.8828125
185 0.8828125
186 0.8828125
187 0.8828125
188 0.8828125
189 0.8828125
190 0.8828125
191 0.8828125
192 0.8828125
193 0.8828125
194 0.8828125
195 0.8828125
196 0.8828125
197 0.8828125
198 0.8828125
199 0.8828125
200 0.8828125
201 0.8828125
202 0.8828125
203 0.8828125
204 0.8828125
205 0.8828125
206 0.8828125
207 0.8828125
208 0.8828125
209 0.8828125
210 0.8828125
211 0.8828125
212 0.8828125
213 0.8828125
214 0.8828125
215 0.8828125
216 0.8828125
217 0.8828125
218 0.8828125
219 0.8828125
220 0.8828125
221 0.8828125
222 0.8828125
223 0.8828125
224 0.8828125
225 0.8828125
226 0.8828125
227 0.8828125
228 0.8828125
229 0.8828125
230 0.8828125
231 0.8828125
232 0.8828125
233 0.8828125
234 0.8828125
235 0.8828125
236 0.8828125
237 0.8828125
238 0.8828125
239 0.8828125
240 0.8828125
241 0.8828125
242 0.8828125
243 0.8828125
244 0.8828125
245 0.8828125
246 0.8828125
247 0.8828125
248 0.8828125
249 0.8828125
250 0.8828125
251 0.8828125
252 0.8828125
253 0.8828125
254 0.8828125
255 0.8828125
256 0.8828125
257 0.8828125
258 0.8828125
259 0.8828125
260 0.8828125
261 0.8828125
262 0.8828125
263 0.8828125
264 0.8828125
265 0.8828125
266 0.8828125
267 0.8828125
268 0.8828125
269 0.8828125
270 0.8828125
271 0.8828125
272 0.8828125
273 0.8828125
274 0.8828125
275 0.8828125
276 0.8828125
277 0.8828125
278 0.8828125
279 0.8828125
280 0.8828125
281 0.8828125
282 0.8828125
283 0.8828125
284 0.8828125
285 0.8828125
286 0.8828125
287 0.8828125
288 0.8828125
289 0.8828125
290 0.8828125
291 0.8828125
292 0.8828125
293 0.8828125
294 0.8828125
295 0.8828125
296 0.8828125
297 0.8828125
298 0.8828125
299 0.8828125
300 0.8828125
301 0.8828125
302 0.8828125
303 0.8828125
304 0.8828125
305 0.8828125
306 0.8828125
307 0.8828125
308 0.8828125
309 0.8828125
310 0.8828125
311 0.8828125
312 0.8828125
313 0.8828125
314 0.8828125
315 0.8828125
316 0.8828125
317 0.8828125
318 0.8828125
319 0.8828125
320 0.8828125
321 0.8828125
322 0.8828125
323 0.8828125
324 0.8828125
325 0.8828125
326 0.8828125
327 0.8828125
328 0.8828125
329 0.8828125
330 0.8828125
331 0.8828125
332 0.8828125
333 0.8828125
334 0.8828125
335 0.8828125
336 0.8828125
337 0.8828125
338 0.8828125
339 0.8828125
340 0.8828125
341 0.8828125
342 0.8828125
343 0.8828125
344 0.8828125
345 0.8828125
346 0.8828125
347 0.8828125
348 0.8828125
349 0.8828125
350 0.8828125
351 0.8828125
352 0.8828125
353 0.8828125
354 0.8828125
355 0.8828125
356 0.8828125
357 0.8828125
358 0.8828125
359 0.8828125
360 0.8828125
361 0.8828125
362 0.8828125
363 0.8828125
364 0.8828125
365 0.8828125
366 0.8828125
367 0.8828125
368 0.8828125
369 0.8828125
370 0.8828125
371 0.8828125
372 0.8828125
373 0.8828125
374 0.8828125
375 0.8828125
376 0.8828125
377 0.8828125
378 0.8828125
379 0.8828125
380 0.8828125
381 0.8828125
382 0.8828125
383 0.8828125
384 0.8828125
385 0.8828125
386 0.88671875
387 0.88671875
388 0.88671875
389 0.88671875
390 0.88671875
391 0.88671875
392 0.88671875
393 0.88671875
394 0.88671875
395 0.88671875
396 0.88671875
397 0.88671875
398 0.88671875
399 0.88671875
400 0.88671875
401 0.88671875
402 0.88671875
403 0.88671875
404 0.88671875
405 0.88671875
406 0.88671875
407 0.88671875
408 0.88671875
409 0.88671875
410 0.88671875
411 0.88671875
412 0.88671875
413 0.88671875
414 0.88671875
415 0.88671875
416 0.88671875
417 0.88671875
418 0.88671875
419 0.88671875
420 0.88671875
421 0.88671875
422 0.88671875
423 0.88671875
424 0.88671875
425 0.88671875
426 0.88671875
427 0.88671875
428 0.88671875
429 0.88671875
430 0.88671875
431 0.88671875
432 0.88671875
433 0.88671875
434 0.88671875
435 0.88671875
436 0.88671875
437 0.88671875
438 0.88671875
439 0.88671875
440 0.88671875
441 0.88671875
442 0.88671875
443 0.88671875
444 0.88671875
445 0.88671875
446 0.88671875
447 0.88671875
448 0.88671875
449 0.88671875
450 0.88671875
451 0.88671875
452 0.88671875
453 0.88671875
454 0.88671875
455 0.88671875
456 0.88671875
457 0.88671875
458 0.88671875
459 0.88671875
460 0.88671875
461 0.88671875
462 0.88671875
463 0.88671875
464 0.88671875
465 0.88671875
466 0.88671875
467 0.88671875
468 0.88671875
469 0.88671875
470 0.88671875
471 0.88671875
472 0.88671875
473 0.88671875
474 0.88671875
475 0.88671875
476 0.88671875
477 0.88671875
478 0.88671875
479 0.88671875
480 0.88671875
481 0.88671875
482 0.88671875
483 0.88671875
484 0.88671875
485 0.88671875
486 0.88671875
487 0.88671875
488 0.88671875
489 0.88671875
490 0.88671875
491 0.88671875
492 0.88671875
493 0.88671875
494 0.88671875
495 0.88671875
496 0.88671875
497 0.88671875
498 0.88671875
499 0.88671875
500 0.88671875
501 0.88671875
502 0.88671875
503 0.88671875
504 0.88671875
505 0.88671875
506 0.88671875
507 0.88671875
508 0.88671875
509 0.88671875
510 0.88671875
511 0.88671875
512 0.88671875
513 0.88671875
514 0.88671875
515 0.88671875
516 0.88671875
517 0.88671875
518 0.88671875
519 0.88671875
520 0.88671875
521 0.88671875
522 0.88671875
523 0.88671875
524 0.88671875
525 0.88671875
526 0.88671875
527 0.88671875
528 0.88671875
529 0.88671875
530 0.88671875
531 0.88671875
532 0.88671875
533 0.88671875
534 0.88671875
535 0.88671875
536 0.88671875
537 0.88671875
538 0.88671875
539 0.88671875
540 0.88671875
541 0.88671875
542 0.88671875
543 0.88671875
544 0.88671875
545 0.88671875
546 0.88671875
547 0.88671875
548 0.88671875
549 0.88671875
550 0.88671875
551 0.88671875
552 0.88671875
553 0.88671875
554 0.88671875
555 0.88671875
556 0.88671875
557 0.88671875
558 0.88671875
559 0.88671875
560 0.88671875
561 0.88671875
562 0.88671875
563 0.88671875
564 0.88671875
565 0.88671875
566 0.88671875
567 0.88671875
568 0.88671875
569 0.88671875
570 0.88671875
571 0.88671875
572 0.88671875
573 0.88671875
574 0.88671875
575 0.88671875
576 0.88671875
577 0.88671875
578 0.88671875
579 0.88671875
580 0.88671875
581 0.88671875
582 0.88671875
583 0.88671875
584 0.88671875
585 0.88671875
586 0.88671875
587 0.88671875
588 0.88671875
589 0.88671875
590 0.88671875
591 0.88671875
592 0.88671875
593 0.88671875
594 0.88671875
595 0.88671875
596 0.88671875
597 0.88671875
598 0.88671875
599 0.88671875
600 0.88671875
601 0.88671875
602 0.88671875
603 0.88671875
604 0.88671875
605 0.88671875
606 0.88671875
607 0.88671875
608 0.88671875
609 0.88671875
610 0.88671875
611 0.88671875
612 0.88671875
613 0.88671875
614 0.88671875
615 0.88671875
616 0.88671875
617 0.88671875
618 0.88671875
619 0.88671875
620 0.88671875
621 0.88671875
622 0.88671875
623 0.88671875
624 0.88671875
625 0.88671875
626 0.88671875
627 0.88671875
628 0.88671875
629 0.88671875
630 0.88671875
631 0.88671875
632 0.88671875
633 0.88671875
634 0.88671875
635 0.88671875
636 0.88671875
637 0.88671875
638 0.88671875
639 0.88671875
640 0.88671875
641 0.88671875
642 0.88671875
643 0.88671875
644 0.88671875
645 0.88671875
646 0.88671875
647 0.88671875
648 0.88671875
649 0.88671875
650 0.88671875
651 0.88671875
652 0.88671875
653 0.88671875
654 0.88671875
655 0.88671875
656 0.88671875
657 0.88671875
658 0.88671875
659 0.88671875
660 0.88671875
661 0.88671875
662 0.88671875
663 0.88671875
664 0.88671875
665 0.88671875
666 0.88671875
667 0.88671875
668 0.88671875
669 0.88671875
670 0.88671875
671 0.88671875
672 0.88671875
673 0.88671875
674 0.88671875
675 0.88671875
676 0.88671875
677 0.88671875
678 0.88671875
679 0.88671875
680 0.88671875
681 0.88671875
682 0.88671875
683 0.88671875
684 0.88671875
685 0.88671875
686 0.88671875
687 0.88671875
688 0.88671875
689 0.88671875
690 0.88671875
691 0.88671875
692 0.88671875
693 0.88671875
694 0.88671875
695 0.88671875
696 0.88671875
697 0.88671875
698 0.88671875
699 0.88671875
700 0.88671875
701 0.88671875
702 0.88671875
703 0.88671875
704 0.88671875
705 0.88671875
706 0.88671875
707 0.88671875
708 0.88671875
709 0.88671875
710 0.88671875
711 0.88671875
712 0.88671875
713 0.88671875
714 0.88671875
715 0.88671875
716 0.88671875
717 0.88671875
718 0.88671875
719 0.88671875
720 0.88671875
721 0.88671875
722 0.88671875
723 0.88671875
724 0.88671875
725 0.88671875
726 0.88671875
727 0.88671875
728 0.88671875
729 0.88671875
730 0.88671875
731 0.88671875
732 0.88671875
733 0.88671875
734 0.88671875
735 0.88671875
736 0.88671875
737 0.88671875
738 0.88671875
739 0.88671875
740 0.88671875
741 0.88671875
742 0.88671875
743 0.88671875
744 0.88671875
745 0.88671875
746 0.88671875
747 0.88671875
748 0.88671875
749 0.88671875
750 0.88671875
751 0.88671875
752 0.88671875
753 0.88671875
754 0.88671875
755 0.88671875
756 0.88671875
757 0.88671875
758 0.88671875
759 0.88671875
760 0.88671875
761 0.88671875
762 0.88671875
763 0.88671875
764 0.88671875
765 0.88671875
766 0.88671875
767 0.88671875
768 0.88671875
769 0.88671875
770 0.88671875
771 0.88671875
772 0.88671875
773 0.88671875
774 0.88671875
775 0.88671875
776 0.88671875
777 0.88671875
778 0.88671875
779 0.88671875
780 0.88671875
781 0.88671875
782 0.88671875
783 0.88671875
784 0.88671875
785 0.88671875
786 0.88671875
787 0.88671875
788 0.88671875
789 0.88671875
790 0.88671875
791 0.88671875
792 0.88671875
793 0.88671875
794 0.88671875
795 0.88671875
796 0.88671875
797 0.88671875
798 0.88671875
799 0.88671875
800 0.88671875
801 0.88671875
802 0.88671875
803 0.88671875
804 0.88671875
805 0.88671875
806 0.88671875
807 0.88671875
808 0.88671875
809 0.88671875
810 0.88671875
811 0.88671875
812 0.88671875
813 0.88671875
814 0.88671875
815 0.88671875
816 0.88671875
817 0.88671875
818 0.88671875
819 0.88671875
820 0.88671875
821 0.88671875
822 0.88671875
823 0.88671875
824 0.88671875
825 0.88671875
826 0.88671875
827 0.88671875
828 0.88671875
829 0.88671875
830 0.88671875
831 0.88671875
832 0.88671875
833 0.88671875
834 0.88671875
835 0.88671875
836 0.88671875
837 0.88671875
838 0.88671875
839 0.88671875
840 0.88671875
841 0.88671875
842 0.88671875
843 0.88671875
844 0.88671875
845 0.88671875
846 0.88671875
847 0.88671875
848 0.88671875
849 0.88671875
850 0.88671875
851 0.88671875
852 0.88671875
853 0.88671875
854 0.88671875
855 0.88671875
856 0.88671875
857 0.88671875
858 0.88671875
859 0.88671875
860 0.88671875
861 0.88671875
862 0.88671875
863 0.88671875
864 0.88671875
865 0.88671875
866 0.88671875
867 0.88671875
868 0.88671875
869 0.88671875
870 0.88671875
871 0.88671875
872 0.88671875
873 0.88671875
874 0.88671875
875 0.88671875
876 0.88671875
877 0.88671875
878 0.88671875
879 0.88671875
880 0.88671875
881 0.88671875
882 0.88671875
883 0.88671875
884 0.88671875
885 0.88671875
886 0.88671875
887 0.88671875
888 0.88671875
889 0.88671875
890 0.88671875
891 0.88671875
892 0.88671875
893 0.88671875
894 0.88671875
895 0.88671875
896 0.88671875
897 0.88671875
898 0.88671875
899 0.88671875
900 0.88671875
901 0.88671875
902 0.88671875
903 0.88671875
904 0.88671875
905 0.88671875
906 0.88671875
907 0.88671875
908 0.88671875
909 0.88671875
910 0.88671875
911 0.88671875
912 0.88671875
913 0.88671875
914 0.88671875
915 0.88671875
916 0.88671875
917 0.88671875
918 0.88671875
919 0.88671875
920 0.88671875
921 0.88671875
922 0.88671875
923 0.88671875
924 0.88671875
925 0.88671875
926 0.88671875
927 0.88671875
928 0.88671875
929 0.88671875
930 0.88671875
931 0.88671875
932 0.88671875
933 0.88671875
934 0.88671875
935 0.88671875
936 0.88671875
937 0.88671875
938 0.88671875
939 0.88671875
940 0.88671875
941 0.88671875
942 0.88671875
943 0.88671875
944 0.88671875
945 0.88671875
946 0.88671875
947 0.88671875
948 0.88671875
949 0.88671875
950 0.88671875
951 0.88671875
952 0.88671875
953 0.88671875
954 0.88671875
955 0.88671875
956 0.88671875
957 0.88671875
958 0.88671875
959 0.88671875
960 0.88671875
961 0.88671875
962 0.88671875
963 0.88671875
964 0.88671875
965 0.88671875
966 0.88671875
967 0.88671875
968 0.88671875
969 0.88671875
970 0.88671875
971 0.88671875
972 0.88671875
973 0.88671875
974 0.88671875
975 0.88671875
976 0.88671875
977 0.88671875
978 0.88671875
979 0.88671875
980 0.88671875
981 0.88671875
982 0.88671875
983 0.88671875
984 0.88671875
985 0.88671875
986 0.88671875
987 0.88671875
988 0.88671875
989 0.88671875
990 0.88671875
991 0.88671875
992 0.88671875
993 0.88671875
994 0.88671875
995 0.88671875
996 0.88671875
997 0.88671875
998 0.88671875
999 0.88671875
1000 0.88671875
1001 0.88671875
1002 0.88671875
1003 0.88671875
1004 0.88671875
1005 0.88671875
1006 0.88671875
1007 0.88671875
1008 0.88671875
1009 0.88671875
1010 0.88671875
1011 0.88671875
1012 0.88671875
1013 0.88671875
1014 0.88671875
1015 0.88671875
1016 0.88671875
1017 0.88671875
1018 0.88671875
1019 0.88671875
1020 0.88671875
1021 0.88671875
1022 0.88671875
1023 0.88671875
1024 0.88671875
1025 0.88671875
1026 0.88671875
1027 0.88671875
1028 0.88671875
1029 0.88671875
1030 0.88671875
1031 0.88671875
1032 0.88671875
1033 0.88671875
1034 0.88671875
1035 0.88671875
1036 0.88671875
1037 0.88671875
1038 0.88671875
1039 0.88671875
1040 0.88671875
1041 0.88671875
1042 0.88671875
1043 0.88671875
1044 0.88671875
1045 0.88671875
1046 0.88671875
1047 0.88671875
1048 0.88671875
1049 0.88671875
1050 0.88671875
1051 0.88671875
1052 0.88671875
1053 0.88671875
1054 0.88671875
1055 0.88671875
1056 0.88671875
1057 0.88671875
1058 0.88671875
1059 0.88671875
1060 0.88671875
1061 0.88671875
1062 0.88671875
1063 0.88671875
1064 0.88671875
1065 0.88671875
1066 0.88671875
1067 0.88671875
1068 0.88671875
1069 0.88671875
1070 0.88671875
1071 0.88671875
1072 0.88671875
1073 0.88671875
1074 0.88671875
1075 0.88671875
1076 0.88671875
1077 0.88671875
1078 0.88671875
1079 0.88671875
1080 0.88671875
1081 0.88671875
1082 0.88671875
1083 0.88671875
1084 0.88671875
1085 0.88671875
1086 0.88671875
1087 0.88671875
1088 0.88671875
1089 0.88671875
1090 0.88671875
1091 0.88671875
1092 0.88671875
1093 0.88671875
1094 0.88671875
1095 0.88671875
1096 0.88671875
1097 0.88671875
1098 0.88671875
1099 0.88671875
1100 0.88671875
1101 0.88671875
1102 0.88671875
1103 0.88671875
1104 0.88671875
1105 0.88671875
1106 0.88671875
1107 0.88671875
1108 0.88671875
1109 0.88671875
1110 0.88671875
1111 0.88671875
1112 0.88671875
1113 0.88671875
1114 0.88671875
1115 0.88671875
1116 0.88671875
1117 0.88671875
1118 0.88671875
1119 0.88671875
1120 0.88671875
1121 0.88671875
1122 0.88671875
1123 0.88671875
1124 0.88671875
1125 0.88671875
1126 0.88671875
1127 0.88671875
1128 0.88671875
1129 0.88671875
1130 0.88671875
1131 0.88671875
1132 0.88671875
1133 0.88671875
1134 0.88671875
1135 0.88671875
1136 0.88671875
1137 0.88671875
1138 0.88671875
1139 0.88671875
1140 0.88671875
1141 0.88671875
1142 0.88671875
1143 0.88671875
1144 0.88671875
1145 0.88671875
1146 0.88671875
1147 0.88671875
1148 0.88671875
1149 0.88671875
1150 0.88671875
1151 0.88671875
1152 0.88671875
1153 0.88671875
1154 0.88671875
1155 0.88671875
1156 0.88671875
1157 0.88671875
1158 0.88671875
1159 0.88671875
1160 0.88671875
1161 0.88671875
1162 0.88671875
1163 0.88671875
1164 0.88671875
1165 0.88671875
1166 0.88671875
1167 0.88671875
1168 0.88671875
1169 0.88671875
1170 0.88671875
1171 0.88671875
1172 0.88671875
1173 0.88671875
1174 0.88671875
1175 0.88671875
1176 0.88671875
1177 0.88671875
1178 0.88671875
1179 0.88671875
1180 0.88671875
1181 0.88671875
1182 0.88671875
1183 0.88671875
1184 0.88671875
1185 0.88671875
1186 0.88671875
1187 0.88671875
1188 0.88671875
1189 0.88671875
1190 0.88671875
1191 0.88671875
1192 0.88671875
1193 0.88671875
1194 0.88671875
1195 0.88671875
1196 0.88671875
1197 0.88671875
1198 0.88671875
1199 0.88671875
1200 0.88671875
1201 0.88671875
1202 0.88671875
1203 0.88671875
1204 0.88671875
1205 0.88671875
1206 0.88671875
1207 0.88671875
1208 0.88671875
1209 0.88671875
1210 0.88671875
1211 0.88671875
1212 0.88671875
1213 0.88671875
1214 0.88671875
1215 0.88671875
1216 0.88671875
1217 0.88671875
1218 0.88671875
1219 0.88671875
1220 0.88671875
1221 0.88671875
1222 0.88671875
1223 0.88671875
1224 0.88671875
1225 0.88671875
1226 0.88671875
1227 0.88671875
1228 0.88671875
1229 0.88671875
1230 0.88671875
1231 0.88671875
1232 0.88671875
1233 0.88671875
1234 0.88671875
1235 0.88671875
1236 0.88671875
1237 0.88671875
1238 0.88671875
1239 0.88671875
1240 0.88671875
1241 0.88671875
1242 0.88671875
1243 0.88671875
1244 0.88671875
1245 0.88671875
1246 0.88671875
1247 0.88671875
1248 0.88671875
1249 0.88671875
1250 0.88671875
1251 0.88671875
1252 0.88671875
1253 0.88671875
1254 0.88671875
1255 0.88671875
1256 0.88671875
1257 0.88671875
1258 0.88671875
1259 0.88671875
1260 0.88671875
1261 0.88671875
1262 0.88671875
1263 0.88671875
1264 0.88671875
1265 0.88671875
1266 0.88671875
1267 0.88671875
1268 0.88671875
1269 0.88671875
1270 0.88671875
1271 0.88671875
1272 0.88671875
1273 0.88671875
1274 0.88671875
1275 0.88671875
1276 0.88671875
1277 0.88671875
1278 0.88671875
1279 0.88671875
1280 0.88671875
1281 0.88671875
1282 0.88671875
1283 0.88671875
1284 0.88671875
1285 0.88671875
1286 0.88671875
1287 0.88671875
1288 0.88671875
1289 0.88671875
1290 0.88671875
1291 0.88671875
1292 0.88671875
1293 0.88671875
1294 0.88671875
1295 0.88671875
1296 0.88671875
1297 0.88671875
1298 0.88671875
1299 0.88671875
1300 0.88671875
1301 0.88671875
1302 0.88671875
1303 0.88671875
1304 0.88671875
1305 0.88671875
1306 0.88671875
1307 0.88671875
1308 0.88671875
1309 0.88671875
1310 0.88671875
1311 0.88671875
1312 0.88671875
1313 0.88671875
1314 0.88671875
1315 0.88671875
1316 0.88671875
1317 0.88671875
1318 0.88671875
1319 0.88671875
1320 0.88671875
1321 0.88671875
1322 0.88671875
1323 0.88671875
1324 0.88671875
1325 0.88671875
1326 0.88671875
1327 0.88671875
1328 0.88671875
1329 0.88671875
1330 0.88671875
1331 0.88671875
1332 0.88671875
1333 0.88671875
1334 0.88671875
1335 0.88671875
1336 0.88671875
1337 0.88671875
1338 0.88671875
1339 0.88671875
1340 0.88671875
1341 0.88671875
1342 0.88671875
1343 0.88671875
1344 0.88671875
1345 0.88671875
1346 0.88671875
1347 0.88671875
1348 0.88671875
1349 0.88671875
1350 0.88671875
1351 0.88671875
1352 0.88671875
1353 0.88671875
1354 0.88671875
1355 0.88671875
1356 0.88671875
1357 0.88671875
1358 0.88671875
1359 0.88671875
1360 0.88671875
1361 0.88671875
1362 0.88671875
1363 0.88671875
1364 0.88671875
1365 0.88671875
1366 0.88671875
1367 0.88671875
1368 0.88671875
1369 0.88671875
1370 0.88671875
1371 0.88671875
1372 0.88671875
1373 0.88671875
1374 0.88671875
1375 0.88671875
1376 0.88671875
1377 0.88671875
1378 0.88671875
1379 0.88671875
1380 0.88671875
1381 0.88671875
1382 0.88671875
1383 0.88671875
1384 0.88671875
1385 0.88671875
1386 0.88671875
1387 0.88671875
1388 0.88671875
1389 0.88671875
1390 0.88671875
1391 0.88671875
1392 0.88671875
1393 0.88671875
1394 0.88671875
1395 0.88671875
1396 0.88671875
1397 0.88671875
1398 0.88671875
1399 0.88671875
1400 0.88671875
1401 0.88671875
1402 0.88671875
1403 0.88671875
1404 0.88671875
1405 0.88671875
1406 0.88671875
1407 0.88671875
1408 0.88671875
1409 0.88671875
1410 0.88671875
1411 0.88671875
1412 0.88671875
1413 0.88671875
1414 0.88671875
1415 0.88671875
1416 0.88671875
1417 0.88671875
1418 0.88671875
1419 0.88671875
1420 0.88671875
1421 0.88671875
1422 0.88671875
1423 0.88671875
1424 0.88671875
1425 0.88671875
1426 0.88671875
1427 0.88671875
1428 0.88671875
1429 0.88671875
1430 0.88671875
1431 0.88671875
1432 0.88671875
1433 0.88671875
1434 0.88671875
1435 0.88671875
1436 0.88671875
1437 0.88671875
1438 0.88671875
1439 0.88671875
1440 0.88671875
1441 0.88671875
1442 0.88671875
1443 0.88671875
1444 0.88671875
1445 0.88671875
1446 0.88671875
1447 0.88671875
1448 0.88671875
1449 0.88671875
1450 0.88671875
1451 0.88671875
1452 0.88671875
1453 0.88671875
1454 0.88671875
1455 0.88671875
1456 0.88671875
1457 0.88671875
1458 0.88671875
1459 0.88671875
1460 0.88671875
1461 0.88671875
1462 0.88671875
1463 0.88671875
1464 0.88671875
1465 0.88671875
1466 0.88671875
1467 0.88671875
1468 0.88671875
1469 0.88671875
1470 0.88671875
1471 0.88671875
1472 0.88671875
1473 0.88671875
1474 0.88671875
1475 0.88671875
1476 0.88671875
1477 0.88671875
1478 0.88671875
1479 0.88671875
1480 0.88671875
1481 0.88671875
1482 0.88671875
1483 0.88671875
1484 0.88671875
1485 0.88671875
1486 0.88671875
1487 0.88671875
1488 0.88671875
1489 0.88671875
1490 0.88671875
1491 0.88671875
1492 0.88671875
1493 0.88671875
1494 0.88671875
1495 0.88671875
1496 0.88671875
1497 0.88671875
1498 0.88671875
1499 0.88671875
1500 0.88671875
1501 0.88671875
1502 0.88671875
1503 0.88671875
1504 0.88671875
1505 0.88671875
1506 0.88671875
1507 0.88671875
1508 0.88671875
1509 0.88671875
1510 0.88671875
1511 0.88671875
1512 0.88671875
1513 0.88671875
1514 0.88671875
1515 0.88671875
1516 0.88671875
1517 0.88671875
1518 0.88671875
1519 0.88671875
1520 0.88671875
1521 0.88671875
1522 0.88671875
1523 0.88671875
1524 0.88671875
1525 0.88671875
1526 0.88671875
1527 0.88671875
1528 0.88671875
1529 0.88671875
1530 0.88671875
1531 0.88671875
1532 0.88671875
1533 0.88671875
1534 0.88671875
1535 0.88671875
1536 0.88671875
1537 0.88671875
1538 0.88671875
1539 0.88671875
1540 0.88671875
1541 0.88671875
1542 0.88671875
1543 0.88671875
1544 0.88671875
1545 0.88671875
1546 0.88671875
1547 0.88671875
1548 0.88671875
1549 0.88671875
1550 0.88671875
1551 0.88671875
1552 0.88671875
1553 0.88671875
1554 0.88671875
1555 0.88671875
1556 0.88671875
1557 0.88671875
1558 0.88671875
1559 0.88671875
1560 0.88671875
1561 0.88671875
1562 0.88671875
1563 0.88671875
1564 0.88671875
1565 0.88671875
1566 0.88671875
1567 0.88671875
1568 0.88671875
1569 0.88671875
1570 0.88671875
1571 0.88671875
1572 0.88671875
1573 0.88671875
1574 0.88671875
1575 0.88671875
1576 0.88671875
1577 0.88671875
1578 0.88671875
1579 0.88671875
1580 0.88671875
1581 0.88671875
1582 0.88671875
1583 0.88671875
1584 0.88671875
1585 0.88671875
1586 0.88671875
1587 0.88671875
1588 0.88671875
1589 0.88671875
1590 0.88671875
1591 0.88671875
1592 0.88671875
1593 0.88671875
1594 0.88671875
1595 0.88671875
1596 0.88671875
1597 0.88671875
1598 0.88671875
1599 0.88671875
1600 0.88671875
1601 0.88671875
1602 0.88671875
1603 0.88671875
1604 0.88671875
1605 0.88671875
1606 0.88671875
1607 0.88671875
1608 0.88671875
1609 0.88671875
1610 0.88671875
1611 0.88671875
1612 0.88671875
1613 0.88671875
1614 0.88671875
1615 0.88671875
1616 0.88671875
1617 0.88671875
1618 0.88671875
1619 0.88671875
1620 0.88671875
1621 0.88671875
1622 0.88671875
1623 0.88671875
1624 0.88671875
1625 0.88671875
1626 0.88671875
1627 0.88671875
1628 0.88671875
1629 0.88671875
1630 0.88671875
1631 0.88671875
1632 0.88671875
1633 0.88671875
1634 0.88671875
1635 0.88671875
1636 0.88671875
1637 0.88671875
1638 0.88671875
1639 0.88671875
1640 0.88671875
1641 0.88671875
1642 0.88671875
1643 0.88671875
1644 0.88671875
1645 0.88671875
1646 0.88671875
1647 0.88671875
1648 0.88671875
1649 0.88671875
1650 0.88671875
1651 0.88671875
1652 0.88671875
1653 0.88671875
1654 0.88671875
1655 0.88671875
1656 0.88671875
1657 0.88671875
1658 0.88671875
1659 0.88671875
1660 0.88671875
1661 0.88671875
1662 0.88671875
1663 0.88671875
1664 0.88671875
1665 0.88671875
1666 0.88671875
1667 0.88671875
1668 0.88671875
1669 0.88671875
1670 0.88671875
1671 0.88671875
1672 0.88671875
1673 0.88671875
1674 0.88671875
1675 0.88671875
1676 0.88671875
1677 0.88671875
1678 0.88671875
1679 0.88671875
1680 0.88671875
1681 0.88671875
1682 0.88671875
1683 0.88671875
1684 0.88671875
1685 0.88671875
1686 0.88671875
1687 0.88671875
1688 0.88671875
1689 0.88671875
1690 0.88671875
1691 0.88671875
1692 0.88671875
1693 0.88671875
1694 0.88671875
1695 0.88671875
1696 0.88671875
1697 0.88671875
1698 0.88671875
1699 0.88671875
1700 0.88671875
1701 0.88671875
1702 0.88671875
1703 0.88671875
1704 0.88671875
1705 0.88671875
1706 0.88671875
1707 0.88671875
1708 0.88671875
1709 0.88671875
1710 0.88671875
1711 0.88671875
1712 0.88671875
1713 0.88671875
1714 0.88671875
1715 0.88671875
1716 0.88671875
1717 0.88671875
1718 0.88671875
1719 0.88671875
1720 0.88671875
1721 0.88671875
1722 0.88671875
1723 0.88671875
1724 0.88671875
1725 0.88671875
1726 0.88671875
1727 0.88671875
1728 0.88671875
1729 0.88671875
1730 0.88671875
1731 0.88671875
1732 0.88671875
1733 0.88671875
1734 0.88671875
1735 0.88671875
1736 0.88671875
1737 0.88671875
1738 0.88671875
1739 0.88671875
1740 0.88671875
1741 0.88671875
1742 0.88671875
1743 0.88671875
1744 0.88671875
1745 0.88671875
1746 0.88671875
1747 0.88671875
1748 0.88671875
1749 0.88671875
1750 0.88671875
1751 0.88671875
1752 0.88671875
1753 0.88671875
1754 0.88671875
1755 0.88671875
1756 0.88671875
1757 0.88671875
1758 0.88671875
1759 0.88671875
1760 0.88671875
1761 0.88671875
1762 0.88671875
1763 0.88671875
1764 0.88671875
1765 0.88671875
1766 0.88671875
1767 0.88671875
1768 0.88671875
1769 0.88671875
1770 0.88671875
1771 0.88671875
1772 0.88671875
1773 0.88671875
1774 0.88671875
1775 0.88671875
1776 0.88671875
1777 0.88671875
1778 0.88671875
1779 0.88671875
1780 0.88671875
1781 0.88671875
1782 0.88671875
1783 0.88671875
1784 0.88671875
1785 0.88671875
1786 0.88671875
1787 0.88671875
1788 0.88671875
1789 0.88671875
1790 0.88671875
1791 0.88671875
1792 0.88671875
1793 0.88671875
1794 0.88671875
1795 0.88671875
1796 0.88671875
1797 0.88671875
1798 0.88671875
1799 0.88671875
1800 0.88671875
1801 0.88671875
1802 0.88671875
1803 0.88671875
1804 0.88671875
1805 0.88671875
1806 0.88671875
1807 0.88671875
1808 0.88671875
1809 0.88671875
1810 0.88671875
1811 0.88671875
1812 0.88671875
1813 0.88671875
1814 0.88671875
1815 0.88671875
1816 0.88671875
1817 0.88671875
1818 0.88671875
1819 0.88671875
1820 0.88671875
1821 0.88671875
1822 0.88671875
1823 0.88671875
1824 0.88671875
1825 0.88671875
1826 0.88671875
1827 0.88671875
1828 0.88671875
1829 0.88671875
1830 0.88671875
1831 0.88671875
1832 0.88671875
1833 0.88671875
1834 0.88671875
1835 0.88671875
1836 0.88671875
1837 0.88671875
1838 0.88671875
1839 0.88671875
1840 0.88671875
1841 0.88671875
1842 0.88671875
1843 0.88671875
1844 0.88671875
1845 0.88671875
1846 0.88671875
1847 0.88671875
1848 0.88671875
1849 0.88671875
1850 0.88671875
1851 0.88671875
1852 0.88671875
1853 0.88671875
1854 0.88671875
1855 0.88671875
1856 0.88671875
1857 0.88671875
1858 0.88671875
1859 0.88671875
1860 0.88671875
1861 0.88671875
1862 0.88671875
1863 0.88671875
1864 0.88671875
1865 0.88671875
1866 0.88671875
1867 0.88671875
1868 0.88671875
1869 0.88671875
1870 0.88671875
1871 0.88671875
1872 0.88671875
1873 0.88671875
1874 0.88671875
1875 0.88671875
1876 0.88671875
1877 0.88671875
1878 0.88671875
1879 0.88671875
1880 0.88671875
1881 0.88671875
1882 0.88671875
1883 0.88671875
1884 0.88671875
1885 0.88671875
1886 0.88671875
1887 0.88671875
1888 0.88671875
1889 0.88671875
1890 0.88671875
1891 0.88671875
1892 0.88671875
1893 0.88671875
1894 0.88671875
1895 0.88671875
1896 0.88671875
1897 0.88671875
1898 0.88671875
1899 0.88671875
1900 0.88671875
1901 0.88671875
1902 0.88671875
1903 0.88671875
1904 0.88671875
1905 0.88671875
1906 0.88671875
1907 0.88671875
1908 0.88671875
1909 0.88671875
1910 0.88671875
1911 0.88671875
1912 0.88671875
1913 0.88671875
1914 0.88671875
1915 0.88671875
1916 0.88671875
1917 0.88671875
1918 0.88671875
1919 0.88671875
1920 0.88671875
1921 0.88671875
1922 0.88671875
1923 0.88671875
1924 0.88671875
1925 0.88671875
1926 0.88671875
1927 0.88671875
1928 0.88671875
1929 0.88671875
1930 0.88671875
1931 0.88671875
1932 0.88671875
1933 0.88671875
1934 0.88671875
1935 0.88671875
1936 0.88671875
1937 0.88671875
1938 0.88671875
1939 0.88671875
1940 0.88671875
1941 0.88671875
1942 0.88671875
1943 0.88671875
1944 0.88671875
1945 0.88671875
1946 0.88671875
1947 0.88671875
1948 0.88671875
1949 0.88671875
1950 0.88671875
1951 0.88671875
1952 0.88671875
1953 0.88671875
1954 0.88671875
1955 0.88671875
1956 0.88671875
1957 0.88671875
1958 0.88671875
1959 0.88671875
1960 0.88671875
1961 0.88671875
1962 0.88671875
1963 0.88671875
1964 0.88671875
1965 0.88671875
1966 0.88671875
1967 0.88671875
1968 0.88671875
1969 0.88671875
1970 0.88671875
1971 0.88671875
1972 0.88671875
1973 0.88671875
1974 0.88671875
1975 0.88671875
1976 0.88671875
1977 0.88671875
1978 0.88671875
1979 0.88671875
1980 0.88671875
1981 0.88671875
1982 0.88671875
1983 0.88671875
1984 0.88671875
1985 0.88671875
1986 0.88671875
1987 0.88671875
1988 0.88671875
1989 0.88671875
1990 0.88671875
1991 0.88671875
1992 0.88671875
1993 0.88671875
1994 0.88671875
1995 0.88671875
1996 0.88671875
1997 0.88671875
1998 0.88671875
1999 0.88671875
2000 0.88671875
2001 0.88671875
2002 0.88671875
2003 0.88671875
2004 0.88671875
2005 0.88671875
2006 0.88671875
2007 0.88671875
2008 0.88671875
2009 0.88671875
2010 0.88671875
2011 0.88671875
2012 0.88671875
2013 0.88671875
2014 0.88671875
2015 0.88671875
2016 0.88671875
2017 0.88671875
2018 0.88671875
2019 0.88671875
2020 0.88671875
2021 0.88671875
2022 0.88671875
2023 0.88671875
2024 0.88671875
2025 0.88671875
2026 0.88671875
2027 0.88671875
2028 0.88671875
2029 0.88671875
2030 0.88671875
2031 0.88671875
2032 0.88671875
2033 0.88671875
2034 0.88671875
2035 0.88671875
2036 0.88671875
2037 0.88671875
2038 0.88671875
2039 0.88671875
2040 0.88671875
2041 0.88671875
2042 0.88671875
2043 0.88671875
2044 0.88671875
2045 0.88671875
2046 0.88671875
2047 0.88671875
2048 0.88671875
2049 0.88671875
2050 0.88671875
2051 0.88671875
2052 0.88671875
2053 0.88671875
2054 0.88671875
2055 0.88671875
2056 0.88671875
2057 0.88671875
2058 0.88671875
2059 0.88671875
2060 0.88671875
2061 0.88671875
2062 0.88671875
2063 0.88671875
2064 0.88671875
2065 0.88671875
2066 0.88671875
2067 0.88671875
2068 0.88671875
2069 0.88671875
2070 0.88671875
2071 0.88671875
2072 0.88671875
2073 0.88671875
2074 0.88671875
2075 0.88671875
2076 0.88671875
2077 0.88671875
2078 0.88671875
2079 0.88671875
2080 0.88671875
2081 0.88671875
2082 0.88671875
2083 0.88671875
2084 0.88671875
2085 0.88671875
2086 0.88671875
2087 0.88671875
2088 0.88671875
2089 0.88671875
2090 0.88671875
2091 0.88671875
2092 0.88671875
2093 0.88671875
2094 0.88671875
2095 0.88671875
2096 0.88671875
2097 0.88671875
2098 0.88671875
2099 0.88671875
2100 0.88671875
2101 0.88671875
2102 0.88671875
2103 0.88671875
2104 0.88671875
2105 0.88671875
2106 0.88671875
2107 0.88671875
2108 0.88671875
2109 0.88671875
2110 0.88671875
2111 0.88671875
2112 0.88671875
2113 0.88671875
2114 0.88671875
2115 0.88671875
2116 0.88671875
2117 0.88671875
2118 0.88671875
2119 0.88671875
2120 0.88671875
2121 0.88671875
2122 0.88671875
2123 0.88671875
2124 0.88671875
2125 0.88671875
2126 0.88671875
2127 0.88671875
2128 0.88671875
2129 0.88671875
2130 0.88671875
2131 0.88671875
2132 0.88671875
2133 0.88671875
2134 0.88671875
2135 0.88671875
2136 0.88671875
2137 0.88671875
2138 0.88671875
2139 0.88671875
2140 0.88671875
2141 0.88671875
2142 0.88671875
2143 0.88671875
2144 0.88671875
2145 0.88671875
2146 0.88671875
2147 0.88671875
2148 0.88671875
2149 0.88671875
2150 0.88671875
2151 0.88671875
2152 0.88671875
2153 0.88671875
2154 0.88671875
2155 0.88671875
2156 0.88671875
2157 0.88671875
2158 0.88671875
2159 0.88671875
2160 0.88671875
2161 0.88671875
2162 0.88671875
2163 0.88671875
2164 0.88671875
2165 0.88671875
2166 0.88671875
2167 0.88671875
2168 0.88671875
2169 0.88671875
2170 0.88671875
2171 0.88671875
2172 0.88671875
2173 0.88671875
2174 0.88671875
2175 0.88671875
2176 0.88671875
2177 0.88671875
2178 0.88671875
2179 0.88671875
2180 0.88671875
2181 0.88671875
2182 0.88671875
2183 0.88671875
2184 0.88671875
2185 0.88671875
2186 0.88671875
2187 0.88671875
2188 0.88671875
2189 0.88671875
2190 0.88671875
2191 0.88671875
2192 0.88671875
2193 0.88671875
2194 0.88671875
2195 0.88671875
2196 0.88671875
2197 0.88671875
2198 0.88671875
2199 0.88671875
2200 0.88671875
2201 0.88671875
2202 0.88671875
2203 0.88671875
2204 0.88671875
2205 0.88671875
2206 0.88671875
2207 0.88671875
2208 0.88671875
2209 0.88671875
2210 0.88671875
2211 0.88671875
2212 0.88671875
2213 0.88671875
2214 0.88671875
2215 0.88671875
2216 0.88671875
2217 0.88671875
2218 0.88671875
2219 0.88671875
2220 0.88671875
2221 0.88671875
2222 0.88671875
2223 0.88671875
2224 0.88671875
2225 0.88671875
2226 0.88671875
2227 0.88671875
2228 0.88671875
2229 0.88671875
2230 0.88671875
2231 0.88671875
2232 0.88671875
2233 0.88671875
2234 0.88671875
2235 0.88671875
2236 0.88671875
2237 0.88671875
2238 0.88671875
2239 0.88671875
2240 0.88671875
2241 0.88671875
2242 0.88671875
2243 0.88671875
2244 0.88671875
2245 0.88671875
2246 0.88671875
2247 0.88671875
2248 0.88671875
2249 0.88671875
2250 0.88671875
2251 0.88671875
2252 0.88671875
2253 0.88671875
2254 0.88671875
2255 0.88671875
2256 0.88671875
2257 0.88671875
2258 0.88671875
2259 0.88671875
2260 0.88671875
2261 0.88671875
2262 0.88671875
2263 0.88671875
2264 0.88671875
2265 0.88671875
2266 0.88671875
2267 0.88671875
2268 0.88671875
2269 0.88671875
2270 0.88671875
2271 0.88671875
2272 0.88671875
2273 0.88671875
2274 0.88671875
2275 0.88671875
2276 0.88671875
2277 0.88671875
2278 0.88671875
2279 0.88671875
2280 0.88671875
2281 0.88671875
2282 0.88671875
2283 0.88671875
2284 0.88671875
2285 0.88671875
2286 0.88671875
2287 0.88671875
2288 0.88671875
2289 0.88671875
2290 0.88671875
2291 0.88671875
2292 0.88671875
2293 0.88671875
2294 0.88671875
2295 0.88671875
2296 0.88671875
2297 0.88671875
2298 0.88671875
2299 0.88671875
2300 0.88671875
2301 0.88671875
2302 0.88671875
2303 0.88671875
2304 0.88671875
2305 0.88671875
2306 0.88671875
2307 0.88671875
2308 0.88671875
2309 0.88671875
2310 0.88671875
2311 0.88671875
2312 0.88671875
2313 0.88671875
2314 0.88671875
2315 0.88671875
2316 0.88671875
2317 0.88671875
2318 0.88671875
2319 0.88671875
2320 0.88671875
2321 0.88671875
2322 0.88671875
2323 0.88671875
2324 0.88671875
2325 0.88671875
2326 0.88671875
2327 0.88671875
2328 0.88671875
2329 0.88671875
2330 0.88671875
2331 0.88671875
2332 0.88671875
2333 0.88671875
2334 0.88671875
2335 0.88671875
2336 0.88671875
2337 0.88671875
2338 0.88671875
2339 0.88671875
2340 0.88671875
2341 0.88671875
2342 0.88671875
2343 0.88671875
2344 0.88671875
2345 0.88671875
2346 0.88671875
2347 0.88671875
2348 0.88671875
2349 0.88671875
2350 0.88671875
2351 0.88671875
2352 0.88671875
2353 0.88671875
2354 0.88671875
2355 0.88671875
2356 0.88671875
2357 0.88671875
2358 0.88671875
2359 0.88671875
2360 0.88671875
2361 0.88671875
2362 0.88671875
2363 0.88671875
2364 0.88671875
2365 0.88671875
2366 0.88671875
2367 0.88671875
2368 0.88671875
2369 0.88671875
2370 0.88671875
2371 0.88671875
2372 0.88671875
2373 0.88671875
2374 0.88671875
2375 0.88671875
2376 0.88671875
2377 0.88671875
2378 0.88671875
2379 0.88671875
2380 0.88671875
2381 0.88671875
2382 0.88671875
2383 0.88671875
2384 0.88671875
2385 0.88671875
2386 0.88671875
2387 0.88671875
2388 0.88671875
2389 0.88671875
2390 0.88671875
2391 0.88671875
2392 0.88671875
2393 0.88671875
2394 0.88671875
2395 0.88671875
2396 0.88671875
2397 0.88671875
2398 0.88671875
2399 0.88671875
2400 0.88671875
2401 0.88671875
2402 0.88671875
2403 0.88671875
2404 0.88671875
2405 0.88671875
2406 0.88671875
2407 0.88671875
2408 0.88671875
2409 0.88671875
2410 0.88671875
2411 0.88671875
2412 0.88671875
2413 0.88671875
2414 0.88671875
2415 0.88671875
2416 0.88671875
2417 0.88671875
2418 0.88671875
2419 0.88671875
2420 0.88671875
2421 0.88671875
2422 0.88671875
2423 0.88671875
2424 0.88671875
2425 0.88671875
2426 0.88671875
2427 0.88671875
2428 0.88671875
2429 0.88671875
2430 0.88671875
2431 0.88671875
2432 0.88671875
2433 0.88671875
2434 0.88671875
2435 0.88671875
2436 0.88671875
2437 0.88671875
2438 0.88671875
2439 0.88671875
2440 0.88671875
2441 0.88671875
2442 0.88671875
2443 0.88671875
2444 0.88671875
2445 0.88671875
2446 0.88671875
2447 0.88671875
2448 0.88671875
2449 0.88671875
2450 0.88671875
2451 0.88671875
2452 0.88671875
2453 0.88671875
2454 0.88671875
2455 0.88671875
2456 0.88671875
2457 0.88671875
2458 0.88671875
2459 0.88671875
2460 0.88671875
2461 0.88671875
2462 0.88671875
2463 0.88671875
2464 0.88671875
2465 0.88671875
2466 0.88671875
2467 0.88671875
2468 0.88671875
2469 0.88671875
2470 0.88671875
2471 0.88671875
2472 0.88671875
2473 0.88671875
2474 0.88671875
2475 0.88671875
2476 0.88671875
2477 0.88671875
2478 0.88671875
2479 0.88671875
2480 0.88671875
2481 0.88671875
2482 0.88671875
2483 0.88671875
2484 0.88671875
2485 0.88671875
2486 0.88671875
2487 0.88671875
2488 0.88671875
2489 0.88671875
2490 0.88671875
2491 0.88671875
2492 0.88671875
2493 0.88671875
2494 0.88671875
2495 0.88671875
2496 0.88671875
2497 0.88671875
2498 0.88671875
2499 0.88671875
