0 0.58203125
1 0.6015625
2 0.625
3 0.65625
4 0.65625
5 0.65625
6 0.65625
7 0.65625
8 0.65625
9 0.7265625
10 0.7265625
11 0.7265625
12 0.7265625
13 0.7578125
14 0.77734375
15 0.77734375
16 0.77734375
17 0.77734375
18 0.77734375
19 0.78125
20 0.78125
21 0.78125
22 0.78125
23 0.78125
24 0.84375
25 0.84375
26 0.84375
27 0.84375
28 0.84375
29 0.84375
30 0.84375
31 0.84375
32 0.84375
33 0.84375
34 0.84375
35 0.84375
36 0.84375
37 0.84375
38 0.84375
39 0.84375
40 0.84375
41 0.84375
42 0.84375
43 0.84375
44 0.84375
45 0.84375
46 0.84375
47 0.84375
48 0.84375
49 0.84375
50 0.84375
51 0.84375
52 0.84375
53 0.84375
54 0.84375
55 0.84375
56 0.84375
57 0.84375
58 0.84375
59 0.84375
60 0.84375
61 0.84375
62 0.84375
63 0.84375
64 0.84375
65 0.84375
66 0.84375
67 0.84375
68 0.84375
69 0.84375
70 0.84375
71 0.84375
72 0.84375
73 0.84375
74 0.84375
75 0.84375
76 0.84375
77 0.84375
78 0.84375
79 0.84375
80 0.84375
81 0.84375
82 0.84375
83 0.84375
84 0.84375
85 0.84375
86 0.84375
87 0.84375
88 0.84375
89 0.84375
90 0.84375
91 0.84375
92 0.84375
93 0.84375
94 0.84375
95 0.84375
96 0.84375
97 0.84375
98 0.84375
99 0.84375
100 0.84375
101 0.84375
102 0.84375
103 0.84375
104 0.84375
105 0.84375
106 0.84375
107 0.84375
108 0.84375
109 0.84375
110 0.84375
111 0.84375
112 0.84375
113 0.84375
114 0.84375
115 0.84375
116 0.84375
117 0.84375
118 0.84375
119 0.84375
120 0.84375
121 0.84375
122 0.84375
123 0.84375
124 0.84375
125 0.84375
126 0.84375
127 0.84375
128 0.84375
129 0.84375
130 0.84375
131 0.84375
132 0.84375
133 0.84375
134 0.84375
135 0.84375
136 0.84375
137 0.84375
138 0.84375
139 0.84375
140 0.84375
141 0.84375
142 0.84375
143 0.84375
144 0.84375
145 0.84375
146 0.84375
147 0.84375
148 0.84375
149 0.84375
150 0.84375
151 0.84375
152 0.84375
153 0.84375
154 0.84375
155 0.86328125
156 0.86328125
157 0.86328125
158 0.86328125
159 0.86328125
160 0.86328125
161 0.86328125
162 0.86328125
163 0.86328125
164 0.86328125
165 0.86328125
166 0.86328125
167 0.86328125
168 0.86328125
169 0.86328125
170 0.86328125
171 0.86328125
172 0.86328125
173 0.86328125
174 0.86328125
175 0.86328125
176 0.86328125
177 0.86328125
178 0.86328125
179 0.86328125
180 0.86328125
181 0.86328125
182 0.86328125
183 0.86328125
184 0.86328125
185 0.86328125
186 0.86328125
187 0.86328125
188 0.86328125
189 0.86328125
190 0.86328125
191 0.86328125
192 0.86328125
193 0.8828125
194 0.8828125
195 0.8828125
196 0.8828125
197 0.8828125
198 0.8828125
199 0.8828125
200 0.8828125
201 0.8828125
202 0.8828125
203 0.8828125
204 0.8828125
205 0.8828125
206 0.8828125
207 0.8828125
208 0.8828125
209 0.8828125
210 0.8828125
211 0.8828125
212 0.8828125
213 0.8828125
214 0.8828125
215 0.8828125
216 0.8828125
217 0.8828125
218 0.8828125
219 0.8828125
220 0.8828125
221 0.8828125
222 0.8828125
223 0.8828125
224 0.8828125
225 0.8828125
226 0.8828125
227 0.8828125
228 0.8828125
229 0.8828125
230 0.8828125
231 0.8828125
232 0.8828125
233 0.8828125
234 0.8828125
235 0.88671875
236 0.88671875
237 0.88671875
238 0.88671875
239 0.88671875
240 0.88671875
241 0.88671875
242 0.88671875
243 0.88671875
244 0.88671875
245 0.88671875
246 0.88671875
247 0.88671875
248 0.88671875
249 0.88671875
250 0.88671875
251 0.88671875
252 0.88671875
253 0.88671875
254 0.88671875
255 0.88671875
256 0.88671875
257 0.88671875
258 0.88671875
259 0.88671875
260 0.88671875
261 0.88671875
262 0.88671875
263 0.88671875
264 0.88671875
265 0.88671875
266 0.88671875
267 0.88671875
268 0.88671875
269 0.8984375
270 0.8984375
271 0.8984375
272 0.8984375
273 0.8984375
274 0.8984375
275 0.8984375
276 0.8984375
277 0.8984375
278 0.8984375
279 0.8984375
280 0.8984375
281 0.8984375
282 0.8984375
283 0.8984375
284 0.8984375
285 0.8984375
286 0.8984375
287 0.90234375
288 0.90234375
289 0.9140625
290 0.9140625
291 0.9140625
292 0.9140625
293 0.9140625
294 0.9140625
295 0.9140625
296 0.9140625
297 0.9140625
298 0.9140625
299 0.9140625
300 0.9140625
301 0.91796875
302 0.91796875
303 0.91796875
304 0.91796875
305 0.91796875
306 0.91796875
307 0.91796875
308 0.91796875
309 0.91796875
310 0.91796875
311 0.91796875
312 0.91796875
313 0.91796875
314 0.91796875
315 0.91796875
316 0.91796875
317 0.91796875
318 0.91796875
319 0.91796875
320 0.91796875
321 0.91796875
322 0.91796875
323 0.91796875
324 0.91796875
325 0.91796875
326 0.91796875
327 0.921875
328 0.921875
329 0.921875
330 0.921875
331 0.9765625
332 0.9765625
333 0.9765625
334 0.9765625
335 0.9765625
336 0.9765625
337 0.9765625
338 0.9765625
339 0.9765625
340 0.9765625
341 0.9765625
342 0.9765625
343 0.9765625
344 0.9765625
345 0.9765625
346 0.9765625
347 0.9765625
348 0.9765625
349 0.9765625
350 0.984375
351 1.0
352 1.0
353 1.0
354 1.0
355 1.0
356 1.0
357 1.0
358 1.0
359 1.0
360 1.0
361 1.0
362 1.0
363 1.0
364 1.0
365 1.0
366 1.0
367 1.0
368 1.0
369 1.0
370 1.0
371 1.0
372 1.0
373 1.0
374 1.0
375 1.0
376 1.0
377 1.0
378 1.0
379 1.0
380 1.0
381 1.0
382 1.0
383 1.0
384 1.0
385 1.0
386 1.0
387 1.0
388 1.0
389 1.0
390 1.0
391 1.0
392 1.0
393 1.0
394 1.0
395 1.0
396 1.0
397 1.0
398 1.0
399 1.0
400 1.0
401 1.0
402 1.0
403 1.0
404 1.0
405 1.0
406 1.0
407 1.0
408 1.0
409 1.0
410 1.0
411 1.0
412 1.0
413 1.0
414 1.0
415 1.0
416 1.0
417 1.0
418 1.0
419 1.0
420 1.0
421 1.0
422 1.0
423 1.0
424 1.0
425 1.0
426 1.0
427 1.0
428 1.0
429 1.0
430 1.0
431 1.0
432 1.0
433 1.0
434 1.0
435 1.0
436 1.0
437 1.0
438 1.0
439 1.0
440 1.0
441 1.0
442 1.0
443 1.0
444 1.0
445 1.0
446 1.0
447 1.0
448 1.0
449 1.0
450 1.0
451 1.0
452 1.0
453 1.0
454 1.0
455 1.0
456 1.0
457 1.0
458 1.0
459 1.0
460 1.0
461 1.0
462 1.0
463 1.0
464 1.0
465 1.0
466 1.0
467 1.0
468 1.0
469 1.0
470 1.0
471 1.0
472 1.0
473 1.0
474 1.0
475 1.0
476 1.0
477 1.0
478 1.0
479 1.0
480 1.0
481 1.0
482 1.0
483 1.0
484 1.0
485 1.0
486 1.0
487 1.0
488 1.0
489 1.0
490 1.0
491 1.0
492 1.0
493 1.0
494 1.0
495 1.0
496 1.0
497 1.0
498 1.0
499 1.0
