0 0.3257121706516081
1 0.7038829970121984
2 0.7038829970121984
3 0.7038829970121984
4 0.7038829970121984
5 0.7038829970121984
6 0.7038829970121984
7 0.7038829970121984
8 0.7038829970121984
9 0.7038829970121984
10 0.7038829970121984
11 0.7038829970121984
12 0.7038829970121984
13 0.7038829970121984
14 0.7038829970121984
15 0.7038829970121984
16 0.7038829970121984
17 0.7038829970121984
18 0.7038829970121984
19 0.7038829970121984
20 0.7038829970121984
21 0.7038829970121984
22 0.7038829970121984
23 0.7038829970121984
24 0.7038829970121984
25 0.7038829970121984
26 0.7038829970121984
27 0.7038829970121984
28 0.7038829970121984
29 0.7038829970121984
30 0.7038829970121984
31 0.7038829970121984
32 0.7038829970121984
33 0.7038829970121984
34 0.7038829970121984
35 0.7038829970121984
36 0.7038829970121984
37 0.7038829970121984
38 0.7038829970121984
39 0.7038829970121984
40 0.7038829970121984
41 0.7038829970121984
42 0.7038829970121984
43 0.7038829970121984
44 0.7038829970121984
45 0.7038829970121984
46 0.7038829970121984
47 0.7038829970121984
48 0.7038829970121984
49 0.7038829970121984
50 0.7038829970121984
51 0.7038829970121984
52 0.7038829970121984
53 0.7038829970121984
54 0.7038829970121984
55 0.7038829970121984
56 0.7038829970121984
57 0.7038829970121984
58 0.7038829970121984
59 0.7038829970121984
60 0.7038829970121984
61 0.7038829970121984
62 0.7038829970121984
63 0.7038829970121984
64 0.7038829970121984
65 0.7038829970121984
66 0.7038829970121984
67 0.7038829970121984
68 0.7038829970121984
69 0.7038829970121984
70 0.7038829970121984
71 0.7038829970121984
72 0.7038829970121984
73 0.7038829970121984
74 0.7038829970121984
75 0.7038829970121984
76 0.7038829970121984
77 0.7038829970121984
78 0.7038829970121984
79 0.7038829970121984
80 0.7038829970121984
81 0.7038829970121984
82 0.7038829970121984
83 0.7038829970121984
84 0.7038829970121984
85 0.7038829970121984
86 0.7038829970121984
87 0.7038829970121984
88 0.7038829970121984
89 0.7038829970121984
90 0.7038829970121984
91 0.7038829970121984
92 0.7038829970121984
93 0.7038829970121984
94 0.7038829970121984
95 0.7038829970121984
96 0.7038829970121984
97 0.7038829970121984
98 0.7038829970121984
99 0.7038829970121984
100 0.7038829970121984
101 0.7038829970121984
102 0.7038829970121984
103 0.7038829970121984
104 0.7038829970121984
105 0.7038829970121984
106 0.7038829970121984
107 0.7038829970121984
108 0.7038829970121984
109 0.7038829970121984
110 0.7038829970121984
111 0.7038829970121984
112 0.7038829970121984
113 0.7038829970121984
114 0.7038829970121984
115 0.7038829970121984
116 0.7038829970121984
117 0.7038829970121984
118 0.7038829970121984
119 0.7038829970121984
120 0.7038829970121984
121 0.7038829970121984
122 0.7038829970121984
123 0.7038829970121984
124 0.7038829970121984
125 0.7038829970121984
126 0.7038829970121984
127 0.7038829970121984
128 0.7038829970121984
129 0.7038829970121984
130 0.7038829970121984
131 0.7038829970121984
132 0.7038829970121984
133 0.7038829970121984
134 0.7038829970121984
135 0.7038829970121984
136 0.7038829970121984
137 0.7038829970121984
138 0.7038829970121984
139 0.7038829970121984
140 0.7038829970121984
141 0.7038829970121984
142 0.7038829970121984
143 0.7038829970121984
144 0.7038829970121984
145 0.7038829970121984
146 0.7038829970121984
147 0.7038829970121984
148 0.7038829970121984
149 0.7038829970121984
150 0.7038829970121984
151 0.7038829970121984
152 0.7038829970121984
153 0.7038829970121984
154 0.7038829970121984
155 0.7038829970121984
156 0.7038829970121984
157 0.7038829970121984
158 0.7038829970121984
159 0.7038829970121984
160 0.7038829970121984
161 0.7038829970121984
162 0.7038829970121984
163 0.7038829970121984
164 0.7038829970121984
165 0.7038829970121984
166 0.7038829970121984
167 0.7038829970121984
168 0.7038829970121984
169 0.7038829970121984
170 0.7038829970121984
171 0.7038829970121984
172 0.7038829970121984
173 0.7038829970121984
174 0.7038829970121984
175 0.7038829970121984
176 0.7038829970121984
177 0.7038829970121984
178 0.7038829970121984
179 0.7038829970121984
180 0.7038829970121984
181 0.7038829970121984
182 0.7038829970121984
183 0.7038829970121984
184 0.7038829970121984
185 0.7038829970121984
186 0.7038829970121984
187 0.7038829970121984
188 0.7038829970121984
189 0.7038829970121984
190 0.7038829970121984
191 0.7038829970121984
192 0.7038829970121984
193 0.7038829970121984
194 0.7038829970121984
195 0.7038829970121984
196 0.7038829970121984
197 0.7038829970121984
198 0.7038829970121984
199 0.7038829970121984
200 0.7038829970121984
201 0.7038829970121984
202 0.7051302907608207
203 0.7051302907608207
204 0.7051302907608207
205 0.7051302907608207
206 0.7051302907608207
207 0.7051302907608207
208 0.7051302907608207
209 0.7051302907608207
210 0.7051302907608207
211 0.7051302907608207
212 0.7051302907608207
213 0.7051302907608207
214 0.7051302907608207
215 0.7051302907608207
216 0.7051302907608207
217 0.7051302907608207
218 0.7051302907608207
219 0.7051302907608207
220 0.7051302907608207
221 0.7051302907608207
222 0.7051302907608207
223 0.7051302907608207
224 0.7051302907608207
225 0.7051302907608207
226 0.7051302907608207
227 0.7051302907608207
228 0.7051302907608207
229 0.7051302907608207
230 0.7051302907608207
231 0.7051302907608207
232 0.7051302907608207
233 0.7051302907608207
234 0.7051302907608207
235 0.7051302907608207
236 0.7051302907608207
237 0.7051302907608207
238 0.7051302907608207
239 0.7051302907608207
240 0.7051302907608207
241 0.7051302907608207
242 0.7051302907608207
243 0.7051302907608207
244 0.7051302907608207
245 0.7051302907608207
246 0.7051302907608207
247 0.7051302907608207
248 0.7051302907608207
249 0.7051302907608207
250 0.7051302907608207
251 0.7051302907608207
252 0.7051302907608207
253 0.7051302907608207
254 0.7051302907608207
255 0.7051302907608207
256 0.7051302907608207
257 0.7051302907608207
258 0.7051302907608207
259 0.7051302907608207
260 0.7051302907608207
261 0.7051302907608207
262 0.7051302907608207
263 0.7051302907608207
264 0.7051302907608207
265 0.7051302907608207
266 0.7051302907608207
267 0.7051302907608207
268 0.7051302907608207
269 0.7051302907608207
270 0.7051302907608207
271 0.7051302907608207
272 0.7051302907608207
273 0.7051302907608207
274 0.7051302907608207
275 0.7051302907608207
276 0.7051302907608207
277 0.7051302907608207
278 0.7051302907608207
279 0.7051302907608207
280 0.7051302907608207
281 0.7051302907608207
282 0.7051302907608207
283 0.7051302907608207
284 0.7051302907608207
285 0.7051302907608207
286 0.7051302907608207
287 0.7051302907608207
288 0.7051302907608207
289 0.7051302907608207
290 0.7051302907608207
291 0.7051302907608207
292 0.7051302907608207
293 0.7051302907608207
294 0.7051302907608207
295 0.7051302907608207
296 0.7051302907608207
297 0.7051302907608207
298 0.7051302907608207
299 0.7051302907608207
300 0.7051302907608207
301 0.7051302907608207
302 0.7051302907608207
303 0.7051302907608207
304 0.7051302907608207
305 0.7051302907608207
306 0.7051302907608207
307 0.7051302907608207
308 0.7051302907608207
309 0.7051302907608207
310 0.7051302907608207
311 0.7051302907608207
312 0.7051302907608207
313 0.7051302907608207
314 0.7051302907608207
315 0.7051302907608207
316 0.7051302907608207
317 0.7051302907608207
318 0.7051302907608207
319 0.7051302907608207
320 0.7051302907608207
321 0.7051302907608207
322 0.7051302907608207
323 0.7051302907608207
324 0.7051302907608207
325 0.7051302907608207
326 0.7051302907608207
327 0.7051302907608207
328 0.7051302907608207
329 0.7051302907608207
330 0.7051302907608207
331 0.7051302907608207
332 0.7051302907608207
333 0.7051302907608207
334 0.7051302907608207
335 0.7051302907608207
336 0.7051302907608207
337 0.7051302907608207
338 0.7051302907608207
339 0.7051302907608207
340 0.7051302907608207
341 0.7051302907608207
342 0.7051302907608207
343 0.7051302907608207
344 0.7051302907608207
345 0.7051302907608207
346 0.7051302907608207
347 0.7051302907608207
348 0.7051302907608207
349 0.7051302907608207
350 0.7051302907608207
351 0.7051302907608207
352 0.7051302907608207
353 0.7051302907608207
354 0.7051302907608207
355 0.7051302907608207
356 0.7051302907608207
357 0.7051302907608207
358 0.7051302907608207
359 0.7051302907608207
360 0.8015779096102322
361 0.8015779096102322
362 0.8015779096102322
363 0.8015779096102322
364 0.8015779096102322
365 0.8015779096102322
366 0.8015779096102322
367 0.8015779096102322
368 0.8015779096102322
369 0.8015779096102322
370 0.8015779096102322
371 0.8015779096102322
372 0.8015779096102322
373 0.8015779096102322
374 0.8015779096102322
375 0.8015779096102322
376 0.8015779096102322
377 0.8015779096102322
378 0.8015779096102322
379 0.8015779096102322
380 0.8015779096102322
381 0.8015779096102322
382 0.8015779096102322
383 0.8015779096102322
384 0.8015779096102322
385 0.8015779096102322
386 0.8015779096102322
387 0.8015779096102322
388 0.8015779096102322
389 0.8015779096102322
390 0.8015779096102322
391 0.8015779096102322
392 0.8015779096102322
393 0.8015779096102322
394 0.8015779096102322
395 0.801578045903014
396 0.801578045903014
397 0.801578045903014
398 0.801578045903014
399 0.801578045903014
400 0.801578045903014
401 0.801578045903014
402 0.801578045903014
403 0.801578045903014
404 0.801578045903014
405 0.801578045903014
406 0.801578045903014
407 0.801578045903014
408 0.801578045903014
409 0.801578045903014
410 0.801578045903014
411 0.801578045903014
412 0.801578045903014
413 0.801578045903014
414 0.801578045903014
415 0.801578045903014
416 0.801578045903014
417 0.801578045903014
418 0.801578045903014
419 0.801578045903014
420 0.801578045903014
421 0.801578045903014
422 0.801578045903014
423 0.801578045903014
424 0.801578045903014
425 0.801578045903014
426 0.801578045903014
427 0.801578045903014
428 0.801578045903014
429 0.801578045903014
430 0.801578045903014
431 0.801578045903014
432 0.801578045903014
433 0.801578045903014
434 0.801578045903014
435 0.801578045903014
436 0.801578045903014
437 0.801578045903014
438 0.801578045903014
439 0.801578045903014
440 0.801578045903014
441 0.801578045903014
442 0.8058305601797532
443 0.8058305601797532
444 0.8714447838531433
445 0.8714447838531433
446 0.8714447838531433
447 0.8714447838531433
448 0.8714447838531433
449 0.8714447838531433
450 0.8714447838531433
451 0.8714447838531433
452 0.8714447838531433
453 0.8714447838531433
454 0.8714447838531433
455 0.8714447838531433
456 0.8714447838531433
457 0.8714447838531433
458 0.8714447838531433
459 0.8714447838531433
460 0.8714447838531433
461 0.8714447838531433
462 0.8714447838531433
463 0.8714447838531433
464 0.8714447838531433
465 0.8714447838531433
466 0.8714447838531433
467 0.8714447838531433
468 0.8714447838531433
469 0.8714447838531433
470 0.8714447838531433
471 0.8714447838531433
472 0.8714447838531433
473 0.8714447838531433
474 0.8714447838531433
475 0.8714447838531433
476 0.8714447838531433
477 0.8714447838531433
478 0.8714447838531433
479 0.8714447838531433
480 0.8714447838531433
481 0.8714447838531433
482 0.8714447838531433
483 0.9653566854700023
484 0.9653566854700023
485 0.9653566854700023
486 1.0
487 1.0
488 1.0
489 1.0
490 1.0
491 1.0
492 1.0
493 1.0
494 1.0
495 1.0
496 1.0
497 1.0
498 1.0
499 1.0
500 1.0
501 1.0
502 1.0
503 1.0
504 1.0
505 1.0
506 1.0
507 1.0
508 1.0
509 1.0
510 1.0
511 1.0
512 1.0
513 1.0
514 1.0
515 1.0
516 1.0
517 1.0
518 1.0
519 1.0
520 1.0
521 1.0
522 1.0
523 1.0
524 1.0
525 1.0
526 1.0
527 1.0
528 1.0
529 1.0
530 1.0
531 1.0
532 1.0
533 1.0
534 1.0
535 1.0
536 1.0
537 1.0
538 1.0
539 1.0
540 1.0
541 1.0
542 1.0
543 1.0
544 1.0
545 1.0
546 1.0
547 1.0
548 1.0
549 1.0
550 1.0
551 1.0
552 1.0
553 1.0
554 1.0
555 1.0
556 1.0
557 1.0
558 1.0
559 1.0
560 1.0
561 1.0
562 1.0
563 1.0
564 1.0
565 1.0
566 1.0
567 1.0
568 1.0
569 1.0
570 1.0
571 1.0
572 1.0
573 1.0
574 1.0
575 1.0
576 1.0
577 1.0
578 1.0
579 1.0
580 1.0
581 1.0
582 1.0
583 1.0
584 1.0
585 1.0
586 1.0
587 1.0
588 1.0
589 1.0
590 1.0
591 1.0
592 1.0
593 1.0
594 1.0
595 1.0
596 1.0
597 1.0
598 1.0
599 1.0
600 1.0
601 1.0
602 1.0
603 1.0
604 1.0
605 1.0
606 1.0
607 1.0
608 1.0
609 1.0
610 1.0
611 1.0
612 1.0
613 1.0
614 1.0
615 1.0
616 1.0
617 1.0
618 1.0
619 1.0
620 1.0
621 1.0
622 1.0
623 1.0
624 1.0
625 1.0
626 1.0
627 1.0
628 1.0
629 1.0
630 1.0
631 1.0
632 1.0
633 1.0
634 1.0
635 1.0
636 1.0
637 1.0
638 1.0
639 1.0
640 1.0
641 1.0
642 1.0
643 1.0
644 1.0
645 1.0
646 1.0
647 1.0
648 1.0
649 1.0
650 1.0
651 1.0
652 1.0
653 1.0
654 1.0
655 1.0
656 1.0
657 1.0
658 1.0
659 1.0
660 1.0
661 1.0
662 1.0
663 1.0
664 1.0
665 1.0
666 1.0
667 1.0
668 1.0
669 1.0
670 1.0
671 1.0
672 1.0
673 1.0
674 1.0
675 1.0
676 1.0
677 1.0
678 1.0
679 1.0
680 1.0
681 1.0
682 1.0
683 1.0
684 1.0
685 1.0
686 1.0
687 1.0
688 1.0
689 1.0
690 1.0
691 1.0
692 1.0
693 1.0
694 1.0
695 1.0
696 1.0
697 1.0
698 1.0
699 1.0
700 1.0
701 1.0
702 1.0
703 1.0
704 1.0
705 1.0
706 1.0
707 1.0
708 1.0
709 1.0
710 1.0
711 1.0
712 1.0
713 1.0
714 1.0
715 1.0
716 1.0
717 1.0
718 1.0
719 1.0
720 1.0
721 1.0
722 1.0
723 1.0
724 1.0
725 1.0
726 1.0
727 1.0
728 1.0
729 1.0
730 1.0
731 1.0
732 1.0
733 1.0
734 1.0
735 1.0
736 1.0
737 1.0
738 1.0
739 1.0
740 1.0
741 1.0
742 1.0
743 1.0
744 1.0
745 1.0
746 1.0
747 1.0
748 1.0
749 1.0
750 1.0
751 1.0
752 1.0
753 1.0
754 1.0
755 1.0
756 1.0
757 1.0
758 1.0
759 1.0
760 1.0
761 1.0
762 1.0
763 1.0
764 1.0
765 1.0
766 1.0
767 1.0
768 1.0
769 1.0
770 1.0
771 1.0
772 1.0
773 1.0
774 1.0
775 1.0
776 1.0
777 1.0
778 1.0
779 1.0
780 1.0
781 1.0
782 1.0
783 1.0
784 1.0
785 1.0
786 1.0
787 1.0
788 1.0
789 1.0
790 1.0
791 1.0
792 1.0
793 1.0
794 1.0
795 1.0
796 1.0
797 1.0
798 1.0
799 1.0
800 1.0
801 1.0
802 1.0
803 1.0
804 1.0
805 1.0
806 1.0
807 1.0
808 1.0
809 1.0
810 1.0
811 1.0
812 1.0
813 1.0
814 1.0
815 1.0
816 1.0
817 1.0
818 1.0
819 1.0
820 1.0
821 1.0
822 1.0
823 1.0
824 1.0
825 1.0
826 1.0
827 1.0
828 1.0
829 1.0
830 1.0
831 1.0
832 1.0
833 1.0
834 1.0
835 1.0
836 1.0
837 1.0
838 1.0
839 1.0
840 1.0
841 1.0
842 1.0
843 1.0
844 1.0
845 1.0
846 1.0
847 1.0
848 1.0
849 1.0
850 1.0
851 1.0
852 1.0
853 1.0
854 1.0
855 1.0
856 1.0
857 1.0
858 1.0
859 1.0
860 1.0
861 1.0
862 1.0
863 1.0
864 1.0
865 1.0
866 1.0
867 1.0
868 1.0
869 1.0
870 1.0
871 1.0
872 1.0
873 1.0
874 1.0
875 1.0
876 1.0
877 1.0
878 1.0
879 1.0
880 1.0
881 1.0
882 1.0
883 1.0
884 1.0
885 1.0
886 1.0
887 1.0
888 1.0
889 1.0
890 1.0
891 1.0
892 1.0
893 1.0
894 1.0
895 1.0
896 1.0
897 1.0
898 1.0
899 1.0
900 1.0
901 1.0
902 1.0
903 1.0
904 1.0
905 1.0
906 1.0
907 1.0
908 1.0
909 1.0
910 1.0
911 1.0
912 1.0
913 1.0
914 1.0
915 1.0
916 1.0
917 1.0
918 1.0
919 1.0
920 1.0
921 1.0
922 1.0
923 1.0
924 1.0
925 1.0
926 1.0
927 1.0
928 1.0
929 1.0
930 1.0
931 1.0
932 1.0
933 1.0
934 1.0
935 1.0
936 1.0
937 1.0
938 1.0
939 1.0
940 1.0
941 1.0
942 1.0
943 1.0
944 1.0
945 1.0
946 1.0
947 1.0
948 1.0
949 1.0
950 1.0
951 1.0
952 1.0
953 1.0
954 1.0
955 1.0
956 1.0
957 1.0
958 1.0
959 1.0
960 1.0
961 1.0
962 1.0
963 1.0
964 1.0
965 1.0
966 1.0
967 1.0
968 1.0
969 1.0
970 1.0
971 1.0
972 1.0
973 1.0
974 1.0
975 1.0
976 1.0
977 1.0
978 1.0
979 1.0
980 1.0
981 1.0
982 1.0
983 1.0
984 1.0
985 1.0
986 1.0
987 1.0
988 1.0
989 1.0
990 1.0
991 1.0
992 1.0
993 1.0
994 1.0
995 1.0
996 1.0
997 1.0
998 1.0
999 1.0
