0 0.016927083333333332
1 0.37572916666666667
2 0.532109375
3 0.6089583333333334
4 0.6322916666666667
5 0.6465625
6 0.6660416666666666
7 0.6853645833333334
8 0.6987239583333333
9 0.71578125
10 0.729375
11 0.744140625
12 0.7602864583333333
13 0.7725260416666667
14 0.78296875
15 0.792421875
16 0.8071354166666667
17 0.81703125
18 0.8275
19 0.8327864583333333
20 0.8431770833333333
21 0.8490104166666667
22 0.8535677083333333
23 0.8601302083333333
24 0.8695572916666666
25 0.88046875
26 0.893671875
27 0.9047916666666667
28 0.9123177083333334
29 0.9167708333333333
30 0.9244010416666667
31 0.9310416666666667
32 0.934609375
33 0.939453125
34 0.9449479166666667
35 0.9498177083333333
36 0.954375
37 0.956640625
38 0.9601041666666666
39 0.96265625
40 0.966875
41 0.9697916666666667
42 0.9724739583333334
43 0.976015625
44 0.9791666666666666
45 0.982109375
46 0.983515625
47 0.986328125
48 0.9890625
49 0.9919270833333333
50 0.9938541666666667
51 0.9959635416666667
52 0.99671875
53 0.998125
54 0.99953125
55 1.0
56 1.0
57 1.0
58 1.0
59 1.0
60 1.0
61 1.0
62 1.0
63 1.0
64 1.0
65 1.0
66 1.0
67 1.0
68 1.0
69 1.0
70 1.0
71 1.0
72 1.0
73 1.0
74 1.0
75 1.0
76 1.0
77 1.0
78 1.0
79 1.0
80 1.0
81 1.0
82 1.0
83 1.0
84 1.0
85 1.0
86 1.0
87 1.0
88 1.0
89 1.0
90 1.0
91 1.0
92 1.0
93 1.0
94 1.0
95 1.0
96 1.0
97 1.0
98 1.0
99 1.0
100 1.0
101 1.0
102 1.0
103 1.0
104 1.0
105 1.0
106 1.0
107 1.0
108 1.0
109 1.0
110 1.0
111 1.0
112 1.0
113 1.0
114 1.0
115 1.0
116 1.0
117 1.0
118 1.0
119 1.0
120 1.0
121 1.0
122 1.0
123 1.0
124 1.0
125 1.0
126 1.0
127 1.0
128 1.0
129 1.0
130 1.0
131 1.0
132 1.0
133 1.0
134 1.0
135 1.0
136 1.0
137 1.0
138 1.0
139 1.0
140 1.0
141 1.0
142 1.0
143 1.0
144 1.0
145 1.0
146 1.0
147 1.0
148 1.0
149 1.0
150 1.0
151 1.0
152 1.0
153 1.0
154 1.0
155 1.0
156 1.0
157 1.0
158 1.0
159 1.0
160 1.0
161 1.0
162 1.0
163 1.0
164 1.0
165 1.0
166 1.0
167 1.0
168 1.0
169 1.0
170 1.0
171 1.0
172 1.0
173 1.0
174 1.0
175 1.0
176 1.0
177 1.0
178 1.0
179 1.0
180 1.0
181 1.0
182 1.0
183 1.0
184 1.0
185 1.0
186 1.0
187 1.0
188 1.0
189 1.0
190 1.0
191 1.0
192 1.0
193 1.0
194 1.0
195 1.0
196 1.0
197 1.0
198 1.0
199 1.0
