0 0.2702427454957034
1 0.12534164466084174
2 0.07400032277079804
3 0.031542081197738395
4 0.023466417345976664
5 0.031236064601207907
6 0.0361934574591489
7 0.03721294939171787
8 0.039097111402361696
9 0.03950190363292634
10 0.03799617493769384
11 0.039799684578877316
12 0.04266086825071093
13 0.0416057904900309
14 0.04154967298933689
15 0.041663484579012644
16 0.04365117807370402
17 0.04373390701041739
18 0.042819532573250545
19 0.04190126825606848
20 0.045065749372367694
21 0.04831972127827023
22 0.04944709075437281
23 0.050038024007460394
24 0.051540590094607465
25 0.054032536253245896
26 0.051364578316179715
27 0.0484701390928534
28 0.045682613512148675
29 0.0441387736214494
30 0.04297144088796472
31 0.04036118937344252
32 0.0397246739861675
33 0.0381474863246666
34 0.03613326060157579
35 0.03447174084498318
36 0.03359169082836308
37 0.03233705018168981
38 0.030832453534745195
39 0.03003321186793325
40 0.029720787259298827
41 0.028600816901455006
42 0.027489702242543136
43 0.025844422288212578
44 0.023656385310782818
45 0.021843681077025258
46 0.020772388069737937
47 0.018458839610485406
48 0.016112196144018782
49 0.013393115490233115
50 0.011360376742090138
51 0.008727844283785887
52 0.007761290498901153
53 0.005876191146978912
54 0.002340275201943854
55 0.0
56 0.0
57 0.0
58 0.0
59 0.0
60 0.0
61 0.0
62 0.0
63 0.0
64 0.0
65 0.0
66 0.0
67 0.0
68 0.0
69 0.0
70 0.0
71 0.0
72 0.0
73 0.0
74 0.0
75 0.0
76 0.0
77 0.0
78 0.0
79 0.0
80 0.0
81 0.0
82 0.0
83 0.0
84 0.0
85 0.0
86 0.0
87 0.0
88 0.0
89 0.0
90 0.0
91 0.0
92 0.0
93 0.0
94 0.0
95 0.0
96 0.0
97 0.0
98 0.0
99 0.0
100 0.0
101 0.0
102 0.0
103 0.0
104 0.0
105 0.0
106 0.0
107 0.0
108 0.0
109 0.0
110 0.0
111 0.0
112 0.0
113 0.0
114 0.0
115 0.0
116 0.0
117 0.0
118 0.0
119 0.0
120 0.0
121 0.0
122 0.0
123 0.0
124 0.0
125 0.0
126 0.0
127 0.0
128 0.0
129 0.0
130 0.0
131 0.0
132 0.0
133 0.0
134 0.0
135 0.0
136 0.0
137 0.0
138 0.0
139 0.0
140 0.0
141 0.0
142 0.0
143 0.0
144 0.0
145 0.0
146 0.0
147 0.0
148 0.0
149 0.0
150 0.0
151 0.0
152 0.0
153 0.0
154 0.0
155 0.0
156 0.0
157 0.0
158 0.0
159 0.0
160 0.0
161 0.0
162 0.0
163 0.0
164 0.0
165 0.0
166 0.0
167 0.0
168 0.0
169 0.0
170 0.0
171 0.0
172 0.0
173 0.0
174 0.0
175 0.0
176 0.0
177 0.0
178 0.0
179 0.0
180 0.0
181 0.0
182 0.0
183 0.0
184 0.0
185 0.0
186 0.0
187 0.0
188 0.0
189 0.0
190 0.0
191 0.0
192 0.0
193 0.0
194 0.0
195 0.0
196 0.0
197 0.0
198 0.0
199 0.0
