0 -102.2660063591363
1 -97.13416659011563
2 -97.13416659011563
3 -8.077407949031446
4 -8.077407949031446
5 -8.077407949031446
6 -8.077407949031446
7 -8.077407949031446
8 -8.077407949031446
9 32.77327794610369
10 32.77327794610369
11 32.77327794610369
12 32.77327794610369
13 32.77327794610369
14 32.77327794610369
15 32.77327794610369
16 32.77327794610369
17 32.77327794610369
18 32.77327794610369
19 32.77327794610369
20 32.77327794610369
21 32.77327794610369
22 32.77327794610369
23 32.77327794610369
24 32.77327794610369
25 32.77327794610369
26 32.77327794610369
27 32.77327794610369
28 32.77327794610369
29 32.77327794610369
30 32.77327794610369
31 32.77327794610369
32 32.77327794610369
33 32.77327794610369
34 32.77327794610369
35 32.77327794610369
36 32.77327794610369
37 32.77327794610369
38 32.77327794610369
39 58.67418627302865
40 58.67418627302865
41 58.67418627302865
42 58.67418627302865
43 58.67418627302865
44 58.67418627302865
45 58.67418627302865
46 58.67418627302865
47 58.67418627302865
48 58.67418627302865
49 58.67418627302865
50 58.67418627302865
51 58.67418627302865
52 58.67418627302865
53 58.67418627302865
54 58.67418627302865
55 58.67418627302865
56 58.67418627302865
57 58.67418627302865
58 58.67418627302865
59 58.67418627302865
60 58.67418627302865
61 58.67418627302865
62 58.67418627302865
63 58.67418627302865
64 58.67418627302865
65 58.67418627302865
66 58.67418627302865
67 58.67418627302865
68 58.67418627302865
69 58.67418627302865
70 58.67418627302865
71 58.67418627302865
72 102.3712875280811
73 102.3712875280811
74 102.3712875280811
75 102.3712875280811
76 102.3712875280811
77 102.3712875280811
78 102.3712875280811
79 102.3712875280811
80 102.3712875280811
81 102.3712875280811
82 102.3712875280811
83 102.3712875280811
84 102.3712875280811
85 102.3712875280811
86 102.3712875280811
87 102.3712875280811
88 102.3712875280811
89 112.92651570155446
90 112.92651570155446
91 112.92651570155446
92 112.92651570155446
93 148.2030083130016
94 148.2030083130016
95 148.2030083130016
96 148.2030083130016
97 148.2030083130016
98 148.2030083130016
99 148.2030083130016
100 148.2030083130016
101 148.2030083130016
102 148.2030083130016
103 148.2030083130016
104 148.2030083130016
105 148.2030083130016
106 148.2030083130016
107 148.2030083130016
108 148.2030083130016
109 148.2030083130016
110 148.2030083130016
111 148.2030083130016
112 148.2030083130016
113 148.2030083130016
114 148.2030083130016
115 148.2030083130016
116 148.2030083130016
117 148.2030083130016
118 148.2030083130016
119 148.2030083130016
120 148.2030083130016
121 148.2030083130016
122 148.2030083130016
123 148.2030083130016
124 148.2030083130016
125 148.2030083130016
126 148.2030083130016
127 148.2030083130016
128 148.2030083130016
129 148.2030083130016
130 148.2030083130016
131 148.2030083130016
132 148.2030083130016
133 148.2030083130016
134 148.2030083130016
135 148.2030083130016
136 148.2030083130016
137 148.2030083130016
138 148.2030083130016
139 148.2030083130016
140 148.2030083130016
141 148.2030083130016
142 148.2030083130016
143 148.2030083130016
144 148.2030083130016
145 148.2030083130016
146 148.2030083130016
147 148.2030083130016
148 148.2030083130016
149 148.2030083130016
150 148.2030083130016
151 148.2030083130016
152 148.2030083130016
153 148.2030083130016
154 148.2030083130016
155 155.34525451757287
156 155.34525451757287
157 155.34525451757287
158 155.34525451757287
159 155.34525451757287
160 155.34525451757287
161 155.34525451757287
162 155.34525451757287
163 155.34525451757287
164 155.34525451757287
165 155.34525451757287
166 155.34525451757287
167 155.34525451757287
168 155.34525451757287
169 163.30614169958594
170 163.30614169958594
171 163.30614169958594
172 163.30614169958594
173 163.30614169958594
174 163.30614169958594
175 163.30614169958594
176 163.30614169958594
177 163.30614169958594
178 163.30614169958594
179 163.30614169958594
180 163.30614169958594
181 163.30614169958594
182 163.30614169958594
183 163.30614169958594
184 163.30614169958594
185 163.30614169958594
186 163.30614169958594
187 163.30614169958594
188 163.30614169958594
189 163.30614169958594
190 163.30614169958594
191 163.30614169958594
192 169.3259248880575
193 169.3259248880575
194 169.3259248880575
195 169.3259248880575
196 169.3259248880575
197 169.3259248880575
198 169.3259248880575
199 169.3259248880575
200 169.3259248880575
201 169.3259248880575
202 169.3259248880575
203 169.3259248880575
204 169.3259248880575
205 169.3259248880575
206 169.3259248880575
207 169.3259248880575
208 169.3259248880575
209 169.3259248880575
210 169.3259248880575
211 169.3259248880575
212 169.3259248880575
213 169.3259248880575
214 169.3259248880575
215 169.3259248880575
216 169.3259248880575
217 169.3259248880575
218 169.3259248880575
219 169.3259248880575
220 173.17976186911977
221 173.17976186911977
222 173.17976186911977
223 173.17976186911977
224 173.17976186911977
225 173.17976186911977
226 173.17976186911977
227 173.17976186911977
228 173.17976186911977
229 173.17976186911977
230 173.17976186911977
231 173.17976186911977
232 173.17976186911977
233 173.17976186911977
234 173.17976186911977
235 173.17976186911977
236 173.17976186911977
237 173.17976186911977
238 173.17976186911977
239 173.17976186911977
240 173.17976186911977
241 173.17976186911977
242 173.17976186911977
243 173.17976186911977
244 173.17976186911977
245 173.17976186911977
246 173.17976186911977
247 173.17976186911977
248 173.17976186911977
249 173.17976186911977
250 173.17976186911977
251 173.17976186911977
252 173.17976186911977
253 173.17976186911977
254 173.17976186911977
255 173.17976186911977
256 173.17976186911977
257 173.17976186911977
258 173.17976186911977
259 173.17976186911977
260 173.17976186911977
261 173.17976186911977
262 173.17976186911977
263 173.17976186911977
264 173.17976186911977
265 173.17976186911977
266 173.17976186911977
267 173.17976186911977
268 173.17976186911977
269 173.17976186911977
270 173.17976186911977
271 173.17976186911977
272 173.17976186911977
273 173.17976186911977
274 173.17976186911977
275 173.17976186911977
276 173.17976186911977
277 173.17976186911977
278 173.17976186911977
279 173.17976186911977
280 173.17976186911977
281 173.17976186911977
282 173.17976186911977
283 173.17976186911977
284 173.17976186911977
285 173.17976186911977
286 173.17976186911977
287 173.17976186911977
288 173.17976186911977
289 173.17976186911977
290 173.17976186911977
291 173.17976186911977
292 173.17976186911977
293 173.17976186911977
294 173.17976186911977
295 173.17976186911977
296 173.17976186911977
297 173.17976186911977
298 173.17976186911977
299 173.17976186911977
300 173.17976186911977
301 173.17976186911977
302 173.17976186911977
303 173.17976186911977
304 173.17976186911977
305 173.17976186911977
306 173.17976186911977
307 173.17976186911977
308 173.17976186911977
309 173.17976186911977
310 173.17976186911977
311 173.17976186911977
312 173.17976186911977
313 173.17976186911977
314 173.17976186911977
315 173.17976186911977
316 173.17976186911977
317 173.17976186911977
318 173.17976186911977
319 173.17976186911977
320 176.12145343865714
321 176.12145343865714
322 176.12145343865714
323 176.12145343865714
324 176.12145343865714
325 176.12145343865714
326 176.12145343865714
327 176.12145343865714
328 176.12145343865714
329 176.12145343865714
330 176.12145343865714
331 176.12145343865714
332 176.12145343865714
333 176.12145343865714
334 176.12145343865714
335 176.12145343865714
336 176.12145343865714
337 176.12145343865714
338 176.12145343865714
339 176.12145343865714
340 176.12145343865714
341 176.12145343865714
342 176.12145343865714
343 176.12145343865714
344 176.12145343865714
345 176.12145343865714
346 176.12145343865714
347 176.12145343865714
348 176.12145343865714
349 176.12145343865714
350 176.12145343865714
351 176.12145343865714
352 176.12145343865714
353 176.12145343865714
354 176.12145343865714
355 176.12145343865714
356 176.12145343865714
357 182.39962017096238
358 182.39962017096238
359 182.39962017096238
360 182.39962017096238
361 182.39962017096238
362 182.39962017096238
363 182.39962017096238
364 182.39962017096238
365 182.39962017096238
366 182.39962017096238
367 182.39962017096238
368 182.39962017096238
369 182.39962017096238
370 182.39962017096238
371 182.39962017096238
372 182.39962017096238
373 182.39962017096238
374 182.39962017096238
375 182.39962017096238
376 182.39962017096238
377 182.39962017096238
378 182.39962017096238
379 182.39962017096238
380 182.39962017096238
381 182.39962017096238
382 182.39962017096238
383 182.39962017096238
384 182.39962017096238
385 182.39962017096238
386 182.39962017096238
387 182.39962017096238
388 182.39962017096238
389 182.39962017096238
390 182.39962017096238
391 182.39962017096238
392 182.39962017096238
393 182.39962017096238
394 182.39962017096238
395 182.39962017096238
396 182.39962017096238
397 182.39962017096238
398 182.39962017096238
399 182.39962017096238
400 182.39962017096238
401 182.39962017096238
402 182.39962017096238
403 182.39962017096238
404 182.39962017096238
405 182.39962017096238
406 182.39962017096238
407 182.45297417120125
408 182.45297417120125
409 182.45297417120125
410 182.45297417120125
411 182.45297417120125
412 182.45297417120125
413 182.45297417120125
414 182.45297417120125
415 182.45297417120125
416 182.45297417120125
417 182.45297417120125
418 182.45297417120125
419 182.45297417120125
420 182.45297417120125
421 182.45297417120125
422 182.45297417120125
423 182.45297417120125
424 182.45297417120125
425 183.6967788648684
426 183.6967788648684
427 183.6967788648684
428 184.52215336536347
429 184.52215336536347
430 184.52215336536347
431 184.52215336536347
432 184.52215336536347
433 184.52215336536347
434 191.10637883691098
435 191.10637883691098
436 191.10637883691098
437 191.10637883691098
438 191.10637883691098
439 191.10637883691098
440 191.10637883691098
441 191.10637883691098
442 191.10637883691098
443 191.10637883691098
444 191.10637883691098
445 191.10637883691098
446 191.10637883691098
447 191.10637883691098
448 191.10637883691098
449 191.10637883691098
450 191.10637883691098
451 191.10637883691098
452 191.10637883691098
453 191.10637883691098
454 191.10637883691098
455 191.10637883691098
456 191.10637883691098
457 191.10637883691098
458 191.10637883691098
459 191.10637883691098
460 191.10637883691098
461 191.10637883691098
462 191.10637883691098
463 191.10637883691098
464 191.10637883691098
465 191.10637883691098
466 191.10637883691098
467 191.10637883691098
468 191.10637883691098
469 191.10637883691098
470 191.10637883691098
471 191.10637883691098
472 191.10637883691098
473 191.10637883691098
474 191.10637883691098
475 191.17483104666454
476 191.17483104666454
477 191.17483104666454
478 191.17483104666454
479 191.17483104666454
480 191.17483104666454
481 191.17483104666454
482 191.17483104666454
483 191.17483104666454
484 191.17483104666454
485 191.17483104666454
486 191.17483104666454
487 191.64101416069056
488 191.64101416069056
489 191.64101416069056
490 191.64101416069056
491 191.64101416069056
492 191.64101416069056
493 193.5101775341347
494 193.5101775341347
495 193.5101775341347
496 193.5101775341347
497 193.5101775341347
498 193.5101775341347
499 193.5101775341347
500 193.5101775341347
501 193.5101775341347
502 193.5101775341347
503 193.5101775341347
504 193.5101775341347
505 193.5101775341347
506 193.5101775341347
507 193.5101775341347
508 193.5101775341347
509 193.5101775341347
510 193.5101775341347
511 193.5101775341347
512 195.1565476416374
513 195.1565476416374
514 195.1565476416374
515 195.1565476416374
516 195.1565476416374
517 195.1565476416374
518 195.1565476416374
519 195.1565476416374
520 195.1565476416374
521 195.1565476416374
522 195.1565476416374
523 195.1565476416374
524 195.1565476416374
525 195.1565476416374
526 195.1565476416374
527 195.1565476416374
528 195.1565476416374
529 195.1565476416374
530 195.1565476416374
531 195.1565476416374
532 195.1565476416374
533 195.1565476416374
534 195.1565476416374
535 195.1565476416374
536 195.1565476416374
537 195.1565476416374
538 195.1565476416374
539 195.1565476416374
540 195.1565476416374
541 195.1565476416374
542 195.1565476416374
543 195.1565476416374
544 195.1565476416374
545 195.1565476416374
546 195.1565476416374
547 195.1565476416374
548 195.1565476416374
549 195.1565476416374
550 195.1565476416374
551 195.1565476416374
552 195.1565476416374
553 195.1565476416374
554 195.1565476416374
555 195.1565476416374
556 195.1565476416374
557 195.1565476416374
558 195.1565476416374
559 195.1565476416374
560 195.1565476416374
561 195.1565476416374
562 195.1565476416374
563 195.1565476416374
564 195.1565476416374
565 197.179842588207
566 197.179842588207
567 197.179842588207
568 197.179842588207
569 197.179842588207
570 197.179842588207
571 197.179842588207
572 197.179842588207
573 197.179842588207
574 197.179842588207
575 197.179842588207
576 197.179842588207
577 197.179842588207
578 197.179842588207
579 197.179842588207
580 197.179842588207
581 197.179842588207
582 197.179842588207
583 197.179842588207
584 197.179842588207
585 197.179842588207
586 197.179842588207
587 197.179842588207
588 197.179842588207
589 197.179842588207
590 197.179842588207
591 197.179842588207
592 197.179842588207
593 197.179842588207
594 197.179842588207
595 197.179842588207
596 197.179842588207
597 197.179842588207
598 197.179842588207
599 197.179842588207
600 197.179842588207
601 197.179842588207
602 197.179842588207
603 197.179842588207
604 197.179842588207
605 197.179842588207
606 197.179842588207
607 197.179842588207
608 197.179842588207
609 197.179842588207
610 197.179842588207
611 197.179842588207
612 197.179842588207
613 197.179842588207
614 197.179842588207
615 197.179842588207
616 197.179842588207
617 197.179842588207
618 197.179842588207
619 197.179842588207
620 197.179842588207
621 197.179842588207
622 197.179842588207
623 197.179842588207
624 197.179842588207
625 197.179842588207
626 197.179842588207
627 197.179842588207
628 197.179842588207
629 197.179842588207
630 197.179842588207
631 197.179842588207
632 197.179842588207
633 197.179842588207
634 197.179842588207
635 197.179842588207
636 197.179842588207
637 197.179842588207
638 197.179842588207
639 197.179842588207
640 197.179842588207
641 197.179842588207
642 197.179842588207
643 197.179842588207
644 197.179842588207
645 197.179842588207
646 197.179842588207
647 197.179842588207
648 197.179842588207
649 197.179842588207
650 197.179842588207
651 197.179842588207
652 197.179842588207
653 197.179842588207
654 197.179842588207
655 197.179842588207
656 197.179842588207
657 197.179842588207
658 197.179842588207
659 197.179842588207
660 197.179842588207
661 197.179842588207
662 197.179842588207
663 197.179842588207
664 197.179842588207
665 197.179842588207
666 197.179842588207
667 197.179842588207
668 197.179842588207
669 197.179842588207
670 197.179842588207
671 197.179842588207
672 197.179842588207
673 197.179842588207
674 197.179842588207
675 197.179842588207
676 197.179842588207
677 197.179842588207
678 197.179842588207
679 197.179842588207
680 197.179842588207
681 197.179842588207
682 197.179842588207
683 197.179842588207
684 197.179842588207
685 197.179842588207
686 197.179842588207
687 197.179842588207
688 197.179842588207
689 197.179842588207
690 197.179842588207
691 197.179842588207
692 197.179842588207
693 197.179842588207
694 197.179842588207
695 197.179842588207
696 197.179842588207
697 197.179842588207
698 197.179842588207
699 197.179842588207
700 197.179842588207
701 197.179842588207
702 197.179842588207
703 197.179842588207
704 197.179842588207
705 197.179842588207
706 197.179842588207
707 197.179842588207
708 197.179842588207
709 197.179842588207
710 197.179842588207
711 197.179842588207
712 197.179842588207
713 197.179842588207
714 197.179842588207
715 197.179842588207
716 197.179842588207
717 197.179842588207
718 197.179842588207
719 197.179842588207
720 197.179842588207
721 197.179842588207
722 197.179842588207
723 197.179842588207
724 197.179842588207
725 197.179842588207
726 197.179842588207
727 197.179842588207
728 197.179842588207
729 197.179842588207
730 197.179842588207
731 197.179842588207
732 197.179842588207
733 197.179842588207
734 197.179842588207
735 197.179842588207
736 197.179842588207
737 197.179842588207
738 197.179842588207
739 197.179842588207
740 197.179842588207
741 197.179842588207
742 197.179842588207
743 197.179842588207
744 197.179842588207
745 197.179842588207
746 197.179842588207
747 197.179842588207
748 197.179842588207
749 197.179842588207
750 197.179842588207
751 197.179842588207
752 197.179842588207
753 197.179842588207
754 197.179842588207
755 197.179842588207
756 197.179842588207
757 197.179842588207
758 197.179842588207
759 197.179842588207
760 197.179842588207
761 197.179842588207
762 197.179842588207
763 197.179842588207
764 197.179842588207
765 197.179842588207
766 197.179842588207
767 197.179842588207
768 197.179842588207
769 197.179842588207
770 197.179842588207
771 197.179842588207
772 197.179842588207
773 197.179842588207
774 197.179842588207
775 197.179842588207
776 197.179842588207
777 197.179842588207
778 197.179842588207
779 197.179842588207
780 197.179842588207
781 197.179842588207
782 197.179842588207
783 197.179842588207
784 197.179842588207
785 197.179842588207
786 197.179842588207
787 197.179842588207
788 197.179842588207
789 197.179842588207
790 197.179842588207
791 197.179842588207
792 197.179842588207
793 197.179842588207
794 197.179842588207
795 203.9338323927138
796 203.9338323927138
797 203.9338323927138
798 203.9338323927138
799 203.9338323927138
800 203.9338323927138
801 203.9338323927138
802 203.9338323927138
803 203.9338323927138
804 203.9338323927138
805 203.9338323927138
806 203.9338323927138
807 203.9338323927138
808 203.9338323927138
809 203.9338323927138
810 203.9338323927138
811 203.9338323927138
812 203.9338323927138
813 203.9338323927138
814 203.9338323927138
815 203.9338323927138
816 203.9338323927138
817 203.9338323927138
818 203.9338323927138
819 203.9338323927138
820 203.9338323927138
821 203.9338323927138
822 203.9338323927138
823 203.9338323927138
824 203.9338323927138
825 203.9338323927138
826 203.9338323927138
827 203.9338323927138
828 203.9338323927138
829 203.9338323927138
830 203.9338323927138
831 203.9338323927138
832 203.9338323927138
833 203.9338323927138
834 203.9338323927138
835 203.9338323927138
836 203.9338323927138
837 203.9338323927138
838 203.9338323927138
839 203.9338323927138
840 203.9338323927138
841 203.9338323927138
842 203.9338323927138
843 203.9338323927138
844 203.9338323927138
845 203.9338323927138
846 203.9338323927138
847 203.9338323927138
848 203.9338323927138
849 203.9338323927138
850 203.9338323927138
851 203.9338323927138
852 203.9338323927138
853 203.9338323927138
854 203.9338323927138
855 203.9338323927138
856 203.9338323927138
857 203.9338323927138
858 203.9338323927138
859 203.9338323927138
860 203.9338323927138
861 203.9338323927138
862 203.9338323927138
863 203.9338323927138
864 203.9338323927138
865 203.9338323927138
866 203.9338323927138
867 203.9338323927138
868 203.9338323927138
869 203.9338323927138
870 203.9338323927138
871 203.9338323927138
872 203.9338323927138
873 203.9338323927138
874 203.9338323927138
875 203.9338323927138
876 203.9338323927138
877 203.9338323927138
878 203.9338323927138
879 203.9338323927138
880 203.9338323927138
881 203.9338323927138
882 203.9338323927138
883 203.9338323927138
884 203.9338323927138
885 203.9338323927138
886 203.9338323927138
887 203.9338323927138
888 203.9338323927138
889 203.9338323927138
890 203.9338323927138
891 203.9338323927138
892 203.9338323927138
893 203.9338323927138
894 203.9338323927138
895 203.9338323927138
896 203.9338323927138
897 203.9338323927138
898 203.9338323927138
899 203.9338323927138
900 203.9338323927138
901 203.9338323927138
902 203.9338323927138
903 203.9338323927138
904 203.9338323927138
905 203.9338323927138
906 203.9338323927138
907 203.9338323927138
908 203.9338323927138
909 203.9338323927138
910 203.9338323927138
911 203.9338323927138
912 203.9338323927138
913 203.9338323927138
914 203.9338323927138
915 203.9338323927138
916 203.9338323927138
917 203.9338323927138
918 203.9338323927138
919 203.9338323927138
920 203.9338323927138
921 203.9338323927138
922 203.9338323927138
923 203.9338323927138
924 203.9338323927138
925 203.9338323927138
926 203.9338323927138
927 203.9338323927138
928 203.9338323927138
929 203.9338323927138
930 203.9338323927138
931 203.9338323927138
932 203.9338323927138
933 203.9338323927138
934 203.9338323927138
935 203.9338323927138
936 203.9338323927138
937 203.9338323927138
938 203.9338323927138
939 203.9338323927138
940 203.9338323927138
941 203.9338323927138
942 203.9338323927138
943 203.9338323927138
944 203.9338323927138
945 203.9338323927138
946 203.9338323927138
947 203.9338323927138
948 203.9338323927138
949 203.9338323927138
950 203.9338323927138
951 203.9338323927138
952 203.9338323927138
953 203.9338323927138
954 203.9338323927138
955 203.9338323927138
956 203.9338323927138
957 203.9338323927138
958 203.9338323927138
959 203.9338323927138
960 203.9338323927138
961 203.9338323927138
962 203.9338323927138
963 203.9338323927138
964 203.9338323927138
965 203.9338323927138
966 203.9338323927138
967 203.9338323927138
968 203.9338323927138
969 203.9338323927138
970 203.9338323927138
971 203.9338323927138
972 203.9338323927138
973 203.9338323927138
974 203.9338323927138
975 203.9338323927138
976 203.9338323927138
977 203.9338323927138
978 203.9338323927138
979 203.9338323927138
980 203.9338323927138
981 203.9338323927138
982 203.9338323927138
983 203.9338323927138
984 203.9338323927138
985 203.9338323927138
986 203.9338323927138
987 203.9338323927138
988 203.9338323927138
989 203.9338323927138
990 203.9338323927138
991 203.9338323927138
992 203.9338323927138
993 203.9338323927138
994 203.9338323927138
995 203.9338323927138
996 203.9338323927138
997 203.9338323927138
998 203.9338323927138
999 203.9338323927138
1000 203.9338323927138
1001 203.9338323927138
1002 203.9338323927138
1003 203.9338323927138
1004 203.9338323927138
1005 203.9338323927138
1006 203.9338323927138
1007 203.9338323927138
1008 203.9338323927138
1009 203.9338323927138
1010 203.9338323927138
1011 203.9338323927138
1012 203.9338323927138
1013 203.9338323927138
1014 203.9338323927138
1015 203.9338323927138
1016 203.9338323927138
1017 203.9338323927138
1018 203.9338323927138
1019 203.9338323927138
1020 203.9338323927138
1021 203.9338323927138
1022 203.9338323927138
1023 203.9338323927138
1024 203.9338323927138
1025 203.9338323927138
1026 203.9338323927138
1027 203.9338323927138
1028 203.9338323927138
1029 203.9338323927138
1030 203.9338323927138
1031 203.9338323927138
1032 203.9338323927138
1033 203.9338323927138
1034 203.9338323927138
1035 203.9338323927138
1036 203.9338323927138
1037 203.9338323927138
1038 203.9338323927138
1039 203.9338323927138
1040 203.9338323927138
1041 203.9338323927138
1042 203.9338323927138
1043 203.9338323927138
1044 203.9338323927138
1045 203.9338323927138
1046 203.9338323927138
1047 203.9338323927138
1048 203.9338323927138
1049 203.9338323927138
1050 203.9338323927138
1051 203.9338323927138
1052 203.9338323927138
1053 203.9338323927138
1054 203.9338323927138
1055 203.9338323927138
1056 203.9338323927138
1057 203.9338323927138
1058 203.9338323927138
1059 203.9338323927138
1060 203.9338323927138
1061 203.9338323927138
1062 203.9338323927138
1063 203.9338323927138
1064 203.9338323927138
1065 203.9338323927138
1066 203.9338323927138
1067 203.9338323927138
1068 203.9338323927138
1069 203.9338323927138
1070 203.9338323927138
1071 203.9338323927138
1072 203.9338323927138
1073 203.9338323927138
1074 203.9338323927138
1075 203.9338323927138
1076 203.9338323927138
1077 203.9338323927138
1078 203.9338323927138
1079 203.9338323927138
1080 203.9338323927138
1081 203.9338323927138
1082 203.9338323927138
1083 203.9338323927138
1084 203.9338323927138
1085 203.9338323927138
1086 203.9338323927138
1087 203.9338323927138
1088 203.9338323927138
1089 203.9338323927138
1090 203.9338323927138
1091 203.9338323927138
1092 203.9338323927138
1093 203.9338323927138
1094 203.9338323927138
1095 203.9338323927138
1096 203.9338323927138
1097 203.9338323927138
1098 203.9338323927138
1099 203.9338323927138
1100 203.9338323927138
1101 203.9338323927138
1102 203.9338323927138
1103 203.9338323927138
1104 203.9338323927138
1105 203.9338323927138
1106 203.9338323927138
1107 203.9338323927138
1108 203.9338323927138
1109 203.9338323927138
1110 203.9338323927138
1111 203.9338323927138
1112 203.9338323927138
1113 203.9338323927138
1114 203.9338323927138
1115 203.9338323927138
1116 203.9338323927138
1117 203.9338323927138
1118 203.9338323927138
1119 203.9338323927138
1120 203.9338323927138
1121 203.9338323927138
1122 203.9338323927138
1123 203.9338323927138
1124 203.9338323927138
1125 203.9338323927138
1126 203.9338323927138
1127 203.9338323927138
1128 203.9338323927138
1129 203.9338323927138
1130 203.9338323927138
1131 203.9338323927138
1132 203.9338323927138
1133 203.9338323927138
1134 203.9338323927138
1135 203.9338323927138
1136 203.9338323927138
1137 203.9338323927138
1138 203.9338323927138
1139 203.9338323927138
1140 203.9338323927138
1141 203.9338323927138
1142 203.9338323927138
1143 203.9338323927138
1144 203.9338323927138
1145 203.9338323927138
1146 203.9338323927138
1147 203.9338323927138
1148 203.9338323927138
1149 203.9338323927138
1150 203.9338323927138
1151 203.9338323927138
1152 203.9338323927138
1153 203.9338323927138
1154 203.9338323927138
1155 203.9338323927138
1156 203.9338323927138
1157 203.9338323927138
1158 203.9338323927138
1159 203.9338323927138
1160 203.9338323927138
1161 203.9338323927138
1162 203.9338323927138
1163 203.9338323927138
1164 203.9338323927138
1165 203.9338323927138
1166 203.9338323927138
1167 203.9338323927138
1168 203.9338323927138
1169 203.9338323927138
1170 203.9338323927138
1171 203.9338323927138
1172 203.9338323927138
1173 203.9338323927138
1174 203.9338323927138
1175 203.9338323927138
1176 203.9338323927138
1177 203.9338323927138
1178 203.9338323927138
1179 203.9338323927138
1180 203.9338323927138
1181 203.9338323927138
1182 203.9338323927138
1183 203.9338323927138
1184 203.9338323927138
1185 203.9338323927138
1186 203.9338323927138
1187 203.9338323927138
1188 203.9338323927138
1189 203.9338323927138
1190 203.9338323927138
1191 203.9338323927138
1192 203.9338323927138
1193 203.9338323927138
1194 203.9338323927138
1195 203.9338323927138
1196 203.9338323927138
1197 203.9338323927138
1198 203.9338323927138
1199 203.9338323927138
1200 203.9338323927138
1201 203.9338323927138
1202 203.9338323927138
1203 203.9338323927138
1204 203.9338323927138
1205 203.9338323927138
1206 203.9338323927138
1207 203.9338323927138
1208 203.9338323927138
1209 203.9338323927138
1210 203.9338323927138
1211 203.9338323927138
1212 203.9338323927138
1213 203.9338323927138
1214 203.9338323927138
1215 203.9338323927138
1216 203.9338323927138
1217 203.9338323927138
1218 203.9338323927138
1219 203.9338323927138
1220 203.9338323927138
1221 203.9338323927138
1222 203.9338323927138
1223 203.9338323927138
1224 203.9338323927138
1225 203.9338323927138
1226 203.9338323927138
1227 203.9338323927138
1228 203.9338323927138
1229 203.9338323927138
1230 203.9338323927138
1231 203.9338323927138
1232 203.9338323927138
1233 203.9338323927138
1234 203.9338323927138
1235 203.9338323927138
1236 203.9338323927138
1237 203.9338323927138
1238 203.9338323927138
1239 203.9338323927138
1240 203.9338323927138
1241 203.9338323927138
1242 203.9338323927138
1243 203.9338323927138
1244 203.9338323927138
1245 203.9338323927138
1246 203.9338323927138
1247 203.9338323927138
1248 203.9338323927138
1249 203.9338323927138
1250 203.9338323927138
1251 203.9338323927138
1252 203.9338323927138
1253 203.9338323927138
1254 203.9338323927138
1255 203.9338323927138
1256 203.9338323927138
1257 203.9338323927138
1258 203.9338323927138
1259 203.9338323927138
1260 203.9338323927138
1261 203.9338323927138
1262 203.9338323927138
1263 203.9338323927138
1264 203.9338323927138
1265 203.9338323927138
1266 203.9338323927138
1267 203.9338323927138
1268 203.9338323927138
1269 203.9338323927138
1270 203.9338323927138
1271 203.9338323927138
1272 203.9338323927138
1273 203.9338323927138
1274 203.9338323927138
1275 203.9338323927138
1276 203.9338323927138
1277 203.9338323927138
1278 203.9338323927138
1279 203.9338323927138
1280 203.9338323927138
1281 203.9338323927138
1282 203.9338323927138
1283 203.9338323927138
1284 203.9338323927138
1285 203.9338323927138
1286 203.9338323927138
1287 203.9338323927138
1288 203.9338323927138
1289 203.9338323927138
1290 203.9338323927138
1291 203.9338323927138
1292 203.9338323927138
1293 203.9338323927138
1294 203.9338323927138
1295 203.9338323927138
1296 203.9338323927138
1297 203.9338323927138
1298 203.9338323927138
1299 203.9338323927138
1300 203.9338323927138
1301 203.9338323927138
1302 203.9338323927138
1303 203.9338323927138
1304 203.9338323927138
1305 203.9338323927138
1306 203.9338323927138
1307 203.9338323927138
1308 203.9338323927138
1309 203.9338323927138
1310 203.9338323927138
1311 203.9338323927138
1312 203.9338323927138
1313 203.9338323927138
1314 203.9338323927138
1315 203.9338323927138
1316 203.9338323927138
1317 203.9338323927138
1318 203.9338323927138
1319 203.9338323927138
1320 203.9338323927138
1321 203.9338323927138
1322 203.9338323927138
1323 203.9338323927138
1324 203.9338323927138
1325 203.9338323927138
1326 203.9338323927138
1327 203.9338323927138
1328 203.9338323927138
1329 203.9338323927138
1330 203.9338323927138
1331 203.9338323927138
1332 203.9338323927138
1333 203.9338323927138
1334 203.9338323927138
1335 203.9338323927138
1336 203.9338323927138
1337 203.9338323927138
1338 203.9338323927138
1339 203.9338323927138
1340 203.9338323927138
1341 203.9338323927138
1342 203.9338323927138
1343 203.9338323927138
1344 203.9338323927138
1345 203.9338323927138
1346 203.9338323927138
1347 203.9338323927138
1348 203.9338323927138
1349 203.9338323927138
1350 203.9338323927138
1351 203.9338323927138
1352 203.9338323927138
1353 203.9338323927138
1354 203.9338323927138
1355 203.9338323927138
1356 203.9338323927138
1357 203.9338323927138
1358 203.9338323927138
1359 203.9338323927138
1360 203.9338323927138
1361 203.9338323927138
1362 203.9338323927138
1363 203.9338323927138
1364 203.9338323927138
1365 203.9338323927138
1366 203.9338323927138
1367 203.9338323927138
1368 203.9338323927138
1369 203.9338323927138
1370 203.9338323927138
1371 203.9338323927138
1372 203.9338323927138
1373 203.9338323927138
1374 203.9338323927138
1375 203.9338323927138
1376 203.9338323927138
1377 203.9338323927138
1378 203.9338323927138
1379 203.9338323927138
1380 203.9338323927138
1381 203.9338323927138
1382 203.9338323927138
1383 203.9338323927138
1384 203.9338323927138
1385 203.9338323927138
1386 203.9338323927138
1387 203.9338323927138
1388 203.9338323927138
1389 203.9338323927138
1390 203.9338323927138
1391 203.9338323927138
1392 203.9338323927138
1393 203.9338323927138
1394 203.9338323927138
1395 203.9338323927138
1396 203.9338323927138
1397 203.9338323927138
1398 203.9338323927138
1399 203.9338323927138
1400 203.9338323927138
1401 203.9338323927138
1402 203.9338323927138
1403 203.9338323927138
1404 203.9338323927138
1405 203.9338323927138
1406 203.9338323927138
1407 203.9338323927138
1408 203.9338323927138
1409 203.9338323927138
1410 203.9338323927138
1411 203.9338323927138
1412 203.9338323927138
1413 203.9338323927138
1414 203.9338323927138
1415 203.9338323927138
1416 203.9338323927138
1417 203.9338323927138
1418 203.9338323927138
1419 203.9338323927138
1420 203.9338323927138
1421 203.9338323927138
1422 203.9338323927138
1423 203.9338323927138
1424 203.9338323927138
1425 203.9338323927138
1426 203.9338323927138
1427 203.9338323927138
1428 203.9338323927138
1429 203.9338323927138
1430 203.9338323927138
1431 203.9338323927138
1432 203.9338323927138
1433 203.9338323927138
1434 203.9338323927138
1435 203.9338323927138
1436 203.9338323927138
1437 203.9338323927138
1438 203.9338323927138
1439 203.9338323927138
1440 203.9338323927138
1441 203.9338323927138
1442 203.9338323927138
1443 203.9338323927138
1444 203.9338323927138
1445 203.9338323927138
1446 203.9338323927138
1447 203.9338323927138
1448 203.9338323927138
1449 203.9338323927138
1450 203.9338323927138
1451 203.9338323927138
1452 203.9338323927138
1453 203.9338323927138
1454 203.9338323927138
1455 203.9338323927138
1456 203.9338323927138
1457 203.9338323927138
1458 203.9338323927138
1459 203.9338323927138
1460 203.9338323927138
1461 203.9338323927138
1462 203.9338323927138
1463 203.9338323927138
1464 203.9338323927138
1465 203.9338323927138
1466 203.9338323927138
1467 203.9338323927138
1468 203.9338323927138
1469 203.9338323927138
1470 203.9338323927138
1471 203.9338323927138
1472 203.9338323927138
1473 203.9338323927138
1474 203.9338323927138
1475 203.9338323927138
1476 203.9338323927138
1477 203.9338323927138
1478 203.9338323927138
1479 203.9338323927138
1480 203.9338323927138
1481 203.9338323927138
1482 203.9338323927138
1483 203.9338323927138
1484 203.9338323927138
1485 203.9338323927138
1486 203.9338323927138
1487 203.9338323927138
1488 203.9338323927138
1489 203.9338323927138
1490 203.9338323927138
1491 203.9338323927138
1492 203.9338323927138
1493 203.9338323927138
1494 203.9338323927138
1495 203.9338323927138
1496 203.9338323927138
1497 203.9338323927138
1498 203.9338323927138
1499 203.9338323927138
1500 203.9338323927138
1501 203.9338323927138
1502 203.9338323927138
1503 203.9338323927138
1504 203.9338323927138
1505 203.9338323927138
1506 203.9338323927138
1507 203.9338323927138
1508 203.9338323927138
1509 203.9338323927138
1510 203.9338323927138
1511 203.9338323927138
1512 203.9338323927138
1513 203.9338323927138
1514 203.9338323927138
1515 203.9338323927138
1516 203.9338323927138
1517 203.9338323927138
1518 203.9338323927138
1519 203.9338323927138
1520 203.9338323927138
1521 203.9338323927138
1522 203.9338323927138
1523 203.9338323927138
1524 203.9338323927138
1525 203.9338323927138
1526 203.9338323927138
1527 203.9338323927138
1528 203.9338323927138
1529 203.9338323927138
1530 203.9338323927138
1531 203.9338323927138
1532 203.9338323927138
1533 203.9338323927138
1534 203.9338323927138
1535 203.9338323927138
1536 203.9338323927138
1537 203.9338323927138
1538 203.9338323927138
1539 203.9338323927138
1540 203.9338323927138
1541 203.9338323927138
1542 203.9338323927138
1543 203.9338323927138
1544 203.9338323927138
1545 203.9338323927138
1546 203.9338323927138
1547 203.9338323927138
1548 203.9338323927138
1549 203.9338323927138
1550 203.9338323927138
1551 203.9338323927138
1552 203.9338323927138
1553 203.9338323927138
1554 203.9338323927138
1555 203.9338323927138
1556 203.9338323927138
1557 203.9338323927138
1558 203.9338323927138
1559 203.9338323927138
1560 203.9338323927138
1561 203.9338323927138
1562 203.9338323927138
1563 203.9338323927138
1564 203.9338323927138
1565 203.9338323927138
1566 203.9338323927138
1567 203.9338323927138
1568 203.9338323927138
1569 203.9338323927138
1570 203.9338323927138
1571 203.9338323927138
1572 203.9338323927138
1573 203.9338323927138
1574 203.9338323927138
1575 203.9338323927138
1576 203.9338323927138
1577 203.9338323927138
1578 203.9338323927138
1579 203.9338323927138
1580 203.9338323927138
1581 203.9338323927138
1582 203.9338323927138
1583 203.9338323927138
1584 203.9338323927138
1585 203.9338323927138
1586 203.9338323927138
1587 203.9338323927138
1588 203.9338323927138
1589 203.9338323927138
1590 203.9338323927138
1591 203.9338323927138
1592 203.9338323927138
1593 203.9338323927138
1594 203.9338323927138
1595 203.9338323927138
1596 203.9338323927138
1597 203.9338323927138
1598 203.9338323927138
1599 203.9338323927138
1600 203.9338323927138
1601 203.9338323927138
1602 203.9338323927138
1603 203.9338323927138
1604 203.9338323927138
1605 203.9338323927138
1606 203.9338323927138
1607 203.9338323927138
1608 203.9338323927138
1609 203.9338323927138
1610 203.9338323927138
1611 203.9338323927138
1612 203.9338323927138
1613 203.9338323927138
1614 203.9338323927138
1615 203.9338323927138
1616 203.9338323927138
1617 203.9338323927138
1618 203.9338323927138
1619 203.9338323927138
1620 203.9338323927138
1621 203.9338323927138
1622 203.9338323927138
1623 203.9338323927138
1624 203.9338323927138
1625 203.9338323927138
1626 203.9338323927138
1627 203.9338323927138
1628 203.9338323927138
1629 203.9338323927138
1630 203.9338323927138
1631 203.9338323927138
1632 203.9338323927138
1633 203.9338323927138
1634 203.9338323927138
1635 203.9338323927138
1636 203.9338323927138
1637 203.9338323927138
1638 203.9338323927138
1639 203.9338323927138
1640 203.9338323927138
1641 203.9338323927138
1642 203.9338323927138
1643 203.9338323927138
1644 203.9338323927138
1645 203.9338323927138
1646 203.9338323927138
1647 203.9338323927138
1648 203.9338323927138
1649 203.9338323927138
1650 203.9338323927138
1651 203.9338323927138
1652 203.9338323927138
1653 203.9338323927138
1654 203.9338323927138
1655 203.9338323927138
1656 203.9338323927138
1657 203.9338323927138
1658 203.9338323927138
1659 203.9338323927138
1660 203.9338323927138
1661 203.9338323927138
1662 203.9338323927138
1663 203.9338323927138
1664 203.9338323927138
1665 203.9338323927138
1666 203.9338323927138
1667 203.9338323927138
1668 203.9338323927138
1669 203.9338323927138
1670 203.9338323927138
1671 203.9338323927138
1672 203.9338323927138
1673 203.9338323927138
1674 203.9338323927138
1675 203.9338323927138
1676 203.9338323927138
1677 203.9338323927138
1678 203.9338323927138
1679 203.9338323927138
1680 203.9338323927138
1681 203.9338323927138
1682 203.9338323927138
1683 203.9338323927138
1684 203.9338323927138
1685 203.9338323927138
1686 203.9338323927138
1687 203.9338323927138
1688 203.9338323927138
1689 203.9338323927138
1690 203.9338323927138
1691 203.9338323927138
1692 203.9338323927138
1693 203.9338323927138
1694 203.9338323927138
1695 203.9338323927138
1696 203.9338323927138
1697 203.9338323927138
1698 203.9338323927138
1699 203.9338323927138
1700 203.9338323927138
1701 203.9338323927138
1702 203.9338323927138
1703 203.9338323927138
1704 203.9338323927138
1705 203.9338323927138
1706 203.9338323927138
1707 203.9338323927138
1708 203.9338323927138
1709 203.9338323927138
1710 203.9338323927138
1711 203.9338323927138
1712 203.9338323927138
1713 203.9338323927138
1714 203.9338323927138
1715 203.9338323927138
1716 203.9338323927138
1717 203.9338323927138
1718 203.9338323927138
1719 203.9338323927138
1720 203.9338323927138
1721 203.9338323927138
1722 203.9338323927138
1723 203.9338323927138
1724 203.9338323927138
1725 203.9338323927138
1726 203.9338323927138
1727 203.9338323927138
1728 203.9338323927138
1729 203.9338323927138
1730 203.9338323927138
1731 203.9338323927138
1732 203.9338323927138
1733 203.9338323927138
1734 203.9338323927138
1735 203.9338323927138
1736 203.9338323927138
1737 203.9338323927138
1738 203.9338323927138
1739 203.9338323927138
1740 203.9338323927138
1741 203.9338323927138
1742 203.9338323927138
1743 203.9338323927138
1744 203.9338323927138
1745 203.9338323927138
1746 203.9338323927138
1747 203.9338323927138
1748 203.9338323927138
1749 203.9338323927138
1750 203.9338323927138
1751 203.9338323927138
1752 203.9338323927138
1753 203.9338323927138
1754 203.9338323927138
1755 203.9338323927138
1756 203.9338323927138
1757 203.9338323927138
1758 203.9338323927138
1759 203.9338323927138
1760 203.9338323927138
1761 203.9338323927138
1762 203.9338323927138
1763 203.9338323927138
1764 203.9338323927138
1765 203.9338323927138
1766 203.9338323927138
1767 203.9338323927138
1768 203.9338323927138
1769 203.9338323927138
1770 203.9338323927138
1771 203.9338323927138
1772 203.9338323927138
1773 203.9338323927138
1774 203.9338323927138
1775 203.9338323927138
1776 206.74103575501545
1777 206.74103575501545
1778 206.74103575501545
1779 206.74103575501545
1780 206.74103575501545
1781 206.74103575501545
1782 206.74103575501545
1783 206.74103575501545
1784 206.74103575501545
1785 206.74103575501545
1786 206.74103575501545
1787 206.74103575501545
1788 206.74103575501545
1789 206.74103575501545
1790 206.74103575501545
1791 206.74103575501545
1792 206.74103575501545
1793 206.74103575501545
1794 206.74103575501545
1795 206.74103575501545
1796 206.74103575501545
1797 206.74103575501545
1798 206.74103575501545
1799 206.74103575501545
1800 206.74103575501545
1801 206.74103575501545
1802 206.74103575501545
1803 206.74103575501545
1804 206.74103575501545
1805 206.74103575501545
1806 206.74103575501545
1807 206.74103575501545
1808 206.74103575501545
1809 206.74103575501545
1810 206.74103575501545
1811 206.74103575501545
1812 206.74103575501545
1813 206.74103575501545
1814 206.74103575501545
1815 206.74103575501545
1816 206.74103575501545
1817 206.74103575501545
1818 206.74103575501545
1819 206.74103575501545
1820 206.74103575501545
1821 206.74103575501545
1822 206.74103575501545
1823 206.74103575501545
1824 206.74103575501545
1825 206.74103575501545
1826 206.74103575501545
1827 206.74103575501545
1828 206.74103575501545
1829 206.74103575501545
1830 206.74103575501545
1831 206.74103575501545
1832 206.74103575501545
1833 206.74103575501545
1834 206.74103575501545
1835 206.74103575501545
1836 206.74103575501545
1837 206.74103575501545
1838 206.74103575501545
1839 206.74103575501545
1840 206.74103575501545
1841 206.74103575501545
1842 206.74103575501545
1843 206.74103575501545
1844 206.74103575501545
1845 206.74103575501545
1846 206.74103575501545
1847 206.74103575501545
1848 206.74103575501545
1849 206.74103575501545
1850 206.74103575501545
1851 206.74103575501545
1852 206.74103575501545
1853 206.74103575501545
1854 206.74103575501545
1855 206.74103575501545
1856 206.74103575501545
1857 206.74103575501545
1858 206.74103575501545
1859 206.74103575501545
1860 206.74103575501545
1861 206.74103575501545
1862 206.74103575501545
1863 206.74103575501545
1864 206.74103575501545
1865 206.74103575501545
1866 206.74103575501545
1867 206.74103575501545
1868 206.74103575501545
1869 206.74103575501545
1870 206.74103575501545
1871 206.74103575501545
1872 206.74103575501545
1873 206.74103575501545
1874 206.74103575501545
1875 206.74103575501545
1876 206.74103575501545
1877 206.74103575501545
1878 206.74103575501545
1879 206.74103575501545
1880 206.74103575501545
1881 206.74103575501545
1882 206.74103575501545
1883 206.74103575501545
1884 206.74103575501545
1885 206.74103575501545
1886 206.74103575501545
1887 206.74103575501545
1888 206.74103575501545
1889 206.74103575501545
1890 206.74103575501545
1891 206.74103575501545
1892 206.74103575501545
1893 206.74103575501545
1894 206.74103575501545
1895 206.74103575501545
1896 206.74103575501545
1897 206.74103575501545
1898 206.74103575501545
1899 206.74103575501545
1900 206.74103575501545
1901 206.74103575501545
1902 206.74103575501545
1903 206.74103575501545
1904 206.74103575501545
1905 206.74103575501545
1906 206.74103575501545
1907 206.74103575501545
1908 206.74103575501545
1909 206.74103575501545
1910 206.74103575501545
1911 206.74103575501545
1912 206.74103575501545
1913 206.74103575501545
1914 206.74103575501545
1915 206.74103575501545
1916 206.74103575501545
1917 206.74103575501545
1918 206.74103575501545
1919 206.74103575501545
1920 206.74103575501545
1921 206.74103575501545
1922 206.74103575501545
1923 206.74103575501545
1924 206.74103575501545
1925 206.74103575501545
1926 206.74103575501545
1927 206.74103575501545
1928 206.74103575501545
1929 206.74103575501545
1930 206.74103575501545
1931 206.74103575501545
1932 206.74103575501545
1933 206.74103575501545
1934 206.74103575501545
1935 206.74103575501545
1936 206.74103575501545
1937 206.74103575501545
1938 206.74103575501545
1939 206.74103575501545
1940 206.74103575501545
1941 206.74103575501545
1942 206.74103575501545
1943 206.74103575501545
1944 206.74103575501545
1945 206.74103575501545
1946 206.74103575501545
1947 206.74103575501545
1948 206.74103575501545
1949 206.74103575501545
1950 206.74103575501545
1951 206.74103575501545
1952 206.74103575501545
1953 206.74103575501545
1954 206.74103575501545
1955 206.74103575501545
1956 206.74103575501545
1957 206.74103575501545
1958 206.74103575501545
1959 206.74103575501545
1960 206.74103575501545
1961 206.74103575501545
1962 206.74103575501545
1963 206.74103575501545
1964 206.74103575501545
1965 206.74103575501545
1966 206.74103575501545
1967 206.74103575501545
1968 206.74103575501545
1969 206.74103575501545
1970 206.74103575501545
1971 206.74103575501545
1972 206.74103575501545
1973 206.74103575501545
1974 206.74103575501545
1975 206.74103575501545
1976 206.74103575501545
1977 206.74103575501545
1978 206.74103575501545
1979 206.74103575501545
1980 206.74103575501545
1981 206.74103575501545
1982 206.74103575501545
1983 206.74103575501545
1984 206.74103575501545
1985 206.74103575501545
1986 206.74103575501545
1987 206.74103575501545
1988 206.74103575501545
1989 206.74103575501545
1990 206.74103575501545
1991 206.74103575501545
1992 206.74103575501545
1993 206.74103575501545
1994 206.74103575501545
1995 206.74103575501545
1996 206.74103575501545
1997 206.74103575501545
1998 206.74103575501545
1999 206.74103575501545
