0 0.0
1 0.0
2 0.0
3 0.0
4 0.0
5 0.0
6 0.0
7 0.0
8 0.03333333333333333
9 0.03333333333333333
10 0.03333333333333333
11 0.03333333333333333
12 0.13333333333333333
13 0.13333333333333333
14 0.13333333333333333
15 0.13333333333333333
16 0.23333333333333334
17 0.23333333333333334
18 0.23333333333333334
19 0.36666666666666664
20 0.36666666666666664
21 0.5333333333333333
22 0.5333333333333333
23 0.5333333333333333
24 0.5333333333333333
25 0.5333333333333333
26 0.6666666666666666
27 0.6666666666666666
28 0.6666666666666666
29 0.8333333333333334
30 0.8333333333333334
31 0.8333333333333334
32 0.8333333333333334
33 0.8333333333333334
34 0.9
35 0.9
36 0.9333333333333333
37 0.9333333333333333
38 0.9333333333333333
39 0.9333333333333333
40 0.9333333333333333
41 0.9333333333333333
42 0.9333333333333333
43 1.0333333333333334
44 1.0333333333333334
45 1.1
46 1.1
47 1.1
48 1.1
49 1.1
50 1.1
51 1.1
52 1.1
53 1.1
54 1.1
55 1.2
56 1.2
57 1.2
58 1.3333333333333333
59 1.3333333333333333
60 1.3333333333333333
61 1.3333333333333333
62 1.3333333333333333
63 1.3333333333333333
64 1.3333333333333333
65 1.3333333333333333
66 1.3333333333333333
67 1.3333333333333333
68 1.3333333333333333
69 1.5333333333333334
70 1.5333333333333334
71 1.5333333333333334
72 1.5333333333333334
73 1.5333333333333334
74 1.5333333333333334
75 1.5333333333333334
76 1.5333333333333334
77 1.5333333333333334
78 1.5333333333333334
79 1.5666666666666667
80 1.5666666666666667
81 1.5666666666666667
82 1.5666666666666667
83 1.5666666666666667
84 1.6
85 1.6
86 1.6
87 1.6
88 1.6
89 1.6333333333333333
90 1.6333333333333333
91 1.6333333333333333
92 1.6333333333333333
93 1.6333333333333333
94 1.6333333333333333
95 1.6333333333333333
96 1.6333333333333333
97 1.6333333333333333
98 1.6333333333333333
99 1.6333333333333333
100 1.6333333333333333
101 1.6333333333333333
102 1.6333333333333333
103 1.6333333333333333
104 1.6333333333333333
105 1.6333333333333333
106 1.6333333333333333
107 1.6333333333333333
108 1.6333333333333333
109 1.6333333333333333
110 1.6333333333333333
111 1.6333333333333333
112 1.6333333333333333
113 1.6333333333333333
114 1.6666666666666667
115 1.6666666666666667
116 1.6666666666666667
117 1.6666666666666667
118 1.6666666666666667
119 1.6666666666666667
120 1.6666666666666667
121 1.6666666666666667
122 1.6666666666666667
123 1.7666666666666666
124 1.7666666666666666
125 1.7666666666666666
126 1.7666666666666666
127 1.7666666666666666
128 1.7666666666666666
129 1.7666666666666666
130 1.7666666666666666
131 1.7666666666666666
132 1.7666666666666666
133 1.7666666666666666
134 1.7666666666666666
135 1.7666666666666666
136 1.7666666666666666
137 1.7666666666666666
138 1.7666666666666666
139 1.7666666666666666
140 1.7666666666666666
141 1.7666666666666666
142 1.7666666666666666
143 1.7666666666666666
144 1.7666666666666666
145 1.7666666666666666
146 1.7666666666666666
147 1.7666666666666666
148 1.8666666666666667
149 1.8666666666666667
150 1.8666666666666667
151 1.8666666666666667
152 1.8666666666666667
153 1.8666666666666667
154 1.8666666666666667
155 1.8666666666666667
156 1.8666666666666667
157 1.8666666666666667
158 1.8666666666666667
159 1.8666666666666667
160 1.8666666666666667
161 1.8666666666666667
162 1.8666666666666667
163 1.8666666666666667
164 1.8666666666666667
165 1.8666666666666667
166 1.8666666666666667
167 1.8666666666666667
168 1.8666666666666667
169 1.8666666666666667
170 1.8666666666666667
171 1.8666666666666667
172 1.8666666666666667
173 1.8666666666666667
174 1.8666666666666667
175 1.8666666666666667
176 1.8666666666666667
177 1.8666666666666667
178 1.8666666666666667
179 1.8666666666666667
180 1.8666666666666667
181 1.8666666666666667
182 1.8666666666666667
183 1.8666666666666667
184 1.8666666666666667
185 1.8666666666666667
186 1.8666666666666667
187 1.8666666666666667
188 1.8666666666666667
189 1.8666666666666667
190 1.8666666666666667
191 1.8666666666666667
192 1.8666666666666667
193 1.8666666666666667
194 1.8666666666666667
195 1.8666666666666667
196 1.8666666666666667
197 1.9
198 1.9
199 1.9
200 1.9
201 1.9
202 1.9
203 1.9
204 1.9
205 1.9
206 1.9
207 1.9
208 1.9
209 1.9
210 1.9
211 1.9
212 1.9
213 1.9
214 1.9
215 1.9
216 1.9
217 1.9
218 1.9
219 1.9
220 1.9
221 1.9
222 1.9
223 1.9
224 1.9
225 1.9
226 1.9
227 1.9
228 1.9
229 1.9
230 1.9
231 1.9
232 1.9
233 1.9
234 1.9
235 1.9
236 1.9
237 1.9
238 1.9
239 1.9
240 1.9
241 1.9
242 1.9
243 1.9
244 1.9
245 1.9
246 1.9
247 1.9
248 1.9
249 1.9
250 1.9
251 1.9
252 1.9
253 1.9
254 1.9
255 1.9
256 1.9
257 1.9
258 1.9
259 1.9
260 1.9
261 1.9
262 1.9
263 1.9
264 1.9
265 1.9
266 1.9
267 1.9
268 1.9
269 1.9
270 1.9
271 1.9
272 1.9
273 1.9
274 1.9
275 1.9
276 1.9
277 1.9
278 1.9
279 1.9
280 1.9
281 1.9
282 1.9
283 1.9
284 1.9
285 1.9
286 1.9
287 1.9
288 1.9
289 1.9
290 1.9
291 1.9
292 1.9
293 1.9
294 1.9
295 1.9
296 1.9
297 1.9
298 1.9
299 1.9
300 1.9
301 1.9
302 1.9
303 1.9
304 1.9
305 1.9
306 1.9
307 1.9
308 1.9
309 1.9
310 1.9
311 1.9
312 1.9
313 1.9
314 1.9
315 1.9
316 1.9
317 1.9
318 1.9
319 1.9
320 1.9
321 1.9
322 1.9
323 1.9
324 1.9
325 1.9
326 1.9
327 1.9
328 1.9
329 1.9
330 1.9
331 1.9
332 1.9
333 1.9
334 1.9
335 1.9
336 1.9
337 1.9
338 1.9
339 1.9
340 1.9
341 1.9
342 1.9
343 1.9
344 1.9
345 1.9
346 1.9
347 1.9
348 1.9
349 1.9
350 1.9
351 1.9
352 1.9
353 1.9
354 1.9
355 1.9
356 1.9
357 1.9
358 1.9
359 1.9
360 1.9
361 1.9
362 1.9
363 1.9
364 1.9
365 1.9
366 1.9
367 1.9
368 1.9
369 1.9
370 1.9
371 1.9
372 1.9
373 1.9
374 1.9
375 1.9
376 1.9
377 1.9
378 1.9
379 1.9
380 1.9
381 1.9
382 1.9
383 1.9
384 1.9
385 1.9
386 1.9
387 1.9
388 1.9
389 1.9
390 1.9
391 1.9
392 1.9
393 1.9
394 1.9
395 1.9
396 1.9
397 1.9
398 1.9
399 1.9
400 1.9
401 1.9
402 1.9
403 1.9
404 1.9
405 1.9
406 1.9
407 1.9
408 1.9
409 1.9
410 1.9
411 1.9
412 1.9
413 1.9
414 1.9
415 1.9
416 1.9
417 1.9
418 1.9
419 1.9
420 1.9
421 1.9
422 1.9
423 1.9
424 1.9
425 1.9
426 1.9
427 1.9
428 1.9
429 1.9
430 1.9
431 1.9
432 1.9
433 1.9
434 1.9
435 1.9
436 1.9
437 1.9
438 1.9
439 1.9
440 1.9
441 1.9
442 1.9
443 1.9
444 1.9
445 1.9
446 1.9
447 1.9
448 1.9
449 1.9
450 1.9
451 1.9
452 1.9
453 1.9
454 1.9
455 1.9
456 1.9
457 1.9
458 1.9
459 1.9
460 1.9
461 1.9
462 1.9
463 1.9
464 1.9
465 1.9
466 1.9
467 1.9
468 1.9
469 1.9
470 1.9
471 1.9
472 1.9
473 1.9
474 1.9
475 1.9
476 1.9
477 1.9
478 1.9
479 1.9
480 1.9
481 1.9
482 1.9
483 1.9
484 1.9
485 1.9
486 1.9
487 1.9
488 1.9
489 1.9
490 1.9
491 1.9
492 1.9
493 1.9
494 1.9
495 1.9
496 1.9
497 1.9
498 1.9
499 1.9
500 1.9
501 1.9
502 1.9
503 1.9
504 1.9
505 1.9
506 1.9
507 1.9
508 1.9
509 1.9
510 1.9
511 1.9
512 1.9
513 1.9
514 1.9
515 1.9
516 1.9
517 1.9
518 1.9
519 1.9
520 1.9
521 1.9
522 1.9
523 1.9
524 1.9
525 1.9
526 1.9
527 1.9
528 1.9
529 1.9
530 1.9
531 1.9
532 1.9
533 1.9
534 1.9
535 1.9
536 1.9
537 1.9
538 1.9
539 1.9
540 1.9
541 1.9
542 1.9
543 1.9
544 1.9
545 1.9
546 1.9
547 1.9
548 1.9
549 1.9
550 1.9
551 1.9
552 1.9
553 1.9
554 1.9
555 1.9
556 1.9
557 1.9
558 1.9
559 1.9
560 1.9
561 1.9
562 1.9
563 1.9
564 1.9
565 1.9
566 1.9
567 1.9
568 1.9
569 1.9
570 1.9
571 1.9
572 1.9
573 1.9
574 1.9
575 1.9
576 1.9
577 1.9
578 1.9
579 1.9
580 1.9
581 1.9
582 1.9
583 1.9
584 1.9
585 1.9
586 1.9
587 1.9
588 1.9
589 1.9
590 1.9333333333333333
591 1.9333333333333333
592 1.9333333333333333
593 1.9333333333333333
594 1.9333333333333333
595 1.9333333333333333
596 1.9333333333333333
597 1.9333333333333333
598 1.9333333333333333
599 1.9333333333333333
600 1.9333333333333333
601 1.9333333333333333
602 1.9333333333333333
603 1.9333333333333333
604 1.9333333333333333
605 1.9333333333333333
606 1.9333333333333333
607 1.9333333333333333
608 1.9333333333333333
609 1.9333333333333333
610 1.9333333333333333
611 1.9333333333333333
612 1.9333333333333333
613 1.9333333333333333
614 1.9333333333333333
615 1.9333333333333333
616 1.9333333333333333
617 1.9333333333333333
618 1.9333333333333333
619 1.9333333333333333
620 1.9333333333333333
621 1.9333333333333333
622 1.9333333333333333
623 1.9333333333333333
624 1.9333333333333333
625 1.9333333333333333
626 1.9333333333333333
627 1.9333333333333333
628 1.9333333333333333
629 1.9333333333333333
630 1.9333333333333333
631 1.9333333333333333
632 1.9333333333333333
633 1.9333333333333333
634 1.9333333333333333
635 1.9333333333333333
636 1.9333333333333333
637 1.9333333333333333
638 1.9333333333333333
639 1.9333333333333333
640 1.9333333333333333
641 1.9333333333333333
642 1.9333333333333333
643 1.9333333333333333
644 1.9333333333333333
645 1.9333333333333333
646 1.9333333333333333
647 1.9333333333333333
648 1.9333333333333333
649 1.9333333333333333
650 1.9333333333333333
651 1.9333333333333333
652 1.9333333333333333
653 1.9333333333333333
654 1.9333333333333333
655 1.9333333333333333
656 1.9333333333333333
657 1.9333333333333333
658 1.9333333333333333
659 1.9333333333333333
660 1.9333333333333333
661 1.9333333333333333
662 1.9333333333333333
663 1.9333333333333333
664 1.9333333333333333
665 1.9333333333333333
666 1.9333333333333333
667 1.9333333333333333
668 1.9333333333333333
669 1.9333333333333333
670 1.9333333333333333
671 1.9333333333333333
672 1.9333333333333333
673 1.9333333333333333
674 1.9333333333333333
675 1.9333333333333333
676 1.9333333333333333
677 1.9333333333333333
678 1.9333333333333333
679 1.9333333333333333
680 1.9333333333333333
681 1.9333333333333333
682 1.9333333333333333
683 1.9333333333333333
684 1.9333333333333333
685 1.9333333333333333
686 1.9333333333333333
687 1.9333333333333333
688 1.9333333333333333
689 1.9333333333333333
690 1.9333333333333333
691 1.9333333333333333
692 1.9333333333333333
693 1.9333333333333333
694 1.9333333333333333
695 1.9333333333333333
696 1.9333333333333333
697 1.9333333333333333
698 1.9333333333333333
699 1.9333333333333333
700 1.9333333333333333
701 1.9333333333333333
702 1.9333333333333333
703 1.9333333333333333
704 1.9333333333333333
705 1.9333333333333333
706 1.9333333333333333
707 1.9333333333333333
708 1.9333333333333333
709 1.9333333333333333
710 1.9333333333333333
711 1.9333333333333333
712 1.9333333333333333
713 1.9333333333333333
714 1.9333333333333333
715 1.9333333333333333
716 1.9333333333333333
717 1.9333333333333333
718 1.9333333333333333
719 1.9333333333333333
720 1.9333333333333333
721 1.9333333333333333
722 1.9333333333333333
723 1.9333333333333333
724 1.9333333333333333
725 1.9333333333333333
726 1.9333333333333333
727 1.9333333333333333
728 1.9333333333333333
729 1.9333333333333333
730 1.9333333333333333
731 1.9333333333333333
732 1.9333333333333333
733 1.9333333333333333
734 1.9333333333333333
735 1.9333333333333333
736 1.9333333333333333
737 1.9333333333333333
738 1.9333333333333333
739 1.9333333333333333
740 1.9333333333333333
741 1.9333333333333333
742 1.9333333333333333
743 1.9333333333333333
744 1.9333333333333333
745 1.9333333333333333
746 1.9333333333333333
747 1.9333333333333333
748 1.9333333333333333
749 1.9333333333333333
750 1.9333333333333333
751 1.9333333333333333
752 1.9333333333333333
753 1.9333333333333333
754 1.9333333333333333
755 1.9333333333333333
756 1.9333333333333333
757 1.9333333333333333
758 1.9333333333333333
759 1.9333333333333333
760 1.9333333333333333
761 1.9333333333333333
762 1.9333333333333333
763 1.9333333333333333
764 1.9333333333333333
765 1.9333333333333333
766 1.9333333333333333
767 1.9333333333333333
768 1.9333333333333333
769 1.9333333333333333
770 1.9333333333333333
771 1.9333333333333333
772 1.9333333333333333
773 1.9333333333333333
774 1.9333333333333333
775 1.9333333333333333
776 1.9333333333333333
777 1.9333333333333333
778 1.9333333333333333
779 1.9333333333333333
780 1.9333333333333333
781 1.9333333333333333
782 1.9333333333333333
783 1.9333333333333333
784 1.9333333333333333
785 1.9333333333333333
786 1.9333333333333333
787 1.9333333333333333
788 1.9333333333333333
789 1.9333333333333333
790 1.9333333333333333
791 1.9333333333333333
792 1.9333333333333333
793 1.9333333333333333
794 1.9333333333333333
795 1.9333333333333333
796 1.9333333333333333
797 1.9333333333333333
798 1.9333333333333333
799 1.9333333333333333
800 1.9333333333333333
801 1.9333333333333333
802 1.9333333333333333
803 1.9333333333333333
804 1.9333333333333333
805 1.9333333333333333
806 1.9333333333333333
807 1.9333333333333333
808 1.9333333333333333
809 1.9333333333333333
810 1.9333333333333333
811 1.9333333333333333
812 1.9333333333333333
813 1.9333333333333333
814 1.9333333333333333
815 1.9333333333333333
816 1.9333333333333333
817 1.9333333333333333
818 1.9333333333333333
819 1.9333333333333333
820 1.9333333333333333
821 1.9333333333333333
822 1.9333333333333333
823 1.9333333333333333
824 1.9333333333333333
825 1.9333333333333333
826 1.9333333333333333
827 1.9333333333333333
828 1.9333333333333333
829 1.9333333333333333
830 1.9333333333333333
831 1.9333333333333333
832 1.9333333333333333
833 1.9333333333333333
834 1.9333333333333333
835 1.9333333333333333
836 1.9333333333333333
837 1.9333333333333333
838 1.9333333333333333
839 1.9333333333333333
840 1.9333333333333333
841 1.9333333333333333
842 1.9333333333333333
843 1.9333333333333333
844 1.9333333333333333
845 1.9333333333333333
846 1.9333333333333333
847 1.9333333333333333
848 1.9333333333333333
849 1.9333333333333333
850 1.9333333333333333
851 1.9333333333333333
852 1.9333333333333333
853 1.9333333333333333
854 1.9333333333333333
855 1.9333333333333333
856 1.9333333333333333
857 1.9333333333333333
858 1.9333333333333333
859 1.9333333333333333
860 1.9333333333333333
861 1.9333333333333333
862 1.9333333333333333
863 1.9333333333333333
864 1.9333333333333333
865 1.9333333333333333
866 1.9333333333333333
867 1.9333333333333333
868 1.9333333333333333
869 1.9333333333333333
870 1.9333333333333333
871 1.9333333333333333
872 1.9333333333333333
873 1.9333333333333333
874 1.9333333333333333
875 1.9333333333333333
876 1.9333333333333333
877 1.9333333333333333
878 1.9333333333333333
879 1.9333333333333333
880 1.9333333333333333
881 1.9333333333333333
882 1.9333333333333333
883 1.9333333333333333
884 1.9333333333333333
885 1.9333333333333333
886 1.9333333333333333
887 1.9333333333333333
888 1.9333333333333333
889 1.9333333333333333
890 1.9333333333333333
891 1.9333333333333333
892 1.9333333333333333
893 1.9333333333333333
894 1.9333333333333333
895 1.9333333333333333
896 1.9333333333333333
897 1.9333333333333333
898 1.9333333333333333
899 1.9333333333333333
900 1.9333333333333333
901 1.9333333333333333
902 1.9333333333333333
903 1.9333333333333333
904 1.9333333333333333
905 1.9333333333333333
906 1.9333333333333333
907 1.9333333333333333
908 1.9333333333333333
909 1.9333333333333333
910 1.9333333333333333
911 1.9333333333333333
912 1.9333333333333333
913 1.9333333333333333
914 1.9333333333333333
915 1.9333333333333333
916 1.9333333333333333
917 1.9333333333333333
918 1.9333333333333333
919 1.9333333333333333
920 1.9333333333333333
921 1.9333333333333333
922 1.9333333333333333
923 1.9333333333333333
924 1.9333333333333333
925 1.9333333333333333
926 1.9333333333333333
927 1.9333333333333333
928 1.9333333333333333
929 1.9333333333333333
930 1.9333333333333333
931 1.9333333333333333
932 1.9333333333333333
933 1.9333333333333333
934 1.9333333333333333
935 1.9333333333333333
936 1.9333333333333333
937 1.9333333333333333
938 1.9333333333333333
939 1.9333333333333333
940 1.9333333333333333
941 1.9333333333333333
942 1.9333333333333333
943 1.9333333333333333
944 1.9333333333333333
945 1.9333333333333333
946 1.9333333333333333
947 1.9333333333333333
948 1.9333333333333333
949 1.9333333333333333
950 1.9333333333333333
951 1.9333333333333333
952 1.9333333333333333
953 1.9333333333333333
954 1.9333333333333333
955 1.9333333333333333
956 1.9333333333333333
957 1.9333333333333333
958 1.9333333333333333
959 1.9333333333333333
960 1.9333333333333333
961 1.9333333333333333
962 1.9333333333333333
963 1.9333333333333333
964 1.9333333333333333
965 1.9333333333333333
966 1.9333333333333333
967 1.9333333333333333
968 1.9333333333333333
969 1.9333333333333333
970 1.9333333333333333
971 1.9333333333333333
972 1.9333333333333333
973 1.9333333333333333
974 1.9333333333333333
975 1.9333333333333333
976 1.9333333333333333
977 1.9333333333333333
978 1.9333333333333333
979 1.9333333333333333
980 1.9333333333333333
981 1.9333333333333333
982 1.9333333333333333
983 1.9333333333333333
984 1.9333333333333333
985 1.9333333333333333
986 1.9333333333333333
987 1.9333333333333333
988 1.9333333333333333
989 1.9333333333333333
990 1.9333333333333333
991 1.9333333333333333
992 1.9333333333333333
993 1.9333333333333333
994 1.9333333333333333
995 1.9333333333333333
996 1.9333333333333333
997 1.9333333333333333
998 1.9333333333333333
999 1.9333333333333333
1000 1.9333333333333333
1001 1.9333333333333333
1002 1.9333333333333333
1003 1.9333333333333333
1004 1.9333333333333333
1005 1.9333333333333333
1006 1.9333333333333333
1007 1.9333333333333333
1008 1.9333333333333333
1009 1.9333333333333333
1010 1.9666666666666666
1011 1.9666666666666666
1012 1.9666666666666666
1013 1.9666666666666666
1014 1.9666666666666666
1015 1.9666666666666666
1016 1.9666666666666666
1017 1.9666666666666666
1018 1.9666666666666666
1019 1.9666666666666666
1020 1.9666666666666666
1021 1.9666666666666666
1022 1.9666666666666666
1023 1.9666666666666666
1024 1.9666666666666666
1025 1.9666666666666666
1026 1.9666666666666666
1027 1.9666666666666666
1028 1.9666666666666666
1029 1.9666666666666666
1030 1.9666666666666666
1031 1.9666666666666666
1032 1.9666666666666666
1033 1.9666666666666666
1034 1.9666666666666666
1035 1.9666666666666666
1036 1.9666666666666666
1037 1.9666666666666666
1038 1.9666666666666666
1039 1.9666666666666666
1040 1.9666666666666666
1041 1.9666666666666666
1042 1.9666666666666666
1043 1.9666666666666666
1044 1.9666666666666666
1045 1.9666666666666666
1046 1.9666666666666666
1047 1.9666666666666666
1048 1.9666666666666666
1049 1.9666666666666666
1050 1.9666666666666666
1051 1.9666666666666666
1052 1.9666666666666666
1053 1.9666666666666666
1054 1.9666666666666666
1055 1.9666666666666666
1056 1.9666666666666666
1057 1.9666666666666666
1058 1.9666666666666666
1059 1.9666666666666666
1060 1.9666666666666666
1061 1.9666666666666666
1062 1.9666666666666666
1063 1.9666666666666666
1064 1.9666666666666666
1065 1.9666666666666666
1066 1.9666666666666666
1067 1.9666666666666666
1068 1.9666666666666666
1069 1.9666666666666666
1070 1.9666666666666666
1071 1.9666666666666666
1072 1.9666666666666666
1073 1.9666666666666666
1074 1.9666666666666666
1075 1.9666666666666666
1076 1.9666666666666666
1077 1.9666666666666666
1078 1.9666666666666666
1079 1.9666666666666666
1080 1.9666666666666666
1081 1.9666666666666666
1082 1.9666666666666666
1083 1.9666666666666666
1084 1.9666666666666666
1085 1.9666666666666666
1086 1.9666666666666666
1087 1.9666666666666666
1088 1.9666666666666666
1089 1.9666666666666666
1090 1.9666666666666666
1091 1.9666666666666666
1092 1.9666666666666666
1093 1.9666666666666666
1094 1.9666666666666666
1095 1.9666666666666666
1096 1.9666666666666666
1097 1.9666666666666666
1098 1.9666666666666666
1099 1.9666666666666666
1100 1.9666666666666666
1101 1.9666666666666666
1102 1.9666666666666666
1103 1.9666666666666666
1104 1.9666666666666666
1105 1.9666666666666666
1106 1.9666666666666666
1107 1.9666666666666666
1108 1.9666666666666666
1109 1.9666666666666666
1110 1.9666666666666666
1111 1.9666666666666666
1112 1.9666666666666666
1113 1.9666666666666666
1114 1.9666666666666666
1115 1.9666666666666666
1116 1.9666666666666666
1117 1.9666666666666666
1118 1.9666666666666666
1119 1.9666666666666666
1120 1.9666666666666666
1121 1.9666666666666666
1122 1.9666666666666666
1123 1.9666666666666666
1124 1.9666666666666666
1125 1.9666666666666666
1126 1.9666666666666666
1127 1.9666666666666666
1128 1.9666666666666666
1129 1.9666666666666666
1130 1.9666666666666666
1131 1.9666666666666666
1132 1.9666666666666666
1133 1.9666666666666666
1134 1.9666666666666666
1135 1.9666666666666666
1136 1.9666666666666666
1137 1.9666666666666666
1138 1.9666666666666666
1139 1.9666666666666666
1140 1.9666666666666666
1141 1.9666666666666666
1142 1.9666666666666666
1143 1.9666666666666666
1144 1.9666666666666666
1145 1.9666666666666666
1146 1.9666666666666666
1147 1.9666666666666666
1148 1.9666666666666666
1149 1.9666666666666666
1150 1.9666666666666666
1151 1.9666666666666666
1152 1.9666666666666666
1153 1.9666666666666666
1154 1.9666666666666666
1155 1.9666666666666666
1156 1.9666666666666666
1157 1.9666666666666666
1158 1.9666666666666666
1159 1.9666666666666666
1160 1.9666666666666666
1161 1.9666666666666666
1162 1.9666666666666666
1163 1.9666666666666666
1164 1.9666666666666666
1165 1.9666666666666666
1166 1.9666666666666666
1167 1.9666666666666666
1168 1.9666666666666666
1169 1.9666666666666666
1170 1.9666666666666666
1171 1.9666666666666666
1172 1.9666666666666666
1173 1.9666666666666666
1174 1.9666666666666666
1175 1.9666666666666666
1176 1.9666666666666666
1177 1.9666666666666666
1178 1.9666666666666666
1179 1.9666666666666666
1180 1.9666666666666666
1181 1.9666666666666666
1182 1.9666666666666666
1183 1.9666666666666666
1184 1.9666666666666666
1185 1.9666666666666666
1186 1.9666666666666666
1187 1.9666666666666666
1188 1.9666666666666666
1189 1.9666666666666666
1190 1.9666666666666666
1191 1.9666666666666666
1192 1.9666666666666666
1193 1.9666666666666666
1194 1.9666666666666666
1195 1.9666666666666666
1196 1.9666666666666666
1197 1.9666666666666666
1198 1.9666666666666666
1199 1.9666666666666666
1200 1.9666666666666666
1201 1.9666666666666666
1202 1.9666666666666666
1203 1.9666666666666666
1204 1.9666666666666666
1205 1.9666666666666666
1206 1.9666666666666666
1207 1.9666666666666666
1208 1.9666666666666666
1209 1.9666666666666666
1210 1.9666666666666666
1211 1.9666666666666666
1212 1.9666666666666666
1213 1.9666666666666666
1214 1.9666666666666666
1215 1.9666666666666666
1216 1.9666666666666666
1217 1.9666666666666666
1218 1.9666666666666666
1219 1.9666666666666666
1220 1.9666666666666666
1221 1.9666666666666666
1222 1.9666666666666666
1223 1.9666666666666666
1224 1.9666666666666666
1225 1.9666666666666666
1226 1.9666666666666666
1227 1.9666666666666666
1228 1.9666666666666666
1229 1.9666666666666666
1230 1.9666666666666666
1231 1.9666666666666666
1232 1.9666666666666666
1233 1.9666666666666666
1234 1.9666666666666666
1235 1.9666666666666666
1236 1.9666666666666666
1237 1.9666666666666666
1238 1.9666666666666666
1239 1.9666666666666666
1240 1.9666666666666666
1241 1.9666666666666666
1242 1.9666666666666666
1243 1.9666666666666666
1244 1.9666666666666666
1245 1.9666666666666666
1246 1.9666666666666666
1247 1.9666666666666666
1248 1.9666666666666666
1249 1.9666666666666666
1250 1.9666666666666666
1251 1.9666666666666666
1252 1.9666666666666666
1253 1.9666666666666666
1254 1.9666666666666666
1255 1.9666666666666666
1256 1.9666666666666666
1257 1.9666666666666666
1258 1.9666666666666666
1259 1.9666666666666666
1260 1.9666666666666666
1261 1.9666666666666666
1262 1.9666666666666666
1263 1.9666666666666666
1264 1.9666666666666666
1265 1.9666666666666666
1266 1.9666666666666666
1267 1.9666666666666666
1268 1.9666666666666666
1269 1.9666666666666666
1270 1.9666666666666666
1271 1.9666666666666666
1272 1.9666666666666666
1273 1.9666666666666666
1274 1.9666666666666666
1275 1.9666666666666666
1276 1.9666666666666666
1277 1.9666666666666666
1278 1.9666666666666666
1279 1.9666666666666666
1280 1.9666666666666666
1281 1.9666666666666666
1282 1.9666666666666666
1283 1.9666666666666666
1284 1.9666666666666666
1285 1.9666666666666666
1286 1.9666666666666666
1287 1.9666666666666666
1288 1.9666666666666666
1289 1.9666666666666666
1290 1.9666666666666666
1291 1.9666666666666666
1292 1.9666666666666666
1293 1.9666666666666666
1294 1.9666666666666666
1295 1.9666666666666666
1296 1.9666666666666666
1297 1.9666666666666666
1298 1.9666666666666666
1299 1.9666666666666666
1300 1.9666666666666666
1301 1.9666666666666666
1302 1.9666666666666666
1303 1.9666666666666666
1304 1.9666666666666666
1305 1.9666666666666666
1306 1.9666666666666666
1307 1.9666666666666666
1308 1.9666666666666666
1309 1.9666666666666666
1310 1.9666666666666666
1311 1.9666666666666666
1312 1.9666666666666666
1313 1.9666666666666666
1314 1.9666666666666666
1315 1.9666666666666666
1316 1.9666666666666666
1317 1.9666666666666666
1318 1.9666666666666666
1319 1.9666666666666666
1320 1.9666666666666666
1321 1.9666666666666666
1322 1.9666666666666666
1323 1.9666666666666666
1324 1.9666666666666666
1325 1.9666666666666666
1326 1.9666666666666666
1327 1.9666666666666666
1328 1.9666666666666666
1329 1.9666666666666666
1330 1.9666666666666666
1331 1.9666666666666666
1332 1.9666666666666666
1333 1.9666666666666666
1334 1.9666666666666666
1335 1.9666666666666666
1336 1.9666666666666666
1337 1.9666666666666666
1338 1.9666666666666666
1339 1.9666666666666666
1340 1.9666666666666666
1341 1.9666666666666666
1342 1.9666666666666666
1343 1.9666666666666666
1344 1.9666666666666666
1345 1.9666666666666666
1346 1.9666666666666666
1347 1.9666666666666666
1348 1.9666666666666666
1349 1.9666666666666666
1350 1.9666666666666666
1351 1.9666666666666666
1352 1.9666666666666666
1353 1.9666666666666666
1354 1.9666666666666666
1355 1.9666666666666666
1356 1.9666666666666666
1357 1.9666666666666666
1358 1.9666666666666666
1359 1.9666666666666666
1360 1.9666666666666666
1361 1.9666666666666666
1362 1.9666666666666666
1363 1.9666666666666666
1364 1.9666666666666666
1365 1.9666666666666666
1366 1.9666666666666666
1367 1.9666666666666666
1368 1.9666666666666666
1369 1.9666666666666666
1370 1.9666666666666666
1371 1.9666666666666666
1372 1.9666666666666666
1373 1.9666666666666666
1374 1.9666666666666666
1375 1.9666666666666666
1376 1.9666666666666666
1377 1.9666666666666666
1378 1.9666666666666666
1379 1.9666666666666666
1380 1.9666666666666666
1381 1.9666666666666666
1382 1.9666666666666666
1383 1.9666666666666666
1384 1.9666666666666666
1385 1.9666666666666666
1386 1.9666666666666666
1387 1.9666666666666666
1388 1.9666666666666666
1389 1.9666666666666666
1390 1.9666666666666666
1391 1.9666666666666666
1392 1.9666666666666666
1393 1.9666666666666666
1394 1.9666666666666666
1395 1.9666666666666666
1396 1.9666666666666666
1397 1.9666666666666666
1398 1.9666666666666666
1399 1.9666666666666666
1400 1.9666666666666666
1401 1.9666666666666666
1402 1.9666666666666666
1403 1.9666666666666666
1404 1.9666666666666666
1405 1.9666666666666666
1406 1.9666666666666666
1407 1.9666666666666666
1408 1.9666666666666666
1409 1.9666666666666666
1410 1.9666666666666666
1411 1.9666666666666666
1412 1.9666666666666666
1413 1.9666666666666666
1414 1.9666666666666666
1415 1.9666666666666666
1416 1.9666666666666666
1417 1.9666666666666666
1418 1.9666666666666666
1419 1.9666666666666666
1420 1.9666666666666666
1421 1.9666666666666666
1422 1.9666666666666666
1423 1.9666666666666666
1424 1.9666666666666666
1425 1.9666666666666666
1426 1.9666666666666666
1427 1.9666666666666666
1428 1.9666666666666666
1429 1.9666666666666666
1430 1.9666666666666666
1431 1.9666666666666666
1432 1.9666666666666666
1433 1.9666666666666666
1434 1.9666666666666666
1435 1.9666666666666666
1436 1.9666666666666666
1437 1.9666666666666666
1438 1.9666666666666666
1439 1.9666666666666666
1440 1.9666666666666666
1441 1.9666666666666666
1442 1.9666666666666666
1443 1.9666666666666666
1444 1.9666666666666666
1445 1.9666666666666666
1446 1.9666666666666666
1447 1.9666666666666666
1448 1.9666666666666666
1449 1.9666666666666666
1450 1.9666666666666666
1451 1.9666666666666666
1452 1.9666666666666666
1453 1.9666666666666666
1454 1.9666666666666666
1455 1.9666666666666666
1456 1.9666666666666666
1457 1.9666666666666666
1458 1.9666666666666666
1459 1.9666666666666666
1460 1.9666666666666666
1461 1.9666666666666666
1462 1.9666666666666666
1463 1.9666666666666666
1464 1.9666666666666666
1465 1.9666666666666666
1466 1.9666666666666666
1467 1.9666666666666666
1468 1.9666666666666666
1469 1.9666666666666666
1470 1.9666666666666666
1471 1.9666666666666666
1472 1.9666666666666666
1473 1.9666666666666666
1474 1.9666666666666666
1475 1.9666666666666666
1476 1.9666666666666666
1477 1.9666666666666666
1478 1.9666666666666666
1479 1.9666666666666666
1480 1.9666666666666666
1481 1.9666666666666666
1482 1.9666666666666666
1483 1.9666666666666666
1484 1.9666666666666666
1485 1.9666666666666666
1486 1.9666666666666666
1487 1.9666666666666666
1488 1.9666666666666666
1489 1.9666666666666666
1490 1.9666666666666666
1491 1.9666666666666666
1492 1.9666666666666666
1493 1.9666666666666666
1494 1.9666666666666666
1495 1.9666666666666666
1496 1.9666666666666666
1497 1.9666666666666666
1498 1.9666666666666666
1499 1.9666666666666666
