0 -90.61451744059643
1 -90.61451744059643
2 -90.61451744059643
3 -90.61451744059643
4 -90.61451744059643
5 -71.64738298002761
6 -71.64738298002761
7 -71.64738298002761
8 -68.29864210588329
9 -68.29864210588329
10 -68.29864210588329
11 -68.29864210588329
12 -68.29864210588329
13 -0.23354394865144285
14 -0.23354394865144285
15 -0.23354394865144285
16 -0.23354394865144285
17 -0.23354394865144285
18 -0.23354394865144285
19 -0.23354394865144285
20 39.715434653646504
21 39.715434653646504
22 39.715434653646504
23 83.26775155213967
24 83.26775155213967
25 83.26775155213967
26 83.26775155213967
27 83.26775155213967
28 83.26775155213967
29 83.26775155213967
30 83.26775155213967
31 83.26775155213967
32 83.26775155213967
33 83.26775155213967
34 83.26775155213967
35 83.26775155213967
36 83.26775155213967
37 83.26775155213967
38 83.26775155213967
39 83.26775155213967
40 83.26775155213967
41 83.26775155213967
42 83.26775155213967
43 83.26775155213967
44 83.26775155213967
45 83.26775155213967
46 83.26775155213967
47 83.26775155213967
48 86.26130420557729
49 90.54964437878928
50 90.54964437878928
51 90.54964437878928
52 90.54964437878928
53 90.54964437878928
54 95.70649714575849
55 95.70649714575849
56 95.70649714575849
57 95.70649714575849
58 95.70649714575849
59 95.70649714575849
60 95.70649714575849
61 95.70649714575849
62 96.86080983727027
63 96.86080983727027
64 102.07352372700089
65 102.07352372700089
66 109.0977228107938
67 109.0977228107938
68 109.0977228107938
69 109.0977228107938
70 109.0977228107938
71 109.0977228107938
72 109.0977228107938
73 109.0977228107938
74 112.26371143042667
75 115.70138357445518
76 115.70138357445518
77 115.70138357445518
78 115.70138357445518
79 115.70138357445518
80 115.70138357445518
81 115.70138357445518
82 133.520123468428
83 133.520123468428
84 133.520123468428
85 133.520123468428
86 133.520123468428
87 133.520123468428
88 133.520123468428
89 133.520123468428
90 133.520123468428
91 133.520123468428
92 147.01293676602342
93 147.01293676602342
94 147.01293676602342
95 147.01293676602342
96 147.01293676602342
97 147.01293676602342
98 147.01293676602342
99 147.01293676602342
100 147.01293676602342
101 161.5307182055125
102 161.5307182055125
103 161.5307182055125
104 161.5307182055125
105 161.5307182055125
106 161.5307182055125
107 161.5307182055125
108 161.5307182055125
109 161.5307182055125
110 161.5307182055125
111 161.5307182055125
112 161.5307182055125
113 161.5307182055125
114 161.5307182055125
115 161.5307182055125
116 161.5307182055125
117 161.5307182055125
118 161.5307182055125
119 161.5307182055125
120 161.5307182055125
121 161.5307182055125
122 161.5307182055125
123 161.5307182055125
124 161.5307182055125
125 161.5307182055125
126 161.5307182055125
127 161.5307182055125
128 161.5307182055125
129 161.5307182055125
130 161.5307182055125
131 161.5307182055125
132 161.5307182055125
133 161.5307182055125
134 161.5307182055125
135 161.5307182055125
136 161.5307182055125
137 161.5307182055125
138 161.5307182055125
139 161.5307182055125
140 161.5307182055125
141 161.5307182055125
142 161.5307182055125
143 161.5307182055125
144 161.5307182055125
145 161.5307182055125
146 170.89682197673
147 170.89682197673
148 170.89682197673
149 170.89682197673
150 170.89682197673
151 170.89682197673
152 170.89682197673
153 170.89682197673
154 170.89682197673
155 170.89682197673
156 170.89682197673
157 170.89682197673
158 170.89682197673
159 170.89682197673
160 170.89682197673
161 170.89682197673
162 170.89682197673
163 170.89682197673
164 192.29630494076187
165 192.29630494076187
166 192.29630494076187
167 192.29630494076187
168 192.29630494076187
169 192.29630494076187
170 192.29630494076187
171 192.29630494076187
172 192.29630494076187
173 192.29630494076187
174 192.29630494076187
175 192.29630494076187
176 192.29630494076187
177 192.29630494076187
178 192.29630494076187
179 192.29630494076187
180 192.29630494076187
181 192.29630494076187
182 192.29630494076187
183 192.29630494076187
184 202.11662763542125
185 202.11662763542125
186 202.11662763542125
187 202.11662763542125
188 202.11662763542125
189 202.11662763542125
190 202.11662763542125
191 202.11662763542125
192 202.11662763542125
193 202.11662763542125
194 208.38522278803734
195 208.38522278803734
196 208.38522278803734
197 208.38522278803734
198 208.38522278803734
199 208.38522278803734
200 208.38522278803734
201 208.38522278803734
202 208.38522278803734
203 208.38522278803734
204 208.38522278803734
205 208.38522278803734
206 208.38522278803734
207 208.38522278803734
208 213.56623457545976
209 213.56623457545976
210 213.56623457545976
211 213.56623457545976
212 213.56623457545976
213 213.56623457545976
214 213.56623457545976
215 213.56623457545976
216 213.56623457545976
217 213.56623457545976
218 213.56623457545976
219 213.56623457545976
220 213.56623457545976
221 213.56623457545976
222 213.56623457545976
223 213.56623457545976
224 213.56623457545976
225 213.56623457545976
226 213.56623457545976
227 213.56623457545976
228 213.56623457545976
229 213.56623457545976
230 213.56623457545976
231 213.56623457545976
232 213.56623457545976
233 213.56623457545976
234 213.56623457545976
235 213.56623457545976
236 222.2978033130192
237 222.2978033130192
238 222.2978033130192
239 222.2978033130192
240 222.2978033130192
241 222.2978033130192
242 222.2978033130192
243 222.2978033130192
244 222.2978033130192
245 222.2978033130192
246 222.2978033130192
247 222.2978033130192
248 222.2978033130192
249 222.2978033130192
250 222.2978033130192
251 222.2978033130192
252 222.2978033130192
253 222.2978033130192
254 222.2978033130192
255 222.2978033130192
256 222.2978033130192
257 222.2978033130192
258 222.2978033130192
259 222.2978033130192
260 222.2978033130192
261 222.2978033130192
262 222.2978033130192
263 222.2978033130192
264 222.2978033130192
265 222.2978033130192
266 222.2978033130192
267 222.2978033130192
268 222.2978033130192
269 222.2978033130192
270 222.2978033130192
271 222.2978033130192
272 222.2978033130192
273 222.2978033130192
274 222.2978033130192
275 222.2978033130192
276 222.2978033130192
277 222.2978033130192
278 222.2978033130192
279 222.2978033130192
280 222.2978033130192
281 222.2978033130192
282 222.2978033130192
283 222.2978033130192
284 222.2978033130192
285 222.2978033130192
286 222.2978033130192
287 222.2978033130192
288 222.2978033130192
289 222.2978033130192
290 222.2978033130192
291 222.2978033130192
292 222.2978033130192
293 222.2978033130192
294 222.2978033130192
295 222.2978033130192
296 222.2978033130192
297 222.2978033130192
298 222.2978033130192
299 222.2978033130192
300 222.2978033130192
301 222.2978033130192
302 222.2978033130192
303 222.2978033130192
304 222.2978033130192
305 222.2978033130192
306 222.2978033130192
307 222.2978033130192
308 222.2978033130192
309 222.2978033130192
310 222.2978033130192
311 222.2978033130192
312 222.2978033130192
313 222.2978033130192
314 222.2978033130192
315 222.2978033130192
316 222.2978033130192
317 222.2978033130192
318 222.2978033130192
319 222.2978033130192
320 222.2978033130192
321 222.2978033130192
322 222.2978033130192
323 222.2978033130192
324 222.2978033130192
325 222.2978033130192
326 222.2978033130192
327 222.2978033130192
328 222.2978033130192
329 222.2978033130192
330 222.2978033130192
331 222.2978033130192
332 222.2978033130192
333 222.2978033130192
334 222.2978033130192
335 222.2978033130192
336 222.2978033130192
337 222.2978033130192
338 222.2978033130192
339 222.2978033130192
340 222.2978033130192
341 222.2978033130192
342 222.2978033130192
343 222.2978033130192
344 222.2978033130192
345 222.2978033130192
346 222.2978033130192
347 222.2978033130192
348 222.2978033130192
349 222.2978033130192
350 222.2978033130192
351 222.2978033130192
352 222.2978033130192
353 222.2978033130192
354 222.2978033130192
355 222.2978033130192
356 222.2978033130192
357 222.2978033130192
358 222.2978033130192
359 222.2978033130192
360 222.2978033130192
361 222.2978033130192
362 222.2978033130192
363 222.2978033130192
364 222.2978033130192
365 222.2978033130192
366 222.2978033130192
367 222.2978033130192
368 222.2978033130192
369 222.2978033130192
370 222.2978033130192
371 222.2978033130192
372 222.2978033130192
373 222.2978033130192
374 222.2978033130192
375 222.2978033130192
376 222.2978033130192
377 222.2978033130192
378 222.2978033130192
379 222.2978033130192
380 222.2978033130192
381 222.2978033130192
382 222.2978033130192
383 222.2978033130192
384 222.2978033130192
385 222.2978033130192
386 222.2978033130192
387 222.2978033130192
388 222.2978033130192
389 222.2978033130192
390 222.2978033130192
391 222.2978033130192
392 222.2978033130192
393 222.2978033130192
394 222.2978033130192
395 222.2978033130192
396 222.2978033130192
397 222.2978033130192
398 222.2978033130192
399 222.2978033130192
400 222.2978033130192
401 222.2978033130192
402 222.2978033130192
403 222.2978033130192
404 222.2978033130192
405 222.2978033130192
406 222.2978033130192
407 222.2978033130192
408 222.2978033130192
409 222.2978033130192
410 222.2978033130192
411 222.2978033130192
412 222.2978033130192
413 222.2978033130192
414 222.2978033130192
415 222.2978033130192
416 222.2978033130192
417 222.2978033130192
418 222.2978033130192
419 222.2978033130192
420 222.2978033130192
421 222.2978033130192
422 222.2978033130192
423 222.2978033130192
424 222.2978033130192
425 222.2978033130192
426 222.2978033130192
427 222.2978033130192
428 222.2978033130192
429 222.2978033130192
430 222.2978033130192
431 222.2978033130192
432 222.2978033130192
433 222.2978033130192
434 222.2978033130192
435 222.2978033130192
436 222.2978033130192
437 222.2978033130192
438 222.2978033130192
439 222.2978033130192
440 222.2978033130192
441 222.2978033130192
442 222.2978033130192
443 222.2978033130192
444 222.2978033130192
445 222.2978033130192
446 222.2978033130192
447 222.2978033130192
448 222.2978033130192
449 222.2978033130192
450 222.2978033130192
451 222.2978033130192
452 222.2978033130192
453 222.2978033130192
454 222.2978033130192
455 222.2978033130192
456 222.2978033130192
457 222.2978033130192
458 222.2978033130192
459 222.2978033130192
460 222.2978033130192
461 222.2978033130192
462 222.2978033130192
463 222.2978033130192
464 222.2978033130192
465 222.2978033130192
466 222.2978033130192
467 222.2978033130192
468 222.2978033130192
469 222.2978033130192
470 222.2978033130192
471 222.2978033130192
472 222.2978033130192
473 222.2978033130192
474 222.2978033130192
475 222.2978033130192
476 222.2978033130192
477 222.2978033130192
478 222.2978033130192
479 222.2978033130192
480 222.2978033130192
481 222.2978033130192
482 222.2978033130192
483 222.2978033130192
484 222.2978033130192
485 222.2978033130192
486 222.2978033130192
487 222.2978033130192
488 222.2978033130192
489 222.2978033130192
490 222.2978033130192
491 222.2978033130192
492 222.2978033130192
493 222.2978033130192
494 222.2978033130192
495 222.2978033130192
496 222.2978033130192
497 222.2978033130192
498 222.2978033130192
499 222.2978033130192
500 222.2978033130192
501 222.2978033130192
502 222.2978033130192
503 222.2978033130192
504 222.2978033130192
505 222.2978033130192
506 222.2978033130192
507 222.2978033130192
508 222.2978033130192
509 222.2978033130192
510 222.2978033130192
511 222.2978033130192
512 222.2978033130192
513 222.2978033130192
514 222.2978033130192
515 222.2978033130192
516 222.2978033130192
517 222.2978033130192
518 222.2978033130192
519 222.2978033130192
520 222.2978033130192
521 222.2978033130192
522 222.2978033130192
523 222.2978033130192
524 222.2978033130192
525 222.2978033130192
526 222.2978033130192
527 222.2978033130192
528 222.2978033130192
529 222.2978033130192
530 222.2978033130192
531 222.2978033130192
532 222.2978033130192
533 222.2978033130192
534 222.2978033130192
535 222.2978033130192
536 222.2978033130192
537 222.2978033130192
538 222.2978033130192
539 222.2978033130192
540 222.2978033130192
541 222.2978033130192
542 222.2978033130192
543 222.2978033130192
544 222.2978033130192
545 222.2978033130192
546 222.2978033130192
547 222.2978033130192
548 222.2978033130192
549 222.2978033130192
550 222.2978033130192
551 222.2978033130192
552 222.2978033130192
553 222.2978033130192
554 222.2978033130192
555 222.2978033130192
556 222.2978033130192
557 222.2978033130192
558 222.2978033130192
559 222.2978033130192
560 222.2978033130192
561 222.2978033130192
562 222.2978033130192
563 222.2978033130192
564 222.2978033130192
565 222.2978033130192
566 222.2978033130192
567 222.2978033130192
568 222.2978033130192
569 222.2978033130192
570 222.2978033130192
571 222.6462947540537
572 222.6462947540537
573 222.6462947540537
574 222.6462947540537
575 222.6462947540537
576 222.6462947540537
577 222.6462947540537
578 222.6462947540537
579 222.6462947540537
580 222.6462947540537
581 222.6462947540537
582 222.6462947540537
583 222.6462947540537
584 222.6462947540537
585 222.6462947540537
586 222.6462947540537
587 222.6462947540537
588 222.6462947540537
589 222.6462947540537
590 222.6462947540537
591 222.6462947540537
592 222.6462947540537
593 222.6462947540537
594 222.6462947540537
595 222.6462947540537
596 222.6462947540537
597 222.6462947540537
598 222.6462947540537
599 222.6462947540537
600 222.6462947540537
601 222.6462947540537
602 222.6462947540537
603 222.6462947540537
604 222.6462947540537
605 222.6462947540537
606 222.6462947540537
607 222.6462947540537
608 222.6462947540537
609 222.6462947540537
610 222.6462947540537
611 222.6462947540537
612 222.6462947540537
613 222.6462947540537
614 222.6462947540537
615 222.6462947540537
616 222.6462947540537
617 222.6462947540537
618 222.6462947540537
619 222.6462947540537
620 222.6462947540537
621 222.6462947540537
622 222.6462947540537
623 222.6462947540537
624 222.6462947540537
625 222.6462947540537
626 222.6462947540537
627 222.6462947540537
628 222.6462947540537
629 222.6462947540537
630 222.6462947540537
631 222.6462947540537
632 222.6462947540537
633 222.6462947540537
634 222.6462947540537
635 222.6462947540537
636 222.6462947540537
637 222.6462947540537
638 222.6462947540537
639 222.6462947540537
640 222.6462947540537
641 222.6462947540537
642 222.6462947540537
643 222.6462947540537
644 222.6462947540537
645 222.6462947540537
646 222.6462947540537
647 222.6462947540537
648 222.6462947540537
649 222.6462947540537
650 222.6462947540537
651 222.6462947540537
652 222.6462947540537
653 222.6462947540537
654 222.6462947540537
655 222.6462947540537
656 222.6462947540537
657 222.6462947540537
658 222.6462947540537
659 222.6462947540537
660 222.6462947540537
661 222.6462947540537
662 222.6462947540537
663 222.6462947540537
664 222.6462947540537
665 222.6462947540537
666 222.6462947540537
667 222.6462947540537
668 222.6462947540537
669 222.6462947540537
670 222.6462947540537
671 222.6462947540537
672 222.6462947540537
673 222.6462947540537
674 222.6462947540537
675 222.6462947540537
676 222.6462947540537
677 222.6462947540537
678 222.6462947540537
679 222.6462947540537
680 222.6462947540537
681 222.6462947540537
682 222.6462947540537
683 222.6462947540537
684 222.6462947540537
685 222.6462947540537
686 222.6462947540537
687 222.6462947540537
688 222.6462947540537
689 225.0562490526517
690 225.0562490526517
691 225.0562490526517
692 225.0562490526517
693 225.0562490526517
694 225.0562490526517
695 225.0562490526517
696 225.0562490526517
697 225.0562490526517
698 225.0562490526517
699 225.0562490526517
700 225.0562490526517
701 225.0562490526517
702 225.0562490526517
703 225.0562490526517
704 227.5800098627747
705 227.5800098627747
706 227.5800098627747
707 227.5800098627747
708 227.5800098627747
709 227.5800098627747
710 227.5800098627747
711 227.5800098627747
712 227.5800098627747
713 227.5800098627747
714 227.5800098627747
715 227.5800098627747
716 227.5800098627747
717 227.5800098627747
718 227.5800098627747
719 227.5800098627747
720 227.5800098627747
721 227.5800098627747
722 227.5800098627747
723 227.5800098627747
724 227.5800098627747
725 227.5800098627747
726 227.5800098627747
727 227.5800098627747
728 227.5800098627747
729 227.5800098627747
730 227.5800098627747
731 227.5800098627747
732 227.5800098627747
733 227.5800098627747
734 227.5800098627747
735 227.5800098627747
736 227.5800098627747
737 227.5800098627747
738 227.5800098627747
739 227.5800098627747
740 227.5800098627747
741 227.5800098627747
742 227.5800098627747
743 227.5800098627747
744 227.5800098627747
745 227.5800098627747
746 227.5800098627747
747 227.5800098627747
748 227.5800098627747
749 227.5800098627747
750 227.5800098627747
751 227.5800098627747
752 227.5800098627747
753 227.5800098627747
754 227.5800098627747
755 227.5800098627747
756 227.5800098627747
757 227.5800098627747
758 227.5800098627747
759 227.5800098627747
760 227.5800098627747
761 227.5800098627747
762 227.5800098627747
763 227.5800098627747
764 227.5800098627747
765 227.5800098627747
766 227.5800098627747
767 227.5800098627747
768 227.5800098627747
769 227.5800098627747
770 227.5800098627747
771 227.5800098627747
772 227.5800098627747
773 227.5800098627747
774 227.5800098627747
775 227.5800098627747
776 227.5800098627747
777 227.5800098627747
778 227.5800098627747
779 227.5800098627747
780 227.5800098627747
781 227.5800098627747
782 227.5800098627747
783 227.5800098627747
784 227.5800098627747
785 227.5800098627747
786 227.5800098627747
787 227.5800098627747
788 227.5800098627747
789 227.5800098627747
790 227.5800098627747
791 227.5800098627747
792 227.5800098627747
793 227.5800098627747
794 227.5800098627747
795 227.5800098627747
796 227.5800098627747
797 227.5800098627747
798 227.5800098627747
799 227.5800098627747
800 227.5800098627747
801 227.5800098627747
802 227.5800098627747
803 227.5800098627747
804 227.5800098627747
805 227.5800098627747
806 227.5800098627747
807 227.5800098627747
808 227.5800098627747
809 227.5800098627747
810 227.5800098627747
811 227.5800098627747
812 227.5800098627747
813 227.5800098627747
814 227.5800098627747
815 227.5800098627747
816 227.5800098627747
817 227.5800098627747
818 227.5800098627747
819 227.5800098627747
820 227.5800098627747
821 227.5800098627747
822 227.5800098627747
823 227.5800098627747
824 227.5800098627747
825 227.5800098627747
826 227.5800098627747
827 227.5800098627747
828 227.5800098627747
829 227.5800098627747
830 227.5800098627747
831 227.5800098627747
832 227.5800098627747
833 227.5800098627747
834 227.5800098627747
835 227.5800098627747
836 227.5800098627747
837 227.5800098627747
838 227.5800098627747
839 227.5800098627747
840 227.5800098627747
841 227.5800098627747
842 227.5800098627747
843 227.5800098627747
844 227.5800098627747
845 227.5800098627747
846 227.5800098627747
847 227.5800098627747
848 227.5800098627747
849 227.5800098627747
850 227.5800098627747
851 227.5800098627747
852 227.5800098627747
853 227.5800098627747
854 227.5800098627747
855 227.5800098627747
856 227.5800098627747
857 227.5800098627747
858 227.5800098627747
859 227.5800098627747
860 227.5800098627747
861 227.5800098627747
862 227.5800098627747
863 227.5800098627747
864 227.5800098627747
865 227.5800098627747
866 227.5800098627747
867 227.5800098627747
868 227.5800098627747
869 227.5800098627747
870 227.5800098627747
871 227.5800098627747
872 227.5800098627747
873 227.5800098627747
874 227.5800098627747
875 227.5800098627747
876 227.5800098627747
877 227.5800098627747
878 227.5800098627747
879 227.5800098627747
880 227.5800098627747
881 227.5800098627747
882 227.5800098627747
883 227.5800098627747
884 227.5800098627747
885 227.5800098627747
886 227.5800098627747
887 227.5800098627747
888 227.5800098627747
889 227.5800098627747
890 227.5800098627747
891 227.5800098627747
892 227.5800098627747
893 227.5800098627747
894 227.5800098627747
895 227.5800098627747
896 227.5800098627747
897 227.5800098627747
898 227.5800098627747
899 227.5800098627747
900 227.5800098627747
901 227.5800098627747
902 227.5800098627747
903 227.5800098627747
904 227.5800098627747
905 227.5800098627747
906 227.5800098627747
907 227.5800098627747
908 227.5800098627747
909 227.5800098627747
910 227.5800098627747
911 227.5800098627747
912 227.5800098627747
913 227.5800098627747
914 227.5800098627747
915 227.5800098627747
916 227.5800098627747
917 227.5800098627747
918 227.5800098627747
919 227.5800098627747
920 227.5800098627747
921 227.5800098627747
922 227.5800098627747
923 227.5800098627747
924 227.5800098627747
925 227.5800098627747
926 227.5800098627747
927 227.5800098627747
928 227.5800098627747
929 227.5800098627747
930 227.5800098627747
931 227.5800098627747
932 227.5800098627747
933 227.5800098627747
934 227.5800098627747
935 227.5800098627747
936 227.5800098627747
937 227.5800098627747
938 227.5800098627747
939 227.5800098627747
940 227.5800098627747
941 227.5800098627747
942 227.5800098627747
943 227.5800098627747
944 227.5800098627747
945 227.5800098627747
946 227.5800098627747
947 227.5800098627747
948 227.5800098627747
949 227.5800098627747
950 227.5800098627747
951 227.5800098627747
952 227.5800098627747
953 227.5800098627747
954 227.5800098627747
955 227.5800098627747
956 227.5800098627747
957 227.5800098627747
958 227.5800098627747
959 227.5800098627747
960 227.5800098627747
961 227.5800098627747
962 227.5800098627747
963 227.5800098627747
964 227.5800098627747
965 227.5800098627747
966 227.5800098627747
967 227.5800098627747
968 227.5800098627747
969 227.5800098627747
970 227.5800098627747
971 227.5800098627747
972 227.5800098627747
973 227.5800098627747
974 227.5800098627747
975 227.5800098627747
976 227.5800098627747
977 227.5800098627747
978 227.5800098627747
979 227.5800098627747
980 227.5800098627747
981 227.5800098627747
982 227.5800098627747
983 227.5800098627747
984 227.5800098627747
985 227.5800098627747
986 227.5800098627747
987 227.5800098627747
988 227.5800098627747
989 227.5800098627747
990 227.5800098627747
991 227.5800098627747
992 227.5800098627747
993 227.5800098627747
994 227.5800098627747
995 227.5800098627747
996 227.5800098627747
997 227.5800098627747
998 227.5800098627747
999 227.5800098627747
1000 227.5800098627747
1001 227.5800098627747
1002 227.5800098627747
1003 227.5800098627747
1004 227.5800098627747
1005 227.5800098627747
1006 227.5800098627747
1007 227.5800098627747
1008 227.5800098627747
1009 227.5800098627747
1010 227.5800098627747
1011 227.5800098627747
1012 227.5800098627747
1013 227.5800098627747
1014 227.5800098627747
1015 227.5800098627747
1016 227.5800098627747
1017 227.5800098627747
1018 227.5800098627747
1019 227.5800098627747
1020 227.5800098627747
1021 227.5800098627747
1022 227.5800098627747
1023 227.5800098627747
1024 227.5800098627747
1025 227.5800098627747
1026 227.5800098627747
1027 227.5800098627747
1028 227.5800098627747
1029 227.5800098627747
1030 227.5800098627747
1031 227.5800098627747
1032 227.5800098627747
1033 227.5800098627747
1034 227.5800098627747
1035 227.5800098627747
1036 227.5800098627747
1037 227.5800098627747
1038 227.5800098627747
1039 227.5800098627747
1040 227.5800098627747
1041 227.5800098627747
1042 227.5800098627747
1043 227.5800098627747
1044 227.5800098627747
1045 227.5800098627747
1046 227.5800098627747
1047 227.5800098627747
1048 227.5800098627747
1049 227.5800098627747
1050 227.5800098627747
1051 227.5800098627747
1052 227.5800098627747
1053 227.5800098627747
1054 227.5800098627747
1055 227.5800098627747
1056 227.5800098627747
1057 227.5800098627747
1058 227.5800098627747
1059 227.5800098627747
1060 227.5800098627747
1061 227.5800098627747
1062 227.5800098627747
1063 227.5800098627747
1064 227.5800098627747
1065 227.5800098627747
1066 227.5800098627747
1067 227.5800098627747
1068 227.5800098627747
1069 227.5800098627747
1070 227.5800098627747
1071 227.5800098627747
1072 227.5800098627747
1073 227.5800098627747
1074 227.5800098627747
1075 227.5800098627747
1076 227.5800098627747
1077 227.5800098627747
1078 227.5800098627747
1079 227.5800098627747
1080 227.5800098627747
1081 227.5800098627747
1082 227.5800098627747
1083 227.5800098627747
1084 227.5800098627747
1085 227.5800098627747
1086 227.5800098627747
1087 227.5800098627747
1088 227.5800098627747
1089 227.5800098627747
1090 227.5800098627747
1091 227.5800098627747
1092 227.5800098627747
1093 227.5800098627747
1094 227.5800098627747
1095 227.5800098627747
1096 227.5800098627747
1097 227.5800098627747
1098 227.5800098627747
1099 227.5800098627747
1100 227.5800098627747
1101 227.5800098627747
1102 227.5800098627747
1103 227.5800098627747
1104 227.5800098627747
1105 227.5800098627747
1106 227.5800098627747
1107 227.5800098627747
1108 227.5800098627747
1109 227.5800098627747
1110 227.5800098627747
1111 227.5800098627747
1112 227.5800098627747
1113 227.5800098627747
1114 227.5800098627747
1115 227.5800098627747
1116 227.5800098627747
1117 227.5800098627747
1118 227.5800098627747
1119 227.5800098627747
1120 227.5800098627747
1121 227.5800098627747
1122 227.5800098627747
1123 227.5800098627747
1124 227.5800098627747
1125 227.5800098627747
1126 227.5800098627747
1127 227.5800098627747
1128 227.5800098627747
1129 227.5800098627747
1130 227.5800098627747
1131 227.5800098627747
1132 227.5800098627747
1133 227.5800098627747
1134 227.5800098627747
1135 227.5800098627747
1136 227.5800098627747
1137 227.5800098627747
1138 227.5800098627747
1139 227.5800098627747
1140 227.5800098627747
1141 227.5800098627747
1142 227.5800098627747
1143 227.5800098627747
1144 227.5800098627747
1145 227.5800098627747
1146 227.5800098627747
1147 227.5800098627747
1148 227.5800098627747
1149 227.5800098627747
1150 227.5800098627747
1151 227.5800098627747
1152 227.5800098627747
1153 227.5800098627747
1154 227.5800098627747
1155 227.5800098627747
1156 227.5800098627747
1157 227.5800098627747
1158 227.5800098627747
1159 227.5800098627747
1160 227.5800098627747
1161 227.5800098627747
1162 227.5800098627747
1163 227.5800098627747
1164 227.5800098627747
1165 227.5800098627747
1166 227.5800098627747
1167 227.5800098627747
1168 227.5800098627747
1169 227.5800098627747
1170 227.5800098627747
1171 227.5800098627747
1172 227.5800098627747
1173 227.5800098627747
1174 227.5800098627747
1175 227.5800098627747
1176 227.5800098627747
1177 227.5800098627747
1178 227.5800098627747
1179 227.5800098627747
1180 227.5800098627747
1181 227.5800098627747
1182 227.5800098627747
1183 227.5800098627747
1184 227.5800098627747
1185 227.5800098627747
1186 227.5800098627747
1187 227.5800098627747
1188 227.5800098627747
1189 227.5800098627747
1190 227.5800098627747
1191 227.5800098627747
1192 227.5800098627747
1193 227.5800098627747
1194 227.5800098627747
1195 227.5800098627747
1196 227.5800098627747
1197 227.5800098627747
1198 227.5800098627747
1199 227.5800098627747
1200 227.5800098627747
1201 227.5800098627747
1202 227.5800098627747
1203 227.5800098627747
1204 227.5800098627747
1205 227.5800098627747
1206 227.5800098627747
1207 227.5800098627747
1208 227.5800098627747
1209 227.5800098627747
1210 227.5800098627747
1211 227.5800098627747
1212 227.5800098627747
1213 227.5800098627747
1214 227.5800098627747
1215 227.5800098627747
1216 227.5800098627747
1217 227.5800098627747
1218 227.5800098627747
1219 227.5800098627747
1220 227.5800098627747
1221 227.5800098627747
1222 228.21554016214895
1223 228.21554016214895
1224 228.21554016214895
1225 228.21554016214895
1226 228.21554016214895
1227 228.21554016214895
1228 228.21554016214895
1229 228.21554016214895
1230 228.21554016214895
1231 228.21554016214895
1232 228.21554016214895
1233 228.21554016214895
1234 228.21554016214895
1235 228.21554016214895
1236 228.21554016214895
1237 228.21554016214895
1238 228.21554016214895
1239 228.21554016214895
1240 228.21554016214895
1241 228.21554016214895
1242 228.21554016214895
1243 228.21554016214895
1244 228.21554016214895
1245 228.21554016214895
1246 228.21554016214895
1247 228.21554016214895
1248 228.21554016214895
1249 228.21554016214895
1250 228.21554016214895
1251 228.21554016214895
1252 228.21554016214895
1253 228.21554016214895
1254 228.21554016214895
1255 228.21554016214895
1256 228.21554016214895
1257 228.21554016214895
1258 228.21554016214895
1259 228.21554016214895
1260 228.21554016214895
1261 228.21554016214895
1262 228.21554016214895
1263 228.21554016214895
1264 228.21554016214895
1265 228.21554016214895
1266 228.21554016214895
1267 228.21554016214895
1268 228.21554016214895
1269 228.21554016214895
1270 228.21554016214895
1271 228.21554016214895
1272 228.21554016214895
1273 228.21554016214895
1274 228.21554016214895
1275 228.21554016214895
1276 228.21554016214895
1277 228.21554016214895
1278 228.21554016214895
1279 228.21554016214895
1280 228.21554016214895
1281 228.21554016214895
1282 228.21554016214895
1283 228.21554016214895
1284 228.21554016214895
1285 228.21554016214895
1286 228.21554016214895
1287 228.21554016214895
1288 231.0890961436106
1289 231.0890961436106
1290 231.0890961436106
1291 231.0890961436106
1292 231.0890961436106
1293 231.0890961436106
1294 231.0890961436106
1295 231.0890961436106
1296 231.0890961436106
1297 231.0890961436106
1298 231.0890961436106
1299 231.0890961436106
1300 231.0890961436106
1301 231.0890961436106
1302 231.0890961436106
1303 231.0890961436106
1304 231.2748419979201
1305 231.2748419979201
1306 231.2748419979201
1307 231.2748419979201
1308 231.2748419979201
1309 231.2748419979201
1310 231.2748419979201
1311 231.2748419979201
1312 231.2748419979201
1313 231.2748419979201
1314 231.2748419979201
1315 231.2748419979201
1316 231.2748419979201
1317 231.2748419979201
1318 231.2748419979201
1319 231.2748419979201
1320 231.2748419979201
1321 231.2748419979201
1322 231.2748419979201
1323 231.2748419979201
1324 231.2748419979201
1325 231.2748419979201
1326 231.2748419979201
1327 231.2748419979201
1328 231.2748419979201
1329 231.2748419979201
1330 231.2748419979201
1331 231.2748419979201
1332 231.2748419979201
1333 231.2748419979201
1334 231.2748419979201
1335 231.2748419979201
1336 231.2748419979201
1337 231.2748419979201
1338 231.2748419979201
1339 231.2748419979201
1340 231.2748419979201
1341 231.2748419979201
1342 231.2748419979201
1343 231.2748419979201
1344 231.2748419979201
1345 231.2748419979201
1346 231.2748419979201
1347 231.2748419979201
1348 231.2748419979201
1349 231.2748419979201
1350 231.2748419979201
1351 231.2748419979201
1352 231.2748419979201
1353 231.2748419979201
1354 231.2748419979201
1355 231.2748419979201
1356 231.2748419979201
1357 231.2748419979201
1358 231.2748419979201
1359 231.2748419979201
1360 231.2748419979201
1361 231.2748419979201
1362 231.2748419979201
1363 231.2748419979201
1364 231.2748419979201
1365 231.2748419979201
1366 231.2748419979201
1367 231.2748419979201
1368 231.2748419979201
1369 231.2748419979201
1370 231.2748419979201
1371 231.2748419979201
1372 231.2748419979201
1373 231.2748419979201
1374 231.2748419979201
1375 231.2748419979201
1376 231.2748419979201
1377 231.2748419979201
1378 231.2748419979201
1379 231.2748419979201
1380 231.2748419979201
1381 231.2748419979201
1382 231.2748419979201
1383 231.2748419979201
1384 231.2748419979201
1385 231.2748419979201
1386 231.2748419979201
1387 231.2748419979201
1388 231.2748419979201
1389 231.2748419979201
1390 231.2748419979201
1391 231.2748419979201
1392 231.2748419979201
1393 231.2748419979201
1394 231.2748419979201
1395 231.2748419979201
1396 231.2748419979201
1397 231.2748419979201
1398 231.2748419979201
1399 231.2748419979201
1400 231.2748419979201
1401 231.2748419979201
1402 231.2748419979201
1403 231.2748419979201
1404 231.2748419979201
1405 231.2748419979201
1406 231.2748419979201
1407 231.2748419979201
1408 231.2748419979201
1409 231.2748419979201
1410 231.2748419979201
1411 231.2748419979201
1412 231.2748419979201
1413 231.2748419979201
1414 231.2748419979201
1415 231.2748419979201
1416 231.2748419979201
1417 231.2748419979201
1418 231.2748419979201
1419 231.2748419979201
1420 231.2748419979201
1421 231.2748419979201
1422 231.2748419979201
1423 231.2748419979201
1424 231.2748419979201
1425 231.2748419979201
1426 231.2748419979201
1427 231.2748419979201
1428 231.2748419979201
1429 231.2748419979201
1430 231.2748419979201
1431 231.2748419979201
1432 231.2748419979201
1433 231.2748419979201
1434 231.2748419979201
1435 231.2748419979201
1436 231.2748419979201
1437 231.2748419979201
1438 231.2748419979201
1439 231.2748419979201
1440 231.2748419979201
1441 231.2748419979201
1442 231.2748419979201
1443 231.2748419979201
1444 231.2748419979201
1445 231.2748419979201
1446 231.2748419979201
1447 231.2748419979201
1448 231.2748419979201
1449 231.2748419979201
1450 231.2748419979201
1451 231.2748419979201
1452 231.2748419979201
1453 231.2748419979201
1454 231.2748419979201
1455 231.2748419979201
1456 231.2748419979201
1457 231.2748419979201
1458 231.2748419979201
1459 231.2748419979201
1460 231.2748419979201
1461 231.2748419979201
1462 231.2748419979201
1463 231.2748419979201
1464 231.2748419979201
1465 231.2748419979201
1466 231.2748419979201
1467 231.2748419979201
1468 231.2748419979201
1469 231.2748419979201
1470 231.2748419979201
1471 231.2748419979201
1472 231.2748419979201
1473 231.2748419979201
1474 231.2748419979201
1475 231.2748419979201
1476 231.2748419979201
1477 231.2748419979201
1478 231.2748419979201
1479 231.2748419979201
1480 231.2748419979201
1481 231.2748419979201
1482 231.2748419979201
1483 231.2748419979201
1484 231.2748419979201
1485 231.2748419979201
1486 231.2748419979201
1487 231.2748419979201
1488 231.2748419979201
1489 231.2748419979201
1490 231.2748419979201
1491 231.2748419979201
1492 231.2748419979201
1493 231.2748419979201
1494 231.2748419979201
1495 231.2748419979201
1496 231.2748419979201
1497 231.2748419979201
1498 231.2748419979201
1499 231.2748419979201
1500 231.2748419979201
1501 231.2748419979201
1502 231.2748419979201
1503 231.2748419979201
1504 231.2748419979201
1505 231.2748419979201
1506 231.2748419979201
1507 231.2748419979201
1508 231.2748419979201
1509 231.2748419979201
1510 231.2748419979201
1511 231.2748419979201
1512 231.2748419979201
1513 231.2748419979201
1514 231.2748419979201
1515 231.2748419979201
1516 231.2748419979201
1517 231.2748419979201
1518 231.2748419979201
1519 231.2748419979201
1520 231.2748419979201
1521 231.2748419979201
1522 231.2748419979201
1523 231.2748419979201
1524 231.2748419979201
1525 231.2748419979201
1526 231.2748419979201
1527 231.2748419979201
1528 231.2748419979201
1529 231.2748419979201
1530 231.2748419979201
1531 231.2748419979201
1532 231.2748419979201
1533 231.2748419979201
1534 231.2748419979201
1535 231.2748419979201
1536 231.2748419979201
1537 231.2748419979201
1538 231.2748419979201
1539 231.2748419979201
1540 231.2748419979201
1541 231.2748419979201
1542 231.2748419979201
1543 231.2748419979201
1544 231.2748419979201
1545 231.2748419979201
1546 231.2748419979201
1547 231.2748419979201
1548 231.2748419979201
1549 231.2748419979201
1550 231.2748419979201
1551 231.2748419979201
1552 231.2748419979201
1553 231.2748419979201
1554 231.2748419979201
1555 231.2748419979201
1556 231.2748419979201
1557 231.2748419979201
1558 231.2748419979201
1559 231.2748419979201
1560 231.2748419979201
1561 231.2748419979201
1562 231.2748419979201
1563 231.2748419979201
1564 231.2748419979201
1565 231.2748419979201
1566 231.2748419979201
1567 231.2748419979201
1568 231.2748419979201
1569 231.2748419979201
1570 231.2748419979201
1571 231.2748419979201
1572 231.2748419979201
1573 231.2748419979201
1574 231.2748419979201
1575 231.2748419979201
1576 231.2748419979201
1577 231.2748419979201
1578 231.2748419979201
1579 231.2748419979201
1580 231.2748419979201
1581 231.2748419979201
1582 231.2748419979201
1583 231.2748419979201
1584 231.2748419979201
1585 231.2748419979201
1586 231.2748419979201
1587 231.2748419979201
1588 231.2748419979201
1589 231.2748419979201
1590 231.2748419979201
1591 231.2748419979201
1592 231.2748419979201
1593 231.2748419979201
1594 231.2748419979201
1595 231.2748419979201
1596 231.2748419979201
1597 240.51037092010196
1598 240.51037092010196
1599 240.51037092010196
1600 240.51037092010196
1601 240.51037092010196
1602 240.51037092010196
1603 240.51037092010196
1604 240.51037092010196
1605 240.51037092010196
1606 240.51037092010196
1607 240.51037092010196
1608 240.51037092010196
1609 240.51037092010196
1610 240.51037092010196
1611 240.51037092010196
1612 240.51037092010196
1613 240.51037092010196
1614 240.51037092010196
1615 240.51037092010196
1616 240.51037092010196
1617 240.51037092010196
1618 240.51037092010196
1619 240.51037092010196
1620 240.51037092010196
1621 240.51037092010196
1622 240.51037092010196
1623 240.51037092010196
1624 240.51037092010196
1625 240.51037092010196
1626 240.51037092010196
1627 240.51037092010196
1628 240.51037092010196
1629 240.51037092010196
1630 240.51037092010196
1631 240.51037092010196
1632 240.51037092010196
1633 240.51037092010196
1634 240.51037092010196
1635 240.51037092010196
1636 240.51037092010196
1637 240.51037092010196
1638 240.51037092010196
1639 240.51037092010196
1640 240.51037092010196
1641 240.51037092010196
1642 240.51037092010196
1643 240.51037092010196
1644 240.51037092010196
1645 240.51037092010196
1646 240.51037092010196
1647 240.51037092010196
1648 240.51037092010196
1649 240.51037092010196
1650 240.51037092010196
1651 240.51037092010196
1652 240.51037092010196
1653 240.51037092010196
1654 240.51037092010196
1655 240.51037092010196
1656 240.51037092010196
1657 240.51037092010196
1658 240.51037092010196
1659 240.51037092010196
1660 240.51037092010196
1661 240.51037092010196
1662 240.51037092010196
1663 240.51037092010196
1664 240.51037092010196
1665 240.51037092010196
1666 240.51037092010196
1667 240.51037092010196
1668 240.51037092010196
1669 240.51037092010196
1670 240.51037092010196
1671 240.51037092010196
1672 240.51037092010196
1673 240.51037092010196
1674 240.51037092010196
1675 240.51037092010196
1676 240.51037092010196
1677 240.51037092010196
1678 240.51037092010196
1679 240.51037092010196
1680 240.51037092010196
1681 240.51037092010196
1682 240.51037092010196
1683 240.51037092010196
1684 240.51037092010196
1685 240.51037092010196
1686 240.51037092010196
1687 240.51037092010196
1688 240.51037092010196
1689 240.51037092010196
1690 240.51037092010196
1691 240.51037092010196
1692 240.51037092010196
1693 240.51037092010196
1694 240.51037092010196
1695 240.51037092010196
1696 240.51037092010196
1697 240.51037092010196
1698 240.51037092010196
1699 240.51037092010196
1700 240.51037092010196
1701 240.51037092010196
1702 240.51037092010196
1703 240.51037092010196
1704 240.51037092010196
1705 240.51037092010196
1706 240.51037092010196
1707 240.51037092010196
1708 240.51037092010196
1709 240.51037092010196
1710 240.51037092010196
1711 240.51037092010196
1712 240.51037092010196
1713 240.51037092010196
1714 240.51037092010196
1715 240.51037092010196
1716 240.51037092010196
1717 240.51037092010196
1718 240.51037092010196
1719 240.51037092010196
1720 240.51037092010196
1721 240.51037092010196
1722 240.51037092010196
1723 240.51037092010196
1724 240.51037092010196
1725 240.51037092010196
1726 240.51037092010196
1727 240.51037092010196
1728 240.51037092010196
1729 240.51037092010196
1730 240.51037092010196
1731 240.51037092010196
1732 240.51037092010196
1733 240.51037092010196
1734 240.51037092010196
1735 240.51037092010196
1736 240.51037092010196
1737 240.51037092010196
1738 240.51037092010196
1739 240.51037092010196
1740 240.51037092010196
1741 240.51037092010196
1742 240.51037092010196
1743 240.51037092010196
1744 240.51037092010196
1745 240.51037092010196
1746 240.51037092010196
1747 240.51037092010196
1748 240.51037092010196
1749 240.51037092010196
1750 240.51037092010196
1751 240.51037092010196
1752 240.51037092010196
1753 240.51037092010196
1754 240.51037092010196
1755 240.51037092010196
1756 240.51037092010196
1757 240.51037092010196
1758 240.51037092010196
1759 240.51037092010196
1760 240.51037092010196
1761 240.51037092010196
1762 240.51037092010196
1763 240.51037092010196
1764 240.51037092010196
1765 240.51037092010196
1766 240.51037092010196
1767 240.51037092010196
1768 240.51037092010196
1769 240.51037092010196
1770 240.51037092010196
1771 240.51037092010196
1772 240.51037092010196
1773 240.51037092010196
1774 240.51037092010196
1775 240.51037092010196
1776 240.51037092010196
1777 240.51037092010196
1778 240.51037092010196
1779 240.51037092010196
1780 240.51037092010196
1781 240.51037092010196
1782 240.51037092010196
1783 240.51037092010196
1784 240.51037092010196
1785 240.51037092010196
1786 240.51037092010196
1787 240.51037092010196
1788 240.51037092010196
1789 240.51037092010196
1790 240.51037092010196
1791 240.51037092010196
1792 240.51037092010196
1793 240.51037092010196
1794 240.51037092010196
1795 240.51037092010196
1796 240.51037092010196
1797 240.51037092010196
1798 240.51037092010196
1799 240.51037092010196
1800 240.51037092010196
1801 240.51037092010196
1802 240.51037092010196
1803 240.51037092010196
1804 240.51037092010196
1805 240.51037092010196
1806 240.51037092010196
1807 240.51037092010196
1808 240.51037092010196
1809 240.51037092010196
1810 240.51037092010196
1811 240.51037092010196
1812 240.51037092010196
1813 240.51037092010196
1814 240.51037092010196
1815 240.51037092010196
1816 240.51037092010196
1817 240.51037092010196
1818 240.51037092010196
1819 240.51037092010196
1820 240.51037092010196
1821 240.51037092010196
1822 240.51037092010196
1823 240.51037092010196
1824 240.51037092010196
1825 240.51037092010196
1826 240.51037092010196
1827 240.51037092010196
1828 240.51037092010196
1829 240.51037092010196
1830 240.51037092010196
1831 240.51037092010196
1832 240.51037092010196
1833 240.51037092010196
1834 240.51037092010196
1835 240.51037092010196
1836 240.51037092010196
1837 240.51037092010196
1838 240.51037092010196
1839 240.51037092010196
1840 240.51037092010196
1841 240.51037092010196
1842 240.51037092010196
1843 240.51037092010196
1844 240.51037092010196
1845 240.51037092010196
1846 240.51037092010196
1847 240.51037092010196
1848 240.51037092010196
1849 240.51037092010196
1850 240.51037092010196
1851 240.51037092010196
1852 240.51037092010196
1853 240.51037092010196
1854 240.51037092010196
1855 240.51037092010196
1856 240.51037092010196
1857 240.51037092010196
1858 240.51037092010196
1859 240.51037092010196
1860 240.51037092010196
1861 240.51037092010196
1862 240.51037092010196
1863 240.51037092010196
1864 240.51037092010196
1865 240.51037092010196
1866 240.51037092010196
1867 240.51037092010196
1868 240.51037092010196
1869 240.51037092010196
1870 240.51037092010196
1871 240.51037092010196
1872 240.51037092010196
1873 240.51037092010196
1874 240.51037092010196
1875 240.51037092010196
1876 240.51037092010196
1877 240.51037092010196
1878 240.51037092010196
1879 240.51037092010196
1880 240.51037092010196
1881 240.51037092010196
1882 240.51037092010196
1883 240.51037092010196
1884 240.51037092010196
1885 240.51037092010196
1886 240.51037092010196
1887 240.51037092010196
1888 240.51037092010196
1889 240.51037092010196
1890 240.51037092010196
1891 240.51037092010196
1892 240.51037092010196
1893 240.51037092010196
1894 240.51037092010196
1895 240.51037092010196
1896 240.51037092010196
1897 240.51037092010196
1898 240.51037092010196
1899 240.51037092010196
1900 240.51037092010196
1901 240.51037092010196
1902 240.51037092010196
1903 240.51037092010196
1904 240.51037092010196
1905 240.51037092010196
1906 240.51037092010196
1907 240.51037092010196
1908 240.51037092010196
1909 240.51037092010196
1910 240.51037092010196
1911 240.51037092010196
1912 240.51037092010196
1913 240.51037092010196
1914 240.51037092010196
1915 240.51037092010196
1916 240.51037092010196
1917 240.51037092010196
1918 240.51037092010196
1919 240.51037092010196
1920 240.51037092010196
1921 240.51037092010196
1922 240.51037092010196
1923 240.51037092010196
1924 240.51037092010196
1925 240.51037092010196
1926 240.51037092010196
1927 240.51037092010196
1928 240.51037092010196
1929 240.51037092010196
1930 240.51037092010196
1931 240.51037092010196
1932 240.51037092010196
1933 240.51037092010196
1934 240.51037092010196
1935 240.51037092010196
1936 240.51037092010196
1937 240.51037092010196
1938 240.51037092010196
1939 240.51037092010196
1940 240.51037092010196
1941 240.51037092010196
1942 240.51037092010196
1943 240.51037092010196
1944 240.51037092010196
1945 240.51037092010196
1946 240.51037092010196
1947 240.51037092010196
1948 240.51037092010196
1949 240.51037092010196
1950 240.51037092010196
1951 240.51037092010196
1952 240.51037092010196
1953 240.51037092010196
1954 240.51037092010196
1955 240.51037092010196
1956 240.51037092010196
1957 240.51037092010196
1958 240.51037092010196
1959 240.51037092010196
1960 240.51037092010196
1961 240.51037092010196
1962 240.51037092010196
1963 240.51037092010196
1964 240.51037092010196
1965 240.51037092010196
1966 240.51037092010196
1967 240.51037092010196
1968 240.51037092010196
1969 240.51037092010196
1970 240.51037092010196
1971 240.51037092010196
1972 240.51037092010196
1973 240.51037092010196
1974 240.51037092010196
1975 240.51037092010196
1976 240.51037092010196
1977 240.51037092010196
1978 240.51037092010196
1979 240.51037092010196
1980 240.51037092010196
1981 240.51037092010196
1982 240.51037092010196
1983 240.51037092010196
1984 240.51037092010196
1985 240.51037092010196
1986 240.51037092010196
1987 240.51037092010196
1988 240.51037092010196
1989 240.51037092010196
1990 240.51037092010196
1991 240.51037092010196
1992 240.51037092010196
1993 240.51037092010196
1994 240.51037092010196
1995 240.51037092010196
1996 240.51037092010196
1997 240.51037092010196
1998 240.51037092010196
1999 240.51037092010196
