0 0.13628430407587505
1 0.1473046315699926
2 0.13406338555096708
3 0.14458509706504027
4 0.1590659526397901
5 0.15362189223819753
6 0.1552351939605795
7 0.1210661360071632
8 0.12429529449450882
9 0.12314545976825209
10 0.12889545110576128
11 0.13503967281224222
12 0.13556883840763315
13 0.13387800538303873
14 0.13410046188477862
15 0.1347438593601981
16 0.13408530024030052
17 0.12883655236887606
18 0.13463948235300335
19 0.13407067059425554
20 0.13547251320909398
21 0.13593738645357464
22 0.1396043668893128
23 0.1385502890326697
24 0.1389965740726603
25 0.13961413978115741
26 0.14387395776878256
27 0.14798426282739038
28 0.14841036860530343
29 0.1519121658345875
30 0.15496714860783786
31 0.15727573545290138
32 0.1588608635399719
33 0.15989540462599436
34 0.1611051553776193
35 0.16076360216606891
36 0.16211803614356307
37 0.16284280214438152
38 0.16383010099655523
39 0.16571672485502043
40 0.16705226800434367
41 0.16731911829133145
42 0.16677626471597173
43 0.16739793957722982
44 0.16926528103800595
45 0.16994709496113786
46 0.16890864912084708
47 0.16890864912084708
48 0.16880382216508916
49 0.16863688658373396
50 0.16893103487065253
51 0.16924623871919434
52 0.16939614779860918
53 0.17004204311005944
54 0.1705624476663151
55 0.17102317355632435
56 0.17146426990257962
57 0.1696227023002007
58 0.16848998894967854
59 0.16847304744547878
60 0.16979405711786974
61 0.17014185451580613
62 0.17014185451580613
63 0.17219978093122773
64 0.1779908935568497
65 0.1800263899546588
66 0.17406245825861344
67 0.1770869201034565
68 0.17746907531803685
69 0.1768700350583711
70 0.17510845828003702
71 0.1739385151360964
72 0.1739385151360964
73 0.17425376012520738
74 0.17425759363418963
75 0.17208092585558182
76 0.1704496232661798
77 0.1704496232661798
78 0.17094137011136004
79 0.17094137011136004
80 0.16945946704549372
81 0.16832681367764038
82 0.16772904395321866
83 0.1674804846344888
84 0.16757757820601274
85 0.16773316326094706
86 0.16812314359024144
87 0.16934057522846357
88 0.16919349975498424
89 0.16775316177334054
90 0.1674176615329158
91 0.1674176615329158
92 0.1674176615329158
93 0.1671139433014563
94 0.16595609052023838
95 0.16527053868736916
96 0.16532248867228477
97 0.1648586887990281
98 0.16572970214147548
99 0.16679001316205777
100 0.16681879020311138
101 0.16904970441247832
102 0.16940048614351869
103 0.16995568902479852
104 0.16995568902479852
105 0.16995568902479852
106 0.16995568902479852
107 0.1697636576726891
108 0.1697636576726891
109 0.17009021861739126
110 0.1711063328620674
111 0.17124580766923295
112 0.17124580766923295
113 0.17167740381792165
114 0.17167740381792165
115 0.1702919325892722
116 0.1703004870546651
117 0.1703004870546651
118 0.1703004870546651
119 0.17016920958358703
120 0.16890004770985456
121 0.16890004770985456
122 0.16890004770985456
123 0.16890004770985456
124 0.16872525271345942
125 0.16872525271345942
126 0.16872525271345942
127 0.16872525271345942
128 0.16872525271345942
129 0.16872525271345942
130 0.16874984301523327
131 0.16874984301523327
132 0.16772434914629225
133 0.16915386464000381
134 0.16976810520256566
135 0.16976810520256566
136 0.16961969842576058
137 0.16961969842576058
138 0.16961969842576058
139 0.16961969842576058
140 0.16961969842576058
141 0.16907383911758544
142 0.16907383911758544
143 0.167805351558808
144 0.16638968046852584
145 0.16638968046852584
146 0.16638968046852584
147 0.16638968046852584
148 0.16638968046852584
149 0.16638968046852584
150 0.16548071067636003
151 0.16548071067636003
152 0.16582121372992503
153 0.16582121372992503
154 0.16582121372992503
155 0.16582121372992503
156 0.16582121372992503
157 0.16582121372992503
158 0.16582121372992503
159 0.16582121372992503
160 0.16610673707133788
161 0.166067641196703
162 0.16473238660525333
163 0.1652686434399984
164 0.1652686434399984
165 0.16764387318908255
166 0.17345425701654268
167 0.17345425701654268
168 0.17387947359345468
169 0.17387947359345468
170 0.17387947359345468
171 0.17387947359345468
172 0.17387947359345468
173 0.17378843304261393
174 0.17378843304261393
175 0.17378843304261393
176 0.17378843304261393
177 0.1739172102707901
178 0.1739172102707901
179 0.1739172102707901
180 0.17379684534957365
181 0.17379684534957365
182 0.17351748069775402
183 0.17359761577677751
184 0.17359761577677751
185 0.17411778033211028
186 0.17411778033211028
187 0.17290921272887924
188 0.17290921272887924
189 0.1730794299978475
190 0.1730794299978475
191 0.17358831812451814
192 0.17358831812451814
193 0.17358831812451814
194 0.17358831812451814
195 0.17358831812451814
196 0.17358831812451814
197 0.17358831812451814
198 0.1737151498283273
199 0.1737151498283273
200 0.1737151498283273
201 0.1737151498283273
202 0.1737151498283273
203 0.17381525249842883
204 0.17381525249842883
205 0.1763780197115218
206 0.17642239236805538
207 0.17638346191192314
208 0.17638346191192314
209 0.1764067819268188
210 0.17640678192681877
211 0.17640678192681877
212 0.17640678192681877
213 0.17640678192681877
214 0.17581729100266932
215 0.17590211158519684
216 0.17590211158519684
217 0.17590211158519684
218 0.17590211158519684
219 0.17590211158519684
220 0.17590211158519684
221 0.17590129345344338
222 0.1759012934534434
223 0.1759012934534434
224 0.1759012934534434
225 0.17552875443361057
226 0.17490019117210664
227 0.17428490165027186
228 0.17428490165027186
229 0.17438328742293344
230 0.17438328742293344
231 0.17400606431294727
232 0.1740258581326312
233 0.1740258581326312
234 0.1740258581326312
235 0.17318355496049154
236 0.17318355496049154
237 0.17318355496049154
238 0.17318355496049154
239 0.17318355496049154
240 0.17536327637245014
241 0.17536327637245014
242 0.17536327637245014
243 0.17536327637245014
244 0.17551466813843603
245 0.17539487871524315
246 0.17539487871524315
247 0.17539487871524315
248 0.17539487871524315
249 0.17539487871524315
250 0.17539487871524315
251 0.17539487871524315
252 0.17539487871524315
253 0.17539487871524315
254 0.17539487871524315
255 0.17539487871524315
256 0.17539487871524315
257 0.17539487871524315
258 0.17539487871524315
259 0.17539487871524315
260 0.17539487871524315
261 0.17541439952455326
262 0.17545548651667336
263 0.17691800475434338
264 0.17691800475434338
265 0.17691800475434338
266 0.17691800475434338
267 0.17691800475434338
268 0.17691800475434338
269 0.17588791027033737
270 0.17589762168598752
271 0.17589762168598752
272 0.17652628825414574
273 0.17703183879788478
274 0.17703183879788478
275 0.17703183879788478
276 0.17718197387562423
277 0.17707791578316537
278 0.1770767056246585
279 0.17640553287898408
280 0.17640553287898408
281 0.17640553287898408
282 0.17628922725348986
283 0.1761835609690331
284 0.1761835609690331
285 0.1771127095784561
286 0.1777741129331205
287 0.1777741129331205
288 0.1777741129331205
289 0.1777741129331205
290 0.1777741129331205
291 0.1777741129331205
292 0.17778380370606575
293 0.17778380370606575
294 0.1802100753161849
295 0.1802100753161849
296 0.1802100753161849
297 0.1806975616601506
298 0.1806975616601506
299 0.18063419624497185
300 0.18063419624497185
301 0.1803270021411649
302 0.1803270021411649
303 0.1803270021411649
304 0.1803270021411649
305 0.1803270021411649
306 0.1803270021411649
307 0.1803270021411649
308 0.1803270021411649
309 0.1803270021411649
310 0.1803270021411649
311 0.1803270021411649
312 0.18076302545922823
313 0.18034408544553945
314 0.18034408544553945
315 0.18034408544553945
316 0.18034408544553945
317 0.18034408544553945
318 0.18034408544553945
319 0.18034408544553945
320 0.17998454574735306
321 0.17998454574735306
322 0.17998454574735306
323 0.17998454574735306
324 0.17998454574735306
325 0.17998454574735306
326 0.17998454574735306
327 0.18046791476336901
328 0.18046791476336901
329 0.18230190671599433
330 0.18221462812638548
331 0.18221462812638548
332 0.18221462812638548
333 0.18221462812638548
334 0.18221462812638548
335 0.18221462812638548
336 0.1802715016505344
337 0.1802715016505344
338 0.1802715016505344
339 0.1798992396021633
340 0.1796755521070306
341 0.1796755521070306
342 0.1796755521070306
343 0.17918568591312983
344 0.17918568591312983
345 0.17918568591312983
346 0.17918568591312983
347 0.17918568591312983
348 0.17918568591312983
349 0.18007300452203417
350 0.18007300452203417
351 0.18007300452203417
352 0.18007300452203417
353 0.18007300452203417
354 0.18007300452203417
355 0.18006875615726908
356 0.18006875615726908
357 0.18006875615726908
358 0.18006875615726908
359 0.17987137272383746
360 0.17987137272383746
361 0.17987137272383746
362 0.17987137272383746
363 0.17987137272383746
364 0.17987137272383746
365 0.17987137272383746
366 0.17987137272383746
367 0.17987137272383746
368 0.17987137272383746
369 0.17987137272383746
370 0.17987137272383746
371 0.17987137272383746
372 0.17987137272383746
373 0.17987137272383746
374 0.17987137272383746
375 0.17987137272383746
376 0.17987137272383746
377 0.17987137272383746
378 0.17987137272383746
379 0.17987137272383746
380 0.17987137272383746
381 0.17987137272383746
382 0.17987137272383746
383 0.17987137272383746
384 0.17987137272383746
385 0.17987137272383746
386 0.17987137272383746
387 0.17987137272383746
388 0.17987137272383746
389 0.18276792608027612
390 0.18276792608027612
391 0.18276792608027612
392 0.18276792608027612
393 0.182422050227685
394 0.18188962889588542
395 0.18188962889588542
396 0.18188962889588542
397 0.18188962889588542
398 0.18188962889588542
399 0.18188962889588542
400 0.18188962889588542
401 0.18188962889588542
402 0.18188962889588542
403 0.18188962889588542
404 0.18188962889588542
405 0.18188962889588542
406 0.18188962889588542
407 0.18188962889588542
408 0.18188962889588542
409 0.18188962889588542
410 0.18188962889588542
411 0.18188962889588542
412 0.18188962889588542
413 0.1824590996654241
414 0.1824590996654241
415 0.1824590996654241
416 0.1824590996654241
417 0.1824590996654241
418 0.1824590996654241
419 0.1824590996654241
420 0.1824590996654241
421 0.18213355226865044
422 0.18213355226865044
423 0.18213355226865044
424 0.18202795166022576
425 0.18202795166022576
426 0.18202795166022576
427 0.18205974804802927
428 0.18205974804802927
429 0.18205974804802927
430 0.18205974804802927
431 0.18215489291381126
432 0.18215489291381126
433 0.18215489291381126
434 0.18215489291381126
435 0.18215489291381126
436 0.18215489291381126
437 0.18215489291381126
438 0.18215489291381126
439 0.18215489291381126
440 0.18215489291381126
441 0.18215489291381126
442 0.18215489291381126
443 0.18215489291381126
444 0.18215489291381126
445 0.18215489291381126
446 0.18215489291381126
447 0.18215489291381126
448 0.18215489291381126
449 0.18310200232974208
450 0.18310200232974208
451 0.18310200232974208
452 0.18310200232974208
453 0.18310200232974208
454 0.18310200232974208
455 0.18310200232974208
456 0.18310200232974208
457 0.18310200232974208
458 0.18310200232974208
459 0.18310200232974208
460 0.18310200232974208
461 0.1831120232807934
462 0.1831120232807934
463 0.1821110442475439
464 0.1821110442475439
465 0.18279937186654613
466 0.18279937186654613
467 0.18279937186654613
468 0.18279937186654613
469 0.18279937186654613
470 0.18279937186654613
471 0.18279937186654613
472 0.18279937186654613
473 0.18279937186654613
474 0.18279937186654613
475 0.18303144372525493
476 0.18303144372525493
477 0.18303144372525493
478 0.18277084114316636
479 0.18277084114316636
480 0.18277084114316636
481 0.18277084114316636
482 0.18277084114316636
483 0.18277084114316636
484 0.18277084114316636
485 0.18277084114316636
486 0.18277084114316636
487 0.18277084114316636
488 0.1827535271094905
489 0.1827535271094905
490 0.1827535271094905
491 0.1827535271094905
492 0.1827535271094905
493 0.1827535271094905
494 0.1827535271094905
495 0.1827535271094905
496 0.1827523022582302
497 0.1827523022582302
498 0.1828781034843142
499 0.1828781034843142
500 0.1828781034843142
501 0.1828781034843142
502 0.1828781034843142
503 0.1828781034843142
504 0.1828781034843142
505 0.1828781034843142
506 0.1828781034843142
507 0.18282391186145436
508 0.18282391186145436
509 0.18279053324027783
510 0.18279053324027783
511 0.18279053324027783
512 0.18279053324027783
513 0.18279053324027783
514 0.18279053324027783
515 0.18229258610933888
516 0.18301515667979115
517 0.18301515667979115
518 0.18311762756727964
519 0.18311762756727964
520 0.1831011769870708
521 0.1831011769870708
522 0.1831011769870708
523 0.1831011769870708
524 0.1831011769870708
525 0.1824777662263063
526 0.1824777662263063
527 0.1824777662263063
528 0.1824777662263063
529 0.1824777662263063
530 0.1824777662263063
531 0.1824777662263063
532 0.1824777662263063
533 0.1824777662263063
534 0.1824777662263063
535 0.1824777662263063
536 0.1824777662263063
537 0.1824777662263063
538 0.1824777662263063
539 0.1824777662263063
540 0.1824777662263063
541 0.1824777662263063
542 0.18178525206591784
543 0.18178525206591784
544 0.18178525206591784
545 0.18178525206591784
546 0.18178525206591784
547 0.18178525206591784
548 0.18178525206591784
549 0.18170809721718745
550 0.18170809721718745
551 0.18170809721718745
552 0.18170809721718745
553 0.18170809721718745
554 0.18170809721718745
555 0.18170809721718745
556 0.18170809721718745
557 0.18170809721718745
558 0.18170809721718745
559 0.18170809721718745
560 0.18170809721718745
561 0.18170809721718745
562 0.18207613940325126
563 0.18207613940325126
564 0.18206072524674888
565 0.18206072524674888
566 0.18206072524674888
567 0.18206072524674888
568 0.18206072524674888
569 0.18206072524674888
570 0.18171326329408535
571 0.18171326329408535
572 0.1815508173524406
573 0.1815508173524406
574 0.1815508173524406
575 0.1815508173524406
576 0.1815508173524406
577 0.1815508173524406
578 0.1815508173524406
579 0.18023911524993835
580 0.17970736205800164
581 0.17970736205800164
582 0.17970736205800164
583 0.17970736205800164
584 0.17970736205800164
585 0.17970736205800164
586 0.18009989521595268
587 0.18009989521595268
588 0.18009989521595268
589 0.18009989521595268
590 0.18009989521595268
591 0.17885207783980567
592 0.17885207783980567
593 0.17885207783980567
594 0.17863490795201573
595 0.17863490795201573
596 0.17863490795201573
597 0.17863490795201573
598 0.17863490795201573
599 0.17863490795201573
600 0.17863490795201573
601 0.17884617014771115
602 0.17884617014771115
603 0.17884617014771115
604 0.1797354750621887
605 0.1797354750621887
606 0.1797354750621887
607 0.1797354750621887
608 0.1797354750621887
609 0.1797354750621887
610 0.1797354750621887
611 0.1797414766471766
612 0.1797414766471766
613 0.1797414766471766
614 0.1797414766471766
615 0.1797414766471766
616 0.1797414766471766
617 0.1797414766471766
618 0.1797414766471766
619 0.1797414766471766
620 0.1797414766471766
621 0.1797414766471766
622 0.1797414766471766
623 0.1797414766471766
624 0.1797414766471766
625 0.1797414766471766
626 0.1797414766471766
627 0.1797414766471766
628 0.1797414766471766
629 0.1797414766471766
630 0.1797414766471766
631 0.1797414766471766
632 0.1797414766471766
633 0.1797414766471766
634 0.1797414766471766
635 0.1797414766471766
636 0.1797414766471766
637 0.17974147648631697
638 0.17974147648631697
639 0.17974575362110087
640 0.17974575362110087
641 0.17974575362110087
642 0.17974575362110087
643 0.17935509324209267
644 0.17935509324209267
645 0.17935509324209267
646 0.17935509324209267
647 0.17935509324209267
648 0.17935509324209267
649 0.17935509324209267
650 0.17935509324209267
651 0.17935509324209267
652 0.17935509324209267
653 0.17935509324209267
654 0.17935509324209267
655 0.17935509324209267
656 0.18144498157350167
657 0.18074516717561853
658 0.18074516717561853
659 0.18074516717561853
660 0.18074516717561853
661 0.18074516717561853
662 0.18074516717561853
663 0.18074516717561853
664 0.18074516717561853
665 0.18074516717561853
666 0.18068659977244292
667 0.18068659977244292
668 0.18068659977244292
669 0.18068659977244292
670 0.18068659977244292
671 0.18068659977244292
672 0.18068659977244292
673 0.18068659977244292
674 0.18068659977244292
675 0.18068659977244292
676 0.18068659977244292
677 0.18068659977244292
678 0.18068659977244292
679 0.18068659977244292
680 0.18068659977244292
681 0.18060477656260157
682 0.18060477656260157
683 0.18054397969551933
684 0.18101948392808404
685 0.18101948392808404
686 0.18101948392808404
687 0.18055591826805126
688 0.1810749974141223
689 0.18151220007345004
690 0.18354869928624384
691 0.18354869928624384
692 0.18354869928624384
693 0.18354869928624384
694 0.18334457354969722
695 0.18334457354969722
696 0.18287172330388257
697 0.18287172330388257
698 0.18287172330388257
699 0.18254627964413303
700 0.18254627964413303
701 0.18254627964413303
702 0.18261691070674857
703 0.18261691070674857
704 0.18261691070674857
705 0.18261691070674857
706 0.18262216460181752
707 0.18262216460181752
708 0.18262216460181752
709 0.18262216460181752
710 0.18262216460181752
711 0.18262216460181752
712 0.18262216460181752
713 0.18262216460181752
714 0.18262216460181752
715 0.18262216460181752
716 0.1820906435141944
717 0.1820906435141944
718 0.1820906435141944
719 0.1820906435141944
720 0.18272902789303927
721 0.18272902789303927
722 0.18272902789303927
723 0.18272902789303927
724 0.18272902789303927
725 0.18272902789303927
726 0.18272902789303927
727 0.18272902789303927
728 0.18272902789303927
729 0.18272902789303927
730 0.18272902789303927
731 0.1823601564583494
732 0.1823601564583494
733 0.1823601564583494
734 0.1823601564583494
735 0.18269239292831585
736 0.18269239292831585
737 0.18269239292831585
738 0.18269239292831585
739 0.1822378461830329
740 0.1822378461830329
741 0.1822378461830329
742 0.1822378461830329
743 0.1822378461830329
744 0.1822378461830329
745 0.1822378461830329
746 0.1822378461830329
747 0.1822378461830329
748 0.1822378461830329
749 0.18241619824694416
750 0.18241619824694416
751 0.18241619824694416
752 0.18241619824694416
753 0.18241619824694416
754 0.18241619824694416
755 0.18241619824694416
756 0.18241619824694416
757 0.18241619824694416
758 0.18241619824694416
759 0.18241619824694416
760 0.1813513512655246
761 0.1813513512655246
762 0.1813513512655246
763 0.1813513512655246
764 0.1813513512655246
765 0.1813513512655246
766 0.1813233480219494
767 0.1813233480219494
768 0.1813233480219494
769 0.18159200577606813
770 0.18159200577606813
771 0.18231455130401802
772 0.18231455130401802
773 0.18231455130401802
774 0.18231455130401802
775 0.18231455130401802
776 0.18231455130401802
777 0.18231455130401802
778 0.18231455130401802
779 0.18231455130401802
780 0.18228803637571497
781 0.18228803637571497
782 0.18228803637571497
783 0.18228803637571497
784 0.18228803637571497
785 0.186638674092741
786 0.186638674092741
787 0.186638674092741
788 0.186638674092741
789 0.186638674092741
790 0.186638674092741
791 0.186638674092741
792 0.186638674092741
793 0.186638674092741
794 0.186638674092741
795 0.186638674092741
796 0.186638674092741
797 0.186638674092741
798 0.186638674092741
799 0.186638674092741
800 0.186638674092741
801 0.18895025891711234
802 0.18895025891711234
803 0.18895025891711234
804 0.18895025891711234
805 0.18895025891711234
806 0.18895025891711234
807 0.18895025891711234
808 0.18895025891711234
809 0.18895025891711234
810 0.18895025891711234
811 0.18895025891711234
812 0.18895025891711234
813 0.18922518018634144
814 0.18922518018634144
815 0.18922518018634144
816 0.18922518018634144
817 0.18922518018634144
818 0.18922518018634144
819 0.18922518018634144
820 0.18922518018634144
821 0.19058232008448406
822 0.1908335915338478
823 0.1908335915338478
824 0.1908335915338478
825 0.1908335915338478
826 0.1908335915338478
827 0.1908335915338478
828 0.19073620899161992
829 0.19073620899161992
830 0.19073620899161992
831 0.19098751511313766
832 0.19098751511313766
833 0.19098751511313766
834 0.19098751511313766
835 0.19098751511313766
836 0.19098751511313766
837 0.19098751511313766
838 0.19091861259248644
839 0.19091861259248644
840 0.19091861259248644
841 0.19091861259248644
842 0.19076192693935226
843 0.19076192693935226
844 0.19076192693935226
845 0.19076192693935226
846 0.19076192693935226
847 0.19076192693935226
848 0.19076192693935226
849 0.19076192693935226
850 0.19076192693935226
851 0.19076192693935226
852 0.19076192693935226
853 0.19076192693935226
854 0.19076192693935226
855 0.19076192693935226
856 0.19076192693935226
857 0.19076192693935226
858 0.19076192693935226
859 0.19076192693935226
860 0.19075761223106596
861 0.19075761223106596
862 0.1909502970198828
863 0.1909502970198828
864 0.1909502970198828
865 0.19120913556619165
866 0.19120913556619165
867 0.19120913556619165
868 0.19120913556619165
869 0.19079712408290303
870 0.19079712408290303
871 0.19079712408290303
872 0.19079712408290303
873 0.19079712408290303
874 0.19079712408290303
875 0.19079712408290303
876 0.19079712408290303
877 0.19079712408290303
878 0.19079712408290303
879 0.19079712408290303
880 0.19079712408290303
881 0.19079712408290303
882 0.19081187608179925
883 0.19081187608179925
884 0.19081187608179925
885 0.19081187608179925
886 0.19081187608179925
887 0.19081187608179925
888 0.19081187608179925
889 0.19081187608179925
890 0.19081187608179925
891 0.19081187608179925
892 0.19081187608179925
893 0.1897160446751124
894 0.1897160446751124
895 0.1897160446751124
896 0.1897160446751124
897 0.1897160446751124
898 0.1897160446751124
899 0.1897160446751124
900 0.1897160446751124
901 0.1897160446751124
902 0.1897160446751124
903 0.1897160446751124
904 0.1897160446751124
905 0.1897160446751124
906 0.1897160446751124
907 0.1897160446751124
908 0.1897160446751124
909 0.1897160446751124
910 0.1897160446751124
911 0.18937537642070365
912 0.18937537642070365
913 0.18937537642070365
914 0.19023865665357717
915 0.19023865665357717
916 0.19023865665357717
917 0.19046517749010394
918 0.19046517749010394
919 0.19115887674040105
920 0.19115887674040105
921 0.19148907078684263
922 0.19148907078684263
923 0.19148907078684263
924 0.1912542359692819
925 0.1912542359692819
926 0.1912542359692819
927 0.1912542359692819
928 0.191053858390349
929 0.191053858390349
930 0.191053858390349
931 0.191053858390349
932 0.191053858390349
933 0.191053858390349
934 0.191053858390349
935 0.19294122331120506
936 0.19169923447574402
937 0.19169923447574402
938 0.19169923447574402
939 0.19169923447574402
940 0.19169923447574402
941 0.19169923447574402
942 0.19169923447574402
943 0.19169923447574402
944 0.19169923447574402
945 0.19169923447574402
946 0.19169923447574402
947 0.19169923447574402
948 0.19169923447574402
949 0.19169923447574402
950 0.19169923447574402
951 0.19207993906734674
952 0.19207993906734674
953 0.19207993906734674
954 0.19207993906734674
955 0.19198144675435974
956 0.19198144675435974
957 0.19198144675435974
958 0.19198144675435974
959 0.19198144675435974
960 0.19198144675435974
961 0.19198144675435974
962 0.19198144675435974
963 0.19198144675435974
964 0.19198144675435974
965 0.19198144675435974
966 0.19198144675435974
967 0.19198144675435974
968 0.19198144675435974
969 0.19198144675435974
970 0.19198144675435974
971 0.19198144675435974
972 0.19198144675435974
973 0.1917615402407473
974 0.1917615402407473
975 0.1917266584286124
976 0.1917266584286124
977 0.1917266584286124
978 0.1917266584286124
979 0.1917266584286124
980 0.19253656503390304
981 0.19253656503390304
982 0.19253656503390304
983 0.19253656503390304
984 0.19253656503390304
985 0.19253656503390304
986 0.19253656503390304
987 0.19253656503390304
988 0.19336832919837724
989 0.19304778266966688
990 0.19304778266966688
991 0.19304778266966688
992 0.19304778266966688
993 0.19304778266966688
994 0.19304778266966688
995 0.19304778266966688
996 0.19304778266966688
997 0.19304778266966688
998 0.19304778266966688
999 0.19304778266966688
