0 -0.0221875
1 0.18643229166666667
2 0.25143229166666664
3 0.28973958333333333
4 0.31169270833333335
5 0.3630729166666667
6 0.3678125
7 0.39893229166666666
8 0.4200260416666667
9 0.4451822916666667
10 0.45705729166666664
11 0.47401041666666666
12 0.47528645833333333
13 0.48627604166666666
14 0.4934895833333333
15 0.50765625
16 0.5164583333333334
17 0.53875
18 0.5392447916666666
19 0.5413541666666667
20 0.541953125
21 0.5423697916666667
22 0.5433854166666666
23 0.5440885416666666
24 0.5447916666666667
25 0.54578125
26 0.5458333333333333
27 0.547265625
28 0.547265625
29 0.5477083333333334
30 0.5479947916666666
31 0.5493489583333333
32 0.5497135416666666
33 0.557265625
34 0.564765625
35 0.5676302083333333
36 0.5801041666666666
37 0.5801041666666666
38 0.5801041666666666
39 0.59203125
40 0.5994270833333334
41 0.5998958333333333
42 0.6019270833333333
43 0.6022916666666667
44 0.6022916666666667
45 0.6027604166666667
46 0.6032291666666667
47 0.6033333333333334
48 0.6086458333333333
49 0.6111979166666667
50 0.6111979166666667
51 0.61703125
52 0.616171875
53 0.6175520833333333
54 0.6179947916666667
55 0.622890625
56 0.6225520833333333
57 0.6241927083333333
58 0.6236979166666666
59 0.625625
60 0.6265364583333334
61 0.6268489583333333
62 0.6270572916666667
63 0.6276041666666666
64 0.6289322916666666
65 0.62359375
66 0.6294270833333333
67 0.6294270833333333
68 0.6294270833333333
69 0.6294270833333333
70 0.6293489583333334
71 0.6302083333333334
72 0.6391927083333333
73 0.6311197916666667
74 0.63984375
75 0.6386458333333334
76 0.6386458333333334
77 0.6386458333333334
78 0.6386458333333334
79 0.63984375
80 0.6404947916666667
81 0.6414583333333334
82 0.643671875
83 0.644375
84 0.644375
85 0.6445833333333333
86 0.6450260416666667
87 0.646875
88 0.646875
89 0.6471354166666666
90 0.6466666666666666
91 0.6469791666666667
92 0.6469791666666667
93 0.6453125
94 0.6453125
95 0.6464322916666667
96 0.6464322916666667
97 0.6464322916666667
98 0.6483854166666667
99 0.6483854166666667
100 0.6483854166666667
101 0.6483854166666667
102 0.6483854166666667
103 0.6483854166666667
104 0.6484375
105 0.6484375
106 0.6487760416666667
107 0.6490625
108 0.6490625
109 0.6490625
110 0.6490625
111 0.6490625
112 0.6490625
113 0.6490625
114 0.6490625
115 0.6490625
116 0.6490625
117 0.6490625
118 0.6490625
119 0.6490625
120 0.6490625
121 0.6505729166666666
122 0.6505729166666666
123 0.6505729166666666
124 0.6505729166666666
125 0.6505729166666666
126 0.6505729166666666
127 0.6505729166666666
128 0.6505729166666666
129 0.6505729166666666
130 0.6505729166666666
131 0.6513020833333333
132 0.6513020833333333
133 0.6513020833333333
134 0.6513020833333333
135 0.6513020833333333
136 0.6513020833333333
137 0.6513020833333333
138 0.653203125
139 0.6536197916666666
140 0.6536197916666666
141 0.6536197916666666
142 0.6560416666666666
143 0.6560416666666666
144 0.6580729166666667
145 0.6580729166666667
146 0.6580729166666667
147 0.6580729166666667
148 0.6580729166666667
149 0.6595572916666667
150 0.6595572916666667
151 0.6595572916666667
152 0.6595572916666667
153 0.6595572916666667
154 0.6595572916666667
155 0.6596875
156 0.6596875
157 0.6615104166666667
158 0.6615104166666667
159 0.6615104166666667
160 0.6615104166666667
161 0.6615104166666667
162 0.6615104166666667
163 0.6615104166666667
164 0.6615104166666667
165 0.6615104166666667
166 0.6615104166666667
167 0.6615104166666667
168 0.6615104166666667
169 0.6615104166666667
170 0.6615104166666667
171 0.6615104166666667
172 0.6615104166666667
173 0.6615104166666667
174 0.6615104166666667
175 0.6615104166666667
176 0.6615104166666667
177 0.6615104166666667
178 0.664765625
179 0.664765625
180 0.664765625
181 0.664765625
182 0.664765625
183 0.664765625
184 0.664765625
185 0.6657291666666667
186 0.6657291666666667
187 0.6657291666666667
188 0.6657291666666667
189 0.6657291666666667
190 0.6657291666666667
191 0.6657291666666667
192 0.6657291666666667
193 0.6657291666666667
194 0.6657291666666667
195 0.6657291666666667
196 0.6657291666666667
197 0.6657291666666667
198 0.6657291666666667
199 0.6657291666666667
