0 0.5078716649214408
1 0.5078716649214408
2 0.5078716649214408
3 0.5078716649214408
4 0.5078716649214408
5 0.6578221860391255
6 0.6578221860391255
7 0.6578221860391255
8 0.6578221860391255
9 0.6578221860391255
10 0.6578221860391255
11 0.6578221860391255
12 0.6578221860391255
13 0.6578221860391255
14 0.6578221860391255
15 0.6578221860391255
16 0.6578221860391255
17 0.6578221860391255
18 0.6777886369497151
19 0.6777886369497151
20 0.6783713864526931
21 0.6857353543012005
22 0.687972828669322
23 0.6891615652577894
24 0.6904880283815645
25 0.6904880283815645
26 0.6904880283815645
27 0.6904880283815645
28 0.6904880283815645
29 0.6904880283815645
30 0.7623513075606182
31 0.7623513075606182
32 0.7623513075606182
33 0.7623513075606182
34 0.7623513075606182
35 0.7623513075606182
36 0.7623513075606182
37 0.7623513075606182
38 0.7623513075606182
39 0.7623513075606182
40 0.7623513075606182
41 0.7623513075606182
42 0.7623513075606182
43 0.7623513075606182
44 0.7623513075606182
45 0.7623513075606182
46 0.7623513075606182
47 0.7623513075606182
48 0.7623513075606182
49 0.7623513075606182
50 0.7623513075606182
51 0.7623513075606182
52 0.7623513075606182
53 0.7623513075606182
54 0.7623513075606182
55 0.7623513075606182
56 0.7623513075606182
57 0.7623513075606182
58 0.7623513075606182
59 0.7623513075606182
60 0.7623513075606182
61 0.7623513075606182
62 0.7623513075606182
63 0.7623513075606182
64 0.7623513075606182
65 0.7623513075606182
66 0.7623513075606182
67 0.7914516026981725
68 0.7914516026981725
69 0.7914516026981725
70 0.7914516026981725
71 0.7914516026981725
72 0.8493045567958225
73 0.8493045567958225
74 0.8493045567958225
75 0.8493045567958225
76 0.8493045567958225
77 0.8493045567958225
78 0.8493045567958225
79 0.8493045567958225
80 0.8493045567958225
81 0.8493045567958225
82 0.8493045567958225
83 0.8493045567958225
84 0.8493045567958225
85 0.8493045567958225
86 0.8493045567958225
87 0.8493045567958225
88 0.8493045567958225
89 0.8493045567958225
90 0.8493045567958225
91 0.8493045567958225
92 0.8493045567958225
93 0.8493045567958225
94 0.8493045567958225
95 0.8493045567958225
96 0.8493045567958225
97 0.8493045567958225
98 0.8493045567958225
99 0.8493045567958225
100 0.8493045567958225
101 0.8493045567958225
102 0.8493045567958225
103 0.8493045567958225
104 0.8493045567958225
105 0.8493045567958225
106 0.8493045567958225
107 0.8493045567958225
108 0.8493045567958225
109 0.8493045567958225
110 0.8493045567958225
111 0.8493045567958225
112 0.8493045567958225
113 0.8493045567958225
114 0.8493045567958225
115 0.8493045567958225
116 0.8493045567958225
117 0.8493045567958225
118 0.8493045567958225
119 0.8493045567958225
120 0.8493045567958225
121 0.8493045567958225
122 0.8493045567958225
123 0.8493045567958225
124 0.8493045567958225
125 0.8493045567958225
126 0.8493045567958225
127 0.8493045567958225
128 0.8493045567958225
129 0.8493045567958225
130 0.8493045567958225
131 0.8493045567958225
132 0.8493045567958225
133 0.8493045567958225
134 0.8493045567958225
135 0.8493045567958225
136 0.8493045567958225
137 0.8493045567958225
138 0.8493045567958225
139 0.8493045567958225
140 0.8493045567958225
141 0.8493045567958225
142 0.8493045567958225
143 0.8493045567958225
144 0.8493045567958225
145 0.8493045567958225
146 0.8493045567958225
147 0.8493045567958225
148 0.8493045567958225
149 0.8493045567958225
150 0.8493045567958225
151 0.8502546395502932
152 0.8502546395502932
153 0.8502546395502932
154 0.8502546395502932
155 0.8502546395502932
156 0.8502546395502932
157 0.8502546395502932
158 0.8502546395502932
159 0.8502546395502932
160 0.8502546395502932
161 0.8502546395502932
162 0.8502546395502932
163 0.8502546395502932
164 0.8502546395502932
165 0.8502546395502932
166 0.8502546395502932
167 0.8502546395502932
168 0.8502546395502932
169 0.8502546395502932
170 0.8502546395502932
171 0.8502546395502932
172 0.8502546395502932
173 0.8502546395502932
174 0.8502546395502932
175 0.8502546395502932
176 0.8502546395502932
177 0.8502546395502932
178 0.8502546395502932
179 0.8502546395502932
180 0.8502546395502932
181 0.8502546395502932
182 0.8502546395502932
183 0.8502546395502932
184 0.8502546395502932
185 0.8502546395502932
186 0.8502546395502932
187 0.8502546395502932
188 0.8502546395502932
189 0.8502546395502932
190 0.8502546395502932
191 0.8502546395502932
192 0.8502546395502932
193 0.8502546395502932
194 0.8502546395502932
195 0.8502546395502932
196 0.8502546395502932
197 0.8502546395502932
198 0.8502546395502932
199 0.8502546395502932
200 0.8502546395502932
201 0.8502546395502932
202 0.8502546395502932
203 0.8502546395502932
204 0.8502546395502932
205 0.8502546395502932
206 0.8502546395502932
207 0.8502546395502932
208 0.8502546395502932
209 0.8502546395502932
210 0.8502546395502932
211 0.8502546395502932
212 0.8502546395502932
213 0.8502546395502932
214 0.8502546395502932
215 0.8502546395502932
216 0.8502546395502932
217 0.8502546395502932
218 0.8502546395502932
219 0.8502546395502932
220 0.8502546395502932
221 0.8502546395502932
222 0.8502546395502932
223 0.8502546395502932
224 0.8502546395502932
225 0.8502546395502932
226 0.8502546395502932
227 0.8502546395502932
228 0.8502546395502932
229 0.8502546395502932
230 0.8502546395502932
231 0.8502546395502932
232 0.8502546395502932
233 0.8502546395502932
234 0.8502546395502932
235 0.8502546395502932
236 0.8502546395502932
237 0.8502546395502932
238 0.8502546395502932
239 0.8502546395502932
240 0.8502546395502932
241 0.8502546395502932
242 0.8502546395502932
243 0.8502546395502932
244 0.8502546395502932
245 0.8502546395502932
246 0.8502546395502932
247 0.8502546395502932
248 0.8502546395502932
249 0.8502546395502932
250 0.8502546395502932
251 0.8502546395502932
252 0.8502546395502932
253 0.8502546395502932
254 0.8502546395502932
255 0.8502546395502932
256 0.8502546395502932
257 0.8502546395502932
258 0.8502546395502932
259 0.8502546395502932
260 0.8502546395502932
261 0.8502546395502932
262 0.8502546395502932
263 0.8502546395502932
264 0.8502546395502932
265 0.8502546395502932
266 0.8502546395502932
267 0.8502546395502932
268 0.8502546395502932
269 0.8502546395502932
270 0.8502546395502932
271 0.8502546395502932
272 0.8502546395502932
273 0.8502546395502932
274 0.8502546395502932
275 0.8502546395502932
276 0.8502546395502932
277 0.8502546395502932
278 0.8502546395502932
279 0.8502546395502932
280 0.8502546395502932
281 0.8502546395502932
282 0.8502546395502932
283 0.8502546395502932
284 0.8502546395502932
285 0.8502546395502932
286 0.8502546395502932
287 0.8502546395502932
288 0.8502546395502932
289 0.8502546395502932
290 0.8502546395502932
291 0.8502546395502932
292 0.8502546395502932
293 0.8502546395502932
294 0.8502546395502932
295 0.8502546395502932
296 0.8502546395502932
297 0.8502546395502932
298 0.8502546395502932
299 0.8502546395502932
300 0.8502546395502932
301 0.8502546395502932
302 0.8502546395502932
303 0.8502546395502932
304 0.8502546395502932
305 0.8502546395502932
306 0.8502546395502932
307 0.8502546395502932
308 0.8502546395502932
309 0.8502546395502932
310 0.8502546395502932
311 0.8502546395502932
312 0.8502546395502932
313 0.8502546395502932
314 0.8502546395502932
315 0.8502546395502932
316 0.8502546395502932
317 0.8502546395502932
318 0.8502546395502932
319 0.8502546395502932
320 0.8502546395502932
321 0.8502546395502932
322 0.8502546395502932
323 0.9163750726020908
324 0.9163750726020908
325 0.9163750726020908
326 0.9163750726020908
327 0.9163750726020908
328 0.9163750726020908
329 0.9163750726020908
330 0.9163750726020908
331 0.9163750726020908
332 0.9163750726020908
333 0.9163750726020908
334 0.9163750726020908
335 0.9163750726020908
336 0.9163750726020908
337 0.9163750726020908
338 0.9163750726020908
339 0.9163750726020908
340 0.9163750726020908
341 0.9163750726020908
342 0.9163750726020908
343 0.9163750726020908
344 0.9163750726020908
345 0.9163750726020908
346 0.9163750726020908
347 0.9163750726020908
348 0.9163750726020908
349 0.9163750726020908
350 0.9163750726020908
351 0.9163750726020908
352 0.9163750726020908
353 0.9163750726020908
354 0.9163750726020908
355 0.9163750726020908
356 0.9163750726020908
357 0.9163750726020908
358 0.9163750726020908
359 0.9163750726020908
360 0.9163750726020908
361 0.9163750726020908
362 0.9163750726020908
363 0.9163750726020908
364 0.9163750726020908
365 0.9222148117965734
366 0.9222148117965734
367 0.9222148117965734
368 0.9222148117965734
369 0.9222148117965734
370 0.9222148117965734
371 0.9222148117965734
372 0.9222148117965734
373 0.9222148117965734
374 0.9222148117965734
375 0.9222148117965734
376 0.9222148117965734
377 0.9222148117965734
378 0.9222148117965734
379 0.9222148117965734
380 0.9222148117965734
381 0.9222148117965734
382 0.9222148117965734
383 0.9222148117965734
384 0.9222148117965734
385 0.9222148117965734
386 0.9222148117965734
387 0.9222148117965734
388 0.9222148117965734
389 0.9222148117965734
390 0.9222148117965734
391 0.9222148117965734
392 0.9222148117965734
393 0.9222148117965734
394 0.9222148117965734
395 0.9222148117965734
396 0.9222148117965734
397 0.9222148117965734
398 0.9222148117965734
399 0.9222148117965734
400 0.9222148117965734
401 0.9222148117965734
402 0.9222148117965734
403 0.9222148117965734
404 0.9222148117965734
405 0.9222148117965734
406 0.9222148117965734
407 0.9222148117965734
408 0.9222148117965734
409 0.9222148117965734
410 0.9222148117965734
411 0.9222148117965734
412 0.9222148117965734
413 0.9222148117965734
414 0.9222148117965734
415 0.9222148117965734
416 0.9222148117965734
417 0.9222148117965734
418 0.9222148117965734
419 0.9222148117965734
420 0.9222148117965734
421 0.9222148117965734
422 0.9222148117965734
423 0.9222148117965734
424 0.9222148117965734
425 0.9222148117965734
426 0.9222148117965734
427 0.9222148117965734
428 0.9222148117965734
429 0.9222148117965734
430 0.9222148117965734
431 0.9222148117965734
432 0.9222148117965734
433 0.9222148117965734
434 0.9222148117965734
435 0.9222148117965734
436 0.9222148117965734
437 0.9222148117965734
438 0.9222148117965734
439 0.9230567122482501
440 0.9230567122482501
441 0.9230567122482501
442 0.9230567122482501
443 0.9230567122482501
444 0.9230567122482501
445 0.9230567122482501
446 0.9230567122482501
447 0.9230567122482501
448 0.9230567122482501
449 0.9230567122482501
450 0.9230567122482501
451 0.9230567122482501
452 0.9230567122482501
453 0.9442793487975043
454 0.9442793487975043
455 0.9442793487975043
456 0.9442793487975043
457 0.9442793487975043
458 0.9442793487975043
459 0.9442793487975043
460 0.9442793487975043
461 0.9653475636648527
462 0.9653475636648527
463 0.9653475636648527
464 0.9653475636648527
465 0.9653475636648527
466 0.9653475636648527
467 0.9653475636648527
468 0.9653475636648527
469 0.9653475636648527
470 0.9653475636648527
471 0.9653475636648527
472 0.9653475636648527
473 0.9653475636648527
474 0.9653475636648527
475 0.9653475636648527
476 0.9653475636648527
477 0.9653475636648527
478 0.9653475636648527
479 0.9653475636648527
480 0.9653475636648527
481 0.9653475636648527
482 0.9653475636648527
483 0.9653475636648527
484 0.9653475636648527
485 0.9653493163778545
486 0.9653493163778545
487 0.9653493163778545
488 0.9653493163778545
489 0.9653493163778545
490 0.9653493163778545
491 0.9653493163778545
492 0.9653493163778545
493 0.9653493163778545
494 0.9653493163778545
495 0.9653493163778545
496 0.9653493163778545
497 0.9653493163778545
498 0.9653493163778545
499 0.9653493163778545
500 0.9653493163778545
501 0.9653493163778545
502 0.9653493163778545
503 0.9653504891681505
504 0.9653504891681505
505 0.9653504891681505
506 0.9653504891681505
507 0.9653504891681505
508 0.9653504891681505
509 0.9653504891681505
510 0.9653504891681505
511 0.9653504891681505
512 0.9653504891681505
513 0.9653504891681505
514 0.9653504891681505
515 0.9653504891681505
516 0.9653504891681505
517 0.9653504891681505
518 0.9653504891681505
519 0.9653504891681505
520 0.9653504891681505
521 0.9653504891681505
522 0.9653504891681505
523 0.9653504891681505
524 0.9653504891681505
525 0.9653504891681505
526 0.9653504891681505
527 0.9653504891681505
528 0.9653504891681505
529 0.9653504891681505
530 0.9653504891681505
531 0.9653504891681505
532 0.9653504891681505
533 0.9653504891681505
534 0.9653504891681505
535 0.9653504891681505
536 0.9653504891681505
537 0.9653504891681505
538 0.9653504891681505
539 0.9653504891681505
540 0.9653504891681505
541 0.9653504891681505
542 0.9653504891681505
543 0.9653504891681505
544 0.9653504891681505
545 0.9653504891681505
546 0.9653504891681505
547 0.9653504891681505
548 0.9653504891681505
549 0.9653504891681505
550 0.9653504891681505
551 0.9653504891681505
552 0.9653504891681505
553 0.9653504891681505
554 0.9653504891681505
555 0.9653504891681505
556 0.9653504891681505
557 0.9653504891681505
558 0.9653504891681505
559 0.9653504891681505
560 0.9653504891681505
561 0.9653504891681505
562 0.9653504891681505
563 0.9653504891681505
564 0.9653504891681505
565 0.9653504891681505
566 0.9653504891681505
567 0.9653504891681505
568 0.9653504891681505
569 0.9653504891681505
570 0.9653504891681505
571 0.9653504891681505
572 0.9653844267304623
573 0.9653844267304623
574 0.9653844267304623
575 0.9653844267304623
576 0.9653844267304623
577 0.9653844267304623
578 0.9653844267304623
579 0.9653844267304623
580 0.9653844267304623
581 0.9653844267304623
582 0.9653844267304623
583 0.9653844267304623
584 0.9653844267304623
585 0.9653844267304623
586 0.9653844267304623
587 0.9653844267304623
588 0.9653844267304623
589 0.9653844267304623
590 0.9653844267304623
591 0.9653844267304623
592 0.9653844267304623
593 0.9653844267304623
594 0.9653844267304623
595 0.9653844267304623
596 0.9653844267304623
597 0.9653844267304623
598 0.9653844267304623
599 0.9653844267304623
600 0.9653844267304623
601 0.9653844267304623
602 0.9653844267304623
603 0.9653844267304623
604 0.9653844267304623
605 0.9653844267304623
606 0.9653844267304623
607 0.9653844267304623
608 0.9653844267304623
609 0.9653844267304623
610 0.9653844267304623
611 0.9653844267304623
612 0.9653844267304623
613 0.9653844267304623
614 0.9653844267304623
615 0.9653844267304623
616 0.9653844267304623
617 0.9653844267304623
618 0.9653844267304623
619 0.9653844267304623
620 0.9653844267304623
621 0.9653844267304623
622 0.9653844267304623
623 0.9653844267304623
624 0.9653844267304623
625 0.9653844267304623
626 0.9653844267304623
627 0.9653844267304623
628 0.9653844267304623
629 0.9653844267304623
630 0.9653844267304623
631 0.9653844267304623
632 0.9653844267304623
633 0.9653844267304623
634 0.9653844267304623
635 0.9653844267304623
636 0.9653844267304623
637 0.9653844267304623
638 0.9653844267304623
639 0.9653844267304623
640 0.9653844267304623
641 0.9653844267304623
642 0.9653844267304623
643 0.9653844267304623
644 0.9653844267304623
645 0.9653844267304623
646 0.9653844267304623
647 0.9653844267304623
648 0.9653844267304623
649 0.9653844267304623
650 0.9653844267304623
651 0.9653844267304623
652 0.9653844267304623
653 0.9653844267304623
654 0.9653844267304623
655 0.9653844267304623
656 0.9653844267304623
657 0.9653844267304623
658 0.9653844267304623
659 0.9653844267304623
660 0.9653844267304623
661 0.9653844267304623
662 0.9653844267304623
663 0.9653844267304623
664 0.9653844267304623
665 0.9653844267304623
666 0.9653844267304623
667 0.9653844267304623
668 0.9653844267304623
669 0.9653844267304623
670 0.9653844267304623
671 0.9653844267304623
672 0.9653844267304623
673 0.9653844267304623
674 0.9653844267304623
675 0.9653844267304623
676 0.9653844267304623
677 0.9653844267304623
678 0.9653844267304623
679 0.9653844267304623
680 0.9653844267304623
681 0.9653844267304623
682 0.9653844267304623
683 0.9653844267304623
684 0.9653844267304623
685 0.9653844267304623
686 0.9653844267304623
687 0.9653844267304623
688 0.9653844267304623
689 0.9653844267304623
690 0.9653844267304623
691 0.9653844267304623
692 0.9653844267304623
693 0.9653844267304623
694 0.9653844267304623
695 0.9653844267304623
696 0.9653844267304623
697 0.9653844267304623
698 0.9653844267304623
699 0.9653844267304623
700 0.9653844267304623
701 0.9653844267304623
702 0.9653844267304623
703 0.9653844267304623
704 0.9653844267304623
705 0.9653844267304623
706 0.9653844267304623
707 0.9653844267304623
708 0.9653844267304623
709 0.9653844267304623
710 0.9653844267304623
711 0.9653844267304623
712 0.9653844267304623
713 0.9653844267304623
714 0.9653844267304623
715 0.9653844267304623
716 0.9653844267304623
717 0.9653844267304623
718 0.9653844267304623
719 0.9653844267304623
720 0.9653844267304623
721 0.9653844267304623
722 0.9653844267304623
723 0.9653844267304623
724 0.9720146177871484
725 0.9720146177871484
726 0.9720146177871484
727 0.9720146177871484
728 0.9720146177871484
729 0.9720146177871484
730 0.9720146177871484
731 0.9720146177871484
732 0.9720146177871484
733 0.9720146177871484
734 0.9720146177871484
735 0.9720146177871484
736 0.9720146177871484
737 0.9720146177871484
738 0.9720146177871484
739 0.9720146177871484
740 0.9720146177871484
741 0.9720146177871484
742 0.9720146177871484
743 0.9720146177871484
744 0.9720146177871484
745 0.9720146177871484
746 0.9720146177871484
747 0.9720146177871484
748 0.9720146177871484
749 0.9720146177871484
750 0.9720146177871484
751 0.9720146177871484
752 0.9720146177871484
753 0.9720146177871484
754 0.9720146177871484
755 0.9720146177871484
756 0.9720146177871484
757 0.9720146177871484
758 0.9720146177871484
759 0.9720146177871484
760 0.9720146177871484
761 0.9720146177871484
762 0.9720146177871484
763 0.9720146177871484
764 0.9720146177871484
765 0.9720146177871484
766 0.9720146177871484
767 0.9720146177871484
768 0.9720146177871484
769 0.9720146177871484
770 0.9720146177871484
771 0.9720146177871484
772 0.9720146177871484
773 0.9720146177871484
774 0.9720146177871484
775 0.9720146177871484
776 0.9720146177871484
777 0.9720146177871484
778 0.9720146177871484
779 0.9720146177871484
780 0.9720146177871484
781 0.9720146177871484
782 0.9720146177871484
783 0.9720146177871484
784 0.9720146177871484
785 0.9720146177871484
786 0.9720146177871484
787 0.9720146177871484
788 0.9720146177871484
789 0.9720146177871484
790 0.9720146177871484
791 0.9720146177871484
792 0.9720146177871484
793 0.9720146177871484
794 0.9720146177871484
795 0.9720146177871484
796 0.9720146177871484
797 0.9720146177871484
798 0.9720146177871484
799 0.9720146177871484
800 0.9720146177871484
801 0.9720146177871484
802 0.9720146177871484
803 0.9720146177871484
804 0.9720146177871484
805 0.9720146177871484
806 0.9720146177871484
807 0.9720146177871484
808 0.9720146177871484
809 0.9720146177871484
810 0.9720146177871484
811 0.9720146177871484
812 0.9720146177871484
813 0.9720146177871484
814 0.9720146177871484
815 0.9720146177871484
816 0.9720146177871484
817 0.9720146177871484
818 0.9720146177871484
819 0.9720146177871484
820 0.9720146177871484
821 0.9720146177871484
822 0.9720146177871484
823 0.9720146177871484
824 0.9720146177871484
825 0.9720146177871484
826 0.9720146177871484
827 0.9720146177871484
828 0.9720146177871484
829 0.9720146177871484
830 0.9720146177871484
831 0.9720146177871484
832 0.9720146177871484
833 0.9720146177871484
834 0.9720146177871484
835 0.9720146177871484
836 0.9720146177871484
837 0.9720146177871484
838 0.9720146177871484
839 0.9720146177871484
840 0.9720146177871484
841 0.9720146177871484
842 0.9720146177871484
843 0.9720146177871484
844 0.9720146177871484
845 0.9720146177871484
846 0.9720146177871484
847 0.9720146177871484
848 0.9720146177871484
849 0.9720146177871484
850 0.9720146177871484
851 0.9720146177871484
852 0.9720146177871484
853 0.9720146177871484
854 0.9720146177871484
855 0.9720146177871484
856 0.9720146177871484
857 0.9720146177871484
858 0.9720146177871484
859 0.9720146177871484
860 0.9720146177871484
861 0.9720146177871484
862 0.9720146177871484
863 0.9720146177871484
864 0.9720146177871484
865 0.9720146177871484
866 0.9720146177871484
867 0.9720146177871484
868 0.9720146177871484
869 0.9720146177871484
870 0.9720146177871484
871 0.9720146177871484
872 0.9720146177871484
873 0.9720146177871484
874 0.9720146177871484
875 0.9720146177871484
876 0.9720146177871484
877 0.9720146177871484
878 0.9720146177871484
879 0.9720146177871484
880 0.9720146177871484
881 0.9720146177871484
882 0.9720146177871484
883 0.9720146177871484
884 0.9720146177871484
885 0.9720146177871484
886 0.9720146177871484
887 0.9720146177871484
888 0.9720146177871484
889 0.9720146177871484
890 0.9720146177871484
891 0.9720146177871484
892 0.9720146177871484
893 0.9720146177871484
894 0.9720146177871484
895 0.9720146177871484
896 0.9720146177871484
897 0.9720146177871484
898 0.9720146177871484
899 0.9720146177871484
900 0.9720146177871484
901 0.9720146177871484
902 0.9720146177871484
903 0.9720146177871484
904 0.9720146177871484
905 0.9720146177871484
906 0.9720146177871484
907 0.9720146177871484
908 0.9720146177871484
909 0.9720146177871484
910 0.9720146177871484
911 0.9720146177871484
912 0.9720146177871484
913 0.9720146177871484
914 0.9720146177871484
915 0.9720146177871484
916 0.9720146177871484
917 0.9720146177871484
918 0.9720146177871484
919 0.9720146177871484
920 0.9720146177871484
921 0.9720146177871484
922 0.9720146177871484
923 0.9720146177871484
924 0.9720146177871484
925 0.9720146177871484
926 0.9720146177871484
927 0.9720146177871484
928 0.9720146177871484
929 0.9720146177871484
930 0.9720146177871484
931 0.9720146177871484
932 0.9720146177871484
933 0.9720146177871484
934 0.9720146177871484
935 0.9720146177871484
936 0.9720146177871484
937 0.9720146177871484
938 0.9720146177871484
939 0.9720146177871484
940 0.9720146177871484
941 0.9720146177871484
942 0.9720146177871484
943 0.9720146177871484
944 0.9720146177871484
945 0.9720146177871484
946 0.9720146177871484
947 0.9720146177871484
948 0.9720146177871484
949 0.9720146177871484
950 0.9720146177871484
951 0.9720146177871484
952 0.9720146177871484
953 0.9720146177871484
954 0.9720146177871484
955 0.9720146177871484
956 0.9720146177871484
957 0.9720146177871484
958 0.9720146177871484
959 0.9720146177871484
960 0.9720146177871484
961 0.9720146177871484
962 0.9720146177871484
963 0.9720146177871484
964 0.9720146177871484
965 0.9720146177871484
966 0.9720146177871484
967 0.9720146177871484
968 0.9720146177871484
969 0.9720146177871484
970 0.9720146177871484
971 0.9720146177871484
972 0.9720146177871484
973 0.9720146177871484
974 0.9720146177871484
975 0.9720146177871484
976 0.9720146177871484
977 0.9720146177871484
978 0.9720146177871484
979 0.9720146177871484
980 0.9720146177871484
981 0.9720146177871484
982 0.9720146177871484
983 0.9720146177871484
984 0.9720146177871484
985 0.9720146177871484
986 0.9720146177871484
987 0.9720146177871484
988 0.9720146177871484
989 0.9720146177871484
990 0.9720146177871484
991 0.9720146177871484
992 0.9720146177871484
993 0.9720146177871484
994 0.9720146177871484
995 0.9720146177871484
996 0.9720146177871484
997 0.9720146177871484
998 0.9720146177871484
999 0.9720146177871484
