0 0.2878741538518979
1 0.1381388278059896
2 0.06882096637163986
3 0.032696305511436936
4 0.03567803374646494
5 0.04011089635094672
6 0.04186314353292563
7 0.04321053344657815
8 0.04487746143821961
9 0.048069453254166644
10 0.043773562913165365
11 0.0421731987719862
12 0.04194894616318018
13 0.03927063473921933
14 0.04112111104596414
15 0.03940884650887059
16 0.037812069556778675
17 0.03626220497660924
18 0.036017762123264345
19 0.03557901668050132
20 0.03635759893062247
21 0.035548820917433985
22 0.03568872415017122
23 0.03432012072893915
24 0.033972040386099744
25 0.03381633503166715
26 0.032675899939388936
27 0.03159167595744718
28 0.031108893663612622
29 0.03174183273398846
30 0.029812374431950787
31 0.03060511906065738
32 0.030481890417855973
33 0.030770143935518083
34 0.030073209374657947
35 0.030555754073297674
36 0.029989509161075338
37 0.029625346121395772
38 0.029050176598717375
39 0.028594461512094747
40 0.027707207448930245
41 0.02734623004626151
42 0.026699198906001316
43 0.026214323474168338
44 0.026412515693190905
45 0.026541313548311657
46 0.025947603558428043
47 0.025479092672453203
48 0.024627501040679727
49 0.023460362113462606
50 0.022689884636118058
51 0.020189531631516378
52 0.01907658291269692
53 0.018985428783053312
54 0.018138240494302824
55 0.017440549595190286
56 0.01649342333288778
57 0.014936229642924636
58 0.013249784008001067
59 0.011691635297831529
60 0.010402627257709823
61 0.008878069757151445
62 0.008997348724551059
63 0.009112388128504728
64 0.009112388128504728
65 0.008503511389195674
66 0.008346181501724146
67 0.008479192260403626
68 0.008616644062772582
69 0.00873856054056848
70 0.008856042999717595
71 0.008856042999717595
72 0.008370522486762027
73 0.007950175792955073
74 0.007798772662074606
75 0.007330116259902052
76 0.006405614805907896
77 0.005710433388033402
78 0.0048730631836317
79 0.004549174318397424
80 0.004549174318397425
81 0.004549174318397425
82 0.004549174318397425
83 0.004549174318397425
84 0.004549174318397425
85 0.004681999087076897
86 0.004681999087076897
87 0.004681999087076897
88 0.004703099044778881
89 0.004703099044778881
90 0.004290478193045623
91 0.0036271844471833605
92 0.0034335520258019833
93 0.0034335520258019833
94 0.0034335520258019833
95 0.0034335520258019833
96 0.0034335520258019833
97 0.0034335520258019833
98 0.0034335520258019833
99 0.003474001280344225
100 0.003474001280344225
101 0.003474001280344225
102 0.003474001280344225
103 0.003474001280344225
104 0.003474001280344225
105 0.0034740012803442253
106 0.0034740012803442253
107 0.0034740012803442253
108 0.0034740012803442253
109 0.003575303654790501
110 0.003575303654790501
111 0.003575303654790501
112 0.003575303654790501
113 0.003575303654790501
114 0.003575303654790501
115 0.0035753036547905006
116 0.00336784300947332
117 0.0030149907580013175
118 0.0025938598119324657
119 0.0025938598119324657
120 0.00225662724800937
121 0.002063052325035249
122 0.0015959951506296455
123 0.0015959951506296455
124 0.0014332383235226042
125 0.0014332383235226042
126 0.0015583712812892866
127 0.0015583712812892866
128 0.0015583712812892866
129 0.0015583712812892866
130 0.0015583712812892866
131 0.0015583712812892866
132 0.0015583712812892866
133 0.0015583712812892866
134 0.0015583712812892866
135 0.0015583712812892868
136 0.0015583712812892868
137 0.0015583712812892868
138 0.001558371281289287
139 0.001558371281289287
140 0.001558371281289287
141 0.001558371281289287
142 0.0015583712812892872
143 0.0015583712812892872
144 0.0015583712812892872
145 0.0016725563253470188
146 0.0016725563253470188
147 0.0016725563253470188
148 0.0016725563253470188
149 0.0016725563253470188
150 0.001672556325347019
151 0.001672556325347019
152 0.001672556325347019
153 0.001672556325347019
154 0.001672556325347019
155 0.0017779040821560715
156 0.001875904006609582
157 0.001875904006609582
158 0.0018759040066095823
159 0.0018759040066095823
160 0.0018759040066095823
161 0.0018759040066095823
162 0.0018759040066095823
163 0.0018759040066095823
164 0.00196765429165246
165 0.00196765429165246
166 0.00196765429165246
167 0.00196765429165246
168 0.00196765429165246
169 0.00196765429165246
170 0.00196765429165246
171 0.00196765429165246
172 0.00196765429165246
173 0.00196765429165246
174 0.00205399260799073
175 0.00205399260799073
176 0.00205399260799073
177 0.00205399260799073
178 0.00205399260799073
179 0.00205399260799073
180 0.00205399260799073
181 0.00196765429165246
182 0.00196765429165246
183 0.00196765429165246
184 0.00196765429165246
185 0.0018759040066095862
186 0.0017997033899136486
187 0.0017997033899136486
188 0.0017997033899136486
189 0.0015849087556982235
190 0.0015849087556982235
191 0.0015849087556982235
192 0.0015849087556982235
193 0.0014629762401237687
194 0.0013278696649981253
195 0.0013278696649981253
196 0.0013278696649981253
197 0.0013278696649981253
198 0.0013278696649981253
199 0.001175053559654008
