0 0.5
1 0.8333333333333334
2 0.8333333333333334
3 0.8333333333333334
4 1.2666666666666666
5 1.2666666666666666
6 1.2666666666666666
7 1.2666666666666666
8 1.6333333333333333
9 1.6333333333333333
10 1.6333333333333333
11 1.6333333333333333
12 1.6333333333333333
13 1.6333333333333333
14 1.6333333333333333
15 1.9
16 1.9333333333333333
17 1.9333333333333333
18 1.9333333333333333
19 1.9333333333333333
20 2.1666666666666665
21 2.7666666666666666
22 2.7666666666666666
23 2.7666666666666666
24 2.7666666666666666
25 2.7666666666666666
26 2.7666666666666666
27 2.7666666666666666
28 2.8666666666666667
29 2.8666666666666667
30 3.033333333333333
31 3.033333333333333
32 3.033333333333333
33 3.033333333333333
34 3.033333333333333
35 3.1
36 3.2
37 3.2
38 3.3666666666666667
39 3.3666666666666667
40 3.3666666666666667
41 4.033333333333333
42 4.033333333333333
43 4.066666666666666
44 4.066666666666666
45 4.066666666666666
46 4.066666666666666
47 4.066666666666666
48 4.066666666666666
49 4.066666666666666
50 4.066666666666666
51 4.066666666666666
52 4.066666666666666
53 4.066666666666666
54 4.066666666666666
55 4.066666666666666
56 4.066666666666666
57 4.066666666666666
58 4.333333333333333
59 4.333333333333333
60 4.333333333333333
61 4.333333333333333
62 4.333333333333333
63 4.433333333333334
64 4.433333333333334
65 4.433333333333334
66 4.433333333333334
67 4.433333333333334
68 4.433333333333334
69 4.566666666666666
70 4.566666666666666
71 4.566666666666666
72 4.566666666666666
73 4.566666666666666
74 4.733333333333333
75 4.733333333333333
76 4.733333333333333
77 4.733333333333333
78 4.733333333333333
79 4.733333333333333
80 4.733333333333333
81 4.733333333333333
82 4.8
83 4.8
84 4.8
85 4.8
86 4.8
87 4.8
88 4.8
89 4.8
90 4.8
91 5.133333333333334
92 5.133333333333334
93 5.133333333333334
94 5.133333333333334
95 5.133333333333334
96 5.133333333333334
97 5.133333333333334
98 5.133333333333334
99 5.133333333333334
100 5.133333333333334
101 5.133333333333334
102 5.133333333333334
103 5.133333333333334
104 5.133333333333334
105 5.133333333333334
106 5.133333333333334
107 5.166666666666667
108 5.166666666666667
109 5.166666666666667
110 5.166666666666667
111 5.166666666666667
112 5.166666666666667
113 5.166666666666667
114 5.166666666666667
115 5.166666666666667
116 5.166666666666667
117 5.166666666666667
118 5.166666666666667
119 5.166666666666667
120 5.166666666666667
121 5.166666666666667
122 5.166666666666667
123 5.166666666666667
124 5.166666666666667
125 5.166666666666667
126 5.166666666666667
127 5.166666666666667
128 5.166666666666667
129 5.166666666666667
130 5.166666666666667
131 5.166666666666667
132 5.166666666666667
133 5.166666666666667
134 5.166666666666667
135 5.166666666666667
136 5.166666666666667
137 5.166666666666667
138 5.2
139 5.2
140 5.2
141 5.2
142 5.2
143 5.2
144 5.2
145 5.2
146 5.2
147 5.2
148 5.2
149 5.2
150 5.2
151 5.2
152 5.2
153 5.2
154 5.2
155 5.2
156 5.2
157 5.2
158 5.2
159 5.2
160 5.2
161 5.2
162 5.2
163 5.2
164 5.2
165 5.2
166 5.2
167 5.2
168 5.2
169 5.2
170 5.266666666666667
171 5.266666666666667
172 5.266666666666667
173 5.266666666666667
174 5.266666666666667
175 5.266666666666667
176 5.266666666666667
177 5.266666666666667
178 5.266666666666667
179 5.266666666666667
180 5.266666666666667
181 5.266666666666667
182 5.266666666666667
183 5.266666666666667
184 5.266666666666667
185 5.266666666666667
186 5.266666666666667
187 5.266666666666667
188 5.266666666666667
189 5.266666666666667
190 5.266666666666667
191 5.266666666666667
192 5.266666666666667
193 5.266666666666667
194 5.266666666666667
195 5.466666666666667
196 5.466666666666667
197 5.466666666666667
198 5.466666666666667
199 5.466666666666667
200 5.466666666666667
201 5.466666666666667
202 5.466666666666667
203 5.466666666666667
204 5.466666666666667
205 5.466666666666667
206 5.466666666666667
207 5.466666666666667
208 5.466666666666667
209 5.466666666666667
210 5.466666666666667
211 5.466666666666667
212 5.466666666666667
213 5.466666666666667
214 5.466666666666667
215 5.466666666666667
216 5.466666666666667
217 5.466666666666667
218 5.466666666666667
219 5.466666666666667
220 5.466666666666667
221 5.466666666666667
222 5.466666666666667
223 5.466666666666667
224 5.466666666666667
225 5.466666666666667
226 5.466666666666667
227 5.466666666666667
228 5.466666666666667
229 5.466666666666667
230 5.466666666666667
231 5.466666666666667
232 5.466666666666667
233 5.466666666666667
234 5.466666666666667
235 5.466666666666667
236 5.466666666666667
237 5.466666666666667
238 5.466666666666667
239 5.466666666666667
240 5.466666666666667
241 5.466666666666667
242 5.466666666666667
243 5.466666666666667
244 5.466666666666667
245 5.5
246 5.5
247 5.5
248 5.5
249 5.5
250 5.5
251 5.5
252 5.5
253 5.5
254 5.5
255 5.5
256 5.5
257 5.5
258 5.5
259 5.5
260 5.5
261 5.5
262 5.5
263 5.5
264 5.5
265 5.5
266 5.5
267 5.5
268 5.5
269 5.5
270 5.5
271 5.5
272 5.5
273 5.5
274 5.5
275 5.5
276 5.5
277 5.5
278 5.5
279 5.5
280 5.5
281 5.5
282 5.5
283 5.5
284 5.5
285 5.5
286 5.5
287 5.5
288 5.5
289 5.5
290 5.5
291 5.5
292 5.5
293 5.5
294 5.5
295 5.5
296 5.5
297 5.5
298 5.5
299 5.5
300 5.5
301 5.5
302 5.5
303 5.5
304 5.5
305 5.5
306 5.5
307 5.5
308 5.5
309 5.5
310 5.5
311 5.5
312 5.5
313 5.5
314 5.5
315 5.5
316 5.5
317 5.5
318 5.5
319 5.5
320 5.5
321 5.5
322 5.5
323 5.5
324 5.5
325 5.5
326 5.5
327 5.5
328 5.5
329 5.5
330 5.5
331 5.5
332 5.5
333 5.5
334 5.5
335 5.5
336 5.5
337 5.5
338 5.5
339 5.5
340 5.5
341 5.5
342 5.5
343 5.5
344 5.5
345 5.5
346 5.5
347 5.5
348 5.5
349 5.5
350 5.5
351 5.5
352 5.5
353 5.5
354 5.5
355 5.5
356 5.5
357 5.5
358 5.5
359 5.5
360 5.5
361 5.5
362 5.5
363 5.5
364 5.5
365 5.5
366 5.5
367 5.5
368 5.5
369 5.5
370 5.5
371 5.5
372 5.6
373 5.6
374 5.6
375 5.6
376 5.6
377 5.6
378 5.6
379 5.6
380 5.6
381 5.6
382 5.6
383 5.6
384 5.633333333333334
385 5.633333333333334
386 5.633333333333334
387 5.633333333333334
388 5.633333333333334
389 5.633333333333334
390 5.633333333333334
391 5.633333333333334
392 5.633333333333334
393 5.633333333333334
394 5.633333333333334
395 5.633333333333334
396 5.733333333333333
397 5.733333333333333
398 5.733333333333333
399 5.733333333333333
400 5.733333333333333
401 5.733333333333333
402 5.733333333333333
403 5.733333333333333
404 5.733333333333333
405 5.733333333333333
406 5.733333333333333
407 5.733333333333333
408 5.733333333333333
409 5.733333333333333
410 5.733333333333333
411 5.733333333333333
412 5.733333333333333
413 5.733333333333333
414 5.733333333333333
415 5.733333333333333
416 5.733333333333333
417 5.733333333333333
418 5.733333333333333
419 5.733333333333333
420 5.733333333333333
421 5.733333333333333
422 5.733333333333333
423 5.733333333333333
424 5.733333333333333
425 5.733333333333333
426 5.733333333333333
427 5.733333333333333
428 5.733333333333333
429 5.733333333333333
430 5.733333333333333
431 5.733333333333333
432 5.733333333333333
433 5.733333333333333
434 5.733333333333333
435 5.733333333333333
436 5.733333333333333
437 5.733333333333333
438 5.733333333333333
439 5.733333333333333
440 5.733333333333333
441 5.733333333333333
442 5.733333333333333
443 5.733333333333333
444 5.733333333333333
445 5.733333333333333
446 5.733333333333333
447 5.733333333333333
448 5.733333333333333
449 5.733333333333333
450 5.733333333333333
451 5.733333333333333
452 5.733333333333333
453 5.733333333333333
454 5.733333333333333
455 5.733333333333333
456 5.733333333333333
457 5.733333333333333
458 5.733333333333333
459 5.733333333333333
460 5.733333333333333
461 5.733333333333333
462 5.733333333333333
463 5.733333333333333
464 5.733333333333333
465 5.733333333333333
466 5.733333333333333
467 5.733333333333333
468 5.733333333333333
469 5.733333333333333
470 5.733333333333333
471 5.733333333333333
472 5.733333333333333
473 5.733333333333333
474 5.733333333333333
475 5.733333333333333
476 5.733333333333333
477 5.733333333333333
478 5.733333333333333
479 5.733333333333333
480 5.733333333333333
481 5.733333333333333
482 5.733333333333333
483 5.733333333333333
484 5.733333333333333
485 5.733333333333333
486 5.733333333333333
487 5.733333333333333
488 5.733333333333333
489 5.733333333333333
490 5.733333333333333
491 5.733333333333333
492 5.733333333333333
493 5.733333333333333
494 5.733333333333333
495 5.733333333333333
496 5.733333333333333
497 5.733333333333333
498 5.733333333333333
499 5.733333333333333
500 5.733333333333333
501 5.733333333333333
502 5.733333333333333
503 5.733333333333333
504 5.733333333333333
505 5.733333333333333
506 5.733333333333333
507 5.733333333333333
508 5.733333333333333
509 5.733333333333333
510 5.733333333333333
511 5.733333333333333
512 5.733333333333333
513 5.733333333333333
514 5.733333333333333
515 5.733333333333333
516 5.733333333333333
517 5.733333333333333
518 5.733333333333333
519 5.733333333333333
520 5.733333333333333
521 5.733333333333333
522 5.733333333333333
523 5.733333333333333
524 5.733333333333333
525 5.733333333333333
526 5.733333333333333
527 5.733333333333333
528 5.733333333333333
529 5.733333333333333
530 5.733333333333333
531 5.733333333333333
532 5.733333333333333
533 5.733333333333333
534 5.733333333333333
535 5.733333333333333
536 5.733333333333333
537 5.733333333333333
538 5.733333333333333
539 5.733333333333333
540 5.733333333333333
541 5.733333333333333
542 5.733333333333333
543 5.733333333333333
544 5.733333333333333
545 5.733333333333333
546 5.733333333333333
547 5.733333333333333
548 5.733333333333333
549 5.733333333333333
550 5.733333333333333
551 5.733333333333333
552 5.733333333333333
553 5.733333333333333
554 5.733333333333333
555 5.733333333333333
556 5.733333333333333
557 5.733333333333333
558 5.733333333333333
559 5.733333333333333
560 5.733333333333333
561 5.733333333333333
562 5.733333333333333
563 5.733333333333333
564 5.733333333333333
565 5.733333333333333
566 5.733333333333333
567 5.733333333333333
568 5.733333333333333
569 5.733333333333333
570 5.733333333333333
571 5.733333333333333
572 5.733333333333333
573 5.733333333333333
574 5.733333333333333
575 5.733333333333333
576 5.733333333333333
577 5.733333333333333
578 5.733333333333333
579 5.733333333333333
580 5.733333333333333
581 5.733333333333333
582 5.733333333333333
583 5.733333333333333
584 5.733333333333333
585 5.733333333333333
586 5.733333333333333
587 5.733333333333333
588 5.733333333333333
589 5.733333333333333
590 5.733333333333333
591 5.733333333333333
592 5.733333333333333
593 5.733333333333333
594 5.733333333333333
595 5.733333333333333
596 5.733333333333333
597 5.733333333333333
598 5.733333333333333
599 5.733333333333333
600 5.733333333333333
601 5.733333333333333
602 5.733333333333333
603 5.733333333333333
604 5.733333333333333
605 5.733333333333333
606 5.733333333333333
607 5.733333333333333
608 5.733333333333333
609 5.733333333333333
610 5.733333333333333
611 5.733333333333333
612 5.733333333333333
613 5.733333333333333
614 5.733333333333333
615 5.733333333333333
616 5.733333333333333
617 5.733333333333333
618 5.733333333333333
619 5.733333333333333
620 5.733333333333333
621 5.733333333333333
622 5.733333333333333
623 5.733333333333333
624 5.733333333333333
625 5.733333333333333
626 5.733333333333333
627 5.733333333333333
628 5.733333333333333
629 5.733333333333333
630 5.733333333333333
631 5.733333333333333
632 5.733333333333333
633 5.733333333333333
634 5.733333333333333
635 5.733333333333333
636 5.733333333333333
637 5.733333333333333
638 5.733333333333333
639 5.733333333333333
640 5.733333333333333
641 5.733333333333333
642 5.733333333333333
643 5.733333333333333
644 5.733333333333333
645 5.733333333333333
646 5.733333333333333
647 5.733333333333333
648 5.733333333333333
649 5.733333333333333
650 5.733333333333333
651 5.733333333333333
652 5.733333333333333
653 5.733333333333333
654 5.733333333333333
655 5.733333333333333
656 5.733333333333333
657 5.733333333333333
658 5.733333333333333
659 5.733333333333333
660 5.733333333333333
661 5.733333333333333
662 5.733333333333333
663 5.733333333333333
664 5.733333333333333
665 5.733333333333333
666 5.733333333333333
667 5.733333333333333
668 5.733333333333333
669 5.733333333333333
670 5.733333333333333
671 5.733333333333333
672 5.733333333333333
673 5.733333333333333
674 5.733333333333333
675 5.833333333333333
676 5.833333333333333
677 5.833333333333333
678 5.833333333333333
679 5.833333333333333
680 5.833333333333333
681 5.833333333333333
682 5.833333333333333
683 5.833333333333333
684 5.833333333333333
685 5.833333333333333
686 5.833333333333333
687 5.833333333333333
688 5.833333333333333
689 5.833333333333333
690 5.833333333333333
691 5.833333333333333
692 5.833333333333333
693 5.833333333333333
694 5.833333333333333
695 5.833333333333333
696 5.833333333333333
697 5.833333333333333
698 5.833333333333333
699 5.833333333333333
700 5.833333333333333
701 5.833333333333333
702 5.833333333333333
703 5.833333333333333
704 5.833333333333333
705 5.833333333333333
706 5.833333333333333
707 5.833333333333333
708 5.833333333333333
709 5.833333333333333
710 5.833333333333333
711 5.833333333333333
712 5.833333333333333
713 5.833333333333333
714 5.833333333333333
715 5.833333333333333
716 5.833333333333333
717 5.833333333333333
718 5.833333333333333
719 5.833333333333333
720 5.833333333333333
721 5.833333333333333
722 5.833333333333333
723 5.833333333333333
724 5.833333333333333
725 5.833333333333333
726 5.833333333333333
727 5.833333333333333
728 5.833333333333333
729 5.833333333333333
730 5.833333333333333
731 5.833333333333333
732 5.833333333333333
733 5.833333333333333
734 5.833333333333333
735 5.833333333333333
736 5.833333333333333
737 5.833333333333333
738 5.833333333333333
739 5.833333333333333
740 5.833333333333333
741 5.833333333333333
742 5.833333333333333
743 5.833333333333333
744 5.833333333333333
745 5.833333333333333
746 5.833333333333333
747 5.833333333333333
748 5.833333333333333
749 5.833333333333333
750 5.833333333333333
751 5.833333333333333
752 5.833333333333333
753 5.833333333333333
754 5.833333333333333
755 5.833333333333333
756 5.833333333333333
757 5.833333333333333
758 5.833333333333333
759 5.833333333333333
760 5.833333333333333
761 5.833333333333333
762 5.833333333333333
763 5.833333333333333
764 5.833333333333333
765 5.833333333333333
766 5.833333333333333
767 5.833333333333333
768 5.833333333333333
769 5.833333333333333
770 5.833333333333333
771 5.833333333333333
772 5.833333333333333
773 5.833333333333333
774 5.833333333333333
775 5.833333333333333
776 5.833333333333333
777 5.833333333333333
778 5.833333333333333
779 5.833333333333333
780 5.833333333333333
781 5.833333333333333
782 5.833333333333333
783 5.833333333333333
784 5.833333333333333
785 5.833333333333333
786 5.833333333333333
787 5.833333333333333
788 5.833333333333333
789 5.833333333333333
790 5.833333333333333
791 5.833333333333333
792 5.833333333333333
793 5.833333333333333
794 5.833333333333333
795 5.833333333333333
796 5.833333333333333
797 5.833333333333333
798 5.833333333333333
799 5.833333333333333
800 5.833333333333333
801 5.833333333333333
802 5.833333333333333
803 5.833333333333333
804 5.833333333333333
805 5.833333333333333
806 5.833333333333333
807 5.833333333333333
808 5.833333333333333
809 5.833333333333333
810 5.833333333333333
811 5.833333333333333
812 5.833333333333333
813 5.833333333333333
814 5.833333333333333
815 5.833333333333333
816 5.833333333333333
817 5.833333333333333
818 5.833333333333333
819 5.833333333333333
820 5.833333333333333
821 5.833333333333333
822 5.833333333333333
823 5.833333333333333
824 5.833333333333333
825 5.833333333333333
826 5.833333333333333
827 5.833333333333333
828 5.833333333333333
829 5.833333333333333
830 5.833333333333333
831 5.833333333333333
832 5.833333333333333
833 5.833333333333333
834 5.833333333333333
835 5.833333333333333
836 5.833333333333333
837 5.833333333333333
838 5.833333333333333
839 5.833333333333333
840 5.833333333333333
841 5.833333333333333
842 5.833333333333333
843 5.833333333333333
844 5.833333333333333
845 5.833333333333333
846 5.833333333333333
847 5.833333333333333
848 5.833333333333333
849 5.833333333333333
850 5.833333333333333
851 5.833333333333333
852 5.833333333333333
853 5.833333333333333
854 5.833333333333333
855 5.833333333333333
856 5.833333333333333
857 5.833333333333333
858 5.833333333333333
859 5.833333333333333
860 5.833333333333333
861 5.833333333333333
862 5.833333333333333
863 5.833333333333333
864 5.833333333333333
865 5.833333333333333
866 5.833333333333333
867 5.833333333333333
868 5.833333333333333
869 5.833333333333333
870 5.833333333333333
871 5.833333333333333
872 5.833333333333333
873 5.833333333333333
874 5.833333333333333
875 5.833333333333333
876 5.833333333333333
877 5.833333333333333
878 5.833333333333333
879 5.833333333333333
880 5.833333333333333
881 5.833333333333333
882 5.833333333333333
883 5.833333333333333
884 5.833333333333333
885 5.833333333333333
886 5.833333333333333
887 5.833333333333333
888 5.833333333333333
889 5.833333333333333
890 5.833333333333333
891 5.833333333333333
892 5.833333333333333
893 5.833333333333333
894 5.833333333333333
895 5.833333333333333
896 5.833333333333333
897 5.833333333333333
898 5.833333333333333
899 5.833333333333333
900 5.833333333333333
901 5.833333333333333
902 5.833333333333333
903 5.833333333333333
904 5.833333333333333
905 5.833333333333333
906 5.833333333333333
907 5.833333333333333
908 5.833333333333333
909 5.833333333333333
910 5.833333333333333
911 5.833333333333333
912 5.833333333333333
913 5.833333333333333
914 5.833333333333333
915 5.833333333333333
916 5.833333333333333
917 5.833333333333333
918 5.833333333333333
919 5.833333333333333
920 5.833333333333333
921 5.833333333333333
922 5.833333333333333
923 5.833333333333333
924 5.833333333333333
925 5.833333333333333
926 5.833333333333333
927 5.833333333333333
928 5.833333333333333
929 5.833333333333333
930 5.833333333333333
931 5.833333333333333
932 5.833333333333333
933 5.833333333333333
934 5.833333333333333
935 5.833333333333333
936 5.833333333333333
937 5.833333333333333
938 5.833333333333333
939 5.833333333333333
940 5.9
941 5.9
942 5.9
943 5.9
944 5.9
945 5.9
946 5.9
947 5.9
948 5.9
949 5.9
950 5.9
951 5.9
952 5.9
953 5.9
954 5.9
955 5.9
956 5.9
957 5.9
958 5.9
959 5.9
960 5.9
961 5.9
962 5.9
963 5.9
964 5.9
965 5.9
966 5.9
967 5.9
968 5.9
969 5.9
970 5.9
971 5.9
972 5.9
973 5.9
974 5.9
975 5.9
976 5.9
977 5.9
978 5.9
979 5.9
980 5.9
981 5.9
982 5.9
983 5.9
984 5.9
985 5.9
986 5.9
987 5.9
988 5.9
989 5.9
990 5.9
991 5.9
992 5.9
993 5.9
994 5.9
995 5.9
996 5.9
997 5.9
998 5.9
999 5.9
1000 5.9
1001 5.9
1002 5.9
1003 5.9
1004 5.9
1005 5.9
1006 5.9
1007 5.9
1008 5.9
1009 5.9
1010 5.9
1011 5.9
1012 5.9
1013 5.9
1014 5.9
1015 5.9
1016 5.9
1017 5.9
1018 5.9
1019 5.9
1020 5.9
1021 5.9
1022 5.9
1023 5.9
1024 5.9
1025 5.9
1026 5.9
1027 5.9
1028 5.9
1029 5.9
1030 5.9
1031 5.9
1032 5.9
1033 5.9
1034 5.9
1035 5.9
1036 5.9
1037 5.9
1038 5.9
1039 5.9
1040 5.9
1041 5.9
1042 5.9
1043 5.9
1044 5.9
1045 5.9
1046 5.9
1047 5.9
1048 5.9
1049 5.9
1050 5.9
1051 5.9
1052 5.9
1053 5.9
1054 5.9
1055 5.9
1056 5.9
1057 5.9
1058 5.9
1059 5.9
1060 5.9
1061 5.9
1062 5.9
1063 5.9
1064 5.9
1065 5.9
1066 5.9
1067 5.9
1068 5.9
1069 5.9
1070 5.9
1071 5.9
1072 5.9
1073 5.9
1074 5.9
1075 5.9
1076 5.9
1077 5.9
1078 5.9
1079 5.9
1080 5.9
1081 5.9
1082 5.9
1083 5.9
1084 5.9
1085 5.9
1086 5.9
1087 5.9
1088 5.9
1089 5.9
1090 5.9
1091 5.9
1092 5.9
1093 5.9
1094 5.9
1095 5.9
1096 5.9
1097 5.9
1098 5.9
1099 5.9
1100 5.9
1101 5.9
1102 5.9
1103 5.9
1104 5.9
1105 5.9
1106 5.9
1107 5.9
1108 5.9
1109 5.9
1110 5.9
1111 5.9
1112 5.9
1113 5.9
1114 5.9
1115 5.9
1116 5.9
1117 5.9
1118 5.9
1119 5.9
1120 5.9
1121 5.9
1122 5.9
1123 5.9
1124 5.9
1125 5.9
1126 5.9
1127 5.9
1128 5.9
1129 5.9
1130 5.9
1131 5.9
1132 5.9
1133 5.9
1134 5.9
1135 5.9
1136 5.9
1137 5.9
1138 5.9
1139 5.9
1140 5.9
1141 5.9
1142 5.9
1143 5.9
1144 5.9
1145 5.9
1146 5.9
1147 5.9
1148 5.9
1149 5.9
1150 5.9
1151 5.9
1152 5.9
1153 5.9
1154 5.9
1155 5.9
1156 5.9
1157 5.9
1158 5.9
1159 5.9
1160 5.9
1161 5.9
1162 5.9
1163 5.9
1164 5.9
1165 5.9
1166 5.9
1167 5.9
1168 5.9
1169 5.9
1170 5.9
1171 5.9
1172 5.9
1173 5.9
1174 5.9
1175 5.9
1176 5.9
1177 5.9
1178 5.9
1179 5.9
1180 5.9
1181 5.9
1182 5.9
1183 5.9
1184 5.9
1185 5.9
1186 5.9
1187 5.9
1188 5.9
1189 5.9
1190 5.9
1191 5.9
1192 5.9
1193 5.9
1194 5.9
1195 5.9
1196 5.9
1197 5.9
1198 5.9
1199 5.9
1200 5.9
1201 5.9
1202 5.9
1203 5.9
1204 5.9
1205 5.9
1206 5.9
1207 5.9
1208 5.9
1209 5.9
1210 5.9
1211 5.9
1212 5.9
1213 5.9
1214 5.9
1215 5.9
1216 5.9
1217 5.9
1218 5.9
1219 5.9
1220 5.9
1221 5.9
1222 5.9
1223 5.9
1224 5.9
1225 5.9
1226 5.9
1227 5.9
1228 5.9
1229 5.9
1230 5.9
1231 5.9
1232 5.9
1233 5.9
1234 5.9
1235 5.9
1236 5.9
1237 5.9
1238 5.9
1239 5.9
1240 5.9
1241 5.9
1242 5.9
1243 5.9
1244 5.9
1245 5.9
1246 5.9
1247 5.9
1248 5.9
1249 5.9
1250 5.9
1251 5.9
1252 5.9
1253 5.9
1254 5.9
1255 5.9
1256 5.9
1257 5.9
1258 5.9
1259 5.9
1260 5.9
1261 5.9
1262 5.9
1263 5.9
1264 5.9
1265 5.9
1266 5.9
1267 5.9
1268 5.9
1269 5.9
1270 5.9
1271 5.9
1272 5.9
1273 5.9
1274 5.9
1275 5.9
1276 5.9
1277 5.9
1278 5.9
1279 5.9
1280 5.9
1281 5.9
1282 5.9
1283 5.9
1284 5.9
1285 5.9
1286 5.9
1287 5.9
1288 5.9
1289 5.9
1290 5.9
1291 5.9
1292 5.9
1293 5.9
1294 5.9
1295 5.9
1296 5.9
1297 5.9
1298 5.9
1299 5.9
1300 5.9
1301 5.9
1302 5.9
1303 5.9
1304 5.9
1305 5.9
1306 5.9
1307 5.9
1308 5.9
1309 5.9
1310 5.9
1311 5.9
1312 5.9
1313 5.9
1314 5.9
1315 5.9
1316 5.9
1317 5.9
1318 5.9
1319 5.9
1320 5.9
1321 5.9
1322 5.9
1323 5.9
1324 5.9
1325 5.9
1326 5.9
1327 5.9
1328 5.9
1329 5.9
1330 5.9
1331 5.9
1332 5.9
1333 5.9
1334 5.9
1335 5.9
1336 5.9
1337 5.9
1338 5.9
1339 5.9
1340 5.9
1341 5.9
1342 5.9
1343 5.9
1344 5.9
1345 5.9
1346 5.9
1347 5.9
1348 5.9
1349 5.9
1350 5.9
1351 5.9
1352 5.9
1353 5.9
1354 5.9
1355 5.9
1356 5.9
1357 5.9
1358 5.9
1359 5.9
1360 5.9
1361 5.9
1362 5.9
1363 5.9
1364 5.9
1365 5.9
1366 5.9
1367 5.9
1368 5.9
1369 5.9
1370 5.9
1371 5.9
1372 5.9
1373 5.9
1374 5.9
1375 5.9
1376 5.9
1377 5.9
1378 5.9
1379 5.9
1380 5.9
1381 5.9
1382 5.9
1383 5.9
1384 5.9
1385 5.9
1386 5.9
1387 5.9
1388 5.9
1389 5.9
1390 5.9
1391 5.9
1392 5.9
1393 5.9
1394 5.9
1395 5.9
1396 5.9
1397 5.9
1398 5.9
1399 5.9
1400 5.9
1401 5.9
1402 5.9
1403 5.9
1404 5.9
1405 5.9
1406 5.9
1407 5.9
1408 5.9
1409 5.9
1410 5.9
1411 5.9
1412 5.9
1413 5.9
1414 5.9
1415 5.9
1416 5.9
1417 5.9
1418 5.9
1419 5.9
1420 5.9
1421 5.9
1422 5.9
1423 5.9
1424 5.9
1425 5.9
1426 5.9
1427 5.9
1428 5.9
1429 5.9
1430 5.9
1431 5.9
1432 5.9
1433 5.9
1434 5.9
1435 5.9
1436 5.9
1437 5.9
1438 5.9
1439 5.9
1440 5.9
1441 5.9
1442 5.9
1443 5.9
1444 5.9
1445 5.9
1446 5.9
1447 5.9
1448 5.9
1449 5.9
1450 5.9
1451 5.9
1452 5.9
1453 5.9
1454 5.9
1455 5.9
1456 5.9
1457 5.9
1458 5.9
1459 5.9
1460 5.9
1461 5.9
1462 5.9
1463 5.9
1464 5.9
1465 5.9
1466 5.9
1467 5.9
1468 5.9
1469 5.9
1470 5.9
1471 5.9
1472 5.9
1473 5.9
1474 5.9
1475 5.9
1476 5.9
1477 5.9
1478 5.9
1479 5.9
1480 5.9
1481 5.9
1482 5.9
1483 5.9
1484 5.9
1485 5.9
1486 5.9
1487 5.9
1488 5.9
1489 5.9
1490 5.9
1491 5.9
1492 5.9
1493 5.9
1494 5.9
1495 5.9
1496 5.9
1497 5.9
1498 5.9
1499 5.9
