0 0.9666666666666667
1 0.9666666666666667
2 0.9666666666666667
3 0.9666666666666667
4 0.9666666666666667
5 1.1333333333333333
6 1.4
7 1.4
8 1.4
9 1.4
10 1.6
11 1.6
12 1.6
13 1.8333333333333333
14 1.8333333333333333
15 1.8333333333333333
16 1.8333333333333333
17 1.8666666666666667
18 2.1
19 2.1
20 2.1
21 2.1666666666666665
22 2.4
23 2.4
24 2.5
25 2.5
26 2.5
27 2.5
28 2.5
29 2.5
30 2.5
31 2.5
32 2.5
33 2.5
34 2.5
35 2.5
36 2.9
37 2.9
38 2.9
39 2.9
40 2.9
41 2.9
42 2.9
43 2.9
44 2.9
45 2.9
46 2.9
47 2.9
48 2.9
49 2.9
50 2.9
51 2.933333333333333
52 2.933333333333333
53 2.933333333333333
54 2.933333333333333
55 3.0
56 3.0
57 3.0
58 3.0
59 3.0
60 3.0
61 3.3333333333333335
62 3.3333333333333335
63 3.3333333333333335
64 3.3333333333333335
65 3.3333333333333335
66 3.3333333333333335
67 3.3333333333333335
68 3.3333333333333335
69 3.3333333333333335
70 3.8
71 3.8
72 3.8
73 3.8
74 3.8
75 3.8
76 3.8
77 3.8
78 3.8
79 3.8
80 3.8
81 3.8
82 3.8
83 3.8
84 4.0
85 4.0
86 4.0
87 4.0
88 4.0
89 4.0
90 4.033333333333333
91 4.033333333333333
92 4.033333333333333
93 4.266666666666667
94 4.266666666666667
95 4.266666666666667
96 4.266666666666667
97 4.266666666666667
98 4.266666666666667
99 4.3
100 4.3
101 4.3
102 4.333333333333333
103 4.333333333333333
104 4.366666666666666
105 4.366666666666666
106 4.366666666666666
107 4.366666666666666
108 4.366666666666666
109 4.366666666666666
110 4.366666666666666
111 4.366666666666666
112 4.366666666666666
113 4.4
114 4.4
115 4.4
116 4.4
117 4.4
118 4.466666666666667
119 4.466666666666667
120 4.5
121 4.5
122 4.5
123 4.5
124 4.5
125 4.533333333333333
126 4.533333333333333
127 4.533333333333333
128 4.533333333333333
129 4.533333333333333
130 4.766666666666667
131 4.766666666666667
132 4.766666666666667
133 4.766666666666667
134 4.766666666666667
135 4.766666666666667
136 4.766666666666667
137 4.766666666666667
138 4.766666666666667
139 4.766666666666667
140 4.8
141 4.8
142 4.8
143 4.8
144 4.8
145 4.8
146 4.8
147 4.8
148 4.8
149 4.8
150 4.8
151 4.8
152 4.8
153 4.8
154 4.8
155 4.8
156 4.8
157 4.8
158 4.9
159 4.9
160 4.9
161 4.9
162 4.9
163 4.9
164 4.9
165 4.9
166 4.9
167 4.9
168 4.9
169 4.9
170 4.9
171 4.933333333333334
172 4.933333333333334
173 4.933333333333334
174 4.933333333333334
175 4.933333333333334
176 4.933333333333334
177 4.933333333333334
178 4.933333333333334
179 5.0
180 5.0
181 5.0
182 5.0
183 5.0
184 5.0
185 5.0
186 5.0
187 5.0
188 5.0
189 5.0
190 5.0
191 5.0
192 5.0
193 5.0
194 5.0
195 5.0
196 5.0
197 5.0
198 5.0
199 5.0
200 5.0
201 5.0
202 5.0
203 5.0
204 5.0
205 5.0
206 5.0
207 5.0
208 5.0
209 5.0
210 5.0
211 5.0
212 5.0
213 5.0
214 5.0
215 5.0
216 5.0
217 5.0
218 5.0
219 5.0
220 5.0
221 5.0
222 5.0
223 5.0
224 5.0
225 5.0
226 5.0
227 5.0
228 5.033333333333333
229 5.033333333333333
230 5.033333333333333
231 5.033333333333333
232 5.033333333333333
233 5.033333333333333
234 5.033333333333333
235 5.033333333333333
236 5.033333333333333
237 5.033333333333333
238 5.033333333333333
239 5.033333333333333
240 5.033333333333333
241 5.033333333333333
242 5.033333333333333
243 5.033333333333333
244 5.033333333333333
245 5.033333333333333
246 5.033333333333333
247 5.033333333333333
248 5.033333333333333
249 5.033333333333333
250 5.033333333333333
251 5.033333333333333
252 5.033333333333333
253 5.033333333333333
254 5.033333333333333
255 5.033333333333333
256 5.033333333333333
257 5.033333333333333
258 5.033333333333333
259 5.033333333333333
260 5.033333333333333
261 5.033333333333333
262 5.033333333333333
263 5.033333333333333
264 5.033333333333333
265 5.033333333333333
266 5.033333333333333
267 5.033333333333333
268 5.033333333333333
269 5.033333333333333
270 5.033333333333333
271 5.033333333333333
272 5.033333333333333
273 5.033333333333333
274 5.033333333333333
275 5.033333333333333
276 5.033333333333333
277 5.033333333333333
278 5.033333333333333
279 5.033333333333333
280 5.033333333333333
281 5.033333333333333
282 5.033333333333333
283 5.033333333333333
284 5.033333333333333
285 5.033333333333333
286 5.033333333333333
287 5.033333333333333
288 5.033333333333333
289 5.033333333333333
290 5.033333333333333
291 5.033333333333333
292 5.033333333333333
293 5.066666666666666
294 5.066666666666666
295 5.066666666666666
296 5.066666666666666
297 5.066666666666666
298 5.066666666666666
299 5.066666666666666
300 5.066666666666666
301 5.066666666666666
302 5.066666666666666
303 5.066666666666666
304 5.066666666666666
305 5.066666666666666
306 5.066666666666666
307 5.066666666666666
308 5.066666666666666
309 5.066666666666666
310 5.066666666666666
311 5.066666666666666
312 5.066666666666666
313 5.066666666666666
314 5.066666666666666
315 5.066666666666666
316 5.066666666666666
317 5.066666666666666
318 5.066666666666666
319 5.066666666666666
320 5.066666666666666
321 5.066666666666666
322 5.066666666666666
323 5.066666666666666
324 5.066666666666666
325 5.066666666666666
326 5.066666666666666
327 5.066666666666666
328 5.066666666666666
329 5.066666666666666
330 5.066666666666666
331 5.066666666666666
332 5.066666666666666
333 5.066666666666666
334 5.066666666666666
335 5.066666666666666
336 5.066666666666666
337 5.066666666666666
338 5.066666666666666
339 5.066666666666666
340 5.066666666666666
341 5.066666666666666
342 5.066666666666666
343 5.066666666666666
344 5.066666666666666
345 5.066666666666666
346 5.066666666666666
347 5.066666666666666
348 5.066666666666666
349 5.066666666666666
350 5.066666666666666
351 5.066666666666666
352 5.066666666666666
353 5.066666666666666
354 5.066666666666666
355 5.066666666666666
356 5.066666666666666
357 5.066666666666666
358 5.066666666666666
359 5.066666666666666
360 5.066666666666666
361 5.066666666666666
362 5.066666666666666
363 5.066666666666666
364 5.066666666666666
365 5.066666666666666
366 5.066666666666666
367 5.066666666666666
368 5.066666666666666
369 5.066666666666666
370 5.066666666666666
371 5.066666666666666
372 5.066666666666666
373 5.066666666666666
374 5.066666666666666
375 5.066666666666666
376 5.066666666666666
377 5.066666666666666
378 5.066666666666666
379 5.066666666666666
380 5.066666666666666
381 5.066666666666666
382 5.066666666666666
383 5.066666666666666
384 5.066666666666666
385 5.066666666666666
386 5.066666666666666
387 5.066666666666666
388 5.066666666666666
389 5.066666666666666
390 5.066666666666666
391 5.066666666666666
392 5.066666666666666
393 5.066666666666666
394 5.066666666666666
395 5.066666666666666
396 5.066666666666666
397 5.066666666666666
398 5.066666666666666
399 5.066666666666666
400 5.066666666666666
401 5.066666666666666
402 5.066666666666666
403 5.066666666666666
404 5.066666666666666
405 5.066666666666666
406 5.066666666666666
407 5.066666666666666
408 5.066666666666666
409 5.066666666666666
410 5.066666666666666
411 5.066666666666666
412 5.066666666666666
413 5.066666666666666
414 5.066666666666666
415 5.066666666666666
416 5.066666666666666
417 5.066666666666666
418 5.066666666666666
419 5.066666666666666
420 5.066666666666666
421 5.066666666666666
422 5.066666666666666
423 5.066666666666666
424 5.066666666666666
425 5.066666666666666
426 5.066666666666666
427 5.066666666666666
428 5.066666666666666
429 5.066666666666666
430 5.066666666666666
431 5.066666666666666
432 5.066666666666666
433 5.066666666666666
434 5.066666666666666
435 5.066666666666666
436 5.066666666666666
437 5.066666666666666
438 5.066666666666666
439 5.066666666666666
440 5.066666666666666
441 5.066666666666666
442 5.066666666666666
443 5.066666666666666
444 5.066666666666666
445 5.066666666666666
446 5.066666666666666
447 5.066666666666666
448 5.066666666666666
449 5.066666666666666
450 5.066666666666666
451 5.066666666666666
452 5.066666666666666
453 5.066666666666666
454 5.066666666666666
455 5.066666666666666
456 5.066666666666666
457 5.066666666666666
458 5.066666666666666
459 5.066666666666666
460 5.066666666666666
461 5.066666666666666
462 5.066666666666666
463 5.066666666666666
464 5.066666666666666
465 5.066666666666666
466 5.066666666666666
467 5.066666666666666
468 5.066666666666666
469 5.066666666666666
470 5.066666666666666
471 5.066666666666666
472 5.066666666666666
473 5.066666666666666
474 5.066666666666666
475 5.066666666666666
476 5.066666666666666
477 5.066666666666666
478 5.066666666666666
479 5.066666666666666
480 5.066666666666666
481 5.066666666666666
482 5.066666666666666
483 5.066666666666666
484 5.066666666666666
485 5.066666666666666
486 5.066666666666666
487 5.066666666666666
488 5.066666666666666
489 5.066666666666666
490 5.066666666666666
491 5.066666666666666
492 5.066666666666666
493 5.066666666666666
494 5.066666666666666
495 5.066666666666666
496 5.066666666666666
497 5.066666666666666
498 5.066666666666666
499 5.066666666666666
500 5.066666666666666
501 5.066666666666666
502 5.066666666666666
503 5.066666666666666
504 5.066666666666666
505 5.066666666666666
506 5.066666666666666
507 5.066666666666666
508 5.066666666666666
509 5.066666666666666
510 5.066666666666666
511 5.066666666666666
512 5.066666666666666
513 5.066666666666666
514 5.066666666666666
515 5.066666666666666
516 5.066666666666666
517 5.066666666666666
518 5.066666666666666
519 5.066666666666666
520 5.066666666666666
521 5.066666666666666
522 5.066666666666666
523 5.066666666666666
524 5.066666666666666
525 5.066666666666666
526 5.066666666666666
527 5.066666666666666
528 5.066666666666666
529 5.066666666666666
530 5.066666666666666
531 5.066666666666666
532 5.066666666666666
533 5.066666666666666
534 5.066666666666666
535 5.066666666666666
536 5.066666666666666
537 5.066666666666666
538 5.066666666666666
539 5.066666666666666
540 5.066666666666666
541 5.066666666666666
542 5.066666666666666
543 5.066666666666666
544 5.066666666666666
545 5.066666666666666
546 5.066666666666666
547 5.066666666666666
548 5.066666666666666
549 5.066666666666666
550 5.066666666666666
551 5.066666666666666
552 5.066666666666666
553 5.066666666666666
554 5.066666666666666
555 5.066666666666666
556 5.066666666666666
557 5.066666666666666
558 5.066666666666666
559 5.066666666666666
560 5.066666666666666
561 5.066666666666666
562 5.066666666666666
563 5.066666666666666
564 5.066666666666666
565 5.066666666666666
566 5.066666666666666
567 5.066666666666666
568 5.066666666666666
569 5.066666666666666
570 5.066666666666666
571 5.066666666666666
572 5.066666666666666
573 5.066666666666666
574 5.066666666666666
575 5.066666666666666
576 5.066666666666666
577 5.066666666666666
578 5.066666666666666
579 5.066666666666666
580 5.066666666666666
581 5.066666666666666
582 5.066666666666666
583 5.066666666666666
584 5.066666666666666
585 5.066666666666666
586 5.066666666666666
587 5.066666666666666
588 5.066666666666666
589 5.066666666666666
590 5.066666666666666
591 5.066666666666666
592 5.066666666666666
593 5.066666666666666
594 5.066666666666666
595 5.066666666666666
596 5.066666666666666
597 5.066666666666666
598 5.066666666666666
599 5.066666666666666
600 5.066666666666666
601 5.066666666666666
602 5.066666666666666
603 5.066666666666666
604 5.066666666666666
605 5.066666666666666
606 5.066666666666666
607 5.066666666666666
608 5.066666666666666
609 5.066666666666666
610 5.066666666666666
611 5.066666666666666
612 5.066666666666666
613 5.1
614 5.1
615 5.2
616 5.2
617 5.2
618 5.2
619 5.2
620 5.2
621 5.2
622 5.2
623 5.2
624 5.2
625 5.2
626 5.2
627 5.2
628 5.2
629 5.2
630 5.2
631 5.2
632 5.2
633 5.2
634 5.2
635 5.2
636 5.2
637 5.2
638 5.2
639 5.2
640 5.2
641 5.2
642 5.2
643 5.2
644 5.2
645 5.2
646 5.2
647 5.2
648 5.2
649 5.2
650 5.2
651 5.2
652 5.2
653 5.2
654 5.2
655 5.2
656 5.2
657 5.2
658 5.2
659 5.2
660 5.2
661 5.2
662 5.2
663 5.2
664 5.2
665 5.2
666 5.2
667 5.2
668 5.2
669 5.2
670 5.2
671 5.2
672 5.2
673 5.2
674 5.2
675 5.2
676 5.2
677 5.2
678 5.2
679 5.2
680 5.2
681 5.2
682 5.2
683 5.2
684 5.2
685 5.2
686 5.2
687 5.2
688 5.2
689 5.2
690 5.2
691 5.2
692 5.2
693 5.2
694 5.2
695 5.2
696 5.2
697 5.2
698 5.2
699 5.2
700 5.2
701 5.2
702 5.2
703 5.2
704 5.2
705 5.2
706 5.2
707 5.2
708 5.2
709 5.2
710 5.2
711 5.2
712 5.2
713 5.2
714 5.2
715 5.2
716 5.2
717 5.2
718 5.2
719 5.2
720 5.2
721 5.2
722 5.2
723 5.2
724 5.2
725 5.2
726 5.2
727 5.2
728 5.2
729 5.2
730 5.2
731 5.2
732 5.2
733 5.2
734 5.2
735 5.2
736 5.2
737 5.2
738 5.2
739 5.2
740 5.2
741 5.2
742 5.2
743 5.2
744 5.2
745 5.2
746 5.2
747 5.2
748 5.2
749 5.2
750 5.2
751 5.2
752 5.2
753 5.2
754 5.2
755 5.2
756 5.2
757 5.2
758 5.2
759 5.2
760 5.2
761 5.2
762 5.2
763 5.2
764 5.2
765 5.2
766 5.2
767 5.2
768 5.2
769 5.2
770 5.2
771 5.2
772 5.2
773 5.2
774 5.2
775 5.2
776 5.2
777 5.2
778 5.2
779 5.2
780 5.2
781 5.2
782 5.2
783 5.2
784 5.2
785 5.2
786 5.2
787 5.2
788 5.2
789 5.2
790 5.2
791 5.2
792 5.2
793 5.2
794 5.2
795 5.2
796 5.2
797 5.2
798 5.233333333333333
799 5.233333333333333
800 5.233333333333333
801 5.233333333333333
802 5.233333333333333
803 5.233333333333333
804 5.233333333333333
805 5.233333333333333
806 5.233333333333333
807 5.233333333333333
808 5.233333333333333
809 5.233333333333333
810 5.233333333333333
811 5.233333333333333
812 5.233333333333333
813 5.233333333333333
814 5.233333333333333
815 5.233333333333333
816 5.233333333333333
817 5.233333333333333
818 5.233333333333333
819 5.233333333333333
820 5.233333333333333
821 5.233333333333333
822 5.233333333333333
823 5.233333333333333
824 5.233333333333333
825 5.233333333333333
826 5.233333333333333
827 5.233333333333333
828 5.233333333333333
829 5.233333333333333
830 5.233333333333333
831 5.233333333333333
832 5.233333333333333
833 5.233333333333333
834 5.233333333333333
835 5.233333333333333
836 5.233333333333333
837 5.233333333333333
838 5.233333333333333
839 5.233333333333333
840 5.233333333333333
841 5.233333333333333
842 5.233333333333333
843 5.233333333333333
844 5.233333333333333
845 5.233333333333333
846 5.233333333333333
847 5.233333333333333
848 5.233333333333333
849 5.233333333333333
850 5.233333333333333
851 5.233333333333333
852 5.233333333333333
853 5.233333333333333
854 5.233333333333333
855 5.233333333333333
856 5.233333333333333
857 5.233333333333333
858 5.233333333333333
859 5.233333333333333
860 5.233333333333333
861 5.233333333333333
862 5.233333333333333
863 5.233333333333333
864 5.233333333333333
865 5.233333333333333
866 5.233333333333333
867 5.233333333333333
868 5.233333333333333
869 5.233333333333333
870 5.233333333333333
871 5.233333333333333
872 5.233333333333333
873 5.233333333333333
874 5.233333333333333
875 5.233333333333333
876 5.233333333333333
877 5.233333333333333
878 5.233333333333333
879 5.233333333333333
880 5.233333333333333
881 5.233333333333333
882 5.233333333333333
883 5.233333333333333
884 5.233333333333333
885 5.233333333333333
886 5.233333333333333
887 5.233333333333333
888 5.233333333333333
889 5.233333333333333
890 5.233333333333333
891 5.233333333333333
892 5.233333333333333
893 5.233333333333333
894 5.233333333333333
895 5.233333333333333
896 5.233333333333333
897 5.233333333333333
898 5.233333333333333
899 5.233333333333333
900 5.233333333333333
901 5.233333333333333
902 5.233333333333333
903 5.233333333333333
904 5.233333333333333
905 5.233333333333333
906 5.233333333333333
907 5.233333333333333
908 5.233333333333333
909 5.233333333333333
910 5.233333333333333
911 5.233333333333333
912 5.233333333333333
913 5.233333333333333
914 5.233333333333333
915 5.233333333333333
916 5.233333333333333
917 5.233333333333333
918 5.233333333333333
919 5.233333333333333
920 5.233333333333333
921 5.233333333333333
922 5.233333333333333
923 5.233333333333333
924 5.233333333333333
925 5.233333333333333
926 5.233333333333333
927 5.233333333333333
928 5.233333333333333
929 5.233333333333333
930 5.233333333333333
931 5.233333333333333
932 5.233333333333333
933 5.233333333333333
934 5.233333333333333
935 5.233333333333333
936 5.233333333333333
937 5.233333333333333
938 5.233333333333333
939 5.233333333333333
940 5.233333333333333
941 5.233333333333333
942 5.233333333333333
943 5.233333333333333
944 5.233333333333333
945 5.233333333333333
946 5.233333333333333
947 5.233333333333333
948 5.233333333333333
949 5.233333333333333
950 5.233333333333333
951 5.233333333333333
952 5.233333333333333
953 5.233333333333333
954 5.233333333333333
955 5.233333333333333
956 5.233333333333333
957 5.233333333333333
958 5.233333333333333
959 5.233333333333333
960 5.233333333333333
961 5.233333333333333
962 5.233333333333333
963 5.233333333333333
964 5.233333333333333
965 5.233333333333333
966 5.233333333333333
967 5.233333333333333
968 5.233333333333333
969 5.233333333333333
970 5.233333333333333
971 5.233333333333333
972 5.233333333333333
973 5.233333333333333
974 5.233333333333333
975 5.233333333333333
976 5.233333333333333
977 5.233333333333333
978 5.233333333333333
979 5.233333333333333
980 5.233333333333333
981 5.233333333333333
982 5.233333333333333
983 5.233333333333333
984 5.233333333333333
985 5.233333333333333
986 5.233333333333333
987 5.233333333333333
988 5.233333333333333
989 5.233333333333333
990 5.233333333333333
991 5.233333333333333
992 5.233333333333333
993 5.233333333333333
994 5.233333333333333
995 5.233333333333333
996 5.233333333333333
997 5.233333333333333
998 5.233333333333333
999 5.233333333333333
1000 5.233333333333333
1001 5.233333333333333
1002 5.233333333333333
1003 5.233333333333333
1004 5.233333333333333
1005 5.233333333333333
1006 5.233333333333333
1007 5.233333333333333
1008 5.233333333333333
1009 5.233333333333333
1010 5.233333333333333
1011 5.233333333333333
1012 5.233333333333333
1013 5.233333333333333
1014 5.233333333333333
1015 5.233333333333333
1016 5.233333333333333
1017 5.233333333333333
1018 5.233333333333333
1019 5.233333333333333
1020 5.233333333333333
1021 5.233333333333333
1022 5.233333333333333
1023 5.233333333333333
1024 5.233333333333333
1025 5.233333333333333
1026 5.233333333333333
1027 5.233333333333333
1028 5.233333333333333
1029 5.233333333333333
1030 5.233333333333333
1031 5.233333333333333
1032 5.233333333333333
1033 5.233333333333333
1034 5.233333333333333
1035 5.233333333333333
1036 5.233333333333333
1037 5.233333333333333
1038 5.233333333333333
1039 5.233333333333333
1040 5.233333333333333
1041 5.233333333333333
1042 5.233333333333333
1043 5.233333333333333
1044 5.233333333333333
1045 5.233333333333333
1046 5.233333333333333
1047 5.233333333333333
1048 5.233333333333333
1049 5.233333333333333
1050 5.233333333333333
1051 5.233333333333333
1052 5.233333333333333
1053 5.233333333333333
1054 5.233333333333333
1055 5.233333333333333
1056 5.233333333333333
1057 5.233333333333333
1058 5.233333333333333
1059 5.233333333333333
1060 5.233333333333333
1061 5.233333333333333
1062 5.233333333333333
1063 5.233333333333333
1064 5.233333333333333
1065 5.233333333333333
1066 5.233333333333333
1067 5.233333333333333
1068 5.233333333333333
1069 5.233333333333333
1070 5.233333333333333
1071 5.233333333333333
1072 5.266666666666667
1073 5.266666666666667
1074 5.266666666666667
1075 5.266666666666667
1076 5.266666666666667
1077 5.266666666666667
1078 5.266666666666667
1079 5.266666666666667
1080 5.266666666666667
1081 5.266666666666667
1082 5.266666666666667
1083 5.266666666666667
1084 5.266666666666667
1085 5.266666666666667
1086 5.266666666666667
1087 5.266666666666667
1088 5.266666666666667
1089 5.266666666666667
1090 5.266666666666667
1091 5.266666666666667
1092 5.266666666666667
1093 5.266666666666667
1094 5.266666666666667
1095 5.266666666666667
1096 5.266666666666667
1097 5.266666666666667
1098 5.266666666666667
1099 5.266666666666667
1100 5.266666666666667
1101 5.266666666666667
1102 5.266666666666667
1103 5.266666666666667
1104 5.266666666666667
1105 5.266666666666667
1106 5.266666666666667
1107 5.266666666666667
1108 5.266666666666667
1109 5.266666666666667
1110 5.266666666666667
1111 5.266666666666667
1112 5.266666666666667
1113 5.266666666666667
1114 5.266666666666667
1115 5.266666666666667
1116 5.266666666666667
1117 5.266666666666667
1118 5.266666666666667
1119 5.266666666666667
1120 5.266666666666667
1121 5.266666666666667
1122 5.266666666666667
1123 5.266666666666667
1124 5.266666666666667
1125 5.266666666666667
1126 5.266666666666667
1127 5.266666666666667
1128 5.266666666666667
1129 5.266666666666667
1130 5.266666666666667
1131 5.266666666666667
1132 5.266666666666667
1133 5.266666666666667
1134 5.266666666666667
1135 5.266666666666667
1136 5.266666666666667
1137 5.266666666666667
1138 5.266666666666667
1139 5.266666666666667
1140 5.266666666666667
1141 5.266666666666667
1142 5.266666666666667
1143 5.266666666666667
1144 5.266666666666667
1145 5.266666666666667
1146 5.266666666666667
1147 5.266666666666667
1148 5.266666666666667
1149 5.266666666666667
1150 5.266666666666667
1151 5.266666666666667
1152 5.266666666666667
1153 5.266666666666667
1154 5.266666666666667
1155 5.266666666666667
1156 5.266666666666667
1157 5.266666666666667
1158 5.266666666666667
1159 5.266666666666667
1160 5.266666666666667
1161 5.266666666666667
1162 5.266666666666667
1163 5.266666666666667
1164 5.266666666666667
1165 5.266666666666667
1166 5.266666666666667
1167 5.266666666666667
1168 5.266666666666667
1169 5.266666666666667
1170 5.266666666666667
1171 5.266666666666667
1172 5.266666666666667
1173 5.266666666666667
1174 5.266666666666667
1175 5.266666666666667
1176 5.266666666666667
1177 5.266666666666667
1178 5.266666666666667
1179 5.266666666666667
1180 5.266666666666667
1181 5.266666666666667
1182 5.266666666666667
1183 5.266666666666667
1184 5.266666666666667
1185 5.266666666666667
1186 5.266666666666667
1187 5.266666666666667
1188 5.266666666666667
1189 5.266666666666667
1190 5.266666666666667
1191 5.266666666666667
1192 5.266666666666667
1193 5.266666666666667
1194 5.266666666666667
1195 5.266666666666667
1196 5.266666666666667
1197 5.266666666666667
1198 5.266666666666667
1199 5.266666666666667
1200 5.266666666666667
1201 5.266666666666667
1202 5.266666666666667
1203 5.266666666666667
1204 5.266666666666667
1205 5.266666666666667
1206 5.266666666666667
1207 5.266666666666667
1208 5.266666666666667
1209 5.266666666666667
1210 5.266666666666667
1211 5.266666666666667
1212 5.266666666666667
1213 5.266666666666667
1214 5.266666666666667
1215 5.266666666666667
1216 5.266666666666667
1217 5.266666666666667
1218 5.266666666666667
1219 5.266666666666667
1220 5.266666666666667
1221 5.266666666666667
1222 5.3
1223 5.3
1224 5.3
1225 5.3
1226 5.3
1227 5.3
1228 5.3
1229 5.3
1230 5.3
1231 5.3
1232 5.3
1233 5.3
1234 5.3
1235 5.3
1236 5.3
1237 5.3
1238 5.333333333333333
1239 5.333333333333333
1240 5.333333333333333
1241 5.333333333333333
1242 5.333333333333333
1243 5.333333333333333
1244 5.333333333333333
1245 5.333333333333333
1246 5.333333333333333
1247 5.333333333333333
1248 5.333333333333333
1249 5.333333333333333
1250 5.333333333333333
1251 5.333333333333333
1252 5.333333333333333
1253 5.333333333333333
1254 5.333333333333333
1255 5.333333333333333
1256 5.333333333333333
1257 5.333333333333333
1258 5.333333333333333
1259 5.333333333333333
1260 5.333333333333333
1261 5.333333333333333
1262 5.333333333333333
1263 5.333333333333333
1264 5.333333333333333
1265 5.333333333333333
1266 5.333333333333333
1267 5.333333333333333
1268 5.333333333333333
1269 5.333333333333333
1270 5.333333333333333
1271 5.333333333333333
1272 5.333333333333333
1273 5.333333333333333
1274 5.333333333333333
1275 5.333333333333333
1276 5.333333333333333
1277 5.333333333333333
1278 5.333333333333333
1279 5.333333333333333
1280 5.333333333333333
1281 5.333333333333333
1282 5.333333333333333
1283 5.333333333333333
1284 5.333333333333333
1285 5.333333333333333
1286 5.333333333333333
1287 5.333333333333333
1288 5.333333333333333
1289 5.333333333333333
1290 5.333333333333333
1291 5.333333333333333
1292 5.333333333333333
1293 5.333333333333333
1294 5.333333333333333
1295 5.333333333333333
1296 5.333333333333333
1297 5.333333333333333
1298 5.333333333333333
1299 5.333333333333333
1300 5.333333333333333
1301 5.333333333333333
1302 5.333333333333333
1303 5.333333333333333
1304 5.333333333333333
1305 5.333333333333333
1306 5.333333333333333
1307 5.333333333333333
1308 5.333333333333333
1309 5.333333333333333
1310 5.333333333333333
1311 5.333333333333333
1312 5.333333333333333
1313 5.333333333333333
1314 5.333333333333333
1315 5.333333333333333
1316 5.333333333333333
1317 5.333333333333333
1318 5.333333333333333
1319 5.333333333333333
1320 5.333333333333333
1321 5.333333333333333
1322 5.333333333333333
1323 5.333333333333333
1324 5.333333333333333
1325 5.333333333333333
1326 5.333333333333333
1327 5.333333333333333
1328 5.333333333333333
1329 5.333333333333333
1330 5.333333333333333
1331 5.333333333333333
1332 5.333333333333333
1333 5.333333333333333
1334 5.333333333333333
1335 5.333333333333333
1336 5.333333333333333
1337 5.333333333333333
1338 5.333333333333333
1339 5.333333333333333
1340 5.333333333333333
1341 5.333333333333333
1342 5.333333333333333
1343 5.333333333333333
1344 5.333333333333333
1345 5.333333333333333
1346 5.333333333333333
1347 5.333333333333333
1348 5.333333333333333
1349 5.333333333333333
1350 5.333333333333333
1351 5.333333333333333
1352 5.333333333333333
1353 5.333333333333333
1354 5.333333333333333
1355 5.333333333333333
1356 5.333333333333333
1357 5.333333333333333
1358 5.333333333333333
1359 5.333333333333333
1360 5.333333333333333
1361 5.333333333333333
1362 5.333333333333333
1363 5.333333333333333
1364 5.333333333333333
1365 5.333333333333333
1366 5.333333333333333
1367 5.333333333333333
1368 5.333333333333333
1369 5.333333333333333
1370 5.333333333333333
1371 5.333333333333333
1372 5.333333333333333
1373 5.333333333333333
1374 5.333333333333333
1375 5.333333333333333
1376 5.333333333333333
1377 5.333333333333333
1378 5.333333333333333
1379 5.333333333333333
1380 5.333333333333333
1381 5.333333333333333
1382 5.333333333333333
1383 5.333333333333333
1384 5.333333333333333
1385 5.333333333333333
1386 5.333333333333333
1387 5.333333333333333
1388 5.333333333333333
1389 5.333333333333333
1390 5.333333333333333
1391 5.333333333333333
1392 5.333333333333333
1393 5.333333333333333
1394 5.333333333333333
1395 5.333333333333333
1396 5.333333333333333
1397 5.333333333333333
1398 5.333333333333333
1399 5.333333333333333
1400 5.333333333333333
1401 5.333333333333333
1402 5.333333333333333
1403 5.333333333333333
1404 5.333333333333333
1405 5.333333333333333
1406 5.333333333333333
1407 5.333333333333333
1408 5.333333333333333
1409 5.333333333333333
1410 5.333333333333333
1411 5.333333333333333
1412 5.333333333333333
1413 5.333333333333333
1414 5.333333333333333
1415 5.333333333333333
1416 5.333333333333333
1417 5.333333333333333
1418 5.333333333333333
1419 5.333333333333333
1420 5.333333333333333
1421 5.333333333333333
1422 5.333333333333333
1423 5.333333333333333
1424 5.333333333333333
1425 5.333333333333333
1426 5.333333333333333
1427 5.333333333333333
1428 5.333333333333333
1429 5.333333333333333
1430 5.333333333333333
1431 5.333333333333333
1432 5.333333333333333
1433 5.333333333333333
1434 5.333333333333333
1435 5.333333333333333
1436 5.333333333333333
1437 5.333333333333333
1438 5.333333333333333
1439 5.333333333333333
1440 5.333333333333333
1441 5.333333333333333
1442 5.333333333333333
1443 5.333333333333333
1444 5.333333333333333
1445 5.333333333333333
1446 5.333333333333333
1447 5.333333333333333
1448 5.333333333333333
1449 5.333333333333333
1450 5.333333333333333
1451 5.333333333333333
1452 5.333333333333333
1453 5.333333333333333
1454 5.333333333333333
1455 5.333333333333333
1456 5.333333333333333
1457 5.333333333333333
1458 5.333333333333333
1459 5.333333333333333
1460 5.333333333333333
1461 5.333333333333333
1462 5.333333333333333
1463 5.333333333333333
1464 5.333333333333333
1465 5.333333333333333
1466 5.333333333333333
1467 5.333333333333333
1468 5.333333333333333
1469 5.333333333333333
1470 5.333333333333333
1471 5.333333333333333
1472 5.333333333333333
1473 5.333333333333333
1474 5.333333333333333
1475 5.333333333333333
1476 5.333333333333333
1477 5.333333333333333
1478 5.333333333333333
1479 5.333333333333333
1480 5.333333333333333
1481 5.333333333333333
1482 5.333333333333333
1483 5.333333333333333
1484 5.333333333333333
1485 5.333333333333333
1486 5.333333333333333
1487 5.333333333333333
1488 5.333333333333333
1489 5.333333333333333
1490 5.333333333333333
1491 5.333333333333333
1492 5.333333333333333
1493 5.333333333333333
1494 5.333333333333333
1495 5.333333333333333
1496 5.333333333333333
1497 5.333333333333333
1498 5.333333333333333
1499 5.333333333333333
