0 0.6798161964942233
1 0.6798161964942233
2 0.6798161964942233
3 0.6798161964942233
4 0.6798161964942233
5 0.6798161964942233
6 0.6798161964942233
7 0.6798161964942233
8 0.6798161964942233
9 0.6798161964942233
10 0.6798161964942233
11 0.6798161964942233
12 0.7616621195139611
13 0.7616621195139611
14 0.7616621195139611
15 0.7616621195139611
16 0.7616621195139611
17 0.7616621195139611
18 0.7616621195139611
19 0.7616621195139611
20 0.7616621195139611
21 0.7616621195139611
22 0.7616621195139611
23 0.7616621195139611
24 0.7616621195139611
25 0.7616621195139611
26 0.7616621195139611
27 0.7616621195139611
28 0.7616621195139611
29 0.7616621195139611
30 0.7616621195139611
31 0.7616621195139611
32 0.7616621195139611
33 0.7616621195139611
34 0.7616621195139611
35 0.7616621195139611
36 0.7616621195139611
37 0.7616621195139611
38 0.7616621195139611
39 0.7616621195139611
40 0.7616621195139611
41 0.7616621195139611
42 0.7616621195139611
43 0.8033221892176521
44 0.8033221892176521
45 0.8033221892176521
46 0.8033221892176521
47 0.8033221892176521
48 0.8033221892176521
49 0.8033221892176521
50 0.8033265050282421
51 0.8033377862194856
52 0.8653788230145931
53 0.8653788230145931
54 0.8672768088419673
55 0.8672768088419673
56 0.8672768088419673
57 0.8672768088419673
58 0.8672768088419673
59 0.8672768088419673
60 0.8672768088419673
61 0.8672768088419673
62 0.8672768088419673
63 0.8672768088419673
64 0.8672768088419673
65 0.8672768088419673
66 0.8672768088419673
67 0.8672768088419673
68 0.8672768088419673
69 0.8672768088419673
70 0.8672768088419673
71 0.8672768088419673
72 0.8672768088419673
73 0.8672768088419673
74 0.8672768088419673
75 0.8672768088419673
76 0.8672768088419673
77 0.8672768088419673
78 0.8672768088419673
79 0.8672768088419673
80 0.9051594262281351
81 0.9051594262281351
82 0.9051594262281351
83 0.9051594262281351
84 0.9051594262281351
85 0.9051594262281351
86 0.9051594262281351
87 0.9051594262281351
88 0.9051594262281351
89 0.9051594262281351
90 0.9051594262281351
91 0.9051594262281351
92 0.9051594262281351
93 0.9051594262281351
94 0.9051594262281351
95 0.9051594262281351
96 0.9051594262281351
97 0.9051594262281351
98 0.9051594262281351
99 0.9051594262281351
100 0.9051594262281351
101 0.9051594262281351
102 0.9051594262281351
103 0.9051594262281351
104 0.9051594262281351
105 0.9051594262281351
106 0.9051594262281351
107 0.9051594262281351
108 0.9051594262281351
109 0.9051594262281351
110 0.9051594262281351
111 0.9051594262281351
112 0.9051594262281351
113 0.9051594262281351
114 0.9051594262281351
115 0.9051594262281351
116 0.9051594262281351
117 0.9051594262281351
118 0.9051594262281351
119 0.9051594262281351
120 0.9051594262281351
121 0.9051594262281351
122 0.9051594262281351
123 0.9051594262281351
124 0.9051594262281351
125 0.9051594262281351
126 0.9051594262281351
127 0.9051594262281351
128 0.9051594262281351
129 0.9051594262281351
130 0.9051594262281351
131 0.9051594262281351
132 0.9051594262281351
133 0.9051594262281351
134 0.9051594262281351
135 0.9051594262281351
136 0.9051594262281351
137 0.9051594262281351
138 0.9051594262281351
139 0.9051594262281351
140 0.9051594262281351
141 0.9051594262281351
142 0.9051594262281351
143 0.9051594262281351
144 0.9051594262281351
145 0.9051594262281351
146 0.9051594262281351
147 0.9051594262281351
148 0.9051594262281351
149 0.9051594262281351
150 0.9051594262281351
151 0.9051594262281351
152 0.9051594262281351
153 0.9051594262281351
154 0.9051594262281351
155 0.9051594262281351
156 0.9051594262281351
157 0.9051594262281351
158 0.9051594262281351
159 0.9051594262281351
160 0.9051594262281351
161 0.9051594262281351
162 0.9051594262281351
163 0.9051594262281351
164 0.9051594262281351
165 0.9051594262281351
166 0.9051594262281351
167 0.9051594262281351
168 0.9051594262281351
169 0.9051594262281351
170 0.9051594262281351
171 0.9051594262281351
172 0.9051594262281351
173 0.9051594262281351
174 0.9051594262281351
175 0.9051594262281351
176 0.9051594262281351
177 0.9051594262281351
178 0.9051594262281351
179 0.9051594262281351
180 0.9051594262281351
181 0.9051594262281351
182 0.9051594262281351
183 0.9051594262281351
184 0.9051594262281351
185 0.9051594262281351
186 0.9051594262281351
187 0.9051594262281351
188 0.9051594262281351
189 0.9051594262281351
190 0.9051594262281351
191 0.9051594262281351
192 0.9051594262281351
193 0.9051594262281351
194 0.9051594262281351
195 0.9051594262281351
196 0.9051594262281351
197 0.9051594262281351
198 0.9051594262281351
199 0.9051594262281351
200 0.9051594262281351
201 0.9051594262281351
202 0.9051594262281351
203 0.9051594262281351
204 0.9051594262281351
205 0.9051594262281351
206 0.9051594262281351
207 0.9051594262281351
208 0.9051594262281351
209 0.9051594262281351
210 0.9051594262281351
211 0.9051594262281351
212 0.9051594262281351
213 0.9051594262281351
214 0.9051594262281351
215 0.9051594262281351
216 0.9051594262281351
217 0.9051594262281351
218 0.9051594262281351
219 0.9051594262281351
220 0.9051594262281351
221 0.9051594262281351
222 0.9051594262281351
223 0.9051594262281351
224 0.9051594262281351
225 0.9051594262281351
226 0.9051594262281351
227 0.9051594262281351
228 0.9051594262281351
229 0.9051594262281351
230 0.9051594262281351
231 0.9051707553631368
232 0.9051707553631368
233 0.9051707553631368
234 0.9051707553631368
235 0.9051707553631368
236 0.9051707553631368
237 0.9051707553631368
238 0.9051707553631368
239 0.9051707553631368
240 0.9051707553631368
241 0.9051707553631368
242 0.9051707553631368
243 0.9051707553631368
244 0.9051707553631368
245 0.9051707553631368
246 0.9051707553631368
247 0.9051707553631368
248 0.9051707553631368
249 0.9051707553631368
250 0.9051707553631368
251 0.9051707553631368
252 0.9051707553631368
253 0.9051707553631368
254 0.9051707553631368
255 0.9051707553631368
256 0.9051707553631368
257 0.9051707553631368
258 0.9051707553631368
259 0.9051707553631368
260 0.9051707553631368
261 0.9051707553631368
262 0.9051707553631368
263 0.9051707553631368
264 0.9051707553631368
265 0.9051707553631368
266 0.9051707553631368
267 0.9051707553631368
268 0.9051707553631368
269 0.9051707553631368
270 0.9051707553631368
271 0.9051707553631368
272 0.9051707553631368
273 0.9051707553631368
274 0.9051707553631368
275 0.9051707553631368
276 0.9051707553631368
277 0.9051707553631368
278 0.9051707553631368
279 0.9051707553631368
280 0.9051707553631368
281 0.9051707553631368
282 0.9051707553631368
283 0.9051707553631368
284 0.9051707553631368
285 0.9051707553631368
286 0.9051707553631368
287 0.9051707553631368
288 0.9051707553631368
289 0.9051707553631368
290 0.9051707553631368
291 0.9051707553631368
292 0.9051707553631368
293 0.9051707553631368
294 0.9051707553631368
295 0.9051707553631368
296 0.9051707553631368
297 0.9051707553631368
298 0.9051707553631368
299 0.9051707553631368
300 0.9051707553631368
301 0.9051707553631368
302 0.9051707553631368
303 0.9051707553631368
304 0.9051707553631368
305 0.9051707553631368
306 0.9051707553631368
307 0.9051707553631368
308 0.9051707553631368
309 0.9051707553631368
310 0.9051707553631368
311 0.9051707553631368
312 0.9051707553631368
313 0.9051707553631368
314 0.9051707553631368
315 0.9051707553631368
316 0.9051707553631368
317 0.9051707553631368
318 0.9051707553631368
319 0.9051707553631368
320 0.9051707553631368
321 0.9051707553631368
322 0.9051707553631368
323 0.9051707553631368
324 0.9051707553631368
325 0.9051707553631368
326 0.9051707553631368
327 0.9051707553631368
328 0.9051707553631368
329 0.9051707553631368
330 0.9051707553631368
331 0.9051707553631368
332 0.9051707553631368
333 0.9051707553631368
334 0.9051707553631368
335 0.9051707553631368
336 0.9051707553631368
337 0.9051707553631368
338 0.9051707553631368
339 0.9051707553631368
340 0.9051707553631368
341 0.9051707553631368
342 0.9051707553631368
343 0.9051707553631368
344 0.9051707553631368
345 0.9051707553631368
346 0.9051707553631368
347 0.9051707553631368
348 0.9051707553631368
349 0.9051707553631368
350 0.9051707553631368
351 0.9051707553631368
352 0.9051707553631368
353 0.9051707553631368
354 0.9051707553631368
355 0.9051707553631368
356 0.9051707553631368
357 0.9051707553631368
358 0.9051707553631368
359 0.9051707553631368
360 0.9051707553631368
361 0.9051707553631368
362 0.9051707553631368
363 0.9051707553631368
364 0.9051707553631368
365 0.9051707553631368
366 0.9051707553631368
367 0.9051707553631368
368 0.9051707553631368
369 0.9051707553631368
370 0.9051707553631368
371 0.9051707553631368
372 0.9051707553631368
373 0.9051707553631368
374 0.9051707553631368
375 0.9051707553631368
376 0.9051707553631368
377 0.9051707553631368
378 0.9051707553631368
379 0.9051707553631368
380 0.9051707553631368
381 0.9051707553631368
382 0.9051707553631368
383 0.9051707553631368
384 0.9051707553631368
385 0.9051707553631368
386 0.9051707553631368
387 0.9051707553631368
388 0.9051707553631368
389 0.9051707553631368
390 0.9051707553631368
391 0.9051707553631368
392 0.9051707553631368
393 0.9051707553631368
394 0.9051707553631368
395 0.9051707553631368
396 0.9051707553631368
397 0.9051707553631368
398 0.9051707553631368
399 0.9051707553631368
400 0.9051707553631368
401 0.9051707553631368
402 0.9051707553631368
403 0.9051707553631368
404 0.9051707553631368
405 0.9051707553631368
406 0.9051707553631368
407 0.9051707553631368
408 0.9051707553631368
409 0.9051707553631368
410 0.9051707553631368
411 0.9051707553631368
412 0.9051707553631368
413 0.9051707553631368
414 0.9051707553631368
415 0.9051707553631368
416 0.9051707553631368
417 0.9051707553631368
418 0.9051707553631368
419 0.9051707553631368
420 0.9051707553631368
421 0.9051707553631368
422 0.9051707553631368
423 0.9051707553631368
424 0.9051707553631368
425 0.9051707553631368
426 0.9051707553631368
427 0.9051707553631368
428 0.9051707553631368
429 0.9051707553631368
430 0.9051707553631368
431 0.9051707553631368
432 0.9051707553631368
433 0.9051707553631368
434 0.9051707553631368
435 0.9051707553631368
436 0.9051707553631368
437 0.9051707553631368
438 0.9051707553631368
439 0.9051707553631368
440 0.9051707553631368
441 0.9051707553631368
442 0.9051707553631368
443 0.9051707553631368
444 0.9051707553631368
445 0.9051707553631368
446 0.9051707553631368
447 0.9051707553631368
448 0.9051707553631368
449 0.9051707553631368
450 0.9051707553631368
451 0.9051707553631368
452 0.9051707553631368
453 0.9051707553631368
454 0.9051707553631368
455 0.9051707553631368
456 0.9051707553631368
457 0.9051707553631368
458 0.9051707553631368
459 0.9051707553631368
460 0.9051707553631368
461 0.9051707553631368
462 0.9051707553631368
463 0.9051707553631368
464 0.9051707553631368
465 0.9051707553631368
466 0.9051707553631368
467 0.9051707553631368
468 0.9051707553631368
469 0.9051707553631368
470 0.9051707553631368
471 0.9051707553631368
472 0.9051707553631368
473 0.9051707553631368
474 0.9051707553631368
475 0.9051707553631368
476 0.9051707553631368
477 0.9051707553631368
478 0.9051707553631368
479 0.9051707553631368
480 0.9051707553631368
481 0.9051707553631368
482 0.9051707553631368
483 0.9051707553631368
484 0.9051707553631368
485 0.9051707553631368
486 0.9051707553631368
487 0.9051707553631368
488 0.9051707553631368
489 0.9051707553631368
490 0.9051707553631368
491 0.9051707553631368
492 0.9051707553631368
493 0.9051707553631368
494 0.9051707553631368
495 0.9051707553631368
496 0.9051707553631368
497 0.9051707553631368
498 0.9051707553631368
499 0.9051707553631368
500 0.9051707553631368
501 0.9051707553631368
502 0.9051707553631368
503 0.9051707553631368
504 0.9051707553631368
505 0.9051707553631368
506 0.9051707553631368
507 0.9051707553631368
508 0.9051707553631368
509 0.9051707553631368
510 0.9051707553631368
511 0.9051707553631368
512 0.9051707553631368
513 0.9051707553631368
514 0.9051707553631368
515 0.9051707553631368
516 0.9051707553631368
517 0.9051707553631368
518 0.9051707553631368
519 0.9051707553631368
520 0.9051707553631368
521 0.9051707553631368
522 0.9051707553631368
523 0.9051707553631368
524 0.9051707553631368
525 0.9051707553631368
526 0.9051707553631368
527 0.9051707553631368
528 0.9051707553631368
529 0.9051707553631368
530 0.9051707553631368
531 0.9051707553631368
532 0.9051707553631368
533 0.9051707553631368
534 0.9051707553631368
535 0.9051707553631368
536 0.9051707553631368
537 0.9051707553631368
538 0.9051707553631368
539 0.9051707553631368
540 0.9051707553631368
541 0.9051707553631368
542 0.9051707553631368
543 0.9051707553631368
544 0.9051707553631368
545 0.9051707553631368
546 0.9051707553631368
547 0.9051707553631368
548 0.9051707553631368
549 0.9051707553631368
550 0.9051707553631368
551 0.9051707553631368
552 0.9051707553631368
553 0.9051707553631368
554 0.9051707553631368
555 0.9051707553631368
556 0.9051707553631368
557 0.9051707553631368
558 0.9051707553631368
559 0.9051707553631368
560 0.9051707553631368
561 0.9051707553631368
562 0.9051707553631368
563 0.9051707553631368
564 0.9051707553631368
565 0.9051707553631368
566 0.9051707553631368
567 0.9051707553631368
568 0.9051707553631368
569 0.9051707553631368
570 0.9051707553631368
571 0.9051707553631368
572 0.9051707553631368
573 0.9051707553631368
574 0.9051707553631368
575 0.9051707553631368
576 0.9051707553631368
577 0.9051707553631368
578 0.9051707553631368
579 0.9051707553631368
580 0.9051707553631368
581 0.9051707553631368
582 0.9051707553631368
583 0.9051707553631368
584 0.9051707553631368
585 0.9051707553631368
586 0.9051707553631368
587 0.9051707553631368
588 0.9051707553631368
589 0.9051707553631368
590 0.9051707553631368
591 0.9051707553631368
592 0.9051707553631368
593 0.9051707553631368
594 0.9051707553631368
595 0.9051707553631368
596 0.9051707553631368
597 0.9051707553631368
598 0.9051707553631368
599 0.9051707553631368
600 0.9051707553631368
601 0.9051707553631368
602 0.9051707553631368
603 0.9051707553631368
604 0.9051707553631368
605 0.9051707553631368
606 0.9051707553631368
607 0.9051707553631368
608 0.9051707553631368
609 0.9051707553631368
610 0.9051707553631368
611 0.9051707553631368
612 0.9051707553631368
613 0.9051707553631368
614 0.9051707553631368
615 0.9051707553631368
616 0.9051707553631368
617 0.9051707553631368
618 0.9051707553631368
619 0.9051707553631368
620 0.9051707553631368
621 0.9051707553631368
622 0.9051707553631368
623 0.9051707553631368
624 0.9051707553631368
625 0.9051707553631368
626 0.9051707553631368
627 0.9051707553631368
628 0.9051707553631368
629 0.9051707553631368
630 0.9051707553631368
631 0.9051707553631368
632 0.9051707553631368
633 0.9051707553631368
634 0.9051707553631368
635 0.9051707553631368
636 0.9051707553631368
637 0.9051707553631368
638 0.9051707553631368
639 0.9051707553631368
640 0.9051707553631368
641 0.9051707553631368
642 0.9051707553631368
643 0.9051707553631368
644 0.9051707553631368
645 0.9051707553631368
646 0.9051707553631368
647 0.9051707553631368
648 0.9051707553631368
649 0.9051707553631368
650 0.9051707553631368
651 0.9051707553631368
652 0.9051707553631368
653 0.9051707553631368
654 0.9051707553631368
655 0.9051707553631368
656 0.9051707553631368
657 0.9051707553631368
658 0.9051707553631368
659 0.9051707553631368
660 0.9051707553631368
661 0.9051707553631368
662 0.9051707553631368
663 0.9051707553631368
664 0.9051707553631368
665 0.9051707553631368
666 0.9051707553631368
667 0.9051707553631368
668 0.9051707553631368
669 0.9051707553631368
670 0.9051707553631368
671 0.9051707553631368
672 0.9051707553631368
673 0.9051707553631368
674 0.9051707553631368
675 0.9051707553631368
676 0.9051707553631368
677 0.9051707553631368
678 0.9051707553631368
679 0.9051707553631368
680 0.9051707553631368
681 0.9051707553631368
682 0.9051707553631368
683 0.9051707553631368
684 0.9051707553631368
685 0.9051707553631368
686 0.9051707553631368
687 0.9051707553631368
688 0.9051707553631368
689 0.9051707553631368
690 0.9051707553631368
691 0.9051707553631368
692 0.9051707553631368
693 0.9051707553631368
694 0.9051707553631368
695 0.9051707553631368
696 0.9051707553631368
697 0.9051707553631368
698 0.9051707553631368
699 0.9051707553631368
700 0.9051707553631368
701 0.9051707553631368
702 0.9051707553631368
703 0.9051707553631368
704 0.9051707553631368
705 0.9051707553631368
706 0.9051707553631368
707 0.9051707553631368
708 0.9051707553631368
709 0.9051707553631368
710 0.9051707553631368
711 0.9051707553631368
712 0.9051707553631368
713 0.9051707553631368
714 0.9051707553631368
715 0.9051707553631368
716 0.9051707553631368
717 0.9051707553631368
718 0.9051707553631368
719 0.9051707553631368
720 0.9051707553631368
721 0.9051707553631368
722 0.9051707553631368
723 0.9051707553631368
724 0.9051707553631368
725 0.9051707553631368
726 0.9051707553631368
727 0.9051707553631368
728 0.9051707553631368
729 0.9051707553631368
730 0.9051707553631368
731 0.9051707553631368
732 0.9051707553631368
733 0.9051707553631368
734 0.9051707553631368
735 0.9051707553631368
736 0.9051707553631368
737 0.9051707553631368
738 0.9051707553631368
739 0.9051707553631368
740 0.9051707553631368
741 0.9051707553631368
742 0.9051707553631368
743 0.9051707553631368
744 0.9051707553631368
745 0.9051707553631368
746 0.9051707553631368
747 0.9051707553631368
748 0.9051707553631368
749 0.9051707553631368
750 0.9051707553631368
751 0.9051707553631368
752 0.9051707553631368
753 0.9051707553631368
754 0.9051707553631368
755 0.9051707553631368
756 0.9051707553631368
757 0.9051707553631368
758 0.9051707553631368
759 0.9051707553631368
760 0.9051707553631368
761 0.9051707553631368
762 0.9051707553631368
763 0.9051707553631368
764 0.9051707553631368
765 0.9051707553631368
766 0.9051707553631368
767 0.9051707553631368
768 0.9051707553631368
769 0.9051707553631368
770 0.9051707553631368
771 0.9051707553631368
772 0.9051707553631368
773 0.9051707553631368
774 0.9051707553631368
775 0.9051707553631368
776 0.9051707553631368
777 0.9051707553631368
778 0.9051707553631368
779 0.9051707553631368
780 0.9051707553631368
781 0.9051707553631368
782 0.9051707553631368
783 0.9051707553631368
784 0.9051816256135375
785 0.9051816256135375
786 0.9051816256135375
787 0.9051816256135375
788 0.9051816256135375
789 0.9051816256135375
790 0.9051816256135375
791 0.9051816256135375
792 0.9051816256135375
793 0.9051816256135375
794 0.9051816256135375
795 0.9051816256135375
796 0.9051816256135375
797 0.9051816256135375
798 0.9051816256135375
799 0.9051816256135375
800 0.9051816256135375
801 0.9051816256135375
802 0.9051816256135375
803 0.9051816256135375
804 0.9051816256135375
805 0.9051816256135375
806 0.9051816256135375
807 0.9051816256135375
808 0.9051816256135375
809 0.9051816256135375
810 0.9051816256135375
811 0.9051816256135375
812 0.9051816256135375
813 0.9051816256135375
814 0.9051816256135375
815 0.9051816256135375
816 0.9051816256135375
817 0.9051816256135375
818 0.9051816256135375
819 0.9051816256135375
820 0.9051816256135375
821 0.9051816256135375
822 0.9051816256135375
823 0.9051816256135375
824 0.9051816256135375
825 0.9051816256135375
826 0.9051816256135375
827 0.9051816256135375
828 0.9051816256135375
829 0.9051816256135375
830 0.9051816256135375
831 0.9051816256135375
832 0.9051816256135375
833 0.9051816256135375
834 0.9051816256135375
835 0.9051816256135375
836 0.9051816256135375
837 0.9051816256135375
838 0.9051816256135375
839 0.9051816256135375
840 0.9051816256135375
841 0.9051816256135375
842 0.9051816256135375
843 0.9051816256135375
844 0.9051816256135375
845 0.9051816256135375
846 0.9051816256135375
847 0.9051816256135375
848 0.9051816256135375
849 0.9051816256135375
850 0.9051816256135375
851 0.9051816256135375
852 0.9051816256135375
853 0.9051816256135375
854 0.9051816256135375
855 0.9051816256135375
856 0.9051816256135375
857 0.9051816256135375
858 0.9051816256135375
859 0.9051816256135375
860 0.9051816256135375
861 0.9051816256135375
862 0.9051816256135375
863 0.9051816256135375
864 0.9051816256135375
865 0.9051816256135375
866 0.9051816256135375
867 0.9051816256135375
868 0.9051816256135375
869 0.9051816256135375
870 0.9051816256135375
871 0.9051816256135375
872 0.9051816256135375
873 0.9051816256135375
874 0.9051816256135375
875 0.9051816256135375
876 0.9051816256135375
877 0.9051816256135375
878 0.9051816256135375
879 0.9051816256135375
880 0.9051816256135375
881 0.9051816256135375
882 0.9051816256135375
883 0.9051816256135375
884 0.9051816256135375
885 0.9051816256135375
886 0.9051816256135375
887 0.9051816256135375
888 0.9051816256135375
889 0.9051816256135375
890 0.9051816256135375
891 0.9051816256135375
892 0.9051816256135375
893 0.9051816256135375
894 0.9051816256135375
895 0.9051816256135375
896 0.9051816256135375
897 0.9051816256135375
898 0.9051816256135375
899 0.9051816256135375
900 0.9051816256135375
901 0.9051816256135375
902 0.9051816256135375
903 0.9051816256135375
904 0.9051816256135375
905 0.9051816256135375
906 0.9051816256135375
907 0.9051816256135375
908 0.9051816256135375
909 0.9051816256135375
910 0.9051816256135375
911 0.9051816256135375
912 0.9051816256135375
913 0.9051816256135375
914 0.9051816256135375
915 0.9051816256135375
916 0.9051816256135375
917 0.9051816256135375
918 0.9051816256135375
919 0.9051816256135375
920 0.9051816256135375
921 0.9051816256135375
922 0.9051816256135375
923 0.9051816256135375
924 0.9051816256135375
925 0.9051816256135375
926 0.9051816256135375
927 0.9051816256135375
928 0.9051816256135375
929 0.9051816256135375
930 0.9051816256135375
931 0.9051816256135375
932 0.9051816256135375
933 0.9051816256135375
934 0.9051816256135375
935 0.9051816256135375
936 0.9051816256135375
937 0.9051816256135375
938 0.9051816256135375
939 0.9051816256135375
940 0.9051816256135375
941 0.9051816256135375
942 0.9051816256135375
943 0.9051816256135375
944 0.9051816256135375
945 0.9051816256135375
946 0.9051816256135375
947 0.9051816256135375
948 0.9051816256135375
949 0.9051816256135375
950 0.9051816256135375
951 0.9051816256135375
952 0.9051816256135375
953 0.9051816256135375
954 0.9051816256135375
955 0.9051816256135375
956 0.9051816256135375
957 0.9051816256135375
958 0.9051816256135375
959 0.9051816256135375
960 0.9051816256135375
961 0.9051816256135375
962 0.9051816256135375
963 0.9051816256135375
964 0.9051816256135375
965 0.9051816256135375
966 0.9051816256135375
967 0.9051816256135375
968 0.9051816256135375
969 0.9051816256135375
970 0.9051816256135375
971 0.9051816256135375
972 0.9051816256135375
973 0.9051816256135375
974 0.9051816256135375
975 0.9051816256135375
976 0.9051816256135375
977 0.9051816256135375
978 0.9051816256135375
979 0.9051816256135375
980 0.9051816256135375
981 0.9051816256135375
982 0.9051816256135375
983 0.9051816256135375
984 0.9051816256135375
985 0.9051816256135375
986 0.9051816256135375
987 0.9051816256135375
988 0.9051816256135375
989 0.9051816256135375
990 0.9051816256135375
991 0.9051816256135375
992 0.9051816256135375
993 0.9051816256135375
994 0.9051816256135375
995 0.9051816256135375
996 0.9051816256135375
997 0.9051816256135375
998 0.9051816256135375
999 0.9051816256135375
