0 0.683273173832346
1 0.683273173832346
2 0.683273173832346
3 0.683273173832346
4 0.683273173832346
5 0.683273173832346
6 0.683273173832346
7 0.683273173832346
8 0.683273173832346
9 0.683273173832346
10 0.683273173832346
11 0.683273173832346
12 0.683273173832346
13 0.683273173832346
14 0.7280690526652529
15 0.7280690526652529
16 0.7280690526652529
17 0.7280690526652529
18 0.7280690526652529
19 0.7280690526652529
20 0.7280690526652529
21 0.7280690526652529
22 0.7280690526652529
23 0.7280690526652529
24 0.7280690526652529
25 0.7280690526652529
26 0.7280690526652529
27 0.7280690526652529
28 0.7280690526652529
29 0.7280690526652529
30 0.7280690526652529
31 0.7280690526652529
32 0.7280690526652529
33 0.7280690526652529
34 0.7280690526652529
35 0.7280690526652529
36 0.7280690526652529
37 0.7280690526652529
38 0.7280690526652529
39 0.7280690526652529
40 0.7280690526652529
41 0.7280690526652529
42 0.7280690526652529
43 0.7280690526652529
44 0.7280690526652529
45 0.7280690526652529
46 0.7280690526652529
47 0.7280690526652529
48 0.7280690526652529
49 0.7280690526652529
50 0.7280690526652529
51 0.7280690526652529
52 0.7280690526652529
53 0.7280690526652529
54 0.7280690526652529
55 0.7280690526652529
56 0.7280690526652529
57 0.7280690526652529
58 0.7280690526652529
59 0.7280690526652529
60 0.7280690526652529
61 0.7280690526652529
62 0.7280690526652529
63 0.7280690526652529
64 0.7280690526652529
65 0.7280690526652529
66 0.7280690526652529
67 0.7280690526652529
68 0.7280690526652529
69 0.7280690526652529
70 0.7280690526652529
71 0.7280690526652529
72 0.7280690526652529
73 0.7280690526652529
74 0.7280690526652529
75 0.7280690526652529
76 0.7280690526652529
77 0.7280690526652529
78 0.7280690526652529
79 0.7280690526652529
80 0.7280690526652529
81 0.7280690526652529
82 0.7280690526652529
83 0.7280690526652529
84 0.7280690526652529
85 0.7280690526652529
86 0.7280690526652529
87 0.7280690526652529
88 0.7280690526652529
89 0.7280690526652529
90 0.7280690526652529
91 0.7280690526652529
92 0.7280690526652529
93 0.7280690526652529
94 0.7280690526652529
95 0.7280690526652529
96 0.7280690526652529
97 0.7280690526652529
98 0.7280690526652529
99 0.7280690526652529
100 0.7280690526652529
101 0.7280690526652529
102 0.7280690526652529
103 0.7280690526652529
104 0.7280690526652529
105 0.7280690526652529
106 0.7280690526652529
107 0.7280690526652529
108 0.7280690526652529
109 0.7280690526652529
110 0.7280690526652529
111 0.7280690526652529
112 0.7280690526652529
113 0.7280690526652529
114 0.7280690526652529
115 0.7280690526652529
116 0.7280690526652529
117 0.7280690526652529
118 0.7280690526652529
119 0.7280690526652529
120 0.7280690526652529
121 0.7280690526652529
122 0.7280690526652529
123 0.7280690526652529
124 0.7280690526652529
125 0.7280690526652529
126 0.7280690526652529
127 0.7280690526652529
128 0.7280690526652529
129 0.7280690526652529
130 0.7280690526652529
131 0.7280690526652529
132 0.7280690526652529
133 0.7280690526652529
134 0.7280690526652529
135 0.7280690526652529
136 0.7280690526652529
137 0.7280690526652529
138 0.7280690526652529
139 0.7280690526652529
140 0.7280690526652529
141 0.7280690526652529
142 0.7280690526652529
143 0.7280690526652529
144 0.7280690526652529
145 0.7280690526652529
146 0.7280690526652529
147 0.7280690526652529
148 0.7280690526652529
149 0.7280690526652529
150 0.7280690526652529
151 0.7280690526652529
152 0.7280690526652529
153 0.7280690526652529
154 0.7280690526652529
155 0.7280690526652529
156 0.7280690526652529
157 0.7280690526652529
158 0.7280690526652529
159 0.7280690526652529
160 0.7280690526652529
161 0.7280690526652529
162 0.7280690526652529
163 0.7280690526652529
164 0.7280690526652529
165 0.7280690526652529
166 0.7280690526652529
167 0.7280690526652529
168 0.7280690526652529
169 0.7280690526652529
170 0.7280690526652529
171 0.7280690526652529
172 0.7280690526652529
173 0.7280690526652529
174 0.7280690526652529
175 0.7280690526652529
176 0.7280690526652529
177 0.7280690526652529
178 0.7280690526652529
179 0.7280690526652529
180 0.7280690526652529
181 0.7280690526652529
182 0.7280690526652529
183 0.7280690526652529
184 0.7280690526652529
185 0.7280690526652529
186 0.7280690526652529
187 0.7280690526652529
188 0.7280690526652529
189 0.7280690526652529
190 0.7280690526652529
191 0.7280690526652529
192 0.7280690526652529
193 0.7280690526652529
194 0.7280690526652529
195 0.7280690526652529
196 0.7280690526652529
197 0.7280690526652529
198 0.7280690526652529
199 0.7280690526652529
200 0.7280690526652529
201 0.7280690526652529
202 0.7280690526652529
203 0.7280690526652529
204 0.7280690526652529
205 0.7280690526652529
206 0.7280690526652529
207 0.7280690526652529
208 0.7280690526652529
209 0.7280690526652529
210 0.7280690526652529
211 0.7280690526652529
212 0.7280690526652529
213 0.7280690526652529
214 0.7280690526652529
215 0.7280690526652529
216 0.7280690526652529
217 0.7280690526652529
218 0.7280690526652529
219 0.7280690526652529
220 0.7280690526652529
221 0.7280690526652529
222 0.7280690526652529
223 0.7280690526652529
224 0.7280690526652529
225 0.7280690526652529
226 0.7280690526652529
227 0.7280690526652529
228 0.7280690526652529
229 0.7280690526652529
230 0.7280690526652529
231 0.7280690526652529
232 0.7280690526652529
233 0.7280690526652529
234 0.7280690526652529
235 0.7280690526652529
236 0.7280690526652529
237 0.7280690526652529
238 0.7280690526652529
239 0.7280690526652529
240 0.7280690526652529
241 0.7280690526652529
242 0.7280690526652529
243 0.7280690526652529
244 0.7280690526652529
245 0.7280690526652529
246 0.7280690526652529
247 0.7280690526652529
248 0.7280690526652529
249 0.7280690526652529
250 0.7280690526652529
251 0.7280690526652529
252 0.7280690526652529
253 0.7280690526652529
254 0.7280690526652529
255 0.7280690526652529
256 0.7280690526652529
257 0.7280690526652529
258 0.7280690526652529
259 0.7280690526652529
260 0.7280690526652529
261 0.7280690526652529
262 0.7280690526652529
263 0.7280690526652529
264 0.7280690526652529
265 0.7280690526652529
266 0.7280690526652529
267 0.7280690526652529
268 0.7280690526652529
269 0.7280690526652529
270 0.7280690526652529
271 0.7280690526652529
272 0.7280690526652529
273 0.7280690526652529
274 0.7280690526652529
275 0.7280690526652529
276 0.7280690526652529
277 0.7280690526652529
278 0.7280690526652529
279 0.7280690526652529
280 0.7280690526652529
281 0.7280690526652529
282 0.7280690526652529
283 0.7280690526652529
284 0.7280690526652529
285 0.7280690526652529
286 0.7280690526652529
287 0.7280690526652529
288 0.7280690526652529
289 0.7280690526652529
290 0.7280690526652529
291 0.7280690526652529
292 0.7280690526652529
293 0.7280690526652529
294 0.7280690526652529
295 0.7280690526652529
296 0.7280690526652529
297 0.7280690526652529
298 0.7280690526652529
299 0.7280690526652529
300 0.7280690526652529
301 0.7280690526652529
302 0.7280690526652529
303 0.7280690526652529
304 0.7280690526652529
305 0.7280690526652529
306 0.7280690526652529
307 0.7280690526652529
308 0.7280690526652529
309 0.7280690526652529
310 0.7280690526652529
311 0.7280690526652529
312 0.7280690526652529
313 0.7280690526652529
314 0.7280690526652529
315 0.7280690526652529
316 0.7280690526652529
317 0.7280690526652529
318 0.7280690526652529
319 0.7280690526652529
320 0.7280690526652529
321 0.7280690526652529
322 0.7280690526652529
323 0.7280690526652529
324 0.7280690526652529
325 0.7280690526652529
326 0.7280690526652529
327 0.7280690526652529
328 0.7280690526652529
329 0.7280690526652529
330 0.7280690526652529
331 0.7280690526652529
332 0.7280690526652529
333 0.7280690526652529
334 0.7280690526652529
335 0.7280690526652529
336 0.7280690526652529
337 0.7280690526652529
338 0.7280690526652529
339 0.7280690526652529
340 0.7280690526652529
341 0.7280690526652529
342 0.7280690526652529
343 0.7280690526652529
344 0.7280690526652529
345 0.7280690526652529
346 0.7280690526652529
347 0.7280690526652529
348 0.7280690526652529
349 0.7280690526652529
350 0.7280690526652529
351 0.7280690526652529
352 0.7280690526652529
353 0.7280690526652529
354 0.7280690526652529
355 0.7280690526652529
356 0.7280690526652529
357 0.7280690526652529
358 0.7280690526652529
359 0.7280690526652529
360 0.7280690526652529
361 0.7280690526652529
362 0.7280690526652529
363 0.7280690526652529
364 0.7280690526652529
365 0.7280690526652529
366 0.7280690526652529
367 0.7280690526652529
368 0.7280690526652529
369 0.7280690526652529
370 0.7280690526652529
371 0.7280690526652529
372 0.7280690526652529
373 0.7280690526652529
374 0.7280690526652529
375 0.7280690526652529
376 0.7280690526652529
377 0.7280690526652529
378 0.7280690526652529
379 0.7280690526652529
380 0.7280690526652529
381 0.7280690526652529
382 0.7280690526652529
383 0.7280690526652529
384 0.7280690526652529
385 0.7280690526652529
386 0.7280690526652529
387 0.7280690526652529
388 0.7280690526652529
389 0.7280690526652529
390 0.7280690526652529
391 0.7280690526652529
392 0.7280690526652529
393 0.7280690526652529
394 0.7280690526652529
395 0.7280690526652529
396 0.7280690526652529
397 0.7280690526652529
398 0.7280690526652529
399 0.7280690526652529
400 0.7280690526652529
401 0.7280690526652529
402 0.8059012770317111
403 0.8059012770317111
404 0.8059012770317111
405 0.8059012770317111
406 0.8059012770317111
407 0.8059012770317111
408 0.8059012770317111
409 0.8059012770317111
410 0.8059012770317111
411 0.8059012770317111
412 0.8059012770317111
413 0.8059012770317111
414 0.8059012770317111
415 0.8059012770317111
416 0.8059012770317111
417 0.8059012770317111
418 0.8059012770317111
419 0.8059012770317111
420 0.8059012770317111
421 0.8059012770317111
422 0.8059012770317111
423 0.8059012770317111
424 0.8059012770317111
425 0.8059012770317111
426 0.8059012770317111
427 0.8059012770317111
428 0.8059012770317111
429 0.8059012770317111
430 0.8059012770317111
431 0.8059012770317111
432 0.8059012770317111
433 0.8059012770317111
434 0.8059012770317111
435 0.8059012770317111
436 0.8059012770317111
437 0.8059012770317111
438 0.8059012770317111
439 0.8059012770317111
440 0.8059012770317111
441 0.8059012770317111
442 0.8059012770317111
443 0.8059012770317111
444 0.8059012770317111
445 0.8059012770317111
446 0.8059012770317111
447 0.8059012770317111
448 0.8059012770317111
449 0.8059012770317111
450 0.8059012770317111
451 0.8059012770317111
452 0.8059012770317111
453 0.8059012770317111
454 0.8059012770317111
455 0.8059012770317111
456 0.8059012770317111
457 0.8059012770317111
458 0.8059012770317111
459 0.8059012770317111
460 0.8059012770317111
461 0.8059012770317111
462 0.8059012770317111
463 0.8059012770317111
464 0.8059012770317111
465 0.8059012770317111
466 0.8059012770317111
467 0.8059012770317111
468 0.8059012770317111
469 0.8059012770317111
470 0.8059012770317111
471 0.8059012770317111
472 0.8059012770317111
473 0.8059012770317111
474 0.8059012770317111
475 0.8059012770317111
476 0.8059012770317111
477 0.8059012770317111
478 0.8059012770317111
479 0.8059012770317111
480 0.8059012770317111
481 0.8059012770317111
482 0.8059012770317111
483 0.8059012770317111
484 0.8059012770317111
485 0.8059012770317111
486 0.8059012770317111
487 0.8059012770317111
488 0.8059012770317111
489 0.8059012770317111
490 0.8059012770317111
491 0.8059012770317111
492 0.8059012770317111
493 0.8059012770317111
494 0.8059012770317111
495 0.8059012770317111
496 0.8059012770317111
497 0.8059012770317111
498 0.8059012770317111
499 0.8059012770317111
500 0.8059012770317111
501 0.8059012770317111
502 0.8059012770317111
503 0.8059012770317111
504 0.8059012770317111
505 0.8059012770317111
506 0.8059012770317111
507 0.8059012770317111
508 0.8059012770317111
509 0.8059012770317111
510 0.8059012770317111
511 0.8059012770317111
512 0.8059012770317111
513 0.8059012770317111
514 0.8059012770317111
515 0.8059012770317111
516 0.8059012770317111
517 0.8059012770317111
518 0.8059012770317111
519 0.8059012770317111
520 0.8059012770317111
521 0.8059012770317111
522 0.8059012770317111
523 0.8059012770317111
524 0.8059012770317111
525 0.8059012770317111
526 0.8059012770317111
527 0.8059012770317111
528 0.8059012770317111
529 0.8059012770317111
530 0.8059012770317111
531 0.8059012770317111
532 0.8059012770317111
533 0.8059012770317111
534 0.8059012770317111
535 0.8059012770317111
536 0.8059012770317111
537 0.8059012770317111
538 0.8059012770317111
539 0.8059012770317111
540 0.8059012770317111
541 0.8059012770317111
542 0.8059012770317111
543 0.8059012770317111
544 0.8059012770317111
545 0.8059012770317111
546 0.8059012770317111
547 0.8059012770317111
548 0.8059012770317111
549 0.8059012770317111
550 0.8059012770317111
551 0.8059012770317111
552 0.8059012770317111
553 0.8059012770317111
554 0.8059012770317111
555 0.8059012770317111
556 0.8059012770317111
557 0.8059012770317111
558 0.8059012770317111
559 0.8059012770317111
560 0.8059012770317111
561 0.8059012770317111
562 0.8059012770317111
563 0.8059012770317111
564 0.8059012770317111
565 0.8059012770317111
566 0.8059012770317111
567 0.8059012770317111
568 0.8059012770317111
569 0.8059012770317111
570 0.8059012770317111
571 0.8059012770317111
572 0.8059012770317111
573 0.8059012770317111
574 0.8059012770317111
575 0.8059012770317111
576 0.8059012770317111
577 0.8059012770317111
578 0.8059012770317111
579 0.8059012770317111
580 0.8059012770317111
581 0.8059012770317111
582 0.8059012770317111
583 0.8059012770317111
584 0.8059012770317111
585 0.8059012770317111
586 0.8059012770317111
587 0.8059012770317111
588 0.8059012770317111
589 0.8059012770317111
590 0.8059012770317111
591 0.8059012770317111
592 0.8059012770317111
593 0.8059012770317111
594 0.8059012770317111
595 0.8059012770317111
596 0.8059012770317111
597 0.8059012770317111
598 0.8059012770317111
599 0.8059012770317111
600 0.8059012770317111
601 0.8059012770317111
602 0.8059012770317111
603 0.8059012770317111
604 0.8059012770317111
605 0.8059012770317111
606 0.8059012770317111
607 0.8059012770317111
608 0.8059012770317111
609 0.8059012770317111
610 0.8059012770317111
611 0.8059012770317111
612 0.8059012770317111
613 0.8059012770317111
614 0.8059012770317111
615 0.8059012770317111
616 0.8059012770317111
617 0.8059012770317111
618 0.8059012770317111
619 0.8059012770317111
620 0.8059012770317111
621 0.8059012770317111
622 0.8059012770317111
623 0.8059012770317111
624 0.8059012770317111
625 0.8059012770317111
626 0.8059012770317111
627 0.8059012770317111
628 0.8059012770317111
629 0.8059012770317111
630 0.8059012770317111
631 0.8059012770317111
632 0.8059012770317111
633 0.8059012770317111
634 0.8059012770317111
635 0.8059012770317111
636 0.8059012770317111
637 0.8059012770317111
638 0.8059012770317111
639 0.8059012770317111
640 0.8059012770317111
641 0.8059012770317111
642 0.8059012770317111
643 0.8059012770317111
644 0.8059012770317111
645 0.8059012770317111
646 0.8059012770317111
647 0.8059012770317111
648 0.8059012770317111
649 0.8059012770317111
650 0.8059012770317111
651 0.8059012770317111
652 0.8059012770317111
653 0.8059012770317111
654 0.8059012770317111
655 0.82816687482511
656 0.82816687482511
657 0.82816687482511
658 0.82816687482511
659 0.82816687482511
660 0.82816687482511
661 0.82816687482511
662 0.82816687482511
663 0.82816687482511
664 0.82816687482511
665 0.82816687482511
666 0.82816687482511
667 0.82816687482511
668 0.82816687482511
669 0.82816687482511
670 0.82816687482511
671 0.82816687482511
672 0.82816687482511
673 0.82816687482511
674 0.82816687482511
675 0.82816687482511
676 0.82816687482511
677 0.82816687482511
678 0.82816687482511
679 0.82816687482511
680 0.82816687482511
681 0.82816687482511
682 0.82816687482511
683 0.82816687482511
684 0.82816687482511
685 0.82816687482511
686 0.82816687482511
687 0.82816687482511
688 0.82816687482511
689 0.82816687482511
690 0.82816687482511
691 0.82816687482511
692 0.82816687482511
693 0.8592726378056568
694 0.8592726378056568
695 0.8592726378056568
696 0.8592726378056568
697 0.8592726378056568
698 0.8592726378056568
699 0.8592726378056568
700 0.8855273303185003
701 0.8855273303185003
702 0.8855273303185003
703 0.8855273303185003
704 0.8855273303185003
705 0.8855273303185003
706 0.8855273303185003
707 0.8855273303185003
708 0.8855273303185003
709 0.8855273303185003
710 0.8855273303185003
711 0.8855273303185003
712 0.8855273303185003
713 0.8855273303185003
714 0.8855273303185003
715 0.8855273303185003
716 0.8855273303185003
717 0.8855273303185003
718 0.8855273303185003
719 0.8855273303185003
720 0.8855273303185003
721 0.8855273303185003
722 0.8855273303185003
723 0.8855273303185003
724 0.8855273303185003
725 0.8855273303185003
726 0.8855273303185003
727 0.8855273303185003
728 0.8855273303185003
729 0.8855273303185003
730 0.8855273303185003
731 0.8855273303185003
732 0.8855273303185003
733 0.8855273303185003
734 0.8855273303185003
735 0.8855273303185003
736 0.8855273303185003
737 0.8855273303185003
738 0.8855273303185003
739 0.8855273303185003
740 0.8855273303185003
741 0.8855273303185003
742 0.8855273303185003
743 0.8855273303185003
744 0.8855273303185003
745 0.8855273303185003
746 0.8855273303185003
747 0.8855273303185003
748 0.8855273303185003
749 0.8855273303185003
750 0.8855273303185003
751 0.8855273303185003
752 0.8855273303185003
753 0.8855273303185003
754 0.8855273303185003
755 0.8855273303185003
756 0.8855273303185003
757 0.8855273303185003
758 0.8855273303185003
759 0.8855273303185003
760 0.8855273303185003
761 0.8855273303185003
762 0.8855273303185003
763 0.8855273303185003
764 0.8855273303185003
765 0.8855273303185003
766 0.8855273303185003
767 0.8855273303185003
768 0.8855273303185003
769 0.8855273303185003
770 0.8855273303185003
771 0.8855273303185003
772 0.8855273303185003
773 0.8855273303185003
774 0.8855273303185003
775 0.8855273303185003
776 0.8855273303185003
777 0.8855273303185003
778 0.8855273303185003
779 0.8855273303185003
780 0.8855273303185003
781 0.8855273303185003
782 0.8855273303185003
783 0.8855273303185003
784 0.8855273303185003
785 0.8855273303185003
786 0.8855273303185003
787 0.8855273303185003
788 0.8855273303185003
789 0.8855273303185003
790 0.8855273303185003
791 0.8855273303185003
792 0.8855273303185003
793 0.8855273303185003
794 0.8855273303185003
795 0.8855273303185003
796 0.8855273303185003
797 0.8855273303185003
798 0.8855273303185003
799 0.8855273303185003
800 0.8855273303185003
801 0.8855273303185003
802 0.8855273303185003
803 0.8855273303185003
804 0.8855273303185003
805 0.8855273303185003
806 0.8855273303185003
807 0.8855273303185003
808 0.8855273303185003
809 0.8855273303185003
810 0.8855273303185003
811 0.8855273303185003
812 0.8855273303185003
813 0.8855273303185003
814 0.8855273303185003
815 0.8855273303185003
816 0.8855273303185003
817 0.8855273303185003
818 0.8855273303185003
819 0.8855273303185003
820 0.8855273303185003
821 0.8855273303185003
822 0.8855273303185003
823 0.8855273303185003
824 0.8855273303185003
825 0.8855273303185003
826 0.8855273303185003
827 0.8855273303185003
828 0.8855273303185003
829 0.8855273303185003
830 0.8855273303185003
831 0.8855273303185003
832 0.8855273303185003
833 0.8855273303185003
834 0.8855273303185003
835 0.8855273303185003
836 0.8855273303185003
837 0.8855273303185003
838 0.8855273303185003
839 0.8855273303185003
840 0.8855273303185003
841 0.8855273303185003
842 0.8855273303185003
843 0.8855273303185003
844 0.8855273303185003
845 0.8855273303185003
846 0.8855273303185003
847 0.8855273303185003
848 0.8855273303185003
849 0.8855273303185003
850 0.8855273303185003
851 0.8855273303185003
852 0.8855273303185003
853 0.8855273303185003
854 0.8855273303185003
855 0.8855273303185003
856 0.8855273303185003
857 0.8855273303185003
858 0.8855273303185003
859 0.8855273303185003
860 0.8855273303185003
861 0.8855273303185003
862 0.8855273303185003
863 0.8855273303185003
864 0.8855273303185003
865 0.8855273303185003
866 0.8855273303185003
867 0.8855273303185003
868 0.8855273303185003
869 0.8855273303185003
870 0.8855273303185003
871 0.8855273303185003
872 0.8855273303185003
873 0.8855273303185003
874 0.8855273303185003
875 0.8855273303185003
876 0.8855273303185003
877 0.8855273303185003
878 0.8855273303185003
879 0.8855273303185003
880 0.8855273303185003
881 0.8855273303185003
882 0.8855273303185003
883 0.8855273303185003
884 0.8855273303185003
885 0.8855273303185003
886 0.8855273303185003
887 0.8855273303185003
888 0.8855273303185003
889 0.8855273303185003
890 0.8855273303185003
891 0.8855273303185003
892 0.8855273303185003
893 0.8855273303185003
894 0.8855273303185003
895 0.8855273303185003
896 0.8855273303185003
897 0.8855273303185003
898 0.8855273303185003
899 0.8855273303185003
900 0.8855273303185003
901 0.8855273303185003
902 0.8855273303185003
903 0.8855273303185003
904 0.8855273303185003
905 0.8855273303185003
906 0.8855273303185003
907 0.8855273303185003
908 0.8855273303185003
909 0.8855273303185003
910 0.8855273303185003
911 0.8855273303185003
912 0.8855273303185003
913 0.8855273303185003
914 0.8855273303185003
915 0.8855273303185003
916 0.8855273303185003
917 0.8855273303185003
918 0.8855273303185003
919 0.8855273303185003
920 0.8855273303185003
921 0.8855273303185003
922 0.8855273303185003
923 0.8855273303185003
924 0.8855273303185003
925 0.8855273303185003
926 0.9083393149199586
927 0.9083393149199586
928 0.9083393149199586
929 0.9083393149199586
930 0.9083393149199586
931 0.9083393149199586
932 0.9083393149199586
933 0.9083393149199586
934 0.9083393149199586
935 0.9083393149199586
936 0.9083393149199586
937 0.9083393149199586
938 0.9083393149199586
939 0.9083393149199586
940 0.9083393149199586
941 0.9083393149199586
942 0.9083393149199586
943 0.9083393149199586
944 0.9083393149199586
945 0.9083393149199586
946 0.9083393149199586
947 0.9083393149199586
948 0.9083393149199586
949 0.9083393149199586
950 0.9083393149199586
951 0.9083393149199586
952 0.9083393149199586
953 0.9083393149199586
954 0.9083393149199586
955 0.9083393149199586
956 0.9083393149199586
957 0.9083393149199586
958 0.9083393149199586
959 0.9083393149199586
960 0.9083393149199586
961 0.9083393149199586
962 0.9083393149199586
963 0.9083393149199586
964 0.9083393149199586
965 0.9083393149199586
966 0.9083393149199586
967 0.9083393149199586
968 0.9083393149199586
969 0.9083393149199586
970 0.9083393149199586
971 0.9083393149199586
972 0.9083393149199586
973 0.9083393149199586
974 0.9083393149199586
975 0.9083393149199586
976 0.9083393149199586
977 0.9083393149199586
978 0.9083393149199586
979 0.9083393149199586
980 0.9083393149199586
981 0.9083393149199586
982 0.9083393149199586
983 0.9083393149199586
984 0.9083393149199586
985 0.9083393149199586
986 0.9083393149199586
987 0.9083393149199586
988 0.9083393149199586
989 0.9083393149199586
990 0.9083393149199586
991 0.9083393149199586
992 0.9083393149199586
993 0.9083393149199586
994 0.9083393149199586
995 0.9083393149199586
996 0.9083393149199586
997 0.9083393149199586
998 0.9083393149199586
999 0.9083393149199586
