0 0.6905554109535386
1 0.6905554109535386
2 0.6920316411087047
3 0.6926825672846821
4 0.6926825672846821
5 0.6930480108836284
6 0.6930480108836284
7 0.6930480108836284
8 0.6941186547495626
9 0.6941186547495626
10 0.6941186547495626
11 0.6941186547495626
12 0.6941186547495626
13 0.6941186547495626
14 0.6941186547495626
15 0.6941186547495626
16 0.6941186547495626
17 0.6941186547495626
18 0.6941186547495626
19 0.6941186547495626
20 0.6941201257665083
21 0.6941201257665083
22 0.6941201257665083
23 0.6941201257665083
24 0.6941201257665083
25 0.6941201257665083
26 0.6941201257665083
27 0.6941201257665083
28 0.6941201257665083
29 0.6941201257665083
30 0.6941201257665083
31 0.6941201257665083
32 0.6941201257665083
33 0.6941201257665083
34 0.6941201257665083
35 0.6941201257665083
36 0.6941201257665083
37 0.6941201257665083
38 0.6941201257665083
39 0.6941201257665083
40 0.6941201257665083
41 0.6941201257665083
42 0.694120127943929
43 0.694120127943929
44 0.694120127943929
45 0.694120127943929
46 0.694120127943929
47 0.694120127943929
48 0.694120127943929
49 0.694120127943929
50 0.694120127943929
51 0.694120127943929
52 0.6941203237966715
53 0.6941203237966715
54 0.6941203237966715
55 0.6941203237966715
56 0.6941203237966715
57 0.6941203237966715
58 0.6941212773461544
59 0.6941212773461544
60 0.6941212773461544
61 0.6941212773461544
62 0.6941212773461544
63 0.6941212773461544
64 0.6941212773461544
65 0.6941212773461544
66 0.6941212773461544
67 0.6941212773461544
68 0.6941212773461544
69 0.6941212773461544
70 0.6941212773461544
71 0.6941212773461544
72 0.6941212773461544
73 0.6941212773461544
74 0.6941212773461544
75 0.6941212773461544
76 0.6941212773461544
77 0.6941212773461544
78 0.6941212773461544
79 0.6941212773461544
80 0.6941212773461544
81 0.6941212773461544
82 0.6941212773461544
83 0.6941212773461544
84 0.6941212773461544
85 0.6941212773461544
86 0.6941212773461544
87 0.6941212773461544
88 0.6941250205879962
89 0.6941250205879962
90 0.6941250205879962
91 0.6941250205879962
92 0.6941250205879962
93 0.6941250205879962
94 0.6941250205879962
95 0.6941250205879962
96 0.6941250205879962
97 0.6941250205879962
98 0.6941250205879962
99 0.6941250205879962
100 0.6941250205879962
101 0.6941250205879962
102 0.6941250205879962
103 0.6941250205879962
104 0.6941250205879962
105 0.6941250205879962
106 0.6941250205879962
107 0.6941250205879962
108 0.6941250205879962
109 0.6941250205879962
110 0.6941250205879962
111 0.6941250205879962
112 0.6941250205879962
113 0.6941250205879962
114 0.6941250205879962
115 0.6941250205879962
116 0.6941250205879962
117 0.6941254513421712
118 0.6941254513421712
119 0.6941254513421712
120 0.6941254513421712
121 0.6941254513421712
122 0.6941254513421712
123 0.6941254513421712
124 0.6941254513421712
125 0.6941254513421712
126 0.6941254513421712
127 0.6941254513421712
128 0.6941254513421712
129 0.6941254513421712
130 0.6941254513421712
131 0.6941254513421712
132 0.6941254513421712
133 0.6941254513421712
134 0.6941254513421712
135 0.6941254513421712
136 0.6941254513421712
137 0.6941254513421712
138 0.6941254513421712
139 0.6941254513421712
140 0.6941254513421712
141 0.6941254513421712
142 0.6941254513421712
143 0.6941254513421712
144 0.6941254513421712
145 0.6941254513421712
146 0.6941254513421712
147 0.6941254513421712
148 0.6941280507826953
149 0.6941280507826953
150 0.6941280507826953
151 0.6941280507826953
152 0.6941280507826953
153 0.6941280507826953
154 0.6941280507826953
155 0.6941280507826953
156 0.6941280507826953
157 0.6941280507826953
158 0.6941280507826953
159 0.6941280507826953
160 0.6941280507826953
161 0.6941280507826953
162 0.6941280507826953
163 0.6941280507826953
164 0.6941280507826953
165 0.6941280507826953
166 0.6941280507826953
167 0.6941280507826953
168 0.6941280507826953
169 0.6941280507826953
170 0.6941280507826953
171 0.6941280507826953
172 0.6941280507826953
173 0.6941280507826953
174 0.6941280507826953
175 0.6941280507826953
176 0.6941280507826953
177 0.6941280507826953
178 0.6941280507826953
179 0.6941280507826953
180 0.6941280507826953
181 0.6941280507826953
182 0.6941280507826953
183 0.6941280507826953
184 0.6941280507826953
185 0.6941280507826953
186 0.6941280507826953
187 0.6941280507826953
188 0.6941280507826953
189 0.6941280507826953
190 0.6941280507826953
191 0.6941280507826953
192 0.6941280507826953
193 0.6941280507826953
194 0.6941280507826953
195 0.6941280507826953
196 0.6941280507826953
197 0.6941280507826953
198 0.6941280507826953
199 0.6941280507826953
200 0.6941280507826953
201 0.6941280507826953
202 0.6941280507826953
203 0.6941280507826953
204 0.6941280507826953
205 0.6941280507826953
206 0.6941280507826953
207 0.6941280507826953
208 0.6941280507826953
209 0.6941280507826953
210 0.6941280507826953
211 0.6941280507826953
212 0.6941280507826953
213 0.6941280507826953
214 0.6941280507826953
215 0.6941280507826953
216 0.6941280507826953
217 0.6941280507826953
218 0.6941280507826953
219 0.6941280507826953
220 0.6941280507826953
221 0.6941280507826953
222 0.6941280507826953
223 0.6941280507826953
224 0.6941280507826953
225 0.6941280507826953
226 0.6941280507826953
227 0.6941280507826953
228 0.6941280507826953
229 0.6941280507826953
230 0.6941280507826953
231 0.6941280507826953
232 0.6941280507826953
233 0.6941280507826953
234 0.6941280507826953
235 0.6941280507826953
236 0.6941280507826953
237 0.6941280507826953
238 0.6941280507826953
239 0.6941280507826953
240 0.6941322366040347
241 0.6941322366040347
242 0.6941322366040347
243 0.6941322366040347
244 0.6941322366040347
245 0.6941322366040347
246 0.6941322366040347
247 0.6941322366040347
248 0.6941322366040347
249 0.6941322366040347
250 0.6941322366040347
251 0.6941322366040347
252 0.6941322366040347
253 0.6941322366040347
254 0.6941322366040347
255 0.6941342711101199
256 0.6941342711101199
257 0.6941342711101199
258 0.6941342711101199
259 0.6941342711101199
260 0.6941342711101199
261 0.6941342711101199
262 0.6941342711101199
263 0.6941342711101199
264 0.6941342711101199
265 0.6941342711101199
266 0.6941342711101199
267 0.6941342711101199
268 0.6941342711101199
269 0.6941342711101199
270 0.6941342711101199
271 0.6941342711101199
272 0.6941342711101199
273 0.6941342711101199
274 0.6941342711101199
275 0.6941342711101199
276 0.6941342711101199
277 0.6941342711101199
278 0.6941342711101199
279 0.6941342711101199
280 0.6941342711101199
281 0.6941342711101199
282 0.6941342711101199
283 0.6941342711101199
284 0.6941342711101199
285 0.6941342711101199
286 0.6941342711101199
287 0.6941342711101199
288 0.6941342711101199
289 0.6941342711101199
290 0.6941342711101199
291 0.6941342711101199
292 0.6941342711101199
293 0.6941342711101199
294 0.6941342711101199
295 0.6941342711101199
296 0.6941342711101199
297 0.6941342711101199
298 0.6941342711101199
299 0.6941342711101199
300 0.6941342711101199
301 0.6941342711101199
302 0.6941342711101199
303 0.6941342711101199
304 0.6941342711101199
305 0.6941342711101199
306 0.6941342711101199
307 0.6941342711101199
308 0.6941342711101199
309 0.6941342711101199
310 0.6941342711101199
311 0.6941342711101199
312 0.6941342711101199
313 0.6941342711101199
314 0.6941342711101199
315 0.6941342711101199
316 0.6941342711101199
317 0.6941342711101199
318 0.6941342711101199
319 0.6941342711101199
320 0.6941342711101199
321 0.6941342711101199
322 0.6941342711101199
323 0.6941342711101199
324 0.6941342711101199
325 0.6941342711101199
326 0.6941342711101199
327 0.6941342711101199
328 0.6941342711101199
329 0.6941342711101199
330 0.6941342711101199
331 0.6941342711101199
332 0.6941342711101199
333 0.6941342711101199
334 0.6941342711101199
335 0.6941342711101199
336 0.6941342711101199
337 0.6941342711101199
338 0.6941342711101199
339 0.6941342711101199
340 0.6941342711101199
341 0.6941342711101199
342 0.6941342711101199
343 0.6941342711101199
344 0.6941342711101199
345 0.6941342711101199
346 0.6941342711101199
347 0.6941342711101199
348 0.6941342711101199
349 0.6941342711101199
350 0.6941342711101199
351 0.6941342711101199
352 0.6941342711101199
353 0.6941342711101199
354 0.6941342711101199
355 0.6941342711101199
356 0.6941342711101199
357 0.6941342711101199
358 0.6941342711101199
359 0.6941342711101199
360 0.6941342711101199
361 0.6941342711101199
362 0.6941342711101199
363 0.6941342711101199
364 0.6941342711101199
365 0.6941342711101199
366 0.6941342711101199
367 0.6941342711101199
368 0.6941342711101199
369 0.6941342711101199
370 0.6941342711101199
371 0.6941342711101199
372 0.6941342711101199
373 0.6941342711101199
374 0.6941342711101199
375 0.6941342711101199
376 0.6941342711101199
377 0.6941342711101199
378 0.6941342711101199
379 0.6941342711101199
380 0.6941342711101199
381 0.6941342711101199
382 0.6941342711101199
383 0.6941342711101199
384 0.6941342711101199
385 0.6941342711101199
386 0.6941342711101199
387 0.6941342711101199
388 0.6941342711101199
389 0.6941342711101199
390 0.6941342711101199
391 0.6941342711101199
392 0.6941342711101199
393 0.6941342711101199
394 0.6941342711101199
395 0.6941342711101199
396 0.6941342711101199
397 0.6941342711101199
398 0.6941342711101199
399 0.6941342711101199
400 0.6941342711101199
401 0.6941342711101199
402 0.6941342711101199
403 0.6941342711101199
404 0.6941342711101199
405 0.6941342711101199
406 0.6941342711101199
407 0.6941342711101199
408 0.6941342711101199
409 0.6941342711101199
410 0.6941342711101199
411 0.6941342711101199
412 0.6941342711101199
413 0.6941342711101199
414 0.6941342711101199
415 0.6941342711101199
416 0.6941342711101199
417 0.6941342711101199
418 0.6941342711101199
419 0.6941342711101199
420 0.6941342711101199
421 0.6941342711101199
422 0.6941342711101199
423 0.6941342711101199
424 0.6941342711101199
425 0.6941342711101199
426 0.6941342711101199
427 0.6941342711101199
428 0.6941342711101199
429 0.6941342711101199
430 0.6941342711101199
431 0.6941342711101199
432 0.6941342711101199
433 0.6941342711101199
434 0.6941342711101199
435 0.6941342711101199
436 0.723334848308615
437 0.723334848308615
438 0.723334848308615
439 0.723334848308615
440 0.723334848308615
441 0.723334848308615
442 0.723334848308615
443 0.723334848308615
444 0.723334848308615
445 0.723334848308615
446 0.723334848308615
447 0.723334848308615
448 0.723334848308615
449 0.723334848308615
450 0.723334848308615
451 0.723334848308615
452 0.723334848308615
453 0.7235701438135023
454 0.7235701438135023
455 0.7235701438135023
456 0.7236294300733067
457 0.7236294300733067
458 0.7236296904633528
459 0.7236296904633528
460 0.7236296906062138
461 0.7236296906062138
462 0.7236296906062138
463 0.7236296906062138
464 0.7241923170878868
465 0.7241923170878868
466 0.7241923170878868
467 0.7243833943948843
468 0.7243833943948843
469 0.7243833943948843
470 0.7243833943948843
471 0.7243871924235911
472 0.7243871924235911
473 0.7243871924235911
474 0.7243871924235911
475 0.7243871924235911
476 0.7243871924235911
477 0.7243871924235911
478 0.7243871924235911
479 0.7243871924235911
480 0.7243871924235911
481 0.7243871924235911
482 0.7243871924235911
483 0.8708611941714206
484 0.8708611941714206
485 0.8708611941714206
486 0.8747874447402265
487 0.8747874447402265
488 0.8747874447402265
489 0.8747874447402265
490 0.8747874447402265
491 0.8747874447402265
492 0.8747874447402265
493 0.8747874447402265
494 0.8747874447402265
495 0.8747874447402265
496 0.8747874447402265
497 0.8747874447402265
498 0.8747874447402265
499 0.8747874447402265
500 0.8747874447402265
501 0.8747874447402265
502 0.8747874447402265
503 0.8747874447402265
504 0.8747874447402265
505 0.8747874447402265
506 0.8747874447402265
507 0.8747874447402265
508 0.8748490677524049
509 0.8748490677524049
510 0.8748490677524049
511 0.8748521185910484
512 0.8748521185910484
513 0.8748521185910484
514 0.8748521185910484
515 0.8861169554975478
516 0.8861169554975478
517 0.8861169554975478
518 0.8861169554975478
519 0.8861169554975478
520 0.8861169554975478
521 0.8861169554975478
522 0.8861169554975478
523 0.8861170059497069
524 0.8861170059497069
525 0.8861170059497069
526 0.8861170059497069
527 0.8861170060503994
528 0.8861170060503994
529 0.8861170060503994
530 0.8861170060503994
531 0.8861170060503994
532 0.8861170060503994
533 0.8861170060503994
534 0.8861170060503994
535 0.8861170060503994
536 0.8871448106908323
537 0.8871448106908323
538 0.8871448106908323
539 0.8871448106908323
540 0.8872720432781993
541 0.8872720432781993
542 0.8872720432781993
543 0.8872720432781993
544 0.8872720432781993
545 0.8872720432844832
546 0.8872720432844832
547 0.8872720432844832
548 0.8872720432844832
549 0.8872720432844832
550 0.8872720432844832
551 0.8872720432844832
552 0.8872720432844832
553 0.8872720432844832
554 0.8872720432844832
555 0.8872720432844832
556 0.8872720432844832
557 0.8872720432844832
558 0.8872720432844832
559 0.8872720433586263
560 0.8872898075622702
561 0.8872898787230824
562 0.8872898787230824
563 0.8872898787230824
564 0.8872898787230824
565 0.8872898787230824
566 0.8872898787230824
567 0.8872898787230824
568 0.8872898787230824
569 0.8872898787230824
570 0.8872898787230824
571 0.8872898787230824
572 0.88728989214592
573 0.88728989214592
574 0.88728989214592
575 0.88728989214592
576 0.88728989214592
577 0.88728989214592
578 0.88728989214592
579 0.88728989214592
580 0.88728989214592
581 0.88728989214592
582 0.88728989214592
583 0.88728989214592
584 0.88728989214592
585 0.88728989214592
586 0.88728989214592
587 0.8872899195605094
588 0.8872899195605094
589 0.8872899195605094
590 0.8872899195605094
591 0.8872899195605094
592 0.8872899195605094
593 0.8872899195605094
594 0.8872899195605094
595 0.8872899195605094
596 0.8872899195605094
597 0.8872899195605094
598 0.8872899195605094
599 0.8872899195605094
600 0.8872899195605094
601 0.8872899195605094
602 0.8872899195605094
603 0.8872899195605094
604 0.8872899195605094
605 0.8872899195605094
606 0.8872899195605094
607 0.8872899195605094
608 0.8872899195605094
609 0.8872899195605094
610 0.8872899195605094
611 0.8872899195605094
612 0.8872899195605094
613 0.8872899195605094
614 0.8872899195605094
615 0.8872899195605094
616 0.8872899195605094
617 0.8872899195605094
618 0.8872899195605094
619 0.8872899195605094
620 0.8872899195605094
621 0.8872899195605094
622 0.8872899195605094
623 0.8872899195605094
624 0.8872899195605094
625 0.8872899195605094
626 0.8872899195605094
627 0.8872899195605094
628 0.8872899195605094
629 0.8872899195605094
630 0.8872899195605094
631 0.8872899195605094
632 0.8872899195605094
633 0.8872899195605094
634 0.8872899195605094
635 0.8872899195605094
636 0.8872899195605094
637 0.8872899195605094
638 0.8872899195605094
639 0.8872899195605094
640 0.8872899195605094
641 0.8872899195605094
642 0.8872899195605094
643 0.8872899195605094
644 0.8872899195605094
645 0.8872899195605094
646 0.8872899195605094
647 0.8872899195605094
648 0.8872899195605094
649 0.8872899195605094
650 0.8872899195605094
651 0.8872899195605094
652 0.8872899195605094
653 0.8872899195605094
654 0.8872899195605094
655 0.8872899195605094
656 0.8872899195605094
657 0.8872899195605094
658 0.8872899195605094
659 0.8872899195605094
660 0.8872899195605094
661 0.8872899195605094
662 0.8872899195605094
663 0.8872899195605094
664 0.8872899195605094
665 0.8872899195605094
666 0.8872899195605094
667 0.8872930821758604
668 0.8872930821758604
669 0.8872930821758604
670 0.8872930821758604
671 0.887293082182896
672 0.887293082182896
673 0.887293082182896
674 0.887293082182896
675 0.887293082182896
676 0.887293082182896
677 0.887293082182896
678 0.887293082182896
679 0.887293082182896
680 0.887293082182896
681 0.887293082182896
682 0.887293082182896
683 0.887293082182896
684 0.887293082182896
685 0.887293082182896
686 0.887293082182896
687 0.887293082182896
688 0.887293082182896
689 0.887293082182896
690 0.887293082182896
691 0.887293082182896
692 0.887293082182896
693 0.887293082182896
694 0.887293082182896
695 0.887293082182896
696 0.887293082182896
697 0.887293082182896
698 0.887293082182896
699 0.887293082182896
700 0.887293082182896
701 0.887293082182896
702 0.887293082182896
703 0.887293082182896
704 0.887293082182966
705 0.887293082182966
706 0.887293082182966
707 0.887293082182966
708 0.887293082182966
709 0.887293082182966
710 0.887293082182966
711 0.8872930821829922
712 0.8872930821829922
713 0.8872930821829922
714 0.887293082182995
715 0.887293082182995
716 0.887293082182995
717 0.887293082182995
718 0.887293082182995
719 0.887293082182995
720 0.887293082182995
721 0.887293082182995
722 0.887293082182995
723 0.887293082182995
724 0.887293082182995
725 0.887293082182995
726 0.887293082182995
727 0.887293082182995
728 0.887293082182995
729 0.887293082182995
730 0.887293082182995
731 0.887293082182995
732 0.887293082182995
733 0.887293082182995
734 0.887293082182995
735 0.887293082182995
736 0.887293082182995
737 0.887293082182995
738 0.887293082182995
739 0.887293082182995
740 0.887293082182995
741 0.887293082182995
742 0.887293082182995
743 0.887293082182995
744 0.887293082182995
745 0.887293082182995
746 0.887293082182995
747 0.887293082182995
748 0.887293082182995
749 0.887293082182995
750 0.887293082182995
751 0.887293082182995
752 0.887293082182995
753 0.887293082182995
754 0.887293082182995
755 0.887293082182995
756 0.887293082182995
757 0.8872937999462194
758 0.8872937999462194
759 0.8872937999462194
760 0.8872937999462194
761 0.8872937999462194
762 0.8872937999462194
763 0.887293799946297
764 0.8872943394744908
765 0.8872943394744908
766 0.8872943394744908
767 0.8872943394744908
768 0.8872943394744908
769 0.8872943394744908
770 0.8872943394744908
771 0.8872943394744908
772 0.8872943394744908
773 0.8872943394744908
774 0.8872943394744908
775 0.8872943394744908
776 0.8872943394744908
777 0.8872943394744908
778 0.8872943394744908
779 0.8872943394744908
780 0.8872943394744908
781 0.8872943394744908
782 0.8872943394744908
783 0.8872943394744908
784 0.8872943394744908
785 0.8872943394744908
786 0.8872943394744908
787 0.8872943394744908
788 0.8872943394744908
789 0.8872943394744908
790 0.8872943394744908
791 0.8872943394744908
792 0.8872943394744908
793 0.8872943394744908
794 0.8872943394744908
795 0.8872943394744908
796 0.8872943394744908
797 0.8872943394744908
798 0.8872943394744908
799 0.8872943394744908
800 0.8872943394744908
801 0.8872943394744908
802 0.8872943394744908
803 0.8872943394744908
804 0.8872943394744908
805 0.8872943394744908
806 0.8872943394744908
807 0.8872943394744908
808 0.8872943394744908
809 0.8872943394744908
810 0.8872943394744908
811 0.8872943394744908
812 0.8872943394744908
813 0.8872943394744908
814 0.8872943394744908
815 0.8872943394744908
816 0.8872943394744908
817 0.8872943394744908
818 0.8872943394744908
819 0.8872943394744908
820 0.8872943394744908
821 0.8872943394744908
822 0.8872943394744908
823 0.8872943394744908
824 0.8872943394744908
825 0.8872943394744908
826 0.8872943394744908
827 0.8872943394744908
828 0.8872943394744908
829 0.8872943394744908
830 0.8872943394744908
831 0.8872943394744908
832 0.8872943394744908
833 0.8872943394744908
834 0.8872949783897521
835 0.8872949783897521
836 0.8872949783897521
837 0.8872949783897521
838 0.8872949783897521
839 0.8872949783897521
840 0.8872949783897521
841 0.8872949783897521
842 0.8872949783897521
843 0.8872949783897521
844 0.8872949783897521
845 0.8872949783897521
846 0.8872949783897521
847 0.8872949783897521
848 0.8872949783897521
849 0.8872949783897521
850 0.8872949783897521
851 0.8872949783897521
852 0.8872949783897521
853 0.8872949783897521
854 0.8872949783897521
855 0.8872949783897521
856 0.8872949783897521
857 0.8872949783897521
858 0.8872949783897521
859 0.8872949783897521
860 0.8872949783897521
861 0.8872949783897521
862 0.8872949783897521
863 0.8872949783897521
864 0.8872949783897521
865 0.8872949783897521
866 0.8872949783897521
867 0.8872949783897521
868 0.8872949783897521
869 0.8872949783897521
870 0.8872949783897521
871 0.8872956453181775
872 0.8872956453181775
873 0.8872956453181775
874 0.8872956453181775
875 0.8872956453181775
876 0.8872956453181775
877 0.8872956453181775
878 0.8872956453181775
879 0.8872956453181775
880 0.8872956453181775
881 0.8872965901274575
882 0.8872965901274575
883 0.8872965901274575
884 0.8872965901274575
885 0.8872965901274575
886 0.8872965901274575
887 0.8872965901274575
888 0.8872965901274575
889 0.8872965901274575
890 0.8872965901274575
891 0.8872965901274575
892 0.8872965901274575
893 0.8872965901274575
894 0.8872965901274575
895 0.8872965901274575
896 0.8872965901274575
897 0.8872965901274575
898 0.8872965901274575
899 0.8872965901274575
900 0.8872965901274575
901 0.8872965901274575
902 0.8872965901274575
903 0.8872965901274575
904 0.8872965901274575
905 0.8872965901274575
906 0.8872965901274575
907 0.8872965901274575
908 0.8872965901274575
909 0.8872965901274575
910 0.8872965901274575
911 0.8872965901274575
912 0.8872965901274575
913 0.8872965901274575
914 0.8872965901274575
915 0.8872965901274575
916 0.8872965901274575
917 0.8872965901274575
918 0.8872965901274575
919 0.8872965901274575
920 0.8872965901274575
921 0.8872965901274575
922 0.8872965901274575
923 0.8872965901274575
924 0.8872965901274575
925 0.8872965901274575
926 0.8872965901274575
927 0.8872965901274575
928 0.8872965901274575
929 0.8872965901274575
930 0.8872965901274575
931 0.8872965901274575
932 0.8872965901274575
933 0.8872965901274575
934 0.8872965901274575
935 0.8872965901274575
936 0.8872965901274575
937 0.8872982455680641
938 0.8872982455680641
939 0.8872982455680641
940 0.8872982455680641
941 0.8872982455680641
942 0.8872982455680641
943 0.8872982455680641
944 0.8872982455680641
945 0.8872982455680641
946 0.8872982455680641
947 0.8872982455680641
948 0.8872982455680641
949 0.8872982455680641
950 0.8872982455680641
951 0.8872982455680641
952 0.8872982455680641
953 0.8872982455680641
954 0.8872982455680641
955 0.8872982455680641
956 0.8872989842712807
957 0.8872989842712807
958 0.8872989842712807
959 0.8872989842712807
960 0.8872989842712807
961 0.8888415421276593
962 0.8888415421276593
963 0.8888415421276593
964 0.8888415421276593
965 0.8888417129130722
966 0.8888417129130722
967 0.8888417129130722
968 0.8888417129130722
969 0.8888417129130722
970 0.8888417129130722
971 0.8888417129130722
972 0.8888417129130722
973 0.8888417129130722
974 0.8888417129130722
975 0.8888417129130722
976 0.8888417129130722
977 0.8888417129130722
978 0.8888417129130722
979 0.8888417129130722
980 0.8888417129130722
981 0.8888417129130722
982 0.8888417129130722
983 0.8888417129130722
984 0.8888417129130722
985 0.8888417129130722
986 0.8888417129130722
987 0.8888417129130722
988 0.8888417129130722
989 0.8888417129130722
990 0.8888417129130722
991 0.8888417129130722
992 0.8888417129130722
993 0.8888417129130722
994 0.8888417129130722
995 0.8888427767973409
996 0.8888427767973409
997 0.8888427767973409
998 0.8888427767973409
999 0.8888427767973409
1000 0.8888427767973409
1001 0.8888497594284074
1002 0.8888497594284074
1003 0.8888497594284074
1004 0.8888497594284074
1005 0.8888497594284074
1006 0.8888497594284074
1007 0.8888497594284074
1008 0.8888497594284074
1009 0.8888497594284074
1010 0.8888497594284074
1011 0.8888497594284074
1012 0.8888497594284074
1013 0.8888497594284074
1014 0.8888497594284074
1015 0.8888497594284074
1016 0.8888497594284074
1017 0.8889036206582596
1018 0.8889036206582596
1019 0.8889036206582596
1020 0.8889036206582596
1021 0.8889036206582596
1022 0.8889036206582596
1023 0.8889036206582596
1024 0.8889036206582596
1025 0.8889036206582596
1026 0.8889036206582596
1027 0.8889036206582596
1028 0.8889036206582596
1029 0.8889036206582596
1030 0.8889048096853325
1031 0.8889048096853325
1032 0.8889048096853325
1033 0.8889048096853325
1034 0.8889048096853325
1035 0.8889048096853325
1036 0.8889048096853325
1037 0.8889048096853325
1038 0.8889048096853325
1039 0.8889048096853325
1040 0.8889048096853325
1041 0.8889048096853325
1042 0.8889048096853325
1043 0.8889048096853325
1044 0.8889048096853325
1045 0.8889048096853325
1046 0.8889048096853325
1047 0.8889048096853325
1048 0.8889048259052206
1049 0.8889048259052206
1050 0.8889048259052206
1051 0.8889048259052206
1052 0.8889048259052206
1053 0.8889048259052206
1054 0.8889048259052206
1055 0.8889048259052206
1056 0.8889048259052206
1057 0.8889048259052206
1058 0.8889048259052206
1059 0.8889048259052206
1060 0.8889048259052206
1061 0.8889048259052206
1062 0.8889048259052206
1063 0.8889048259052206
1064 0.8889048259052206
1065 0.8889048259052206
1066 0.8889455233194303
1067 0.8889455233194303
1068 0.8889455653506837
1069 0.8889455653506837
1070 0.8889455653506837
1071 0.8889455653506837
1072 0.8889455653506837
1073 0.8889455653506837
1074 0.8889455653506837
1075 0.8889585952688925
1076 0.8889585952688925
1077 0.8889585952688925
1078 0.8889585952688925
1079 0.8889585952688925
1080 0.8889585952688925
1081 0.8889585952688925
1082 0.8889585952688925
1083 0.8889585952688925
1084 0.8889585952688925
1085 0.8889585952688925
1086 0.8889613194814187
1087 0.8889613194814187
1088 0.8889613194814187
1089 0.8889613194814187
1090 0.8889613194814187
1091 0.8889613194814187
1092 0.8889613194814187
1093 0.8889613194814187
1094 0.8889702361434139
1095 0.8889702361434139
1096 0.8890247929517081
1097 0.8890247929517081
1098 0.8890247929517081
1099 0.8890247929517081
1100 0.8890247929517081
1101 0.8890247929517081
1102 0.8890247929517081
1103 0.8890247929517081
1104 0.8890247929517081
1105 0.8890247929517081
1106 0.8890247929517081
1107 0.8890247929517081
1108 0.8890247929517081
1109 0.8890247929517081
1110 0.8890247929517081
1111 0.8890247929517081
1112 0.8890247929517081
1113 0.8890247929517081
1114 0.8890247930871128
1115 0.8890247930871128
1116 0.8890247930871128
1117 0.8890247930871128
1118 0.8890247930871128
1119 0.8890247930871128
1120 0.8890247930871128
1121 0.8890247930871128
1122 0.8890247930871128
1123 0.8890247930871128
1124 0.8890247930871128
1125 0.8890247930871128
1126 0.8890247930871128
1127 0.8890247930871128
1128 0.8890247930871128
1129 0.8890247930871128
1130 0.8890247930871128
1131 0.8890247930871128
1132 0.8890247930871128
1133 0.8890247930871128
1134 0.8890247930871128
1135 0.8890247930871128
1136 0.8890247930871128
1137 0.8890247930871128
1138 0.8890247930871128
1139 0.8890247930871128
1140 0.8890247930871128
1141 0.8890247930871128
1142 0.8890247930871128
1143 0.8890247930871128
1144 0.8890247930871128
1145 0.8890247930871128
1146 0.8890247930871128
1147 0.8890247930871128
1148 0.8890247930871128
1149 0.8890247930871128
1150 0.8890247930871128
1151 0.8890247930871128
1152 0.8890247930871128
1153 0.8890247930871128
1154 0.8890247930871128
1155 0.8890247930871128
1156 0.8890247930871128
1157 0.8890247930871128
1158 0.8890247930871128
1159 0.8890247930871128
1160 0.8890247930871128
1161 0.8890247930871128
1162 0.8890247930871128
1163 0.8890247930871128
1164 0.8890247930871128
1165 0.8890247930871128
1166 0.8890247930871128
1167 0.8890247930871128
1168 0.8890247930871128
1169 0.8890247930871128
1170 0.8890247930871128
1171 0.8890247930871128
1172 0.8890247930871128
1173 0.8890247930871128
1174 0.8890247930871128
1175 0.8890247930871128
1176 0.8890247930871128
1177 0.8890247930871128
1178 0.8890247930871128
1179 0.8890247930871128
1180 0.8890247930871128
1181 0.8890247930871128
1182 0.8890247930871128
1183 0.8890247930871128
1184 0.8890247930871128
1185 0.8890247930872451
1186 0.8890247930872451
1187 0.8890247930872451
1188 0.8890247930872451
1189 0.8890247930872451
1190 0.8890247930872451
1191 0.8890247930872451
1192 0.8890247930872451
1193 0.8890247930872451
1194 0.8890247930872451
1195 0.8890247930872451
1196 0.8890247930872451
1197 0.8890247930872451
1198 0.8890247930872451
1199 0.8890247930872451
1200 0.8890247930872451
1201 0.8890247930872451
1202 0.8890247930872451
1203 0.8890247930872451
1204 0.8890247930872451
1205 0.8890247930872451
1206 0.8890247930872451
1207 0.8890247930872451
1208 0.8890247930872451
1209 0.8890247930872451
1210 0.8890247930872451
1211 0.8890247930872451
1212 0.8890247930872451
1213 0.8890247930872451
1214 0.8890247930872451
1215 0.8890247930872451
1216 0.8890247930872451
1217 0.8890247930872451
1218 0.8890247930872451
1219 0.8890247930872451
1220 0.8890247930872451
1221 0.8890247930872451
1222 0.8890247930872451
1223 0.8890247930872451
1224 0.8890247930872451
1225 0.8890247930872451
1226 0.8890247930872451
1227 0.8890247930872451
1228 0.8890247930872451
1229 0.8890247930872451
1230 0.8890247930872451
1231 0.8890247930872451
1232 0.8890247930872451
1233 0.8890247930872451
1234 0.8890247930872451
1235 0.8890247930872451
1236 0.8890247930872451
1237 0.8890247930872451
1238 0.8890247930872451
1239 0.8890247930872451
1240 0.8890247930872451
1241 0.8890247930872451
1242 0.8890247930872451
1243 0.8890247930872451
1244 0.8890247930872451
1245 0.8890247930872451
1246 0.8890247930872451
1247 0.8890247930872451
1248 0.8890247930872451
1249 0.8890247930872786
1250 0.8890247930872786
1251 0.8890247930872786
1252 0.8890247930872786
1253 0.8890247930872786
1254 0.8890247930872786
1255 0.8890247930872786
1256 0.8890247930872786
1257 0.8890247930872786
1258 0.8890247930872786
1259 0.8890247930872786
1260 0.8890247930872786
1261 0.8890247930872786
1262 0.8890247930872786
1263 0.8890247930872786
1264 0.8890247930872786
1265 0.8890247930872786
1266 0.8890247930872786
1267 0.8890247930872786
1268 0.8890247930872786
1269 0.8890247930872786
1270 0.8890247930872786
1271 0.8890247930872786
1272 0.8890247930872786
1273 0.8890247930872786
1274 0.8890247930872786
1275 0.8890247930872786
1276 0.8890247930872786
1277 0.8890247930872786
1278 0.8890247930872786
1279 0.8890247930872786
1280 0.8890247930872786
1281 0.8890247930872786
1282 0.8890247930872786
1283 0.8890247930872786
1284 0.8890247930872786
1285 0.8890247930872786
1286 0.8890247930872786
1287 0.8890247930872786
1288 0.8890247930872786
1289 0.8890247930872786
1290 0.8890247930872786
1291 0.8890247930872786
1292 0.8890247930872786
1293 0.8890247930872786
1294 0.8890247930872786
1295 0.8890247930872786
1296 0.8890247930872786
1297 0.8890247930872786
1298 0.8890247930872786
1299 0.8890247930872786
1300 0.8890247930872786
1301 0.8890247930872786
1302 0.8890247930872786
1303 0.8890247930872786
1304 0.8890247930872786
1305 0.8890247930872786
1306 0.8890247930872786
1307 0.8890247930872786
1308 0.8890247930872786
1309 0.8890247930872786
1310 0.8890247930872786
1311 0.8890247930872786
1312 0.8890247930872786
1313 0.8890247930872786
1314 0.8890247930872786
1315 0.8890247930872786
1316 0.8890247930872786
1317 0.8890247930872786
1318 0.8890247930872786
1319 0.8890247930872786
1320 0.8890247930872786
1321 0.8890247930872786
1322 0.8890247930872786
1323 0.8890247930872786
1324 0.8890247930872786
1325 0.8890247930872786
1326 0.8890247930872786
1327 0.8890247930872786
1328 0.8890247930872786
1329 0.8890247930872786
1330 0.8890247930872786
1331 0.8890247930872786
1332 0.8890247930872786
1333 0.8890247930872786
1334 0.8890247930872786
1335 0.8890247930872786
1336 0.8890247930872786
1337 0.8890247930872786
1338 0.8890247930872786
1339 0.8890247930872786
1340 0.8890247930872786
1341 0.8890247930872786
1342 0.8890247930872786
1343 0.8890247930872786
1344 0.8890247930872786
1345 0.8890247930872786
1346 0.8890247930872786
1347 0.8890247930872786
1348 0.8890247930872786
1349 0.8890247930872786
1350 0.8890247930872786
1351 0.8890247930872786
1352 0.8890247930872786
1353 0.8890247930872786
1354 0.8890247930872786
1355 0.8890247930872786
1356 0.8890247930872786
1357 0.8890247930872786
1358 0.8890247930872786
1359 0.8890247930872786
1360 0.8890247930872786
1361 0.8890247930872786
1362 0.8890247930872786
1363 0.8890247930872786
1364 0.8890247930872786
1365 0.8890247930872786
1366 0.8890247930872786
1367 0.8890247930872786
1368 0.8890247930872786
1369 0.8890247930872786
1370 0.8890247930872786
1371 0.8890247930872786
1372 0.8890247930872786
1373 0.8890247930872786
1374 0.8890247930872786
1375 0.8890247930872786
1376 0.8890247930872786
1377 0.8890247930872786
1378 0.8890247930872786
1379 0.8890247930872786
1380 0.8890247930872786
1381 0.8890247930872786
1382 0.8890247930872786
1383 0.8890247930872786
1384 0.8890247930872786
1385 0.8890247930872786
1386 0.8890247930872786
1387 0.8890247930872786
1388 0.8890247930872786
1389 0.8890247930872786
1390 0.8890247930872786
1391 0.8890247930872786
1392 0.8890247930872786
1393 0.8890247930872786
1394 0.8890247930872786
1395 0.8890247930872786
1396 0.8890247930872786
1397 0.8890247930872786
1398 0.8890247930872786
1399 0.8890247930872786
1400 0.8890247930872786
1401 0.8890247930872786
1402 0.8890247930872786
1403 0.8890247930872786
1404 0.8890247930872786
1405 0.8890247930872786
1406 0.8890247930872786
1407 0.8890247930872786
1408 0.8890247930872786
1409 0.8890247930872786
1410 0.8890247930872786
1411 0.8890247930872786
1412 0.8890271432420568
1413 0.8890271432420568
1414 0.8890271432420568
1415 0.8890271432420568
1416 0.8890271432420568
1417 0.8890271432420568
1418 0.8890271432420568
1419 0.8890271432420568
1420 0.8890271432420568
1421 0.8890271432420568
1422 0.8890271432420568
1423 0.8890271432420568
1424 0.8890271432420568
1425 0.8890271432420568
1426 0.8890271432420568
1427 0.8890271432420568
1428 0.8890271432420568
1429 0.8890271432420568
1430 0.8890271432420568
1431 0.8890271432420568
1432 0.8890271432420568
1433 0.8890271432420568
1434 0.8890271432420568
1435 0.8890271432420568
1436 0.8890271432420568
1437 0.8890271432420568
1438 0.8890271432420568
1439 0.8890271432420568
1440 0.8890271432420568
1441 0.8890271432420568
1442 0.8890271432420568
1443 0.8890271432420568
1444 0.8890271432420568
1445 0.8890271432420568
1446 0.8890271432420568
1447 0.8890271432420568
1448 0.8890271432420568
1449 0.8890271432420568
1450 0.8890271432420568
1451 0.8890271432420568
1452 0.8890271432420568
1453 0.8890271432420568
1454 0.8890271432420568
1455 0.8890271432420568
1456 0.8890271432420568
1457 0.8890271432420568
1458 0.8890271432420568
1459 0.8890271432420568
1460 0.8890271432420568
1461 0.8890271432420568
1462 0.8890271432420568
1463 0.8890271432420568
1464 0.8890271432420568
1465 0.8890271432420568
1466 0.8890271432420568
1467 0.8890271432420568
1468 0.8890271432420568
1469 0.8890271432420568
1470 0.8890271432420568
1471 0.8890271432420568
1472 0.8890271432420568
1473 0.8890271432420568
1474 0.8890271432420568
1475 0.8890271432420568
1476 0.8890271432420568
1477 0.8890271432420568
1478 0.8890271432420568
1479 0.8890271432420568
1480 0.8890271432420568
1481 0.8890271432420568
1482 0.8890271432420568
1483 0.8890271432420568
1484 0.8890271432420568
1485 0.8890271432420568
1486 0.8890271432420568
1487 0.8890271432420568
1488 0.8890271432420568
1489 0.8890271432420568
1490 0.8890271432420568
1491 0.8890271432420568
1492 0.8890271432420568
1493 0.8890271432420568
1494 0.8890271432420568
1495 0.8890271432420568
1496 0.8890271432420568
1497 0.8890271432420568
1498 0.8890271432420568
1499 0.8890271432420568
