0 -46.929460917612865
1 -46.929460917612865
2 -46.929460917612865
3 -46.929460917612865
4 -46.929460917612865
5 -40.24258584455451
6 -40.24258584455451
7 -40.24258584455451
8 -40.24258584455451
9 -19.475548526310074
10 -19.475548526310074
11 1.4815429209323159
12 1.4815429209323159
13 1.4815429209323159
14 1.4815429209323159
15 19.521923978232728
16 19.521923978232728
17 51.834174564528084
18 51.834174564528084
19 51.834174564528084
20 51.834174564528084
21 68.17026097630796
22 68.17026097630796
23 90.70780830805046
24 90.70780830805046
25 99.91179215128467
26 99.91179215128467
27 99.91179215128467
28 107.7402380447325
29 107.7402380447325
30 125.71009325572629
31 125.71009325572629
32 125.71009325572629
33 125.71009325572629
34 132.15231279406342
35 132.15231279406342
36 132.15231279406342
37 132.15231279406342
38 132.15231279406342
39 132.15231279406342
40 132.15231279406342
41 132.15231279406342
42 132.15231279406342
43 132.15231279406342
44 132.15231279406342
45 132.15231279406342
46 136.47232382974474
47 136.47232382974474
48 143.77351281424143
49 143.77351281424143
50 143.77351281424143
51 148.88347712482283
52 148.88347712482283
53 148.88347712482283
54 148.88347712482283
55 148.88347712482283
56 148.88347712482283
57 148.88347712482283
58 148.88347712482283
59 148.88347712482283
60 148.88347712482283
61 148.88347712482283
62 148.88347712482283
63 148.88347712482283
64 148.88347712482283
65 148.88347712482283
66 148.88347712482283
67 148.88347712482283
68 148.88347712482283
69 148.88347712482283
70 148.88347712482283
71 148.88347712482283
72 148.88347712482283
73 148.88347712482283
74 148.88347712482283
75 148.88347712482283
76 148.88347712482283
77 148.88347712482283
78 148.88347712482283
79 148.88347712482283
80 148.88347712482283
81 148.88347712482283
82 148.88347712482283
83 148.88347712482283
84 148.88347712482283
85 148.88347712482283
86 148.88347712482283
87 148.88347712482283
88 148.88347712482283
89 148.88347712482283
90 148.88347712482283
91 148.88347712482283
92 148.88347712482283
93 148.88347712482283
94 148.88347712482283
95 148.88347712482283
96 148.88347712482283
97 148.88347712482283
98 148.88347712482283
99 148.88347712482283
100 148.88347712482283
101 148.88347712482283
102 148.88347712482283
103 148.88347712482283
104 148.88347712482283
105 148.88347712482283
106 148.88347712482283
107 148.88347712482283
108 148.88347712482283
109 148.88347712482283
110 148.88347712482283
111 148.88347712482283
112 154.9063145558168
113 154.9063145558168
114 154.9063145558168
115 154.9063145558168
116 157.50645699451613
117 157.50645699451613
118 157.50645699451613
119 157.50645699451613
120 157.50645699451613
121 157.50645699451613
122 157.50645699451613
123 157.50645699451613
124 157.50645699451613
125 157.50645699451613
126 157.50645699451613
127 157.50645699451613
128 157.50645699451613
129 157.50645699451613
130 157.50645699451613
131 157.50645699451613
132 157.50645699451613
133 157.50645699451613
134 157.50645699451613
135 157.50645699451613
136 157.50645699451613
137 157.50645699451613
138 157.50645699451613
139 168.4956397036085
140 168.4956397036085
141 168.4956397036085
142 168.4956397036085
143 168.4956397036085
144 168.4956397036085
145 168.4956397036085
146 168.4956397036085
147 168.4956397036085
148 168.4956397036085
149 168.4956397036085
150 168.4956397036085
151 168.4956397036085
152 168.4956397036085
153 168.4956397036085
154 168.4956397036085
155 168.4956397036085
156 168.4956397036085
157 168.4956397036085
158 168.4956397036085
159 168.4956397036085
160 168.4956397036085
161 168.4956397036085
162 168.4956397036085
163 168.4956397036085
164 168.4956397036085
165 168.4956397036085
166 168.4956397036085
167 168.4956397036085
168 168.4956397036085
169 168.4956397036085
170 168.4956397036085
171 168.4956397036085
172 168.4956397036085
173 168.4956397036085
174 168.4956397036085
175 168.4956397036085
176 168.4956397036085
177 168.4956397036085
178 168.4956397036085
179 168.4956397036085
180 168.4956397036085
181 168.4956397036085
182 168.4956397036085
183 168.4956397036085
184 168.4956397036085
185 168.4956397036085
186 168.4956397036085
187 168.4956397036085
188 168.4956397036085
189 168.4956397036085
190 168.4956397036085
191 168.4956397036085
192 168.4956397036085
193 168.4956397036085
194 168.4956397036085
195 168.4956397036085
196 171.73247170896525
197 171.73247170896525
198 171.73247170896525
199 171.73247170896525
200 171.73247170896525
201 171.73247170896525
202 171.73247170896525
203 171.73247170896525
204 171.73247170896525
205 171.73247170896525
206 171.73247170896525
207 171.73247170896525
208 171.73247170896525
209 171.73247170896525
210 175.56955349607222
211 175.56955349607222
212 175.56955349607222
213 175.56955349607222
214 175.56955349607222
215 175.56955349607222
216 175.56955349607222
217 175.56955349607222
218 175.56955349607222
219 175.56955349607222
220 175.56955349607222
221 175.56955349607222
222 175.56955349607222
223 175.56955349607222
224 175.56955349607222
225 175.56955349607222
226 175.56955349607222
227 177.79301465987203
228 177.79301465987203
229 177.79301465987203
230 177.79301465987203
231 177.79301465987203
232 177.79301465987203
233 177.79301465987203
234 177.79301465987203
235 177.79301465987203
236 177.79301465987203
237 177.79301465987203
238 177.79301465987203
239 177.79301465987203
240 177.79301465987203
241 177.79301465987203
242 177.79301465987203
243 177.79301465987203
244 177.79301465987203
245 177.79301465987203
246 177.79301465987203
247 177.79301465987203
248 177.79301465987203
249 177.79301465987203
250 177.79301465987203
251 177.79301465987203
252 177.79301465987203
253 177.79301465987203
254 177.79301465987203
255 177.79301465987203
256 177.79301465987203
257 177.79301465987203
258 177.79301465987203
259 177.79301465987203
260 177.79301465987203
261 177.79301465987203
262 177.79301465987203
263 177.79301465987203
264 177.79301465987203
265 177.79301465987203
266 177.79301465987203
267 177.79301465987203
268 177.79301465987203
269 177.79301465987203
270 177.79301465987203
271 177.79301465987203
272 177.79301465987203
273 177.79301465987203
274 177.79301465987203
275 177.79301465987203
276 177.79301465987203
277 177.79301465987203
278 177.79301465987203
279 177.79301465987203
280 177.79301465987203
281 177.79301465987203
282 177.79301465987203
283 177.79301465987203
284 177.79301465987203
285 177.79301465987203
286 177.79301465987203
287 177.79301465987203
288 177.79301465987203
289 177.79301465987203
290 177.79301465987203
291 177.79301465987203
292 177.79301465987203
293 177.79301465987203
294 177.79301465987203
295 177.79301465987203
296 177.79301465987203
297 177.79301465987203
298 177.79301465987203
299 177.79301465987203
300 177.79301465987203
301 177.79301465987203
302 177.79301465987203
303 177.79301465987203
304 177.79301465987203
305 177.79301465987203
306 177.79301465987203
307 177.79301465987203
308 177.79301465987203
309 177.79301465987203
310 177.79301465987203
311 177.79301465987203
312 177.79301465987203
313 177.79301465987203
314 177.79301465987203
315 177.79301465987203
316 177.79301465987203
317 177.79301465987203
318 177.79301465987203
319 177.79301465987203
320 177.79301465987203
321 177.79301465987203
322 177.79301465987203
323 179.66955687012754
324 179.66955687012754
325 179.66955687012754
326 179.66955687012754
327 179.66955687012754
328 179.66955687012754
329 179.66955687012754
330 179.66955687012754
331 179.66955687012754
332 179.66955687012754
333 179.66955687012754
334 179.66955687012754
335 179.66955687012754
336 179.66955687012754
337 179.66955687012754
338 179.66955687012754
339 179.66955687012754
340 179.66955687012754
341 179.66955687012754
342 179.66955687012754
343 179.66955687012754
344 179.66955687012754
345 179.66955687012754
346 179.66955687012754
347 182.0284664665932
348 182.0284664665932
349 182.0284664665932
350 182.0284664665932
351 182.0284664665932
352 182.0284664665932
353 182.0284664665932
354 182.0284664665932
355 182.0284664665932
356 182.0284664665932
357 182.0284664665932
358 182.0284664665932
359 182.0284664665932
360 182.0284664665932
361 182.0284664665932
362 182.0284664665932
363 182.0284664665932
364 182.0284664665932
365 182.0284664665932
366 182.0284664665932
367 182.0284664665932
368 182.0284664665932
369 182.0284664665932
370 182.0284664665932
371 182.0284664665932
372 182.0284664665932
373 182.0284664665932
374 182.0284664665932
375 182.0284664665932
376 182.0284664665932
377 182.0284664665932
378 182.0284664665932
379 182.0284664665932
380 182.0284664665932
381 182.0284664665932
382 182.0284664665932
383 182.0284664665932
384 182.0284664665932
385 182.0284664665932
386 182.0284664665932
387 182.0284664665932
388 182.0284664665932
389 182.0284664665932
390 182.0284664665932
391 182.0284664665932
392 182.0284664665932
393 182.0284664665932
394 182.0284664665932
395 182.0284664665932
396 182.0284664665932
397 182.0284664665932
398 182.0284664665932
399 182.0284664665932
400 182.0284664665932
401 182.0284664665932
402 182.0284664665932
403 182.0284664665932
404 182.0284664665932
405 182.0284664665932
406 182.0284664665932
407 182.0284664665932
408 182.0284664665932
409 182.0284664665932
410 182.0284664665932
411 182.0284664665932
412 182.0284664665932
413 182.0284664665932
414 182.0284664665932
415 182.0284664665932
416 182.0284664665932
417 182.0284664665932
418 182.0284664665932
419 182.0284664665932
420 182.0284664665932
421 182.0284664665932
422 182.0284664665932
423 182.0284664665932
424 182.0284664665932
425 182.0284664665932
426 182.0284664665932
427 182.0284664665932
428 182.0284664665932
429 182.0284664665932
430 182.0284664665932
431 182.0284664665932
432 182.0284664665932
433 182.0284664665932
434 182.0284664665932
435 182.0284664665932
436 182.0284664665932
437 182.0284664665932
438 182.0284664665932
439 182.0284664665932
440 182.0284664665932
441 182.0284664665932
442 182.0284664665932
443 182.0284664665932
444 182.0284664665932
445 182.0284664665932
446 182.0284664665932
447 188.03439808605756
448 188.03439808605756
449 188.03439808605756
450 188.03439808605756
451 188.03439808605756
452 188.03439808605756
453 188.03439808605756
454 188.03439808605756
455 188.03439808605756
456 188.03439808605756
457 188.03439808605756
458 188.03439808605756
459 188.03439808605756
460 188.03439808605756
461 188.03439808605756
462 188.03439808605756
463 188.03439808605756
464 188.03439808605756
465 188.03439808605756
466 188.03439808605756
467 188.03439808605756
468 188.03439808605756
469 188.03439808605756
470 188.03439808605756
471 188.03439808605756
472 188.03439808605756
473 188.03439808605756
474 188.03439808605756
475 188.03439808605756
476 188.03439808605756
477 188.03439808605756
478 188.03439808605756
479 188.03439808605756
480 188.03439808605756
481 188.03439808605756
482 188.03439808605756
483 188.03439808605756
484 188.03439808605756
485 188.03439808605756
486 188.03439808605756
487 188.03439808605756
488 188.03439808605756
489 188.03439808605756
490 188.03439808605756
491 188.03439808605756
492 188.03439808605756
493 188.03439808605756
494 188.03439808605756
495 188.03439808605756
496 188.03439808605756
497 188.03439808605756
498 188.03439808605756
499 188.03439808605756
500 188.03439808605756
501 188.03439808605756
502 188.03439808605756
503 188.03439808605756
504 188.03439808605756
505 188.03439808605756
506 188.03439808605756
507 188.03439808605756
508 188.03439808605756
509 188.03439808605756
510 188.03439808605756
511 188.03439808605756
512 188.03439808605756
513 188.03439808605756
514 188.03439808605756
515 188.03439808605756
516 188.03439808605756
517 188.03439808605756
518 188.03439808605756
519 188.03439808605756
520 188.03439808605756
521 188.03439808605756
522 188.03439808605756
523 188.03439808605756
524 188.03439808605756
525 188.03439808605756
526 188.03439808605756
527 188.03439808605756
528 188.03439808605756
529 188.03439808605756
530 188.03439808605756
531 188.03439808605756
532 188.03439808605756
533 188.03439808605756
534 188.03439808605756
535 188.03439808605756
536 188.03439808605756
537 188.03439808605756
538 188.03439808605756
539 188.03439808605756
540 188.03439808605756
541 188.03439808605756
542 188.03439808605756
543 188.03439808605756
544 188.03439808605756
545 188.03439808605756
546 188.03439808605756
547 188.03439808605756
548 188.03439808605756
549 188.03439808605756
550 188.03439808605756
551 188.03439808605756
552 188.03439808605756
553 188.03439808605756
554 197.3218611826898
555 197.3218611826898
556 197.3218611826898
557 197.3218611826898
558 197.3218611826898
559 197.3218611826898
560 197.3218611826898
561 197.3218611826898
562 197.3218611826898
563 197.3218611826898
564 197.3218611826898
565 197.3218611826898
566 197.3218611826898
567 197.3218611826898
568 197.3218611826898
569 197.3218611826898
570 197.3218611826898
571 197.3218611826898
572 197.3218611826898
573 197.3218611826898
574 197.3218611826898
575 197.3218611826898
576 197.3218611826898
577 197.3218611826898
578 197.3218611826898
579 197.3218611826898
580 197.3218611826898
581 197.3218611826898
582 197.3218611826898
583 197.3218611826898
584 197.3218611826898
585 197.3218611826898
586 197.3218611826898
587 197.3218611826898
588 197.3218611826898
589 197.3218611826898
590 197.3218611826898
591 197.3218611826898
592 197.3218611826898
593 197.3218611826898
594 197.3218611826898
595 197.3218611826898
596 197.3218611826898
597 197.3218611826898
598 197.3218611826898
599 197.3218611826898
600 197.3218611826898
601 197.3218611826898
602 197.3218611826898
603 197.3218611826898
604 197.3218611826898
605 197.3218611826898
606 197.3218611826898
607 197.3218611826898
608 197.3218611826898
609 197.3218611826898
610 197.3218611826898
611 197.3218611826898
612 197.3218611826898
613 197.3218611826898
614 197.3218611826898
615 197.3218611826898
616 202.51534790822052
617 202.51534790822052
618 202.51534790822052
619 202.51534790822052
620 202.51534790822052
621 202.51534790822052
622 202.51534790822052
623 202.51534790822052
624 202.51534790822052
625 202.51534790822052
626 202.51534790822052
627 202.51534790822052
628 202.51534790822052
629 202.51534790822052
630 202.51534790822052
631 202.51534790822052
632 202.51534790822052
633 202.51534790822052
634 202.51534790822052
635 202.51534790822052
636 202.51534790822052
637 202.51534790822052
638 202.51534790822052
639 202.51534790822052
640 202.51534790822052
641 202.51534790822052
642 202.51534790822052
643 202.51534790822052
644 202.51534790822052
645 202.51534790822052
646 202.51534790822052
647 202.51534790822052
648 202.51534790822052
649 202.51534790822052
650 202.51534790822052
651 202.51534790822052
652 202.51534790822052
653 202.51534790822052
654 202.51534790822052
655 202.51534790822052
656 202.51534790822052
657 202.51534790822052
658 202.51534790822052
659 202.51534790822052
660 202.51534790822052
661 202.51534790822052
662 202.51534790822052
663 202.51534790822052
664 202.51534790822052
665 202.51534790822052
666 202.51534790822052
667 202.51534790822052
668 202.51534790822052
669 202.51534790822052
670 202.51534790822052
671 202.51534790822052
672 202.51534790822052
673 202.51534790822052
674 202.51534790822052
675 202.51534790822052
676 202.51534790822052
677 202.51534790822052
678 202.51534790822052
679 202.51534790822052
680 202.51534790822052
681 202.51534790822052
682 202.51534790822052
683 202.51534790822052
684 202.51534790822052
685 202.51534790822052
686 202.51534790822052
687 202.51534790822052
688 202.51534790822052
689 202.51534790822052
690 202.51534790822052
691 202.51534790822052
692 202.51534790822052
693 202.51534790822052
694 202.51534790822052
695 202.51534790822052
696 202.51534790822052
697 202.51534790822052
698 202.51534790822052
699 202.51534790822052
700 202.51534790822052
701 202.51534790822052
702 202.51534790822052
703 202.51534790822052
704 202.51534790822052
705 202.51534790822052
706 202.51534790822052
707 202.51534790822052
708 202.51534790822052
709 202.51534790822052
710 202.51534790822052
711 202.51534790822052
712 202.51534790822052
713 202.51534790822052
714 202.51534790822052
715 202.51534790822052
716 202.51534790822052
717 202.51534790822052
718 202.51534790822052
719 202.51534790822052
720 202.51534790822052
721 202.51534790822052
722 202.51534790822052
723 202.51534790822052
724 202.51534790822052
725 202.51534790822052
726 202.51534790822052
727 202.51534790822052
728 202.51534790822052
729 202.51534790822052
730 202.51534790822052
731 202.51534790822052
732 202.51534790822052
733 202.51534790822052
734 202.51534790822052
735 202.51534790822052
736 202.51534790822052
737 202.51534790822052
738 202.51534790822052
739 202.51534790822052
740 202.51534790822052
741 202.51534790822052
742 202.51534790822052
743 202.51534790822052
744 202.51534790822052
745 202.51534790822052
746 202.51534790822052
747 202.51534790822052
748 202.51534790822052
749 202.51534790822052
750 202.51534790822052
751 202.51534790822052
752 202.51534790822052
753 202.51534790822052
754 202.51534790822052
755 202.51534790822052
756 202.51534790822052
757 202.51534790822052
758 202.51534790822052
759 202.51534790822052
760 202.51534790822052
761 202.51534790822052
762 202.51534790822052
763 202.51534790822052
764 202.51534790822052
765 202.51534790822052
766 202.51534790822052
767 202.51534790822052
768 202.51534790822052
769 202.51534790822052
770 202.51534790822052
771 202.51534790822052
772 202.51534790822052
773 202.51534790822052
774 202.51534790822052
775 202.51534790822052
776 202.51534790822052
777 202.51534790822052
778 202.51534790822052
779 202.51534790822052
780 202.51534790822052
781 202.51534790822052
782 202.51534790822052
783 202.51534790822052
784 202.51534790822052
785 202.51534790822052
786 202.51534790822052
787 202.51534790822052
788 202.51534790822052
789 202.51534790822052
790 202.51534790822052
791 202.51534790822052
792 202.51534790822052
793 202.51534790822052
794 202.51534790822052
795 202.51534790822052
796 202.51534790822052
797 202.51534790822052
798 202.51534790822052
799 202.51534790822052
800 202.51534790822052
801 202.51534790822052
802 202.51534790822052
803 202.51534790822052
804 202.51534790822052
805 202.51534790822052
806 202.51534790822052
807 202.51534790822052
808 202.51534790822052
809 202.51534790822052
810 202.51534790822052
811 202.51534790822052
812 202.51534790822052
813 202.51534790822052
814 202.51534790822052
815 202.51534790822052
816 202.51534790822052
817 202.51534790822052
818 202.51534790822052
819 202.51534790822052
820 202.51534790822052
821 202.51534790822052
822 202.51534790822052
823 202.51534790822052
824 202.51534790822052
825 202.51534790822052
826 202.51534790822052
827 202.51534790822052
828 202.51534790822052
829 202.51534790822052
830 202.51534790822052
831 202.51534790822052
832 202.51534790822052
833 202.51534790822052
834 202.51534790822052
835 202.51534790822052
836 202.51534790822052
837 202.51534790822052
838 202.51534790822052
839 202.51534790822052
840 202.51534790822052
841 202.51534790822052
842 202.51534790822052
843 202.51534790822052
844 202.51534790822052
845 202.51534790822052
846 202.51534790822052
847 202.51534790822052
848 202.51534790822052
849 202.51534790822052
850 202.51534790822052
851 202.51534790822052
852 202.51534790822052
853 202.51534790822052
854 202.51534790822052
855 202.51534790822052
856 202.51534790822052
857 202.51534790822052
858 202.51534790822052
859 202.51534790822052
860 202.51534790822052
861 202.51534790822052
862 202.51534790822052
863 202.51534790822052
864 202.51534790822052
865 202.51534790822052
866 202.51534790822052
867 202.51534790822052
868 202.51534790822052
869 202.51534790822052
870 202.51534790822052
871 202.51534790822052
872 202.51534790822052
873 202.51534790822052
874 202.51534790822052
875 202.51534790822052
876 202.51534790822052
877 202.51534790822052
878 202.51534790822052
879 202.51534790822052
880 202.51534790822052
881 202.51534790822052
882 202.51534790822052
883 202.51534790822052
884 202.51534790822052
885 202.51534790822052
886 202.51534790822052
887 202.51534790822052
888 202.51534790822052
889 202.51534790822052
890 202.51534790822052
891 202.51534790822052
892 202.51534790822052
893 202.51534790822052
894 202.51534790822052
895 202.51534790822052
896 202.51534790822052
897 202.51534790822052
898 202.51534790822052
899 202.51534790822052
900 202.51534790822052
901 202.51534790822052
902 202.51534790822052
903 202.51534790822052
904 202.51534790822052
905 202.51534790822052
906 202.51534790822052
907 202.51534790822052
908 202.51534790822052
909 202.51534790822052
910 202.51534790822052
911 202.51534790822052
912 202.51534790822052
913 202.51534790822052
914 202.51534790822052
915 202.51534790822052
916 202.51534790822052
917 202.51534790822052
918 202.51534790822052
919 202.51534790822052
920 202.51534790822052
921 202.51534790822052
922 202.51534790822052
923 202.51534790822052
924 202.51534790822052
925 202.51534790822052
926 202.51534790822052
927 202.51534790822052
928 202.51534790822052
929 202.51534790822052
930 202.51534790822052
931 202.51534790822052
932 202.51534790822052
933 202.51534790822052
934 202.51534790822052
935 202.51534790822052
936 202.51534790822052
937 202.51534790822052
938 202.51534790822052
939 202.51534790822052
940 202.51534790822052
941 202.51534790822052
942 202.51534790822052
943 202.51534790822052
944 202.51534790822052
945 202.51534790822052
946 202.51534790822052
947 202.51534790822052
948 202.51534790822052
949 202.51534790822052
950 202.51534790822052
951 202.51534790822052
952 202.51534790822052
953 202.51534790822052
954 202.51534790822052
955 202.51534790822052
956 202.51534790822052
957 202.51534790822052
958 202.51534790822052
959 202.51534790822052
960 202.51534790822052
961 202.51534790822052
962 202.51534790822052
963 202.51534790822052
964 202.51534790822052
965 202.51534790822052
966 202.51534790822052
967 202.51534790822052
968 202.51534790822052
969 202.51534790822052
970 202.51534790822052
971 202.51534790822052
972 202.51534790822052
973 202.51534790822052
974 202.51534790822052
975 202.51534790822052
976 202.51534790822052
977 202.51534790822052
978 202.51534790822052
979 202.51534790822052
980 202.51534790822052
981 202.51534790822052
982 202.51534790822052
983 202.51534790822052
984 202.51534790822052
985 202.51534790822052
986 202.51534790822052
987 202.51534790822052
988 202.51534790822052
989 202.51534790822052
990 202.51534790822052
991 202.51534790822052
992 202.51534790822052
993 202.51534790822052
994 203.80270068442175
995 203.80270068442175
996 203.80270068442175
997 203.80270068442175
998 203.80270068442175
999 203.80270068442175
1000 203.80270068442175
1001 203.80270068442175
1002 203.80270068442175
1003 203.80270068442175
1004 203.80270068442175
1005 203.80270068442175
1006 203.80270068442175
1007 203.80270068442175
1008 203.80270068442175
1009 203.80270068442175
1010 203.80270068442175
1011 203.80270068442175
1012 203.80270068442175
1013 203.80270068442175
1014 203.80270068442175
1015 203.80270068442175
1016 203.80270068442175
1017 203.80270068442175
1018 203.80270068442175
1019 203.80270068442175
1020 203.80270068442175
1021 203.80270068442175
1022 203.80270068442175
1023 203.80270068442175
1024 203.80270068442175
1025 203.80270068442175
1026 203.80270068442175
1027 203.80270068442175
1028 203.80270068442175
1029 203.80270068442175
1030 203.80270068442175
1031 203.80270068442175
1032 203.80270068442175
1033 203.80270068442175
1034 203.80270068442175
1035 203.80270068442175
1036 203.80270068442175
1037 203.80270068442175
1038 203.80270068442175
1039 203.80270068442175
1040 203.80270068442175
1041 203.80270068442175
1042 203.80270068442175
1043 203.80270068442175
1044 203.80270068442175
1045 203.80270068442175
1046 203.80270068442175
1047 203.80270068442175
1048 203.80270068442175
1049 203.80270068442175
1050 203.80270068442175
1051 203.80270068442175
1052 203.80270068442175
1053 203.80270068442175
1054 203.80270068442175
1055 203.80270068442175
1056 203.80270068442175
1057 203.80270068442175
1058 203.80270068442175
1059 203.80270068442175
1060 203.80270068442175
1061 203.80270068442175
1062 203.80270068442175
1063 203.80270068442175
1064 203.80270068442175
1065 203.80270068442175
1066 203.80270068442175
1067 203.80270068442175
1068 203.80270068442175
1069 203.80270068442175
1070 203.80270068442175
1071 203.80270068442175
1072 203.80270068442175
1073 203.80270068442175
1074 203.80270068442175
1075 203.80270068442175
1076 203.80270068442175
1077 203.80270068442175
1078 203.80270068442175
1079 203.80270068442175
1080 203.80270068442175
1081 203.80270068442175
1082 203.80270068442175
1083 203.80270068442175
1084 203.80270068442175
1085 203.80270068442175
1086 203.80270068442175
1087 203.80270068442175
1088 203.80270068442175
1089 203.80270068442175
1090 203.80270068442175
1091 203.80270068442175
1092 203.80270068442175
1093 203.80270068442175
1094 203.80270068442175
1095 203.80270068442175
1096 203.80270068442175
1097 203.80270068442175
1098 203.80270068442175
1099 203.80270068442175
1100 203.80270068442175
1101 203.80270068442175
1102 203.80270068442175
1103 203.80270068442175
1104 203.80270068442175
1105 203.80270068442175
1106 203.80270068442175
1107 203.80270068442175
1108 203.80270068442175
1109 203.80270068442175
1110 203.80270068442175
1111 203.80270068442175
1112 203.80270068442175
1113 203.80270068442175
1114 203.80270068442175
1115 203.80270068442175
1116 203.80270068442175
1117 203.80270068442175
1118 203.80270068442175
1119 203.80270068442175
1120 203.80270068442175
1121 203.80270068442175
1122 203.80270068442175
1123 203.80270068442175
1124 203.80270068442175
1125 203.80270068442175
1126 203.80270068442175
1127 203.80270068442175
1128 203.80270068442175
1129 203.80270068442175
1130 203.80270068442175
1131 203.80270068442175
1132 203.80270068442175
1133 203.80270068442175
1134 203.80270068442175
1135 203.80270068442175
1136 203.80270068442175
1137 203.80270068442175
1138 203.80270068442175
1139 203.80270068442175
1140 203.80270068442175
1141 203.80270068442175
1142 203.80270068442175
1143 203.80270068442175
1144 203.80270068442175
1145 203.80270068442175
1146 203.80270068442175
1147 203.80270068442175
1148 203.80270068442175
1149 203.80270068442175
1150 203.80270068442175
1151 203.80270068442175
1152 203.80270068442175
1153 203.80270068442175
1154 203.80270068442175
1155 203.80270068442175
1156 203.80270068442175
1157 203.80270068442175
1158 203.80270068442175
1159 203.80270068442175
1160 203.80270068442175
1161 203.80270068442175
1162 203.80270068442175
1163 203.80270068442175
1164 203.80270068442175
1165 203.80270068442175
1166 203.80270068442175
1167 203.80270068442175
1168 203.80270068442175
1169 203.80270068442175
1170 203.80270068442175
1171 203.80270068442175
1172 203.80270068442175
1173 203.80270068442175
1174 203.80270068442175
1175 203.80270068442175
1176 203.80270068442175
1177 203.80270068442175
1178 203.80270068442175
1179 203.80270068442175
1180 203.80270068442175
1181 203.80270068442175
1182 203.80270068442175
1183 203.80270068442175
1184 203.80270068442175
1185 203.80270068442175
1186 203.80270068442175
1187 203.80270068442175
1188 203.80270068442175
1189 203.80270068442175
1190 203.80270068442175
1191 203.80270068442175
1192 203.80270068442175
1193 203.80270068442175
1194 203.80270068442175
1195 203.80270068442175
1196 203.80270068442175
1197 203.80270068442175
1198 203.80270068442175
1199 203.80270068442175
1200 203.80270068442175
1201 203.80270068442175
1202 203.80270068442175
1203 203.80270068442175
1204 203.80270068442175
1205 203.80270068442175
1206 203.80270068442175
1207 203.80270068442175
1208 203.80270068442175
1209 203.80270068442175
1210 203.80270068442175
1211 203.80270068442175
1212 203.80270068442175
1213 203.80270068442175
1214 203.80270068442175
1215 203.80270068442175
1216 203.80270068442175
1217 203.80270068442175
1218 203.80270068442175
1219 203.80270068442175
1220 203.80270068442175
1221 203.80270068442175
1222 203.80270068442175
1223 203.80270068442175
1224 203.80270068442175
1225 203.80270068442175
1226 203.80270068442175
1227 203.80270068442175
1228 203.80270068442175
1229 203.80270068442175
1230 203.80270068442175
1231 203.80270068442175
1232 203.80270068442175
1233 203.80270068442175
1234 203.80270068442175
1235 203.80270068442175
1236 203.80270068442175
1237 203.80270068442175
1238 203.80270068442175
1239 203.80270068442175
1240 203.80270068442175
1241 203.80270068442175
1242 203.80270068442175
1243 203.80270068442175
1244 203.80270068442175
1245 203.80270068442175
1246 203.80270068442175
1247 203.80270068442175
1248 203.80270068442175
1249 203.80270068442175
1250 203.80270068442175
1251 203.80270068442175
1252 203.80270068442175
1253 203.80270068442175
1254 203.80270068442175
1255 203.80270068442175
1256 203.80270068442175
1257 203.80270068442175
1258 203.80270068442175
1259 203.80270068442175
1260 203.80270068442175
1261 203.80270068442175
1262 203.80270068442175
1263 203.80270068442175
1264 203.80270068442175
1265 203.80270068442175
1266 203.80270068442175
1267 203.80270068442175
1268 203.80270068442175
1269 203.80270068442175
1270 203.80270068442175
1271 203.80270068442175
1272 203.80270068442175
1273 203.80270068442175
1274 203.80270068442175
1275 203.80270068442175
1276 203.80270068442175
1277 203.80270068442175
1278 203.80270068442175
1279 203.80270068442175
1280 203.80270068442175
1281 203.80270068442175
1282 203.80270068442175
1283 203.80270068442175
1284 203.80270068442175
1285 203.80270068442175
1286 203.80270068442175
1287 203.80270068442175
1288 203.80270068442175
1289 203.80270068442175
1290 203.80270068442175
1291 203.80270068442175
1292 203.80270068442175
1293 203.80270068442175
1294 203.80270068442175
1295 203.80270068442175
1296 203.80270068442175
1297 203.80270068442175
1298 203.80270068442175
1299 203.80270068442175
1300 203.80270068442175
1301 203.80270068442175
1302 203.80270068442175
1303 203.80270068442175
1304 203.80270068442175
1305 203.80270068442175
1306 203.80270068442175
1307 203.80270068442175
1308 203.80270068442175
1309 203.80270068442175
1310 203.80270068442175
1311 203.80270068442175
1312 203.80270068442175
1313 203.80270068442175
1314 203.80270068442175
1315 203.80270068442175
1316 203.80270068442175
1317 203.80270068442175
1318 203.80270068442175
1319 203.80270068442175
1320 203.80270068442175
1321 203.80270068442175
1322 203.80270068442175
1323 203.80270068442175
1324 203.80270068442175
1325 203.80270068442175
1326 203.80270068442175
1327 203.80270068442175
1328 203.80270068442175
1329 203.80270068442175
1330 203.80270068442175
1331 203.80270068442175
1332 203.80270068442175
1333 203.80270068442175
1334 203.80270068442175
1335 203.80270068442175
1336 203.80270068442175
1337 203.80270068442175
1338 203.80270068442175
1339 203.80270068442175
1340 203.80270068442175
1341 203.80270068442175
1342 203.80270068442175
1343 203.80270068442175
1344 203.80270068442175
1345 204.8946001196489
1346 204.8946001196489
1347 204.8946001196489
1348 204.8946001196489
1349 204.8946001196489
1350 204.8946001196489
1351 204.8946001196489
1352 204.8946001196489
1353 204.8946001196489
1354 204.8946001196489
1355 204.8946001196489
1356 204.8946001196489
1357 204.8946001196489
1358 204.8946001196489
1359 204.8946001196489
1360 204.8946001196489
1361 204.8946001196489
1362 204.8946001196489
1363 204.8946001196489
1364 204.8946001196489
1365 204.8946001196489
1366 204.8946001196489
1367 204.8946001196489
1368 204.8946001196489
1369 204.8946001196489
1370 204.8946001196489
1371 204.8946001196489
1372 204.8946001196489
1373 204.8946001196489
1374 204.8946001196489
1375 204.8946001196489
1376 204.8946001196489
1377 204.8946001196489
1378 204.8946001196489
1379 204.8946001196489
1380 204.8946001196489
1381 204.8946001196489
1382 204.8946001196489
1383 204.8946001196489
1384 204.8946001196489
1385 204.8946001196489
1386 204.8946001196489
1387 204.8946001196489
1388 204.8946001196489
1389 204.8946001196489
1390 204.8946001196489
1391 204.8946001196489
1392 204.8946001196489
1393 204.8946001196489
1394 204.8946001196489
1395 204.8946001196489
1396 204.8946001196489
1397 204.8946001196489
1398 204.8946001196489
1399 204.8946001196489
1400 204.8946001196489
1401 204.8946001196489
1402 204.8946001196489
1403 204.8946001196489
1404 204.8946001196489
1405 204.8946001196489
1406 204.8946001196489
1407 204.8946001196489
1408 204.8946001196489
1409 204.8946001196489
1410 204.8946001196489
1411 204.8946001196489
1412 204.8946001196489
1413 204.8946001196489
1414 204.8946001196489
1415 204.8946001196489
1416 204.8946001196489
1417 204.8946001196489
1418 204.8946001196489
1419 204.8946001196489
1420 204.8946001196489
1421 204.8946001196489
1422 204.8946001196489
1423 204.8946001196489
1424 204.8946001196489
1425 204.8946001196489
1426 204.8946001196489
1427 204.8946001196489
1428 204.8946001196489
1429 204.8946001196489
1430 204.8946001196489
1431 204.8946001196489
1432 204.8946001196489
1433 204.8946001196489
1434 204.8946001196489
1435 204.8946001196489
1436 204.8946001196489
1437 204.8946001196489
1438 204.8946001196489
1439 204.8946001196489
1440 204.8946001196489
1441 204.8946001196489
1442 204.8946001196489
1443 204.8946001196489
1444 204.8946001196489
1445 204.8946001196489
1446 204.8946001196489
1447 204.8946001196489
1448 204.8946001196489
1449 204.8946001196489
1450 204.8946001196489
1451 204.8946001196489
1452 204.8946001196489
1453 204.8946001196489
1454 204.8946001196489
1455 204.8946001196489
1456 204.8946001196489
1457 204.8946001196489
1458 204.8946001196489
1459 204.8946001196489
1460 204.8946001196489
1461 204.8946001196489
1462 204.8946001196489
1463 204.8946001196489
1464 204.8946001196489
1465 204.8946001196489
1466 204.8946001196489
1467 204.8946001196489
1468 204.8946001196489
1469 204.8946001196489
1470 204.8946001196489
1471 204.8946001196489
1472 204.8946001196489
1473 204.8946001196489
1474 204.8946001196489
1475 204.8946001196489
1476 204.8946001196489
1477 204.8946001196489
1478 204.8946001196489
1479 204.8946001196489
1480 204.8946001196489
1481 204.8946001196489
1482 204.8946001196489
1483 204.8946001196489
1484 204.8946001196489
1485 204.8946001196489
1486 204.8946001196489
1487 204.8946001196489
1488 204.8946001196489
1489 204.8946001196489
1490 204.8946001196489
1491 204.8946001196489
1492 204.8946001196489
1493 204.8946001196489
1494 204.8946001196489
1495 204.8946001196489
1496 204.8946001196489
1497 204.8946001196489
1498 204.8946001196489
1499 204.8946001196489
1500 204.8946001196489
1501 204.8946001196489
1502 204.8946001196489
1503 204.8946001196489
1504 204.8946001196489
1505 204.8946001196489
1506 204.8946001196489
1507 204.8946001196489
1508 204.8946001196489
1509 204.8946001196489
1510 204.8946001196489
1511 204.8946001196489
1512 204.8946001196489
1513 204.8946001196489
1514 204.8946001196489
1515 204.8946001196489
1516 204.8946001196489
1517 204.8946001196489
1518 204.8946001196489
1519 204.8946001196489
1520 204.8946001196489
1521 204.8946001196489
1522 204.8946001196489
1523 204.8946001196489
1524 204.8946001196489
1525 204.8946001196489
1526 204.8946001196489
1527 204.8946001196489
1528 204.8946001196489
1529 204.8946001196489
1530 204.8946001196489
1531 204.8946001196489
1532 204.8946001196489
1533 204.8946001196489
1534 204.8946001196489
1535 204.8946001196489
1536 204.8946001196489
1537 204.8946001196489
1538 204.8946001196489
1539 204.8946001196489
1540 204.8946001196489
1541 204.8946001196489
1542 204.8946001196489
1543 204.8946001196489
1544 204.8946001196489
1545 204.8946001196489
1546 204.8946001196489
1547 204.8946001196489
1548 204.8946001196489
1549 204.8946001196489
1550 204.8946001196489
1551 204.8946001196489
1552 204.8946001196489
1553 204.8946001196489
1554 204.8946001196489
1555 204.8946001196489
1556 204.8946001196489
1557 204.8946001196489
1558 204.8946001196489
1559 204.8946001196489
1560 204.8946001196489
1561 204.8946001196489
1562 204.8946001196489
1563 204.8946001196489
1564 204.8946001196489
1565 204.8946001196489
1566 204.8946001196489
1567 204.8946001196489
1568 204.8946001196489
1569 204.8946001196489
1570 204.8946001196489
1571 204.8946001196489
1572 204.8946001196489
1573 204.8946001196489
1574 204.8946001196489
1575 204.8946001196489
1576 204.8946001196489
1577 204.8946001196489
1578 204.8946001196489
1579 204.8946001196489
1580 204.8946001196489
1581 204.8946001196489
1582 204.8946001196489
1583 204.8946001196489
1584 204.8946001196489
1585 204.8946001196489
1586 204.8946001196489
1587 204.8946001196489
1588 204.8946001196489
1589 204.8946001196489
1590 204.8946001196489
1591 204.8946001196489
1592 204.8946001196489
1593 204.8946001196489
1594 204.8946001196489
1595 204.8946001196489
1596 204.8946001196489
1597 204.8946001196489
1598 204.8946001196489
1599 204.8946001196489
1600 204.8946001196489
1601 204.8946001196489
1602 204.8946001196489
1603 204.8946001196489
1604 204.8946001196489
1605 204.8946001196489
1606 204.8946001196489
1607 204.8946001196489
1608 204.8946001196489
1609 204.8946001196489
1610 204.8946001196489
1611 204.8946001196489
1612 204.8946001196489
1613 204.8946001196489
1614 204.8946001196489
1615 204.8946001196489
1616 204.8946001196489
1617 204.8946001196489
1618 204.8946001196489
1619 204.8946001196489
1620 204.8946001196489
1621 204.8946001196489
1622 204.8946001196489
1623 204.8946001196489
1624 204.8946001196489
1625 204.8946001196489
1626 204.8946001196489
1627 204.8946001196489
1628 204.8946001196489
1629 204.8946001196489
1630 204.8946001196489
1631 204.8946001196489
1632 204.8946001196489
1633 204.8946001196489
1634 204.8946001196489
1635 204.8946001196489
1636 204.8946001196489
1637 204.8946001196489
1638 204.8946001196489
1639 204.8946001196489
1640 204.8946001196489
1641 204.8946001196489
1642 204.8946001196489
1643 204.8946001196489
1644 204.8946001196489
1645 204.8946001196489
1646 204.8946001196489
1647 204.8946001196489
1648 204.8946001196489
1649 204.8946001196489
1650 204.8946001196489
1651 204.8946001196489
1652 204.8946001196489
1653 204.8946001196489
1654 204.8946001196489
1655 204.8946001196489
1656 204.8946001196489
1657 204.8946001196489
1658 204.8946001196489
1659 204.8946001196489
1660 204.8946001196489
1661 204.8946001196489
1662 204.8946001196489
1663 204.8946001196489
1664 204.8946001196489
1665 204.8946001196489
1666 204.8946001196489
1667 204.8946001196489
1668 204.8946001196489
1669 204.8946001196489
1670 204.8946001196489
1671 204.8946001196489
1672 204.8946001196489
1673 204.8946001196489
1674 204.8946001196489
1675 204.8946001196489
1676 204.8946001196489
1677 204.8946001196489
1678 204.8946001196489
1679 204.8946001196489
1680 204.8946001196489
1681 204.8946001196489
1682 204.8946001196489
1683 204.8946001196489
1684 204.8946001196489
1685 204.8946001196489
1686 204.8946001196489
1687 204.8946001196489
1688 204.8946001196489
1689 204.8946001196489
1690 204.8946001196489
1691 204.8946001196489
1692 204.8946001196489
1693 204.8946001196489
1694 204.8946001196489
1695 204.8946001196489
1696 204.8946001196489
1697 204.8946001196489
1698 204.8946001196489
1699 204.8946001196489
1700 204.8946001196489
1701 204.8946001196489
1702 204.8946001196489
1703 204.8946001196489
1704 204.8946001196489
1705 204.8946001196489
1706 204.8946001196489
1707 204.8946001196489
1708 204.8946001196489
1709 204.8946001196489
1710 204.8946001196489
1711 204.8946001196489
1712 204.8946001196489
1713 204.8946001196489
1714 204.8946001196489
1715 204.8946001196489
1716 204.8946001196489
1717 204.8946001196489
1718 204.8946001196489
1719 204.8946001196489
1720 204.8946001196489
1721 204.8946001196489
1722 204.8946001196489
1723 204.8946001196489
1724 204.8946001196489
1725 204.8946001196489
1726 204.8946001196489
1727 204.8946001196489
1728 204.8946001196489
1729 204.8946001196489
1730 204.8946001196489
1731 204.8946001196489
1732 204.8946001196489
1733 204.8946001196489
1734 204.8946001196489
1735 204.8946001196489
1736 204.8946001196489
1737 204.8946001196489
1738 204.8946001196489
1739 204.8946001196489
1740 204.8946001196489
1741 204.8946001196489
1742 204.8946001196489
1743 204.8946001196489
1744 204.8946001196489
1745 204.8946001196489
1746 204.8946001196489
1747 204.8946001196489
1748 204.8946001196489
1749 204.8946001196489
1750 204.8946001196489
1751 204.8946001196489
1752 204.8946001196489
1753 204.8946001196489
1754 204.8946001196489
1755 204.8946001196489
1756 204.8946001196489
1757 204.8946001196489
1758 204.8946001196489
1759 204.8946001196489
1760 204.8946001196489
1761 204.8946001196489
1762 204.8946001196489
1763 204.8946001196489
1764 204.8946001196489
1765 204.8946001196489
1766 204.8946001196489
1767 204.8946001196489
1768 204.8946001196489
1769 204.8946001196489
1770 204.8946001196489
1771 204.8946001196489
1772 204.8946001196489
1773 204.8946001196489
1774 204.8946001196489
1775 204.8946001196489
1776 204.8946001196489
1777 204.8946001196489
1778 204.8946001196489
1779 204.8946001196489
1780 204.8946001196489
1781 204.8946001196489
1782 204.8946001196489
1783 204.8946001196489
1784 204.8946001196489
1785 204.8946001196489
1786 204.8946001196489
1787 204.8946001196489
1788 204.8946001196489
1789 204.8946001196489
1790 204.8946001196489
1791 204.8946001196489
1792 204.8946001196489
1793 204.8946001196489
1794 204.8946001196489
1795 204.8946001196489
1796 204.8946001196489
1797 204.8946001196489
1798 204.8946001196489
1799 204.8946001196489
1800 204.8946001196489
1801 204.8946001196489
1802 204.8946001196489
1803 204.8946001196489
1804 204.8946001196489
1805 204.8946001196489
1806 204.8946001196489
1807 204.8946001196489
1808 204.8946001196489
1809 204.8946001196489
1810 204.8946001196489
1811 204.8946001196489
1812 204.8946001196489
1813 204.8946001196489
1814 204.8946001196489
1815 204.8946001196489
1816 204.8946001196489
1817 204.8946001196489
1818 204.8946001196489
1819 204.8946001196489
1820 204.8946001196489
1821 204.8946001196489
1822 204.8946001196489
1823 204.8946001196489
1824 204.8946001196489
1825 204.8946001196489
1826 204.8946001196489
1827 204.8946001196489
1828 204.8946001196489
1829 204.8946001196489
1830 204.8946001196489
1831 204.8946001196489
1832 204.8946001196489
1833 204.8946001196489
1834 204.8946001196489
1835 204.8946001196489
1836 204.8946001196489
1837 204.8946001196489
1838 204.8946001196489
1839 204.8946001196489
1840 204.8946001196489
1841 204.8946001196489
1842 204.8946001196489
1843 204.8946001196489
1844 204.8946001196489
1845 204.8946001196489
1846 204.8946001196489
1847 204.8946001196489
1848 204.8946001196489
1849 204.8946001196489
1850 204.8946001196489
1851 204.8946001196489
1852 204.8946001196489
1853 204.8946001196489
1854 204.8946001196489
1855 204.8946001196489
1856 204.8946001196489
1857 204.8946001196489
1858 204.8946001196489
1859 204.8946001196489
1860 204.8946001196489
1861 204.8946001196489
1862 204.8946001196489
1863 204.8946001196489
1864 204.8946001196489
1865 204.8946001196489
1866 204.8946001196489
1867 204.8946001196489
1868 204.8946001196489
1869 204.8946001196489
1870 204.8946001196489
1871 204.8946001196489
1872 204.8946001196489
1873 204.8946001196489
1874 204.8946001196489
1875 204.8946001196489
1876 204.8946001196489
1877 204.8946001196489
1878 204.8946001196489
1879 204.8946001196489
1880 204.8946001196489
1881 204.8946001196489
1882 204.8946001196489
1883 204.8946001196489
1884 204.8946001196489
1885 204.8946001196489
1886 204.8946001196489
1887 204.8946001196489
1888 204.8946001196489
1889 204.8946001196489
1890 204.8946001196489
1891 204.8946001196489
1892 204.8946001196489
1893 204.8946001196489
1894 204.8946001196489
1895 204.8946001196489
1896 204.8946001196489
1897 204.8946001196489
1898 204.8946001196489
1899 204.8946001196489
1900 204.8946001196489
1901 204.8946001196489
1902 204.8946001196489
1903 204.8946001196489
1904 204.8946001196489
1905 204.8946001196489
1906 204.8946001196489
1907 204.8946001196489
1908 204.8946001196489
1909 204.8946001196489
1910 204.8946001196489
1911 204.8946001196489
1912 204.8946001196489
1913 204.8946001196489
1914 204.8946001196489
1915 204.8946001196489
1916 204.8946001196489
1917 204.8946001196489
1918 204.8946001196489
1919 204.8946001196489
1920 204.8946001196489
1921 204.8946001196489
1922 204.8946001196489
1923 204.8946001196489
1924 204.8946001196489
1925 204.8946001196489
1926 204.8946001196489
1927 204.8946001196489
1928 204.8946001196489
1929 204.8946001196489
1930 204.8946001196489
1931 204.8946001196489
1932 204.8946001196489
1933 204.8946001196489
1934 204.8946001196489
1935 204.8946001196489
1936 204.8946001196489
1937 204.8946001196489
1938 204.8946001196489
1939 204.8946001196489
1940 204.8946001196489
1941 204.8946001196489
1942 204.8946001196489
1943 204.8946001196489
1944 204.8946001196489
1945 204.8946001196489
1946 204.8946001196489
1947 204.8946001196489
1948 204.8946001196489
1949 204.8946001196489
1950 204.8946001196489
1951 204.8946001196489
1952 204.8946001196489
1953 204.8946001196489
1954 204.8946001196489
1955 204.8946001196489
1956 204.8946001196489
1957 204.8946001196489
1958 204.8946001196489
1959 204.8946001196489
1960 204.8946001196489
1961 204.8946001196489
1962 204.8946001196489
1963 204.8946001196489
1964 204.8946001196489
1965 204.8946001196489
1966 204.8946001196489
1967 204.8946001196489
1968 204.8946001196489
1969 204.8946001196489
1970 204.8946001196489
1971 204.8946001196489
1972 204.8946001196489
1973 204.8946001196489
1974 204.8946001196489
1975 204.8946001196489
1976 204.8946001196489
1977 204.8946001196489
1978 204.8946001196489
1979 204.8946001196489
1980 204.8946001196489
1981 204.8946001196489
1982 204.8946001196489
1983 204.8946001196489
1984 204.8946001196489
1985 204.8946001196489
1986 204.8946001196489
1987 204.8946001196489
1988 204.8946001196489
1989 204.8946001196489
1990 204.8946001196489
1991 204.8946001196489
1992 204.8946001196489
1993 204.8946001196489
1994 204.8946001196489
1995 204.8946001196489
1996 204.8946001196489
1997 204.8946001196489
1998 204.8946001196489
1999 204.8946001196489
