0 0.738999335435866
1 0.738999335435866
2 0.7407625676940409
3 0.7407625676940409
4 0.7407625676940409
5 0.7565388744105085
6 0.7592773474670491
7 0.762854611115889
8 0.762854611115889
9 0.762854611115889
10 0.762854611115889
11 0.762854611115889
12 0.762854611115889
13 0.762854611115889
14 0.762854611115889
15 0.762854611115889
16 0.762854611115889
17 0.762854611115889
18 0.762854611115889
19 0.762854611115889
20 0.762854611115889
21 0.762854611115889
22 0.762854611115889
23 0.762854611115889
24 0.762854611115889
25 0.762854611115889
26 0.762854611115889
27 0.762854611115889
28 0.762854611115889
29 0.762854611115889
30 0.762854611115889
31 0.762854611115889
32 0.762854611115889
33 0.762854611115889
34 0.762854611115889
35 0.762854611115889
36 0.762854611115889
37 0.762854611115889
38 0.762854611115889
39 0.762854611115889
40 0.762854611115889
41 0.762854611115889
42 0.762854611115889
43 0.762854611115889
44 0.762854611115889
45 0.762854611115889
46 0.762854611115889
47 0.762854611115889
48 0.762854611115889
49 0.762854611115889
50 0.762854611115889
51 0.762854611115889
52 0.762854611115889
53 0.762854611115889
54 0.762854611115889
55 0.762854611115889
56 0.762854611115889
57 0.762854611115889
58 0.762854611115889
59 0.762854611115889
60 0.762854611115889
61 0.762854611115889
62 0.762854611115889
63 0.762854611115889
64 0.762854611115889
65 0.762854611115889
66 0.762854611115889
67 0.762854611115889
68 0.762854611115889
69 0.762854611115889
70 0.762854611115889
71 0.762854611115889
72 0.762854611115889
73 0.762854611115889
74 0.762854611115889
75 0.762854611115889
76 0.762854611115889
77 0.762854611115889
78 0.762854611115889
79 0.762854611115889
80 0.762854611115889
81 0.762854611115889
82 0.762854611115889
83 0.762854611115889
84 0.762854611115889
85 0.762854611115889
86 0.762854611115889
87 0.762854611115889
88 0.762854611115889
89 0.762854611115889
90 0.762854611115889
91 0.762854611115889
92 0.762854611115889
93 0.762854611115889
94 0.762854611115889
95 0.762854611115889
96 0.762854611115889
97 0.762854611115889
98 0.762854611115889
99 0.762854611115889
100 0.762854611115889
101 0.762854611115889
102 0.762854611115889
103 0.762854611115889
104 0.762854611115889
105 0.762854611115889
106 0.762854611115889
107 0.762854611115889
108 0.762854611115889
109 0.762854611115889
110 0.762854611115889
111 0.762854611115889
112 0.762854611115889
113 0.762854611115889
114 0.762854611115889
115 0.762854611115889
116 0.762854611115889
117 0.762854611115889
118 0.762854611115889
119 0.762854611115889
120 0.762854611115889
121 0.762854611115889
122 0.762854611115889
123 0.762854611115889
124 0.762854611115889
125 0.762854611115889
126 0.762854611115889
127 0.762854611115889
128 0.762854611115889
129 0.762854611115889
130 0.762854611115889
131 0.762854611115889
132 0.762854611115889
133 0.762854611115889
134 0.762854611115889
135 0.762854611115889
136 0.762854611115889
137 0.762854611115889
138 0.762854611115889
139 0.762854611115889
140 0.762854611115889
141 0.762854611115889
142 0.762854611115889
143 0.762854611115889
144 0.762854611115889
145 0.762854611115889
146 0.762854611115889
147 0.762854611115889
148 0.7628548658076659
149 0.7628548658076659
150 0.7628548658076659
151 0.7628548658076659
152 0.7628548658076659
153 0.7628548658076659
154 0.7628548658076659
155 0.7628548658076659
156 0.7628548658076659
157 0.7628548658076659
158 0.7628548658076659
159 0.7628548658076659
160 0.7628548658076659
161 0.7628548658076659
162 0.7628548658076659
163 0.7628548658076659
164 0.7628548658076659
165 0.7628548658076659
166 0.7628548658076659
167 0.7628548658076659
168 0.7628548658076659
169 0.7628548658076659
170 0.7628548658076659
171 0.7628548658076659
172 0.7628548658076659
173 0.7628548658076659
174 0.7628548658076659
175 0.7628548658076659
176 0.7628548658076659
177 0.7628548658076659
178 0.7628548658076659
179 0.7628548658076659
180 0.7628548658076659
181 0.7628548658076659
182 0.7628548658076659
183 0.7628548658076659
184 0.7628548658076659
185 0.7628548658076659
186 0.7628548658076659
187 0.7628548658076659
188 0.7628548658076659
189 0.7628548658076659
190 0.7628548658076659
191 0.7628548658076659
192 0.7628548658076659
193 0.7628548658076659
194 0.7628548658076659
195 0.7628548658076659
196 0.7628548658076659
197 0.7628548658076659
198 0.7628548658076659
199 0.7628548658076659
200 0.7628548658076659
201 0.7628548658076659
202 0.7628548658076659
203 0.7628548658076659
204 0.7628548658076659
205 0.7628548658076659
206 0.7628548658076659
207 0.7628548658076659
208 0.7628548658076659
209 0.7628548658076659
210 0.7628548658076659
211 0.7628548658076659
212 0.7628548658076659
213 0.7628548658076659
214 0.7628548658076659
215 0.7628548658076659
216 0.7628548658076659
217 0.7628548658076659
218 0.7628548658076659
219 0.7628548658076659
220 0.7628548658076659
221 0.7628548658076659
222 0.7628548658076659
223 0.7628548658076659
224 0.7628548658076659
225 0.7628548658076659
226 0.7628548658076659
227 0.7628548658076659
228 0.7628548658076659
229 0.7628548658076659
230 0.7628548658076659
231 0.7628548658076659
232 0.7628548658076659
233 0.7628548658076659
234 0.7628548658076659
235 0.7628548658076659
236 0.7628548658076659
237 0.7628548658076659
238 0.7628548658076659
239 0.7628548658076659
240 0.7628548658076659
241 0.7628548658076659
242 0.7628548658076659
243 0.7628548658076659
244 0.7628548658076659
245 0.7628548658076659
246 0.7628548658076659
247 0.7628548658076659
248 0.7628548658076659
249 0.7628548658076659
250 0.7628548658076659
251 0.7628548658076659
252 0.7628548658076659
253 0.7628548658076659
254 0.7628548658076659
255 0.7628548658076659
256 0.7628548658076659
257 0.7628548658076659
258 0.7628548658076659
259 0.7628548658076659
260 0.7628548658076659
261 0.7628548658076659
262 0.7628548658076659
263 0.7628548658076659
264 0.7628548658076659
265 0.7628548658076659
266 0.7628548658076659
267 0.7628548658076659
268 0.7628548658076659
269 0.7628548658076659
270 0.7628548658076659
271 0.7628548658076659
272 0.7628548658076659
273 0.7628548658076659
274 0.7628548658076659
275 0.7628548658076659
276 0.7628548658076659
277 0.7628548658076659
278 0.7628548658076659
279 0.7628548658076659
280 0.7628548658076659
281 0.7628548658076659
282 0.7628548658076659
283 0.7628548658076659
284 0.7628548658076659
285 0.7628548658076659
286 0.7628548658076659
287 0.7628548658076659
288 0.7628548658076659
289 0.7628548658076659
290 0.7628548658076659
291 0.7628548658076659
292 0.7628548658076659
293 0.7628548658076659
294 0.7628548658076659
295 0.7628548658076659
296 0.7628548658076659
297 0.7628548658076659
298 0.7628548658076659
299 0.7628548658076659
300 0.7628548658076659
301 0.7628548658076659
302 0.7628548658076659
303 0.7628548658076659
304 0.7628548658076659
305 0.7628548658076659
306 0.7628548658076659
307 0.7628548658076659
308 0.7628548658076659
309 0.7628548658076659
310 0.7628548658076659
311 0.7628548658076659
312 0.7628548658076659
313 0.7628548658076659
314 0.7628548658076659
315 0.7628548658076659
316 0.7628548658076659
317 0.7628548658076659
318 0.7628548658076659
319 0.7628548658076659
320 0.7628548658076659
321 0.7628548658076659
322 0.7628548658076659
323 0.7628548658076659
324 0.7628548658076659
325 0.7628548658076659
326 0.7628548658076659
327 0.7628548658076659
328 0.7628548658076659
329 0.7628548658076659
330 0.7628548658076659
331 0.7628548658076659
332 0.7628548658076659
333 0.7628548658076659
334 0.7628548658076659
335 0.7628548658076659
336 0.7628548658076659
337 0.7628548658076659
338 0.7628548658076659
339 0.7628548658076659
340 0.7628548658076659
341 0.7628548658076659
342 0.7628548658076659
343 0.7628548658076659
344 0.7628548658076659
345 0.7628548658076659
346 0.7628548658076659
347 0.7628548658076659
348 0.7628548658076659
349 0.7628548658076659
350 0.7628548658076659
351 0.7628548658076659
352 0.7628548658076659
353 0.7628548658076659
354 0.7628548658076659
355 0.7628548658076659
356 0.7628548658076659
357 0.7628548658076659
358 0.7628548658076659
359 0.7628548658076659
360 0.7628548658076659
361 0.7628548658076659
362 0.7628548658076659
363 0.7628548658076659
364 0.7628548658076659
365 0.7628548658076659
366 0.7628548658076659
367 0.7628548658076659
368 0.7628548658076659
369 0.7628548658076659
370 0.7628548658076659
371 0.7628548658076659
372 0.7628548658076659
373 0.7628548658076659
374 0.7628548658076659
375 0.7628548658076659
376 0.7628548658076659
377 0.7628548658076659
378 0.7628548658076659
379 0.7628548658076659
380 0.7628548658076659
381 0.7628548658076659
382 0.7628548658076659
383 0.7628548658076659
384 0.7628548658076659
385 0.7628548658076659
386 0.7628548658076659
387 0.7628548658076659
388 0.7628548658076659
389 0.7628548658076659
390 0.7628548658076659
391 0.7628548658076659
392 0.7628548658076659
393 0.7628548658076659
394 0.7628548658076659
395 0.7628548658076659
396 0.7628548658076659
397 0.7628548658076659
398 0.7628548658076659
399 0.7628548658076659
400 0.7628548658076659
401 0.7628548658076659
402 0.7628548658076659
403 0.7628548658076659
404 0.7628548658076659
405 0.7628548658076659
406 0.7628548658076659
407 0.7628548658076659
408 0.7628548658076659
409 0.7628548658076659
410 0.7628548658076659
411 0.7628548658076659
412 0.7628548658076659
413 0.7628548658076659
414 0.7628548658076659
415 0.7628548658076659
416 0.7628548658076659
417 0.7628548658076659
418 0.7628548658076659
419 0.7628548658076659
420 0.7628548658076659
421 0.7628548658076659
422 0.7628548658076659
423 0.7628548658076659
424 0.7628548658076659
425 0.7628548658076659
426 0.7628548658076659
427 0.7628548658076659
428 0.7628548658076659
429 0.7628548658076659
430 0.7628548658076659
431 0.7628548658076659
432 0.7628548658076659
433 0.7628548658076659
434 0.7628548658076659
435 0.7628548658076659
436 0.7628548658076659
437 0.7628561964130567
438 0.7628561964130567
439 0.7628561964130567
440 0.7628561964130567
441 0.7628561964130567
442 0.7628561964130567
443 0.7628561964130567
444 0.7628561964130567
445 0.7628561964130567
446 0.7628561964130567
447 0.7628561964130567
448 0.7628561964130567
449 0.7628561964130567
450 0.7628561964130567
451 0.7628561964130567
452 0.7628561964130567
453 0.7628561964130567
454 0.7628561964130567
455 0.7628561964130567
456 0.7628561964130567
457 0.7628561964130567
458 0.7628561964130567
459 0.7628561964130567
460 0.7628561964130567
461 0.7628561964130567
462 0.7628561964130567
463 0.7628561964130567
464 0.7628561964130567
465 0.7628561964130567
466 0.7628561964130567
467 0.7628561964130567
468 0.7628561964130567
469 0.7628561964130567
470 0.7628561964130567
471 0.7628561964130567
472 0.7628561964130567
473 0.7628561964130567
474 0.7628561964130567
475 0.7628561964130567
476 0.7628561964130567
477 0.7628561964130567
478 0.7628561964130567
479 0.7628561964130567
480 0.7628561964130567
481 0.7628561964130567
482 0.7628561964130567
483 0.7628561964130567
484 0.7628561964130567
485 0.7628561964130567
486 0.7628561964130567
487 0.7628561964130567
488 0.7628561964130567
489 0.7628561964130567
490 0.7628561964130567
491 0.7628561964130567
492 0.7628561964130567
493 0.7628561964130567
494 0.7628561964130567
495 0.7628561964130567
496 0.7628561964130567
497 0.7628561964130567
498 0.7628561964130567
499 0.7628561964130567
500 0.7628561964130567
501 0.7628561964130567
502 0.7628561964130567
503 0.7628561964130567
504 0.7628561964130567
505 0.7628561964130567
506 0.7628561964130567
507 0.7628561964130567
508 0.7628561964130567
509 0.7628561964130567
510 0.7628561964130567
511 0.7628561964130567
512 0.7628561964130567
513 0.7628561964130567
514 0.7628561964130567
515 0.7628561964130567
516 0.7628561964130567
517 0.7628561964130567
518 0.7628561964130567
519 0.7628561964130567
520 0.7628561964130567
521 0.7628561964130567
522 0.7628561964130567
523 0.7628561964130567
524 0.7628561964130567
525 0.7628561964130567
526 0.7628561964130567
527 0.7628561964130567
528 0.7628561964130567
529 0.7628561964130567
530 0.7628561964130567
531 0.7628561964130567
532 0.7628561964130567
533 0.7628561964130567
534 0.7628561964130567
535 0.7628561964130567
536 0.7628561964130567
537 0.7628561964130567
538 0.7628561964130567
539 0.7628561964130567
540 0.7628561964130567
541 0.7628561964130567
542 0.7628561964130567
543 0.7628561964130567
544 0.7628561964130567
545 0.7628561964130567
546 0.7628561964130567
547 0.7628561964130567
548 0.7628561964130567
549 0.7628561964130567
550 0.7628561964130567
551 0.7628561964130567
552 0.7628561964130567
553 0.7628561964130567
554 0.7628561964130567
555 0.7628561964130567
556 0.7628561964130567
557 0.7628561964130567
558 0.7628561964130567
559 0.7628561964130567
560 0.7628561964130567
561 0.7628561964130567
562 0.7628561964130567
563 0.7628561964130567
564 0.7628561964130567
565 0.7628561964130567
566 0.7628561964130567
567 0.7628561964130567
568 0.7628561964130567
569 0.7628561964130567
570 0.7628561964130567
571 0.7628561964130567
572 0.7628561964130567
573 0.7628561964130567
574 0.7628561964130567
575 0.7628561964130567
576 0.7628561964130567
577 0.7628561964130567
578 0.7628561964130567
579 0.7628561964130567
580 0.7628561964130567
581 0.7628561964130567
582 0.7628561964130567
583 0.7628561964130567
584 0.7628561964130567
585 0.7628561964130567
586 0.7628561964130567
587 0.7628561964130567
588 0.7628561964130567
589 0.7628561964130567
590 0.7628561964130567
591 0.7628561964130567
592 0.7628561964130567
593 0.7628561964130567
594 0.7628561964130567
595 0.7628561964130567
596 0.7628561964130567
597 0.7628561964130567
598 0.7628561964130567
599 0.7628561964130567
600 0.7628561964130567
601 0.7628561964130567
602 0.7628561964130567
603 0.7628561964130567
604 0.7628561964130567
605 0.7628561964130567
606 0.7628561964130567
607 0.7628561964130567
608 0.7628561964130567
609 0.7628561964130567
610 0.7628561964130567
611 0.7628561964130567
612 0.7628561964130567
613 0.7628561964130567
614 0.7628561964130567
615 0.7628561964130567
616 0.7628561964130567
617 0.7628561964130567
618 0.7628561964130567
619 0.7628561964130567
620 0.7628561964130567
621 0.7628561964130567
622 0.7628561964130567
623 0.7628561964130567
624 0.7628561964130567
625 0.7628561964130567
626 0.7628561964130567
627 0.7628561964130567
628 0.7628561964130567
629 0.7628561964130567
630 0.7628561964130567
631 0.7628561964130567
632 0.7628561964130567
633 0.7628561964130567
634 0.7628561964130567
635 0.7628561964130567
636 0.7628561964130567
637 0.7628561964130567
638 0.7628561964130567
639 0.7628561964130567
640 0.7628561964130567
641 0.7628561964130567
642 0.7628561964130567
643 0.7628561964130567
644 0.7628561964130567
645 0.7628561964130567
646 0.7628561964130567
647 0.7628561964130567
648 0.7628561964130567
649 0.7628561964130567
650 0.7628561964130567
651 0.7628561964130567
652 0.7628561964130567
653 0.7628561964130567
654 0.7628561964130567
655 0.7628561964130567
656 0.7628561964130567
657 0.7628561964130567
658 0.7628561964130567
659 0.7628561964130567
660 0.7628561964130567
661 0.7628561964130567
662 0.7628561964130567
663 0.7628561964130567
664 0.7628561964130567
665 0.7628561964130567
666 0.7628561964130567
667 0.7628561964130567
668 0.7628561964130567
669 0.7628561964130567
670 0.7628561964130567
671 0.7628561964130567
672 0.7628561964130567
673 0.7628561964130567
674 0.7628561964130567
675 0.7628561964130567
676 0.7628561964130567
677 0.7628561964130567
678 0.7628561964130567
679 0.7628561964130567
680 0.7628561964130567
681 0.7628561964130567
682 0.7628561964130567
683 0.7628561964130567
684 0.7628561964130567
685 0.7628561964130567
686 0.7628561964130567
687 0.7628561964130567
688 0.7628561964130567
689 0.7628561964130567
690 0.7628561964130567
691 0.7628561964130567
692 0.7628561964130567
693 0.7628561964130567
694 0.7628561964130567
695 0.7628561964130567
696 0.7628561964130567
697 0.7628561964130567
698 0.7628561964130567
699 0.7628561964130567
700 0.7628561964130567
701 0.7628561964130567
702 0.7628561964130567
703 0.7628561964130567
704 0.7628561964130567
705 0.7628561964130567
706 0.7628561964130567
707 0.7628561964130567
708 0.7628561964130567
709 0.7628561964130567
710 0.7628561964130567
711 0.7628561964130567
712 0.7628561964130567
713 0.7628561964130567
714 0.7628561964130567
715 0.7628561964130567
716 0.7628561964130567
717 0.7628561964130567
718 0.7628561964130567
719 0.7628561964130567
720 0.7628561964130567
721 0.7628561964130567
722 0.7628561964130567
723 0.7628561964130567
724 0.7628561964130567
725 0.7628561964130567
726 0.7628561964130567
727 0.7628561964130567
728 0.7628561964130567
729 0.7628561964130567
730 0.7628561964130567
731 0.7628561964130567
732 0.7628561964130567
733 0.7628561964130567
734 0.7628561964130567
735 0.7628561964130567
736 0.7628561964130567
737 0.7628561964130567
738 0.7628561964130567
739 0.7628561964130567
740 0.7628561964130567
741 0.7628561964130567
742 0.7628561964130567
743 0.7628561964130567
744 0.7628561964130567
745 0.7628561964130567
746 0.7628561964130567
747 0.7628561964130567
748 0.7628561964130567
749 0.7628561964130567
750 0.7628561964130567
751 0.7628561964130567
752 0.7628561964130567
753 0.7628561964130567
754 0.7628561964130567
755 0.7628561964130567
756 0.7628561964130567
757 0.7628561964130567
758 0.7628561964130567
759 0.7628561964130567
760 0.7628561964130567
761 0.7628561964130567
762 0.7628561964130567
763 0.7628561964130567
764 0.7628561964130567
765 0.7628561964130567
766 0.7628561964130567
767 0.7628561964130567
768 0.7628561964130567
769 0.7628561964130567
770 0.7628561964130567
771 0.7628561964130567
772 0.7628561964130567
773 0.7628561964130567
774 0.7628561964130567
775 0.7628561964130567
776 0.7628561964130567
777 0.7628561964130567
778 0.7628561964130567
779 0.7628561964130567
780 0.7628561964130567
781 0.7628561964130567
782 0.7628561964130567
783 0.7628561964130567
784 0.7628561964130567
785 0.7628561964130567
786 0.7628561964130567
787 0.7628561964130567
788 0.7628561964130567
789 0.7628561964130567
790 0.7628561964130567
791 0.7628561964130567
792 0.7628561964130567
793 0.7628561964130567
794 0.7628561964130567
795 0.7628561964130567
796 0.7628561964130567
797 0.7628561964130567
798 0.7628561964130567
799 0.7628561964130567
800 0.7628561964130567
801 0.7628561964130567
802 0.7628561964130567
803 0.7628561964130567
804 0.7628561964130567
805 0.7628561964130567
806 0.7628561964130567
807 0.7628561964130567
808 0.7628561964130567
809 0.7628561964130567
810 0.7628561964130567
811 0.7628561964130567
812 0.7628561964130567
813 0.7628561964130567
814 0.7628561964130567
815 0.7628561964130567
816 0.7628561964130567
817 0.7628561964130567
818 0.7628561964130567
819 0.7628561964130567
820 0.7628561964130567
821 0.7628561964130567
822 0.7628561964130567
823 0.7628561964130567
824 0.7628561964130567
825 0.7628561964130567
826 0.7628561964130567
827 0.7628561964130567
828 0.7628561964130567
829 0.7628561964130567
830 0.7628561964130567
831 0.7628561964130567
832 0.7628561964130567
833 0.7628561964130567
834 0.7628561964130567
835 0.7628561964130567
836 0.7628561964130567
837 0.7628561964130567
838 0.7628561964130567
839 0.7628561964130567
840 0.7628561964130567
841 0.7628561964130567
842 0.7628561964130567
843 0.7628561964130567
844 0.7628561964130567
845 0.7628561964130567
846 0.7628561964130567
847 0.7628561964130567
848 0.7628561964130567
849 0.7628561964130567
850 0.7628561964130567
851 0.7628561964130567
852 0.7628561964130567
853 0.7628561964130567
854 0.7628561964130567
855 0.7628561964130567
856 0.7628561964130567
857 0.7628561964130567
858 0.7628561964130567
859 0.7628561964130567
860 0.7628561964130567
861 0.7628561964130567
862 0.7628561964130567
863 0.7628561964130567
864 0.7628561964130567
865 0.7628561964130567
866 0.7628561964130567
867 0.7628561964130567
868 0.7628561964130567
869 0.7628561964130567
870 0.7628561964130567
871 0.7628561964130567
872 0.7628561964130567
873 0.7628561964130567
874 0.7628561964130567
875 0.7628561964130567
876 0.7628561964130567
877 0.7628561964130567
878 0.7628561964130567
879 0.7628561964130567
880 0.7628561964130567
881 0.7628561964130567
882 0.7628561964130567
883 0.7628561964130567
884 0.7628561964130567
885 0.7628561964130567
886 0.7628561964130567
887 0.7628561964130567
888 0.7628561964130567
889 0.7628561964130567
890 0.7628561964130567
891 0.7628561964130567
892 0.7628561964130567
893 0.7628561964130567
894 0.7628561964130567
895 0.7628561964130567
896 0.7628561964130567
897 0.7628561964130567
898 0.7628561964130567
899 0.7628561964130567
900 0.7628561964130567
901 0.7628561964130567
902 0.7628561964130567
903 0.7628561964130567
904 0.7628561964130567
905 0.7628561964130567
906 0.7628561964130567
907 0.7628561964130567
908 0.7628561964130567
909 0.7628561964130567
910 0.7628561964130567
911 0.7628561964130567
912 0.7628561964130567
913 0.7628561964130567
914 0.7628561964130567
915 0.7628561964130567
916 0.7628561964130567
917 0.7628561964130567
918 0.7628561964130567
919 0.7628561964130567
920 0.7628561964130567
921 0.7628561964130567
922 0.7628561964130567
923 0.7628561964130567
924 0.7628561964130567
925 0.7628561964130567
926 0.7628561964130567
927 0.7628561964130567
928 0.7628561964130567
929 0.7628561964130567
930 0.7628561964130567
931 0.7628561964130567
932 0.7628561964130567
933 0.7628561964130567
934 0.7628561964130567
935 0.7628561964130567
936 0.7628561964130567
937 0.7628561964130567
938 0.7628561964130567
939 0.7628561964130567
940 0.7628561964130567
941 0.7628561964130567
942 0.7628561964130567
943 0.7628561964130567
944 0.7628561964130567
945 0.7628561964130567
946 0.7628561964130567
947 0.7628561964130567
948 0.7628561964130567
949 0.7628561964130567
950 0.7628561964130567
951 0.7628561964130567
952 0.7628561964130567
953 0.7628561964130567
954 0.7628561964130567
955 0.7628561964130567
956 0.7628561964130567
957 0.7628561964130567
958 0.7628561964130567
959 0.7628561964130567
960 0.7628561964130567
961 0.7628561964130567
962 0.7628561964130567
963 0.7628561964130567
964 0.7628561964130567
965 0.7628561964130567
966 0.7628561964130567
967 0.7628561964130567
968 0.7628561964130567
969 0.7628561964130567
970 0.7628561964130567
971 0.7628561964130567
972 0.7628561964130567
973 0.7628561964130567
974 0.7628561964130567
975 0.7628561964130567
976 0.7628561964130567
977 0.7628561964130567
978 0.7628561964130567
979 0.7628561964130567
980 0.7628561964130567
981 0.7628561964130567
982 0.7628561964130567
983 0.7628561964130567
984 0.7628561964130567
985 0.7628561964130567
986 0.7628561964130567
987 0.7628561964130567
988 0.7628561964130567
989 0.7628561964130567
990 0.7628561964130567
991 0.7628561964130567
992 0.7628561964130567
993 0.7628561964130567
994 0.7628561964130567
995 0.7628561964130567
996 0.7628561964130567
997 0.7628561964130567
998 0.7628561964130567
999 0.7628561964130567
1000 0.7628561964130567
1001 0.7628561964130567
1002 0.7628561964130567
1003 0.7628561964130567
1004 0.7628561964130567
1005 0.7628561964130567
1006 0.7628561964130567
1007 0.7628561964130567
1008 0.7628561964130567
1009 0.7628561964130567
1010 0.7628561964130567
1011 0.7628561964130567
1012 0.7628561964130567
1013 0.7628561964130567
1014 0.7628561964130567
1015 0.7628561964130567
1016 0.7628561964130567
1017 0.7628561964130567
1018 0.7628561964130567
1019 0.7628561964130567
1020 0.7628561964130567
1021 0.7628561964130567
1022 0.7628561964130567
1023 0.7628561964130567
1024 0.7628561964130567
1025 0.7628561964130567
1026 0.7628561964130567
1027 0.7628561964130567
1028 0.7628561964130567
1029 0.7628561964130567
1030 0.7628561964130567
1031 0.7628561964130567
1032 0.7628561964130567
1033 0.7628561964130567
1034 0.7628561964130567
1035 0.7628561964130567
1036 0.7628561964130567
1037 0.7628561964130567
1038 0.7628561964130567
1039 0.7628561964130567
1040 0.7628561964130567
1041 0.7628561964130567
1042 0.7628561964130567
1043 0.7628561964130567
1044 0.7628561964130567
1045 0.7628561964130567
1046 0.7628561964130567
1047 0.7628561964130567
1048 0.7628561964130567
1049 0.7628561964130567
1050 0.7628561964130567
1051 0.7628561964130567
1052 0.7628561964130567
1053 0.7628561964130567
1054 0.7628561964130567
1055 0.7628561964130567
1056 0.7628561964130567
1057 0.7628561964130567
1058 0.7628561964130567
1059 0.7628561964130567
1060 0.7628561964130567
1061 0.7628561964130567
1062 0.7628561964130567
1063 0.7628561964130567
1064 0.7628561964130567
1065 0.7628561964130567
1066 0.7628561964130567
1067 0.7628561964130567
1068 0.7628561964130567
1069 0.7628561964130567
1070 0.7628561964130567
1071 0.7628561964130567
1072 0.7628561964130567
1073 0.7628561964130567
1074 0.7628561964130567
1075 0.7628561964130567
1076 0.7628561964130567
1077 0.7628561964130567
1078 0.7628561964130567
1079 0.7628561964130567
1080 0.7628561964130567
1081 0.7628561964130567
1082 0.7628561964130567
1083 0.7628561964130567
1084 0.7628561964130567
1085 0.7628561964130567
1086 0.7628561964130567
1087 0.7628561964130567
1088 0.7628561964130567
1089 0.7628561964130567
1090 0.7628561964130567
1091 0.7628561964130567
1092 0.7628561964130567
1093 0.7628561964130567
1094 0.7628561964130567
1095 0.7628561964130567
1096 0.7628561964130567
1097 0.7628561964130567
1098 0.7628561964130567
1099 0.7628561964130567
1100 0.7628561964130567
1101 0.7628561964130567
1102 0.7628561964130567
1103 0.7628561964130567
1104 0.7628561964130567
1105 0.7628561964130567
1106 0.7628561964130567
1107 0.7628561964130567
1108 0.7628561964130567
1109 0.7628561964130567
1110 0.7628561964130567
1111 0.7628561964130567
1112 0.7628561964130567
1113 0.7628561964130567
1114 0.7628561964130567
1115 0.7628561964130567
1116 0.7628561964130567
1117 0.7628561964130567
1118 0.7628561964130567
1119 0.7628561964130567
1120 0.7628561964130567
1121 0.7628561964130567
1122 0.7628561964130567
1123 0.7628561964130567
1124 0.7628561964130567
1125 0.7628561964130567
1126 0.7628561964130567
1127 0.7628561964130567
1128 0.7628561964130567
1129 0.7628561964130567
1130 0.7628561964130567
1131 0.7628561964130567
1132 0.7628561964130567
1133 0.7628561964130567
1134 0.7628561964130567
1135 0.7628561964130567
1136 0.7628561964130567
1137 0.7628561964130567
1138 0.7628561964130567
1139 0.7628561964130567
1140 0.7628561964130567
1141 0.7628561964130567
1142 0.7628561964130567
1143 0.7628561964130567
1144 0.7628561964130567
1145 0.7628561964130567
1146 0.7628561964130567
1147 0.7628561964130567
1148 0.7628561964130567
1149 0.7628561964130567
1150 0.7628561964130567
1151 0.7628561964130567
1152 0.7628561964130567
1153 0.7628561964130567
1154 0.7628561964130567
1155 0.7628561964130567
1156 0.7628561964130567
1157 0.7628561964130567
1158 0.7628561964130567
1159 0.7628561964130567
1160 0.7628561964130567
1161 0.7628561964130567
1162 0.7628561964130567
1163 0.7628561964130567
1164 0.7628561964130567
1165 0.7628561964130567
1166 0.7628561964130567
1167 0.7628561964130567
1168 0.7628561964130567
1169 0.7628561964130567
1170 0.7628561964130567
1171 0.7628561964130567
1172 0.7628561964130567
1173 0.7628561964130567
1174 0.7628561964130567
1175 0.7628561964130567
1176 0.7628561964130567
1177 0.7628561964130567
1178 0.7628561964130567
1179 0.7628561964130567
1180 0.7628561964130567
1181 0.7628561964130567
1182 0.7628561964130567
1183 0.7628561964130567
1184 0.7628561964130567
1185 0.7628561964130567
1186 0.7628561964130567
1187 0.7628561964130567
1188 0.7628561964130567
1189 0.7628561964130567
1190 0.7628561964130567
1191 0.7628561964130567
1192 0.7628561964130567
1193 0.7628561964130567
1194 0.7628561964130567
1195 0.7628561964130567
1196 0.7628561964130567
1197 0.7628561964130567
1198 0.7628561964130567
1199 0.7628561964130567
1200 0.7628561964130567
1201 0.7628561964130567
1202 0.7628561964130567
1203 0.7628561964130567
1204 0.7628561964130567
1205 0.7628561964130567
1206 0.7628561964130567
1207 0.7628561964130567
1208 0.7628561964130567
1209 0.7628561964130567
1210 0.7628561964130567
1211 0.7628561964130567
1212 0.7628561964130567
1213 0.7628561964130567
1214 0.7628561964130567
1215 0.7628561964130567
1216 0.7628561964130567
1217 0.7628561964130567
1218 0.7628561964130567
1219 0.7628561964130567
1220 0.7628561964130567
1221 0.7628561964130567
1222 0.7628561964130567
1223 0.7628561964130567
1224 0.7628561964130567
1225 0.7628561964130567
1226 0.7628561964130567
1227 0.7628561964130567
1228 0.7628561964130567
1229 0.7628561964130567
1230 0.7628561964130567
1231 0.7628561964130567
1232 0.7628561964130567
1233 0.7628561964130567
1234 0.7628561964130567
1235 0.7628561964130567
1236 0.7628561964130567
1237 0.7628561964130567
1238 0.7628561964130567
1239 0.7628561964130567
1240 0.7628561964130567
1241 0.7628561964130567
1242 0.7628561964130567
1243 0.7628561964130567
1244 0.7628561964130567
1245 0.7628561964130567
1246 0.7628561964130567
1247 0.7628561964130567
1248 0.7628561964130567
1249 0.7628561964130567
1250 0.7628561964130567
1251 0.7628561964130567
1252 0.7628561964130567
1253 0.7628561964130567
1254 0.7628561964130567
1255 0.7628561964130567
1256 0.7628561964130567
1257 0.7628561964130567
1258 0.7628561964130567
1259 0.7628561964130567
1260 0.7628561964130567
1261 0.7628561964130567
1262 0.7628561964130567
1263 0.7628561964130567
1264 0.7628561964130567
1265 0.7628561964130567
1266 0.7628561964130567
1267 0.7628561964130567
1268 0.7628561964130567
1269 0.7628561964130567
1270 0.7628561964130567
1271 0.7628561964130567
1272 0.7628561964130567
1273 0.7628561964130567
1274 0.7628561964130567
1275 0.7628561964130567
1276 0.7628561964130567
1277 0.7628561964130567
1278 0.7628561964130567
1279 0.7628561964130567
1280 0.7628561964130567
1281 0.7628561964130567
1282 0.7628561964130567
1283 0.7628561964130567
1284 0.7628561964130567
1285 0.7628561964130567
1286 0.7628561964130567
1287 0.7628561964130567
1288 0.7628561964130567
1289 0.7628561964130567
1290 0.7628561964130567
1291 0.7628561964130567
1292 0.7628561964130567
1293 0.7628561964130567
1294 0.7628561964130567
1295 0.7628561964130567
1296 0.7628561964130567
1297 0.7628561964130567
1298 0.7628561964130567
1299 0.7628561964130567
1300 0.7628561964130567
1301 0.7628561964130567
1302 0.7628561964130567
1303 0.7628561964130567
1304 0.7628561964130567
1305 0.7628561964130567
1306 0.7628561964130567
1307 0.7628561964130567
1308 0.7628561964130567
1309 0.7628561964130567
1310 0.7628561964130567
1311 0.7628561964130567
1312 0.7628561964130567
1313 0.7628561964130567
1314 0.7628561964130567
1315 0.7628561964130567
1316 0.7628561964130567
1317 0.7628561964130567
1318 0.7628561964130567
1319 0.7628561964130567
1320 0.7628561964130567
1321 0.7628561964130567
1322 0.7628561964130567
1323 0.7628561964130567
1324 0.7628561964130567
1325 0.7628561964130567
1326 0.7628561964130567
1327 0.7628561964130567
1328 0.7628561964130567
1329 0.7628561964130567
1330 0.7628561964130567
1331 0.7628561964130567
1332 0.7628561964130567
1333 0.7628561964130567
1334 0.7628561964130567
1335 0.7628561964130567
1336 0.7628561964130567
1337 0.7628561964130567
1338 0.7628561964130567
1339 0.7628561964130567
1340 0.7628561964130567
1341 0.7628561964130567
1342 0.7628561964130567
1343 0.7628561964130567
1344 0.7628561964130567
1345 0.7628561964130567
1346 0.7628561964130567
1347 0.7628561964130567
1348 0.7628561964130567
1349 0.7628561964130567
1350 0.7628561964130567
1351 0.7628561964130567
1352 0.7628561964130567
1353 0.7628561964130567
1354 0.7628561964130567
1355 0.7628561964130567
1356 0.7628561964130567
1357 0.7628561964130567
1358 0.7628561964130567
1359 0.7628561964130567
1360 0.7628561964130567
1361 0.7628561964130567
1362 0.7628561964130567
1363 0.7628561964130567
1364 0.7628561964130567
1365 0.7628561964130567
1366 0.7628561964130567
1367 0.7628561964130567
1368 0.7628561964130567
1369 0.7628561964130567
1370 0.7628561964130567
1371 0.7628561964130567
1372 0.7628561964130567
1373 0.7628561964130567
1374 0.7628561964130567
1375 0.7628561964130567
1376 0.7628561964130567
1377 0.7628561964130567
1378 0.7628561964130567
1379 0.7628561964130567
1380 0.7628561964130567
1381 0.7628561964130567
1382 0.7628561964130567
1383 0.7628561964130567
1384 0.7628561964130567
1385 0.7628561964130567
1386 0.7628561964130567
1387 0.7628561964130567
1388 0.7628561964130567
1389 0.7628561964130567
1390 0.7628561964130567
1391 0.7628561964130567
1392 0.7628561964130567
1393 0.7628561964130567
1394 0.7628561964130567
1395 0.7628561964130567
1396 0.7628561964130567
1397 0.7628561964130567
1398 0.7628561964130567
1399 0.7628561964130567
1400 0.7628561964130567
1401 0.7628561964130567
1402 0.7628561964130567
1403 0.7628561964130567
1404 0.7628561964130567
1405 0.7628561964130567
1406 0.7628561964130567
1407 0.7628561964130567
1408 0.7628561964130567
1409 0.7628561964130567
1410 0.7628561964130567
1411 0.7628561964130567
1412 0.7628561964130567
1413 0.7628561964130567
1414 0.7628561964130567
1415 0.7628561964130567
1416 0.7628561964130567
1417 0.7628561964130567
1418 0.7628561964130567
1419 0.7628561964130567
1420 0.7628561964130567
1421 0.7628561964130567
1422 0.7628561964130567
1423 0.7628561964130567
1424 0.7628561964130567
1425 0.7628561964130567
1426 0.7628561964130567
1427 0.7628561964130567
1428 0.7628561964130567
1429 0.7628561964130567
1430 0.7628561964130567
1431 0.7628561964130567
1432 0.7628561964130567
1433 0.7628561964130567
1434 0.7628561964130567
1435 0.7628561964130567
1436 0.7628561964130567
1437 0.7628561964130567
1438 0.7628561964130567
1439 0.7628561964130567
1440 0.7628561964130567
1441 0.7628561964130567
1442 0.7628561964130567
1443 0.7628561964130567
1444 0.7628561964130567
1445 0.7628561964130567
1446 0.7628561964130567
1447 0.7628561964130567
1448 0.7628561964130567
1449 0.7628561964130567
1450 0.7628561964130567
1451 0.7628561964130567
1452 0.7628561964130567
1453 0.7628561964130567
1454 0.7628561964130567
1455 0.7628561964130567
1456 0.7628561964130567
1457 0.7628561964130567
1458 0.7628561964130567
1459 0.7628561964130567
1460 0.7628561964130567
1461 0.7628561964130567
1462 0.7628561964130567
1463 0.7628561964130567
1464 0.7628561964130567
1465 0.7628561964130567
1466 0.7628561964130567
1467 0.7628561964130567
1468 0.7628561964130567
1469 0.7628561964130567
1470 0.7628561964130567
1471 0.7628561964130567
1472 0.7628561964130567
1473 0.7628561964130567
1474 0.7628561964130567
1475 0.7628561964130567
1476 0.7628561964130567
1477 0.7628561964130567
1478 0.7628561964130567
1479 0.7628561964130567
1480 0.7628561964130567
1481 0.7628561964130567
1482 0.7628561964130567
1483 0.7628561964130567
1484 0.7628561964130567
1485 0.7628561964130567
1486 0.7628561964130567
1487 0.7628561964130567
1488 0.7628561964130567
1489 0.7628561964130567
1490 0.7628561964130567
1491 0.7628561964130567
1492 0.7628561964130567
1493 0.7628561964130567
1494 0.7628561964130567
1495 0.7628561964130567
1496 0.7628561964130567
1497 0.7628561964130567
1498 0.7628561964130567
1499 0.7628561964130567
1500 0.7628561964130567
1501 0.7628561964130567
1502 0.7628561964130567
1503 0.7628561964130567
1504 0.7628561964130567
1505 0.7628561964130567
1506 0.7628561964130567
1507 0.7628561964130567
1508 0.7628561964130567
1509 0.7628561964130567
1510 0.7628561964130567
1511 0.7628561964130567
1512 0.7628561964130567
1513 0.7628561964130567
1514 0.7628561964130567
1515 0.7628561964130567
1516 0.7628561964130567
1517 0.7628561964130567
1518 0.7628561964130567
1519 0.7628561964130567
1520 0.7628561964130567
1521 0.7628561964130567
1522 0.7628561964130567
1523 0.7628561964130567
1524 0.7628561964130567
1525 0.7628561964130567
1526 0.7628561964130567
1527 0.7628561964130567
1528 0.7628561964130567
1529 0.7628561964130567
1530 0.7628561964130567
1531 0.7628561964130567
1532 0.7628561964130567
1533 0.7628561964130567
1534 0.7628561964130567
1535 0.7628561964130567
1536 0.7628561964130567
1537 0.7628561964130567
1538 0.7628561964130567
1539 0.7628561964130567
1540 0.7628561964130567
1541 0.7628561964130567
1542 0.7628561964130567
1543 0.7628561964130567
1544 0.7628561964130567
1545 0.7628561964130567
1546 0.7628561964130567
1547 0.7628561964130567
1548 0.7628561964130567
1549 0.7628561964130567
1550 0.7628561964130567
1551 0.7628561964130567
1552 0.7628561964130567
1553 0.7628561964130567
1554 0.7628561964130567
1555 0.7628561964130567
1556 0.7628561964130567
1557 0.7628561964130567
1558 0.7628561964130567
1559 0.7628561964130567
1560 0.7628561964130567
1561 0.7628561964130567
1562 0.7628561964130567
1563 0.7628561964130567
1564 0.7628561964130567
1565 0.7628561964130567
1566 0.7628561964130567
1567 0.7628561964130567
1568 0.7628561964130567
1569 0.7628561964130567
1570 0.7628561964130567
1571 0.7628561964130567
1572 0.7628561964130567
1573 0.7628561964130567
1574 0.7628561964130567
1575 0.7628561964130567
1576 0.7628561964130567
1577 0.7628561964130567
1578 0.7628561964130567
1579 0.7628561964130567
1580 0.7628561964130567
1581 0.7628561964130567
1582 0.7628561964130567
1583 0.7628561964130567
1584 0.7628561964130567
1585 0.7628561964130567
1586 0.7628561964130567
1587 0.7628561964130567
1588 0.7628561964130567
1589 0.7628561964130567
1590 0.7628561964130567
1591 0.7628561964130567
1592 0.7628561964130567
1593 0.7628561964130567
1594 0.7628561964130567
1595 0.7628561964130567
1596 0.7628561964130567
1597 0.7628561964130567
1598 0.7628561964130567
1599 0.7628561964130567
1600 0.7628561964130567
1601 0.7628561964130567
1602 0.7628561964130567
1603 0.7628561964130567
1604 0.7628561964130567
1605 0.7628561964130567
1606 0.7628561964130567
1607 0.7628561964130567
1608 0.7628561964130567
1609 0.7628561964130567
1610 0.7628561964130567
1611 0.7628561964130567
1612 0.7628561964130567
1613 0.7628561964130567
1614 0.7628561964130567
1615 0.7628561964130567
1616 0.7628561964130567
1617 0.7628561964130567
1618 0.7628561964130567
1619 0.7628561964130567
1620 0.7628561964130567
1621 0.7628561964130567
1622 0.7628561964130567
1623 0.7628561964130567
1624 0.7628561964130567
1625 0.7628561964130567
1626 0.7628561964130567
1627 0.7628561964130567
1628 0.7628561964130567
1629 0.7628561964130567
1630 0.7628561964130567
1631 0.7628561964130567
1632 0.7628561964130567
1633 0.7628561964130567
1634 0.7628561964130567
1635 0.7628561964130567
1636 0.7628561964130567
1637 0.7628561964130567
1638 0.7628561964130567
1639 0.7628561964130567
1640 0.7628561964130567
1641 0.7628561964130567
1642 0.7628561964130567
1643 0.7628561964130567
1644 0.7628561964130567
1645 0.7628561964130567
1646 0.7628561964130567
1647 0.7628561964130567
1648 0.7628561964130567
1649 0.7628561964130567
1650 0.7628561964130567
1651 0.7628561964130567
1652 0.7628561964130567
1653 0.7628561964130567
1654 0.7628561964130567
1655 0.7628561964130567
1656 0.7628561964130567
1657 0.7628561964130567
1658 0.7628561964130567
1659 0.7628561964130567
1660 0.7628561964130567
1661 0.7628561964130567
1662 0.7628561964130567
1663 0.7628561964130567
1664 0.7628561964130567
1665 0.7628561964130567
1666 0.7628561964130567
1667 0.7628561964130567
1668 0.7628561964130567
1669 0.7628561964130567
1670 0.7628561964130567
1671 0.7628561964130567
1672 0.7628561964130567
1673 0.7628561964130567
1674 0.7628561964130567
1675 0.7628561964130567
1676 0.7628561964130567
1677 0.7628561964130567
1678 0.7628561964130567
1679 0.7628561964130567
1680 0.7628561964130567
1681 0.7628561964130567
1682 0.7628561964130567
1683 0.7628561964130567
1684 0.7628561964130567
1685 0.7628561964130567
1686 0.7628561964130567
1687 0.7628561964130567
1688 0.7628610774073754
1689 0.7628610774073754
1690 0.7628610774073754
1691 0.7628610774073754
1692 0.7628610774073754
1693 0.7628610774073754
1694 0.7628610774073754
1695 0.7628610774073754
1696 0.7628610774073754
1697 0.7628610774073754
1698 0.7628610774073754
1699 0.7628610774073754
1700 0.7628610774073754
1701 0.7628610774073754
1702 0.7628610774073754
1703 0.7628610774073754
1704 0.7628610774073754
1705 0.7628610774073754
1706 0.7628610774073754
1707 0.7628610774073754
1708 0.7628610774073754
1709 0.7628610774073754
1710 0.7628610774073754
1711 0.7628610774073754
1712 0.7628610774073754
1713 0.7628610774073754
1714 0.7628610774073754
1715 0.7628610774073754
1716 0.7628610774073754
1717 0.7628610774073754
1718 0.7628610774073754
1719 0.7628610774073754
1720 0.7628610774073754
1721 0.7628610774073754
1722 0.7628610774073754
1723 0.7628610774073754
1724 0.7628610774073754
1725 0.7628610774073754
1726 0.7628610774073754
1727 0.7628610774073754
1728 0.7628610774073754
1729 0.7628610774073754
1730 0.7628610774073754
1731 0.7628610774073754
1732 0.7628610774073754
1733 0.7628610774073754
1734 0.7628610774073754
1735 0.7628610774073754
1736 0.7628610774073754
1737 0.7628610774073754
1738 0.7628610774073754
1739 0.7628610774073754
1740 0.7628610774073754
1741 0.7628610774073754
1742 0.7628610774073754
1743 0.7628610774073754
1744 0.7628610774073754
1745 0.7628610774073754
1746 0.7628610774073754
1747 0.7628610774073754
1748 0.7628610774073754
1749 0.7628610774073754
1750 0.7628610774073754
1751 0.7628610774073754
1752 0.7628610774073754
1753 0.7628610774073754
1754 0.7628610774073754
1755 0.7628610774073754
1756 0.7628610774073754
1757 0.7628610774073754
1758 0.7628610774073754
1759 0.7628610774073754
1760 0.7628610774073754
1761 0.7628610774073754
1762 0.7628610774073754
1763 0.7628610774073754
1764 0.7628610774073754
1765 0.7628610774073754
1766 0.7628610774073754
1767 0.7628610774073754
1768 0.7628610774073754
1769 0.7628610774073754
1770 0.7628610774073754
1771 0.7628610774073754
1772 0.7628610774073754
1773 0.7628610774073754
1774 0.7628610774073754
1775 0.7628610774073754
1776 0.7628610774073754
1777 0.7628610774073754
1778 0.7628610774073754
1779 0.7628610774073754
1780 0.7628610774073754
1781 0.7628610774073754
1782 0.7628610774073754
1783 0.7628610774073754
1784 0.7628610774073754
1785 0.7628610774073754
1786 0.7628610774073754
1787 0.7628610774073754
1788 0.7628610774073754
1789 0.7628610774073754
1790 0.7628610774073754
1791 0.7628610774073754
1792 0.7628610774073754
1793 0.7628610774073754
1794 0.7628610774073754
1795 0.7628610774073754
1796 0.7628610774073754
1797 0.7628610774073754
1798 0.7628610774073754
1799 0.7628610774073754
1800 0.7628610774073754
1801 0.7628610774073754
1802 0.7628610774073754
1803 0.7628610774073754
1804 0.7628610774073754
1805 0.7628610774073754
1806 0.7628610774073754
1807 0.7628610774073754
1808 0.7628610774073754
1809 0.7628610774073754
1810 0.7628610774073754
1811 0.7628610774073754
1812 0.7628610774073754
1813 0.7628610774073754
1814 0.7628610774073754
1815 0.7628610774073754
1816 0.7628610774073754
1817 0.7628610774073754
1818 0.7628610774073754
1819 0.7628610774073754
1820 0.7628610774073754
1821 0.7628610774073754
1822 0.7628610774073754
1823 0.7628610774073754
1824 0.7628610774073754
1825 0.7628610774073754
1826 0.7628610774073754
1827 0.7628610774073754
1828 0.7628610774073754
1829 0.7628610774073754
1830 0.7628610774073754
1831 0.7628610774073754
1832 0.7628610774073754
1833 0.7628610774073754
1834 0.7628610774073754
1835 0.7628610774073754
1836 0.7628610774073754
1837 0.7628610774073754
1838 0.7628610774073754
1839 0.7628610774073754
1840 0.7628610774073754
1841 0.7628610774073754
1842 0.7628610774073754
1843 0.7628610774073754
1844 0.7628610774073754
1845 0.7628610774073754
1846 0.7628610774073754
1847 0.7628610774073754
1848 0.7628610774073754
1849 0.7628610774073754
1850 0.7628610774073754
1851 0.7628610774073754
1852 0.7628610774073754
1853 0.7628610774073754
1854 0.7628610774073754
1855 0.7628610774073754
1856 0.7628610774073754
1857 0.7628610774073754
1858 0.7628610774073754
1859 0.7628610774073754
1860 0.7628610774073754
1861 0.7628610774073754
1862 0.7628610774073754
1863 0.7628610774073754
1864 0.7628610774073754
1865 0.7628610774073754
1866 0.7628610774073754
1867 0.7628610774073754
1868 0.7628610774073754
1869 0.7628610774073754
1870 0.7628610774073754
1871 0.7628610774073754
1872 0.7628610774073754
1873 0.7628610774073754
1874 0.7628610774073754
1875 0.7628610774073754
1876 0.7628610774073754
1877 0.7628610774073754
1878 0.7628610774073754
1879 0.7628610774073754
1880 0.7628610774073754
1881 0.7628610774073754
1882 0.7628610774073754
1883 0.7628610774073754
1884 0.7628610774073754
1885 0.7628610774073754
1886 0.7628610774073754
1887 0.7628610774073754
1888 0.7628610774073754
1889 0.7628610774073754
1890 0.7628610774073754
1891 0.7628610774073754
1892 0.7628610774073754
1893 0.7628610774073754
1894 0.7628610774073754
1895 0.7628610774073754
1896 0.7628610774073754
1897 0.7628610774073754
1898 0.7628610774073754
1899 0.7628610774073754
1900 0.7628610774073754
1901 0.7628610774073754
1902 0.7628610774073754
1903 0.7628610774073754
1904 0.7628610774073754
1905 0.7628610774073754
1906 0.7628610774073754
1907 0.7628610774073754
1908 0.7628610774073754
1909 0.7628610774073754
1910 0.7628610774073754
1911 0.7628610774073754
1912 0.7628610774073754
1913 0.7628610774073754
1914 0.7628610774073754
1915 0.7628610774073754
1916 0.7628610774073754
1917 0.7628610774073754
1918 0.7628610774073754
1919 0.7628610774073754
1920 0.7628610774073754
1921 0.7628610774073754
1922 0.7628610774073754
1923 0.7628610774073754
1924 0.7628610774073754
1925 0.7628610774073754
1926 0.7628610774073754
1927 0.7628610774073754
1928 0.7628610774073754
1929 0.7628610774073754
1930 0.7628610774073754
1931 0.7628610774073754
1932 0.7628610774073754
1933 0.7628610774073754
1934 0.7628610774073754
1935 0.7628610774073754
1936 0.7628610774073754
1937 0.7628610774073754
1938 0.7628610774073754
1939 0.7628610774073754
1940 0.7628610774073754
1941 0.7628610774073754
1942 0.7628610774073754
1943 0.7628610774073754
1944 0.7628610774073754
1945 0.7628614642821009
1946 0.7628614642821009
1947 0.7628614642821009
1948 0.7628614642821009
1949 0.7628614642821009
1950 0.7628614642821009
1951 0.7628614642821009
1952 0.7628614642821009
1953 0.7628614642821009
1954 0.7628614642821009
1955 0.7628614642821009
1956 0.7628614642821009
1957 0.7628614642821009
1958 0.7628614642821009
1959 0.7628614642821009
1960 0.7628614642821009
1961 0.7628614642821009
1962 0.7628614642821009
1963 0.7628614642821009
1964 0.7628614642821009
1965 0.7628614642821009
1966 0.7628614642821009
1967 0.7628614642821009
1968 0.7628614642821009
1969 0.7628614642821009
1970 0.7628614642821009
1971 0.7628614642821009
1972 0.7628614642821009
1973 0.7628614642821009
1974 0.7628614642821009
1975 0.7628614642821009
1976 0.7628614642821009
1977 0.7628614642821009
1978 0.7628614642821009
1979 0.7628614642821009
1980 0.7628614642821009
1981 0.7628614642821009
1982 0.7628614642821009
1983 0.7628614642821009
1984 0.7628614642821009
1985 0.7628614642821009
1986 0.7628614642821009
1987 0.7628614642821009
1988 0.7628614642821009
1989 0.7628614642821009
1990 0.7628614642821009
1991 0.7628614642821009
1992 0.7628614642821009
1993 0.7628614642821009
1994 0.7628614642821009
1995 0.7628614642821009
1996 0.7628614642821009
1997 0.7628614642821009
1998 0.7628614642821009
1999 0.7628614642821009
