0 0.501953125
1 0.501953125
2 0.5283203125
3 0.56640625
4 0.576171875
5 0.578125
6 0.58984375
7 0.59375
8 0.6083984375
9 0.6083984375
10 0.623046875
11 0.646484375
12 0.6474609375
13 0.654296875
14 0.654296875
15 0.654296875
16 0.673828125
17 0.673828125
18 0.697265625
19 0.7333984375
20 0.7333984375
21 0.7333984375
22 0.7333984375
23 0.791015625
24 0.791015625
25 0.791015625
26 0.791015625
27 0.791015625
28 0.791015625
29 0.791015625
30 0.791015625
31 0.791015625
32 0.791015625
33 0.791015625
34 0.791015625
35 0.791015625
36 0.791015625
37 0.791015625
38 0.791015625
39 0.791015625
40 0.791015625
41 0.791015625
42 0.791015625
43 0.791015625
44 0.791015625
45 0.791015625
46 0.791015625
47 0.791015625
48 0.791015625
49 0.791015625
50 0.791015625
51 0.791015625
52 0.791015625
53 0.791015625
54 0.791015625
55 0.791015625
56 0.791015625
57 0.791015625
58 0.791015625
59 0.791015625
60 0.791015625
61 0.791015625
62 0.7919921875
63 0.7919921875
64 0.7919921875
65 0.7919921875
66 0.7919921875
67 0.7958984375
68 0.8203125
69 0.8203125
70 0.8203125
71 0.8203125
72 0.8203125
73 0.8203125
74 0.8203125
75 0.8203125
76 0.8232421875
77 0.8232421875
78 0.8232421875
79 0.8232421875
80 0.8232421875
81 0.8232421875
82 0.849609375
83 0.849609375
84 0.849609375
85 0.849609375
86 0.849609375
87 0.849609375
88 0.849609375
89 0.849609375
90 0.849609375
91 0.849609375
92 0.849609375
93 0.8505859375
94 0.8740234375
95 0.8740234375
96 0.8740234375
97 0.8740234375
98 0.8740234375
99 0.8740234375
100 0.8740234375
101 0.8740234375
102 0.8740234375
103 0.8740234375
104 0.8740234375
105 0.8740234375
106 0.8740234375
107 0.8740234375
108 0.8798828125
109 0.8798828125
110 0.8798828125
111 0.8798828125
112 0.8798828125
113 0.8798828125
114 0.8798828125
115 0.8798828125
116 0.8798828125
117 0.8798828125
118 0.8798828125
119 0.8798828125
120 0.8798828125
121 0.8798828125
122 0.8798828125
123 0.8798828125
124 0.8798828125
125 0.8798828125
126 0.8798828125
127 0.8798828125
128 0.8798828125
129 0.8798828125
130 0.8798828125
131 0.8798828125
132 0.8798828125
133 0.8798828125
134 0.8798828125
135 0.8798828125
136 0.8798828125
137 0.8798828125
138 0.8798828125
139 0.8798828125
140 0.8798828125
141 0.8798828125
142 0.8798828125
143 0.8798828125
144 0.8798828125
145 0.8798828125
146 0.8798828125
147 0.8798828125
148 0.8798828125
149 0.8798828125
150 0.8798828125
151 0.8798828125
152 0.8798828125
153 0.8798828125
154 0.8798828125
155 0.8798828125
156 0.8798828125
157 0.8798828125
158 0.8798828125
159 0.8798828125
160 0.8798828125
161 0.8798828125
162 0.8798828125
163 0.8798828125
164 0.8798828125
165 0.8798828125
166 0.8798828125
167 0.8798828125
168 0.8828125
169 0.8828125
170 0.8828125
171 0.8828125
172 0.8828125
173 0.8828125
174 0.8828125
175 0.8828125
176 0.8828125
177 0.8828125
178 0.8828125
179 0.8828125
180 0.8828125
181 0.8828125
182 0.8828125
183 0.8828125
184 0.8828125
185 0.890625
186 0.890625
187 0.890625
188 0.890625
189 0.900390625
190 0.900390625
191 0.900390625
192 0.900390625
193 0.900390625
194 0.900390625
195 0.900390625
196 0.900390625
197 0.900390625
198 0.900390625
199 0.900390625
200 0.900390625
201 0.900390625
202 0.900390625
203 0.900390625
204 0.900390625
205 0.900390625
206 0.900390625
207 0.900390625
208 0.900390625
209 0.900390625
210 0.900390625
211 0.900390625
212 0.900390625
213 0.900390625
214 0.908203125
215 0.908203125
216 0.908203125
217 0.908203125
218 0.908203125
219 0.908203125
220 0.908203125
221 0.908203125
222 0.908203125
223 0.908203125
224 0.908203125
225 0.908203125
226 0.908203125
227 0.908203125
228 0.908203125
229 0.908203125
230 0.908203125
231 0.908203125
232 0.908203125
233 0.908203125
234 0.908203125
235 0.908203125
236 0.908203125
237 0.908203125
238 0.908203125
239 0.908203125
240 0.908203125
241 0.908203125
242 0.908203125
243 0.908203125
244 0.908203125
245 0.908203125
246 0.908203125
247 0.908203125
248 0.908203125
249 0.908203125
250 0.908203125
251 0.908203125
252 0.908203125
253 0.908203125
254 0.908203125
255 0.908203125
256 0.908203125
257 0.908203125
258 0.908203125
259 0.9140625
260 0.9140625
261 0.9140625
262 0.9140625
263 0.9140625
264 0.9140625
265 0.9140625
266 0.9140625
267 0.9140625
268 0.9140625
269 0.9140625
270 0.9140625
271 0.9140625
272 0.9140625
273 0.9140625
274 0.9140625
275 0.9140625
276 0.9140625
277 0.9140625
278 0.9140625
279 0.9443359375
280 0.9443359375
281 0.9443359375
282 0.9443359375
283 0.9443359375
284 0.9443359375
285 0.9443359375
286 0.9443359375
287 0.9443359375
288 0.9443359375
289 0.9443359375
290 0.9443359375
291 0.9443359375
292 0.9443359375
293 0.9443359375
294 0.9443359375
295 0.9443359375
296 0.9443359375
297 0.9443359375
298 0.9443359375
299 0.9443359375
300 0.9443359375
301 0.9443359375
302 0.9443359375
303 0.9443359375
304 0.9443359375
305 0.9443359375
306 0.9443359375
307 0.9443359375
308 0.9443359375
309 0.9443359375
310 0.9443359375
311 0.9443359375
312 0.9443359375
313 0.9443359375
314 0.9443359375
315 0.9443359375
316 0.9443359375
317 0.9443359375
318 0.9443359375
319 0.9443359375
320 0.9443359375
321 0.9443359375
322 0.9443359375
323 0.9443359375
324 0.9443359375
325 0.9443359375
326 0.9443359375
327 0.9443359375
328 0.9443359375
329 0.9443359375
330 0.9443359375
331 0.9443359375
332 0.9443359375
333 0.9443359375
334 0.9443359375
335 0.9443359375
336 0.9443359375
337 0.9443359375
338 0.9443359375
339 0.9443359375
340 0.9443359375
341 0.9443359375
342 0.9443359375
343 0.9443359375
344 0.9443359375
345 0.9443359375
346 0.9443359375
347 0.9443359375
348 0.9443359375
349 0.9443359375
350 0.9443359375
351 0.9443359375
352 0.9443359375
353 0.9443359375
354 0.9443359375
355 0.9443359375
356 0.9443359375
357 0.9443359375
358 0.9443359375
359 0.9443359375
360 0.9443359375
361 0.9443359375
362 0.9443359375
363 0.9443359375
364 0.9443359375
365 0.9443359375
366 0.9443359375
367 0.9443359375
368 0.9443359375
369 0.9443359375
370 0.9443359375
371 0.9443359375
372 0.9443359375
373 0.9443359375
374 0.9443359375
375 0.9443359375
376 0.9443359375
377 0.9443359375
378 0.9443359375
379 0.9443359375
380 0.9443359375
381 0.9443359375
382 0.9443359375
383 0.9443359375
384 0.9443359375
385 0.9443359375
386 0.9443359375
387 0.9443359375
388 0.9443359375
389 0.9443359375
390 0.9443359375
391 0.9443359375
392 0.9443359375
393 0.9443359375
394 0.9443359375
395 0.9443359375
396 0.9443359375
397 0.9443359375
398 0.9443359375
399 0.9443359375
400 0.9443359375
401 0.9443359375
402 0.9443359375
403 0.9443359375
404 0.9443359375
405 0.9443359375
406 0.9443359375
407 0.9443359375
408 0.9443359375
409 0.9443359375
410 0.9443359375
411 0.9443359375
412 0.9443359375
413 0.9443359375
414 0.9443359375
415 0.9443359375
416 0.9443359375
417 0.9443359375
418 0.9443359375
419 0.9443359375
420 0.9443359375
421 0.9443359375
422 0.9443359375
423 0.9443359375
424 0.9443359375
425 0.9443359375
426 0.9443359375
427 0.9443359375
428 0.9443359375
429 0.9443359375
430 0.9443359375
431 0.9443359375
432 0.9443359375
433 0.9443359375
434 0.9443359375
435 0.9443359375
436 0.9443359375
437 0.9443359375
438 0.9443359375
439 0.9443359375
440 0.9443359375
441 0.9443359375
442 0.9443359375
443 0.9443359375
444 0.9443359375
445 0.9443359375
446 0.9443359375
447 0.9443359375
448 0.9443359375
449 0.9443359375
450 0.9443359375
451 0.9443359375
452 0.9443359375
453 0.9443359375
454 0.9443359375
455 0.9443359375
456 0.9443359375
457 0.9443359375
458 0.9443359375
459 0.9443359375
460 0.9443359375
461 0.9443359375
462 0.9443359375
463 0.9443359375
464 0.9443359375
465 0.9443359375
466 0.9443359375
467 0.9443359375
468 0.9443359375
469 0.9443359375
470 0.9443359375
471 0.9443359375
472 0.9443359375
473 0.9443359375
474 0.9443359375
475 0.9443359375
476 0.9443359375
477 0.9443359375
478 0.9443359375
479 0.9443359375
480 0.9443359375
481 0.9443359375
482 0.9443359375
483 0.9443359375
484 0.9443359375
485 0.9443359375
486 0.9443359375
487 0.9443359375
488 0.9443359375
489 0.9443359375
490 0.9443359375
491 0.9443359375
492 0.9443359375
493 0.9443359375
494 0.9443359375
495 0.9443359375
496 0.9443359375
497 0.9443359375
498 0.9443359375
499 0.9443359375
500 0.9443359375
501 0.9443359375
502 0.9443359375
503 0.9443359375
504 0.9443359375
505 0.9443359375
506 0.9443359375
507 0.9443359375
508 0.9443359375
509 0.9443359375
510 0.9443359375
511 0.9443359375
512 0.9443359375
513 0.9443359375
514 0.9443359375
515 0.9443359375
516 0.9443359375
517 0.9443359375
518 0.9443359375
519 0.9443359375
520 0.9443359375
521 0.9443359375
522 0.9443359375
523 0.9443359375
524 0.9443359375
525 0.9443359375
526 0.9443359375
527 0.9443359375
528 0.9443359375
529 0.9443359375
530 0.9443359375
531 0.9443359375
532 0.9443359375
533 0.9443359375
534 0.9443359375
535 0.9443359375
536 0.9443359375
537 0.9443359375
538 0.9443359375
539 0.9443359375
540 0.9443359375
541 0.9443359375
542 0.9443359375
543 0.9443359375
544 0.9443359375
545 0.9443359375
546 0.9443359375
547 0.9443359375
548 0.9443359375
549 0.9443359375
550 0.9443359375
551 0.9443359375
552 0.9443359375
553 0.9443359375
554 0.9443359375
555 0.9443359375
556 0.9443359375
557 0.9443359375
558 0.9443359375
559 0.9443359375
560 0.9443359375
561 0.9443359375
562 0.9443359375
563 0.9443359375
564 0.9443359375
565 0.9443359375
566 0.9443359375
567 0.9443359375
568 0.9443359375
569 0.9443359375
570 0.9443359375
571 0.9443359375
572 0.9443359375
573 0.9443359375
574 0.9443359375
575 0.9443359375
576 0.9443359375
577 0.9443359375
578 0.9443359375
579 0.9443359375
580 0.9443359375
581 0.9443359375
582 0.9443359375
583 0.9443359375
584 0.9443359375
585 0.9443359375
586 0.9443359375
587 0.9443359375
588 0.9443359375
589 0.9443359375
590 0.9443359375
591 0.9443359375
592 0.9443359375
593 0.9443359375
594 0.9443359375
595 0.9443359375
596 0.9443359375
597 0.9443359375
598 0.9443359375
599 0.9443359375
600 0.9443359375
601 0.9443359375
602 0.9443359375
603 0.9443359375
604 0.9443359375
605 0.9443359375
606 0.9443359375
607 0.9443359375
608 0.9443359375
609 0.9443359375
610 0.9443359375
611 0.9443359375
612 0.9443359375
613 0.9443359375
614 0.9443359375
615 0.9443359375
616 0.9443359375
617 0.9443359375
618 0.9443359375
619 0.9443359375
620 0.9443359375
621 0.9443359375
622 0.9443359375
623 0.9443359375
624 0.9443359375
625 0.9443359375
626 0.9443359375
627 0.9443359375
628 0.9443359375
629 0.9443359375
630 0.9443359375
631 0.9443359375
632 0.9443359375
633 0.9443359375
634 0.9443359375
635 0.9443359375
636 0.9443359375
637 0.9443359375
638 0.9443359375
639 0.9443359375
640 0.9443359375
641 0.9443359375
642 0.9443359375
643 0.9443359375
644 0.9443359375
645 0.9443359375
646 0.9443359375
647 0.9443359375
648 0.9443359375
649 0.9443359375
650 0.9443359375
651 0.9443359375
652 0.9443359375
653 0.9443359375
654 0.9443359375
655 0.9443359375
656 0.9443359375
657 0.9443359375
658 0.9443359375
659 0.9443359375
660 0.9443359375
661 0.9443359375
662 0.9443359375
663 0.9443359375
664 0.9443359375
665 0.9443359375
666 0.9443359375
667 0.9443359375
668 0.9443359375
669 0.9443359375
670 0.9443359375
671 0.9443359375
672 0.9443359375
673 0.9443359375
674 0.9443359375
675 0.9443359375
676 0.9443359375
677 0.9443359375
678 0.9443359375
679 0.9443359375
680 0.9443359375
681 0.9443359375
682 0.9443359375
683 0.9443359375
684 0.9443359375
685 0.9443359375
686 0.9443359375
687 0.9443359375
688 0.9443359375
689 0.9443359375
690 0.9443359375
691 0.9443359375
692 0.9443359375
693 0.9443359375
694 0.9443359375
695 0.9443359375
696 0.9443359375
697 0.9443359375
698 0.9443359375
699 0.9443359375
700 0.9443359375
701 0.9443359375
702 0.9443359375
703 0.9443359375
704 0.9443359375
705 0.9443359375
706 0.9443359375
707 0.9443359375
708 0.9443359375
709 0.9443359375
710 0.9443359375
711 0.9443359375
712 0.9443359375
713 0.9443359375
714 0.9443359375
715 0.9443359375
716 0.9443359375
717 0.9443359375
718 0.9443359375
719 0.9443359375
720 0.9443359375
721 0.9443359375
722 0.9443359375
723 0.9443359375
724 0.9443359375
725 0.9443359375
726 0.9443359375
727 0.9443359375
728 0.9443359375
729 0.9443359375
730 0.9443359375
731 0.9443359375
732 0.9443359375
733 0.9443359375
734 0.9443359375
735 0.9443359375
736 0.9443359375
737 0.9443359375
738 0.9443359375
739 0.9443359375
740 0.9443359375
741 0.9443359375
742 0.9443359375
743 0.9443359375
744 0.9443359375
745 0.9443359375
746 0.9443359375
747 0.9443359375
748 0.9443359375
749 0.9443359375
750 0.9443359375
751 0.9443359375
752 0.9443359375
753 0.9443359375
754 0.9443359375
755 0.9443359375
756 0.9443359375
757 0.9443359375
758 0.9443359375
759 0.9443359375
760 0.9443359375
761 0.9443359375
762 0.9443359375
763 0.9443359375
764 0.9443359375
765 0.9443359375
766 0.9443359375
767 0.9443359375
768 0.9443359375
769 0.9443359375
770 0.9443359375
771 0.9443359375
772 0.9443359375
773 0.9443359375
774 0.9443359375
775 0.9443359375
776 0.9443359375
777 0.9443359375
778 0.9443359375
779 0.9443359375
780 0.9443359375
781 0.9443359375
782 0.9443359375
783 0.9443359375
784 0.9443359375
785 0.9443359375
786 0.9443359375
787 0.9443359375
788 0.9443359375
789 0.9443359375
790 0.9443359375
791 0.9443359375
792 0.9443359375
793 0.9443359375
794 0.9443359375
795 0.9443359375
796 0.9443359375
797 0.9443359375
798 0.9443359375
799 0.9443359375
800 0.9443359375
801 0.9443359375
802 0.9443359375
803 0.9443359375
804 0.9443359375
805 0.9443359375
806 0.9443359375
807 0.9443359375
808 0.9443359375
809 0.9443359375
810 0.9443359375
811 0.9443359375
812 0.9443359375
813 0.9443359375
814 0.9443359375
815 0.9443359375
816 0.9443359375
817 0.9443359375
818 0.9443359375
819 0.9443359375
820 0.9443359375
821 0.9443359375
822 0.9443359375
823 0.9443359375
824 0.9443359375
825 0.9443359375
826 0.9443359375
827 0.9443359375
828 0.9443359375
829 0.9443359375
830 0.9443359375
831 0.9443359375
832 0.9443359375
833 0.9443359375
834 0.9443359375
835 0.9443359375
836 0.9443359375
837 0.9443359375
838 0.9443359375
839 0.9443359375
840 0.9443359375
841 0.9443359375
842 0.9443359375
843 0.9443359375
844 0.9443359375
845 0.9443359375
846 0.9443359375
847 0.9443359375
848 0.9443359375
849 0.9443359375
850 0.9443359375
851 0.9443359375
852 0.9443359375
853 0.9443359375
854 0.9443359375
855 0.9443359375
856 0.9443359375
857 0.9443359375
858 0.9443359375
859 0.9443359375
860 0.9443359375
861 0.9443359375
862 0.9443359375
863 0.9443359375
864 0.9443359375
865 0.9443359375
866 0.9443359375
867 0.9443359375
868 0.9443359375
869 0.9443359375
870 0.9443359375
871 0.9443359375
872 0.9443359375
873 0.9443359375
874 0.9443359375
875 0.9443359375
876 0.9443359375
877 0.9443359375
878 0.9443359375
879 0.9443359375
880 0.9443359375
881 0.9443359375
882 0.9443359375
883 0.9443359375
884 0.9443359375
885 0.9443359375
886 0.9443359375
887 0.9443359375
888 0.9443359375
889 0.9443359375
890 0.9443359375
891 0.9443359375
892 0.9443359375
893 0.9443359375
894 0.9443359375
895 0.9443359375
896 0.9443359375
897 0.9443359375
898 0.9443359375
899 0.9443359375
900 0.9443359375
901 0.9443359375
902 0.9443359375
903 0.9443359375
904 0.9443359375
905 0.9443359375
906 0.9443359375
907 0.9443359375
908 0.9443359375
909 0.9443359375
910 0.9443359375
911 0.9443359375
912 0.9443359375
913 0.9443359375
914 0.9443359375
915 0.9443359375
916 0.9443359375
917 0.9443359375
918 0.9443359375
919 0.9443359375
920 0.9443359375
921 0.9443359375
922 0.9443359375
923 0.9443359375
924 0.9443359375
925 0.9443359375
926 0.9443359375
927 0.9443359375
928 0.9443359375
929 0.9443359375
930 0.9443359375
931 0.9443359375
932 0.9443359375
933 0.9443359375
934 0.9443359375
935 0.9521484375
936 0.9521484375
937 0.9521484375
938 0.9521484375
939 0.9521484375
940 0.9521484375
941 0.9521484375
942 0.9521484375
943 0.9521484375
944 0.9521484375
945 0.9521484375
946 0.9521484375
947 0.9521484375
948 0.9521484375
949 0.9521484375
950 0.9521484375
951 0.9521484375
952 0.9521484375
953 0.9521484375
954 0.9521484375
955 0.9521484375
956 0.9521484375
957 0.9521484375
958 0.9521484375
959 0.9521484375
960 0.9521484375
961 0.9521484375
962 0.9521484375
963 0.9521484375
964 0.9521484375
965 0.9521484375
966 0.9521484375
967 0.9521484375
968 0.9521484375
969 0.9521484375
970 0.9521484375
971 0.9521484375
972 0.9521484375
973 0.9521484375
974 0.9521484375
975 0.9521484375
976 0.9521484375
977 0.9521484375
978 0.9521484375
979 0.9521484375
980 0.9521484375
981 0.9521484375
982 0.9521484375
983 0.9521484375
984 0.9521484375
985 0.9521484375
986 0.9521484375
987 0.9521484375
988 0.9521484375
989 0.9521484375
990 0.9521484375
991 0.9521484375
992 0.9521484375
993 0.9521484375
994 0.9521484375
995 0.9521484375
996 0.9521484375
997 0.953125
998 0.953125
999 0.953125
