0 -61.23341264357031
1 -61.23341264357031
2 -61.23341264357031
3 -43.79167561079246
4 -43.79167561079246
5 13.643506199797638
6 13.643506199797638
7 13.643506199797638
8 13.643506199797638
9 13.643506199797638
10 13.643506199797638
11 13.643506199797638
12 13.643506199797638
13 13.643506199797638
14 13.643506199797638
15 13.643506199797638
16 66.58134356966639
17 66.58134356966639
18 66.58134356966639
19 66.58134356966639
20 99.46086350204585
21 99.46086350204585
22 99.46086350204585
23 99.46086350204585
24 99.46086350204585
25 99.46086350204585
26 99.46086350204585
27 99.46086350204585
28 99.46086350204585
29 99.46086350204585
30 99.46086350204585
31 102.75498052268965
32 102.75498052268965
33 115.55506347340796
34 115.55506347340796
35 115.66411411424471
36 115.66411411424471
37 115.66411411424471
38 139.78223086186333
39 148.9409133236183
40 148.9409133236183
41 148.9409133236183
42 148.97680826080196
43 148.97680826080196
44 199.99580086268242
45 199.99580086268242
46 199.99580086268242
47 199.99580086268242
48 199.99580086268242
49 199.99580086268242
50 199.99580086268242
51 199.99580086268242
52 199.99580086268242
53 199.99580086268242
54 199.99580086268242
55 199.99580086268242
56 199.99580086268242
57 199.99580086268242
58 199.99580086268242
59 199.99580086268242
60 199.99580086268242
61 199.99580086268242
62 199.99580086268242
63 199.99580086268242
64 199.99580086268242
65 199.99580086268242
66 199.99580086268242
67 199.99580086268242
68 199.99580086268242
69 199.99580086268242
70 199.99580086268242
71 199.99580086268242
72 199.99580086268242
73 199.99580086268242
74 199.99580086268242
75 215.04212160061059
76 215.04212160061059
77 215.04212160061059
78 215.04212160061059
79 215.04212160061059
80 215.04212160061059
81 215.04212160061059
82 215.04212160061059
83 215.04212160061059
84 215.04212160061059
85 215.04212160061059
86 215.04212160061059
87 215.04212160061059
88 215.04212160061059
89 215.04212160061059
90 215.04212160061059
91 215.04212160061059
92 217.2207299282265
93 217.2207299282265
94 217.2207299282265
95 217.2207299282265
96 217.2207299282265
97 217.2207299282265
98 217.2207299282265
99 217.2207299282265
100 217.2207299282265
101 217.2207299282265
102 217.2207299282265
103 217.2207299282265
104 217.2207299282265
105 217.2207299282265
106 217.2207299282265
107 217.2207299282265
108 217.2207299282265
109 217.2207299282265
110 217.2207299282265
111 224.13663856024922
112 224.13663856024922
113 224.13663856024922
114 224.13663856024922
115 224.13663856024922
116 224.13663856024922
117 224.13663856024922
118 224.13663856024922
119 224.13663856024922
120 224.13663856024922
121 227.63649160654924
122 227.63649160654924
123 227.63649160654924
124 227.63649160654924
125 227.63649160654924
126 227.63649160654924
127 227.63649160654924
128 227.63649160654924
129 227.63649160654924
130 227.63649160654924
131 227.63649160654924
132 227.63649160654924
133 227.63649160654924
134 227.63649160654924
135 227.63649160654924
136 227.63649160654924
137 227.63649160654924
138 227.63649160654924
139 227.63649160654924
140 227.63649160654924
141 227.63649160654924
142 227.63649160654924
143 227.63649160654924
144 227.63649160654924
145 227.63649160654924
146 227.63649160654924
147 227.63649160654924
148 227.63649160654924
149 227.63649160654924
150 227.63649160654924
151 227.63649160654924
152 227.63649160654924
153 227.63649160654924
154 227.63649160654924
155 227.63649160654924
156 230.0524377898599
157 230.0524377898599
158 230.0524377898599
159 230.0524377898599
160 230.0524377898599
161 230.0524377898599
162 230.0524377898599
163 230.0524377898599
164 230.0524377898599
165 230.0524377898599
166 230.0524377898599
167 230.0524377898599
168 230.0524377898599
169 230.0524377898599
170 233.1224667032481
171 233.1224667032481
172 233.1224667032481
173 233.1224667032481
174 233.1224667032481
175 233.1224667032481
176 233.1224667032481
177 233.1224667032481
178 233.1224667032481
179 233.1224667032481
180 233.1224667032481
181 233.1224667032481
182 233.1224667032481
183 233.1224667032481
184 233.1224667032481
185 233.1224667032481
186 233.1224667032481
187 233.1224667032481
188 233.1224667032481
189 233.80653302526164
190 233.80653302526164
191 233.80653302526164
192 233.80653302526164
193 233.80653302526164
194 233.80653302526164
195 233.97641353072794
196 233.97641353072794
197 233.97641353072794
198 233.97641353072794
199 233.97641353072794
200 233.97641353072794
201 233.97641353072794
202 233.97641353072794
203 233.97641353072794
204 233.97641353072794
205 233.97641353072794
206 233.97641353072794
207 233.97641353072794
208 233.97641353072794
209 233.97641353072794
210 233.97641353072794
211 233.97641353072794
212 235.9290044309869
213 235.9290044309869
214 235.9290044309869
215 235.9290044309869
216 235.9290044309869
217 238.0358523808138
218 238.0358523808138
219 238.0358523808138
220 238.0358523808138
221 238.0358523808138
222 238.0358523808138
223 238.0358523808138
224 238.0358523808138
225 238.0358523808138
226 238.0358523808138
227 238.0358523808138
228 238.0358523808138
229 238.0358523808138
230 238.0358523808138
231 238.0358523808138
232 238.0358523808138
233 238.0358523808138
234 238.0358523808138
235 238.0358523808138
236 238.0358523808138
237 238.0358523808138
238 238.0358523808138
239 238.0358523808138
240 238.0358523808138
241 238.0358523808138
242 238.0358523808138
243 238.0358523808138
244 238.0358523808138
245 238.0358523808138
246 238.0358523808138
247 238.0358523808138
248 238.0358523808138
249 238.0358523808138
250 238.0358523808138
251 239.08190362312652
252 239.08190362312652
253 239.08190362312652
254 239.08190362312652
255 239.08190362312652
256 239.08190362312652
257 239.08190362312652
258 239.08190362312652
259 239.08190362312652
260 239.08190362312652
261 239.08190362312652
262 239.08190362312652
263 239.08190362312652
264 239.08190362312652
265 239.08190362312652
266 239.08190362312652
267 239.08190362312652
268 239.08190362312652
269 241.16238353769447
270 241.16238353769447
271 241.16238353769447
272 241.16238353769447
273 241.16238353769447
274 241.16238353769447
275 241.16238353769447
276 241.16238353769447
277 241.16238353769447
278 241.16238353769447
279 241.16238353769447
280 241.16238353769447
281 241.16238353769447
282 243.35786331538074
283 243.35786331538074
284 243.35786331538074
285 243.35786331538074
286 243.35786331538074
287 244.42889154712392
288 244.42889154712392
289 244.42889154712392
290 244.42889154712392
291 244.42889154712392
292 244.42889154712392
293 244.42889154712392
294 244.42889154712392
295 244.42889154712392
296 244.42889154712392
297 244.42889154712392
298 244.42889154712392
299 244.42889154712392
300 244.42889154712392
301 244.42889154712392
302 244.42889154712392
303 244.42889154712392
304 244.42889154712392
305 244.42889154712392
306 244.42889154712392
307 244.42889154712392
308 244.42889154712392
309 244.42889154712392
310 244.42889154712392
311 244.42889154712392
312 244.42889154712392
313 244.42889154712392
314 244.42889154712392
315 244.42889154712392
316 244.42889154712392
317 244.42889154712392
318 244.42889154712392
319 244.42889154712392
320 244.42889154712392
321 244.42889154712392
322 244.42889154712392
323 244.42889154712392
324 244.42889154712392
325 244.42889154712392
326 244.42889154712392
327 244.42889154712392
328 244.42889154712392
329 244.42889154712392
330 244.42889154712392
331 244.42889154712392
332 244.42889154712392
333 244.42889154712392
334 244.42889154712392
335 244.42889154712392
336 244.42889154712392
337 244.42889154712392
338 244.42889154712392
339 244.42889154712392
340 244.42889154712392
341 244.42889154712392
342 244.42889154712392
343 244.42889154712392
344 244.42889154712392
345 244.42889154712392
346 244.42889154712392
347 244.42889154712392
348 244.42889154712392
349 244.42889154712392
350 244.42889154712392
351 244.42889154712392
352 244.42889154712392
353 244.42889154712392
354 244.42889154712392
355 244.42889154712392
356 244.42889154712392
357 244.42889154712392
358 244.42889154712392
359 244.42889154712392
360 244.42889154712392
361 244.42889154712392
362 244.42889154712392
363 244.42889154712392
364 244.42889154712392
365 244.42889154712392
366 244.42889154712392
367 244.42889154712392
368 244.42889154712392
369 244.42889154712392
370 244.42889154712392
371 244.42889154712392
372 244.42889154712392
373 244.42889154712392
374 244.42889154712392
375 244.42889154712392
376 244.42889154712392
377 244.42889154712392
378 244.42889154712392
379 244.42889154712392
380 244.42889154712392
381 244.42889154712392
382 244.42889154712392
383 244.42889154712392
384 244.42889154712392
385 244.42889154712392
386 244.42889154712392
387 244.42889154712392
388 244.42889154712392
389 244.42889154712392
390 244.42889154712392
391 244.42889154712392
392 244.42889154712392
393 244.42889154712392
394 244.42889154712392
395 244.42889154712392
396 244.42889154712392
397 244.42889154712392
398 244.42889154712392
399 244.42889154712392
400 244.42889154712392
401 244.42889154712392
402 244.42889154712392
403 244.42889154712392
404 244.42889154712392
405 244.42889154712392
406 244.42889154712392
407 244.42889154712392
408 244.91993084750706
409 244.91993084750706
410 244.91993084750706
411 244.91993084750706
412 244.91993084750706
413 244.91993084750706
414 244.91993084750706
415 244.91993084750706
416 244.91993084750706
417 244.91993084750706
418 244.91993084750706
419 246.54434184923522
420 246.54434184923522
421 246.54434184923522
422 246.54434184923522
423 246.54434184923522
424 246.54434184923522
425 246.54434184923522
426 246.54434184923522
427 246.54434184923522
428 246.54434184923522
429 246.54434184923522
430 246.54434184923522
431 246.54434184923522
432 246.54434184923522
433 246.54434184923522
434 246.54434184923522
435 246.54434184923522
436 246.54434184923522
437 246.54434184923522
438 246.54434184923522
439 246.54434184923522
440 246.54434184923522
441 246.54434184923522
442 246.54434184923522
443 246.54434184923522
444 246.54434184923522
445 246.54434184923522
446 246.54434184923522
447 246.54434184923522
448 246.54434184923522
449 246.54434184923522
450 246.54434184923522
451 246.54434184923522
452 246.54434184923522
453 246.54434184923522
454 246.54434184923522
455 246.54434184923522
456 246.54434184923522
457 246.54434184923522
458 246.54434184923522
459 246.54434184923522
460 246.54434184923522
461 246.54434184923522
462 246.54434184923522
463 246.54434184923522
464 246.54434184923522
465 246.54434184923522
466 246.54434184923522
467 246.54434184923522
468 246.54434184923522
469 246.54434184923522
470 246.54434184923522
471 246.54434184923522
472 246.54434184923522
473 246.54434184923522
474 246.54434184923522
475 246.54434184923522
476 246.54434184923522
477 246.54434184923522
478 246.54434184923522
479 246.54434184923522
480 246.54434184923522
481 246.54434184923522
482 246.54434184923522
483 246.54434184923522
484 246.54434184923522
485 246.54434184923522
486 246.54434184923522
487 246.54434184923522
488 246.54434184923522
489 246.54434184923522
490 246.54434184923522
491 246.54434184923522
492 246.54434184923522
493 246.54434184923522
494 246.54434184923522
495 246.54434184923522
496 246.54434184923522
497 246.54434184923522
498 246.54434184923522
499 246.54434184923522
500 246.54434184923522
501 246.54434184923522
502 246.54434184923522
503 246.54434184923522
504 246.54434184923522
505 246.54434184923522
506 246.54434184923522
507 246.54434184923522
508 246.54434184923522
509 246.54434184923522
510 246.54434184923522
511 246.54434184923522
512 246.54434184923522
513 246.54434184923522
514 246.54434184923522
515 246.54434184923522
516 246.54434184923522
517 246.54434184923522
518 246.54434184923522
519 246.54434184923522
520 246.54434184923522
521 246.54434184923522
522 246.54434184923522
523 246.54434184923522
524 246.54434184923522
525 246.54434184923522
526 246.54434184923522
527 246.54434184923522
528 246.54434184923522
529 246.54434184923522
530 246.54434184923522
531 246.54434184923522
532 246.54434184923522
533 246.54434184923522
534 246.54434184923522
535 246.54434184923522
536 246.54434184923522
537 246.54434184923522
538 246.54434184923522
539 246.54434184923522
540 246.54434184923522
541 246.54434184923522
542 246.54434184923522
543 246.54434184923522
544 246.54434184923522
545 246.54434184923522
546 246.54434184923522
547 246.54434184923522
548 246.54434184923522
549 246.54434184923522
550 246.54434184923522
551 247.6841596774599
552 247.6841596774599
553 247.6841596774599
554 247.6841596774599
555 247.6841596774599
556 247.6841596774599
557 247.6841596774599
558 247.6841596774599
559 247.6841596774599
560 247.6841596774599
561 247.6841596774599
562 247.6841596774599
563 247.6841596774599
564 247.6841596774599
565 247.6841596774599
566 247.6841596774599
567 247.6841596774599
568 247.6841596774599
569 247.6841596774599
570 247.6841596774599
571 247.6841596774599
572 247.6841596774599
573 247.6841596774599
574 247.6841596774599
575 247.6841596774599
576 247.6841596774599
577 247.6841596774599
578 247.6841596774599
579 247.6841596774599
580 247.6841596774599
581 247.6841596774599
582 247.6841596774599
583 247.6841596774599
584 247.6841596774599
585 247.6841596774599
586 247.6841596774599
587 247.6841596774599
588 247.6841596774599
589 247.6841596774599
590 247.6841596774599
591 247.6841596774599
592 247.6841596774599
593 247.95009439444462
594 247.95009439444462
595 247.95009439444462
596 247.95009439444462
597 247.95009439444462
598 247.95009439444462
599 247.95009439444462
600 247.95009439444462
601 247.95009439444462
602 247.95009439444462
603 247.95009439444462
604 247.95009439444462
605 247.95009439444462
606 249.89174533709382
607 249.89174533709382
608 249.89174533709382
609 249.89174533709382
610 249.89174533709382
611 249.89174533709382
612 249.89174533709382
613 249.89174533709382
614 249.89174533709382
615 249.89174533709382
616 249.89174533709382
617 249.89174533709382
618 249.89174533709382
619 249.89174533709382
620 249.89174533709382
621 249.89174533709382
622 249.89174533709382
623 249.89174533709382
624 249.89174533709382
625 249.89174533709382
626 249.89174533709382
627 249.89174533709382
628 249.89174533709382
629 249.89174533709382
630 249.89174533709382
631 249.89174533709382
632 249.89174533709382
633 249.89174533709382
634 249.89174533709382
635 249.89174533709382
636 249.89174533709382
637 249.89174533709382
638 249.89174533709382
639 249.89174533709382
640 249.89174533709382
641 249.89174533709382
642 249.89174533709382
643 249.89174533709382
644 249.89174533709382
645 249.89174533709382
646 249.89174533709382
647 249.89174533709382
648 249.89174533709382
649 249.89174533709382
650 249.89174533709382
651 249.89174533709382
652 249.89174533709382
653 249.89174533709382
654 249.89174533709382
655 249.89174533709382
656 249.89174533709382
657 249.89174533709382
658 249.89174533709382
659 249.89174533709382
660 249.89174533709382
661 249.89174533709382
662 249.89174533709382
663 249.89174533709382
664 249.89174533709382
665 249.89174533709382
666 249.89174533709382
667 249.89174533709382
668 249.89174533709382
669 249.89174533709382
670 249.89174533709382
671 249.89174533709382
672 249.89174533709382
673 249.89174533709382
674 249.89174533709382
675 249.89174533709382
676 249.89174533709382
677 249.89174533709382
678 249.89174533709382
679 249.89174533709382
680 249.89174533709382
681 249.89174533709382
682 249.89174533709382
683 249.89174533709382
684 249.89174533709382
685 249.89174533709382
686 249.89174533709382
687 249.89174533709382
688 249.89174533709382
689 249.89174533709382
690 249.89174533709382
691 249.89174533709382
692 249.89174533709382
693 249.89174533709382
694 249.89174533709382
695 249.89174533709382
696 249.89174533709382
697 249.89174533709382
698 249.89174533709382
699 249.89174533709382
700 249.89174533709382
701 249.89174533709382
702 249.89174533709382
703 249.89174533709382
704 249.89174533709382
705 249.89174533709382
706 249.89174533709382
707 249.89174533709382
708 249.89174533709382
709 249.89174533709382
710 249.89174533709382
711 249.89174533709382
712 249.89174533709382
713 249.89174533709382
714 249.89174533709382
715 249.89174533709382
716 249.89174533709382
717 249.89174533709382
718 249.89174533709382
719 249.89174533709382
720 249.89174533709382
721 249.89174533709382
722 249.89174533709382
723 249.89174533709382
724 249.89174533709382
725 249.89174533709382
726 249.89174533709382
727 249.89174533709382
728 249.89174533709382
729 249.89174533709382
730 249.89174533709382
731 249.89174533709382
732 249.89174533709382
733 249.89174533709382
734 249.89174533709382
735 249.89174533709382
736 249.89174533709382
737 249.89174533709382
738 249.89174533709382
739 249.89174533709382
740 249.89174533709382
741 249.89174533709382
742 249.89174533709382
743 249.89174533709382
744 249.89174533709382
745 249.89174533709382
746 249.89174533709382
747 249.89174533709382
748 249.89174533709382
749 249.89174533709382
750 249.89174533709382
751 249.89174533709382
752 249.89174533709382
753 249.89174533709382
754 249.89174533709382
755 249.89174533709382
756 249.89174533709382
757 249.89174533709382
758 249.89174533709382
759 249.89174533709382
760 249.89174533709382
761 249.89174533709382
762 249.89174533709382
763 249.89174533709382
764 249.89174533709382
765 249.89174533709382
766 249.89174533709382
767 249.89174533709382
768 249.89174533709382
769 249.89174533709382
770 249.89174533709382
771 249.89174533709382
772 249.89174533709382
773 249.89174533709382
774 249.89174533709382
775 249.89174533709382
776 249.89174533709382
777 249.89174533709382
778 249.89174533709382
779 249.89174533709382
780 249.89174533709382
781 249.89174533709382
782 249.89174533709382
783 249.89174533709382
784 249.89174533709382
785 249.89174533709382
786 249.89174533709382
787 249.89174533709382
788 249.89174533709382
789 249.89174533709382
790 249.89174533709382
791 249.89174533709382
792 249.89174533709382
793 249.89174533709382
794 249.89174533709382
795 249.89174533709382
796 249.89174533709382
797 249.89174533709382
798 249.89174533709382
799 249.89174533709382
800 249.89174533709382
801 249.89174533709382
802 249.89174533709382
803 249.89174533709382
804 249.89174533709382
805 249.89174533709382
806 249.89174533709382
807 249.89174533709382
808 249.89174533709382
809 249.89174533709382
810 249.89174533709382
811 249.89174533709382
812 249.89174533709382
813 249.89174533709382
814 249.89174533709382
815 249.89174533709382
816 249.89174533709382
817 249.89174533709382
818 249.89174533709382
819 249.89174533709382
820 249.89174533709382
821 249.89174533709382
822 249.89174533709382
823 249.89174533709382
824 249.89174533709382
825 249.89174533709382
826 249.89174533709382
827 249.89174533709382
828 249.89174533709382
829 249.89174533709382
830 249.89174533709382
831 249.89174533709382
832 249.89174533709382
833 249.89174533709382
834 249.89174533709382
835 249.89174533709382
836 249.89174533709382
837 249.89174533709382
838 249.89174533709382
839 249.89174533709382
840 249.89174533709382
841 249.89174533709382
842 249.89174533709382
843 249.89174533709382
844 249.89174533709382
845 249.89174533709382
846 249.89174533709382
847 249.89174533709382
848 249.89174533709382
849 249.89174533709382
850 249.89174533709382
851 249.89174533709382
852 249.89174533709382
853 249.89174533709382
854 249.89174533709382
855 249.89174533709382
856 249.89174533709382
857 249.89174533709382
858 249.89174533709382
859 249.89174533709382
860 249.89174533709382
861 249.89174533709382
862 249.89174533709382
863 249.89174533709382
864 249.89174533709382
865 249.89174533709382
866 249.89174533709382
867 249.89174533709382
868 249.89174533709382
869 249.89174533709382
870 249.89174533709382
871 249.89174533709382
872 249.89174533709382
873 249.89174533709382
874 249.89174533709382
875 249.89174533709382
876 249.89174533709382
877 249.89174533709382
878 249.89174533709382
879 249.89174533709382
880 249.89174533709382
881 249.89174533709382
882 249.89174533709382
883 249.89174533709382
884 249.89174533709382
885 249.89174533709382
886 249.89174533709382
887 249.89174533709382
888 249.89174533709382
889 249.89174533709382
890 249.89174533709382
891 249.89174533709382
892 249.89174533709382
893 249.89174533709382
894 249.89174533709382
895 249.89174533709382
896 249.89174533709382
897 249.89174533709382
898 249.89174533709382
899 249.89174533709382
900 249.89174533709382
901 249.89174533709382
902 249.89174533709382
903 249.89174533709382
904 249.89174533709382
905 249.89174533709382
906 249.89174533709382
907 249.89174533709382
908 249.89174533709382
909 249.89174533709382
910 249.89174533709382
911 249.89174533709382
912 249.89174533709382
913 249.89174533709382
914 249.89174533709382
915 249.89174533709382
916 249.89174533709382
917 249.89174533709382
918 249.89174533709382
919 249.89174533709382
920 249.89174533709382
921 249.89174533709382
922 249.89174533709382
923 249.89174533709382
924 249.89174533709382
925 249.89174533709382
926 249.89174533709382
927 249.89174533709382
928 249.89174533709382
929 249.89174533709382
930 249.89174533709382
931 249.89174533709382
932 249.89174533709382
933 249.89174533709382
934 249.89174533709382
935 249.89174533709382
936 249.89174533709382
937 249.89174533709382
938 249.89174533709382
939 249.89174533709382
940 249.89174533709382
941 249.89174533709382
942 249.89174533709382
943 249.89174533709382
944 249.89174533709382
945 249.89174533709382
946 249.89174533709382
947 249.89174533709382
948 249.89174533709382
949 249.89174533709382
950 249.89174533709382
951 249.89174533709382
952 249.89174533709382
953 249.89174533709382
954 249.89174533709382
955 249.89174533709382
956 249.89174533709382
957 249.89174533709382
958 249.89174533709382
959 249.89174533709382
960 249.89174533709382
961 249.89174533709382
962 249.89174533709382
963 249.89174533709382
964 249.89174533709382
965 249.89174533709382
966 249.89174533709382
967 249.89174533709382
968 249.89174533709382
969 249.89174533709382
970 249.89174533709382
971 249.89174533709382
972 249.89174533709382
973 249.89174533709382
974 249.89174533709382
975 249.89174533709382
976 249.89174533709382
977 249.89174533709382
978 249.89174533709382
979 249.89174533709382
980 249.89174533709382
981 249.89174533709382
982 249.89174533709382
983 249.89174533709382
984 249.89174533709382
985 249.89174533709382
986 249.89174533709382
987 249.89174533709382
988 249.89174533709382
989 249.89174533709382
990 249.89174533709382
991 249.89174533709382
992 249.89174533709382
993 249.89174533709382
994 249.89174533709382
995 249.89174533709382
996 249.89174533709382
997 249.89174533709382
998 249.89174533709382
999 249.89174533709382
1000 249.89174533709382
1001 249.89174533709382
1002 249.89174533709382
1003 249.89174533709382
1004 249.89174533709382
1005 249.89174533709382
1006 249.89174533709382
1007 249.89174533709382
1008 249.89174533709382
1009 249.89174533709382
1010 249.89174533709382
1011 249.89174533709382
1012 249.89174533709382
1013 249.89174533709382
1014 249.89174533709382
1015 249.89174533709382
1016 249.89174533709382
1017 249.89174533709382
1018 249.89174533709382
1019 249.89174533709382
1020 249.89174533709382
1021 249.89174533709382
1022 249.89174533709382
1023 249.89174533709382
1024 249.89174533709382
1025 249.89174533709382
1026 249.89174533709382
1027 249.89174533709382
1028 249.89174533709382
1029 249.89174533709382
1030 249.89174533709382
1031 249.89174533709382
1032 249.89174533709382
1033 249.89174533709382
1034 249.89174533709382
1035 249.89174533709382
1036 249.89174533709382
1037 249.89174533709382
1038 249.89174533709382
1039 249.89174533709382
1040 249.89174533709382
1041 249.89174533709382
1042 249.89174533709382
1043 249.89174533709382
1044 249.89174533709382
1045 249.89174533709382
1046 249.89174533709382
1047 249.89174533709382
1048 249.89174533709382
1049 249.89174533709382
1050 249.89174533709382
1051 249.89174533709382
1052 249.89174533709382
1053 249.89174533709382
1054 249.89174533709382
1055 249.89174533709382
1056 249.89174533709382
1057 249.89174533709382
1058 249.89174533709382
1059 249.89174533709382
1060 249.89174533709382
1061 249.89174533709382
1062 249.89174533709382
1063 249.89174533709382
1064 249.89174533709382
1065 249.89174533709382
1066 249.89174533709382
1067 249.89174533709382
1068 249.89174533709382
1069 249.89174533709382
1070 249.89174533709382
1071 249.89174533709382
1072 249.89174533709382
1073 249.89174533709382
1074 249.89174533709382
1075 249.89174533709382
1076 249.89174533709382
1077 249.89174533709382
1078 249.89174533709382
1079 249.89174533709382
1080 249.89174533709382
1081 249.89174533709382
1082 249.89174533709382
1083 249.89174533709382
1084 249.89174533709382
1085 249.89174533709382
1086 249.89174533709382
1087 249.89174533709382
1088 249.89174533709382
1089 249.89174533709382
1090 249.89174533709382
1091 249.89174533709382
1092 249.89174533709382
1093 249.89174533709382
1094 249.89174533709382
1095 249.89174533709382
1096 249.89174533709382
1097 249.89174533709382
1098 249.89174533709382
1099 249.89174533709382
1100 249.89174533709382
1101 249.89174533709382
1102 249.89174533709382
1103 249.89174533709382
1104 249.89174533709382
1105 249.89174533709382
1106 249.89174533709382
1107 249.89174533709382
1108 249.89174533709382
1109 249.89174533709382
1110 249.89174533709382
1111 249.89174533709382
1112 249.89174533709382
1113 249.89174533709382
1114 249.89174533709382
1115 249.89174533709382
1116 249.89174533709382
1117 249.89174533709382
1118 249.89174533709382
1119 249.89174533709382
1120 249.89174533709382
1121 249.89174533709382
1122 249.89174533709382
1123 249.89174533709382
1124 249.89174533709382
1125 249.89174533709382
1126 249.89174533709382
1127 249.89174533709382
1128 249.89174533709382
1129 249.89174533709382
1130 249.89174533709382
1131 249.89174533709382
1132 249.89174533709382
1133 249.89174533709382
1134 249.89174533709382
1135 249.89174533709382
1136 249.89174533709382
1137 249.89174533709382
1138 249.89174533709382
1139 249.89174533709382
1140 249.89174533709382
1141 249.89174533709382
1142 249.89174533709382
1143 249.89174533709382
1144 249.89174533709382
1145 249.89174533709382
1146 249.89174533709382
1147 249.89174533709382
1148 249.89174533709382
1149 249.89174533709382
1150 249.89174533709382
1151 249.89174533709382
1152 249.89174533709382
1153 249.89174533709382
1154 249.89174533709382
1155 249.89174533709382
1156 249.89174533709382
1157 249.89174533709382
1158 249.89174533709382
1159 249.89174533709382
1160 249.89174533709382
1161 249.89174533709382
1162 249.89174533709382
1163 249.89174533709382
1164 249.89174533709382
1165 249.89174533709382
1166 249.89174533709382
1167 249.89174533709382
1168 249.89174533709382
1169 249.89174533709382
1170 249.89174533709382
1171 249.89174533709382
1172 249.89174533709382
1173 249.89174533709382
1174 249.89174533709382
1175 249.89174533709382
1176 249.89174533709382
1177 249.89174533709382
1178 249.89174533709382
1179 249.89174533709382
1180 249.89174533709382
1181 249.89174533709382
1182 249.89174533709382
1183 249.89174533709382
1184 249.89174533709382
1185 249.89174533709382
1186 249.89174533709382
1187 249.89174533709382
1188 249.89174533709382
1189 249.89174533709382
1190 249.89174533709382
1191 249.89174533709382
1192 249.89174533709382
1193 249.89174533709382
1194 249.89174533709382
1195 249.89174533709382
1196 249.89174533709382
1197 249.89174533709382
1198 249.89174533709382
1199 249.89174533709382
1200 249.89174533709382
1201 249.89174533709382
1202 249.89174533709382
1203 249.89174533709382
1204 249.89174533709382
1205 249.89174533709382
1206 249.89174533709382
1207 249.89174533709382
1208 249.89174533709382
1209 249.89174533709382
1210 249.89174533709382
1211 249.89174533709382
1212 249.89174533709382
1213 249.89174533709382
1214 249.89174533709382
1215 249.89174533709382
1216 249.89174533709382
1217 249.89174533709382
1218 249.89174533709382
1219 249.89174533709382
1220 249.89174533709382
1221 249.89174533709382
1222 249.89174533709382
1223 249.89174533709382
1224 249.89174533709382
1225 249.89174533709382
1226 249.89174533709382
1227 249.89174533709382
1228 249.89174533709382
1229 249.89174533709382
1230 249.89174533709382
1231 249.89174533709382
1232 249.89174533709382
1233 249.89174533709382
1234 249.89174533709382
1235 249.89174533709382
1236 249.89174533709382
1237 249.89174533709382
1238 249.89174533709382
1239 249.89174533709382
1240 249.89174533709382
1241 249.89174533709382
1242 249.89174533709382
1243 249.89174533709382
1244 249.89174533709382
1245 249.89174533709382
1246 249.89174533709382
1247 249.89174533709382
1248 249.89174533709382
1249 249.89174533709382
1250 249.89174533709382
1251 249.89174533709382
1252 249.89174533709382
1253 249.89174533709382
1254 249.89174533709382
1255 249.89174533709382
1256 249.89174533709382
1257 249.89174533709382
1258 249.89174533709382
1259 249.89174533709382
1260 249.89174533709382
1261 249.89174533709382
1262 249.89174533709382
1263 249.89174533709382
1264 249.89174533709382
1265 249.89174533709382
1266 249.89174533709382
1267 249.89174533709382
1268 249.89174533709382
1269 249.89174533709382
1270 249.89174533709382
1271 249.89174533709382
1272 249.89174533709382
1273 249.89174533709382
1274 249.89174533709382
1275 249.89174533709382
1276 249.89174533709382
1277 249.89174533709382
1278 249.89174533709382
1279 249.89174533709382
1280 249.89174533709382
1281 249.89174533709382
1282 249.89174533709382
1283 249.89174533709382
1284 249.89174533709382
1285 249.89174533709382
1286 249.89174533709382
1287 249.89174533709382
1288 249.89174533709382
1289 249.89174533709382
1290 249.89174533709382
1291 249.89174533709382
1292 249.89174533709382
1293 249.89174533709382
1294 249.89174533709382
1295 249.89174533709382
1296 249.89174533709382
1297 249.89174533709382
1298 249.89174533709382
1299 249.89174533709382
1300 249.89174533709382
1301 249.89174533709382
1302 249.89174533709382
1303 249.89174533709382
1304 249.89174533709382
1305 249.89174533709382
1306 249.89174533709382
1307 249.89174533709382
1308 249.89174533709382
1309 249.89174533709382
1310 249.89174533709382
1311 249.89174533709382
1312 249.89174533709382
1313 249.89174533709382
1314 249.89174533709382
1315 249.89174533709382
1316 249.89174533709382
1317 249.89174533709382
1318 249.89174533709382
1319 249.89174533709382
1320 249.89174533709382
1321 249.89174533709382
1322 249.89174533709382
1323 249.89174533709382
1324 249.89174533709382
1325 249.89174533709382
1326 249.89174533709382
1327 249.89174533709382
1328 249.89174533709382
1329 249.89174533709382
1330 249.89174533709382
1331 249.89174533709382
1332 249.89174533709382
1333 249.89174533709382
1334 249.89174533709382
1335 249.89174533709382
1336 249.89174533709382
1337 249.89174533709382
1338 249.89174533709382
1339 249.89174533709382
1340 249.89174533709382
1341 249.89174533709382
1342 249.89174533709382
1343 249.89174533709382
1344 249.89174533709382
1345 249.89174533709382
1346 249.89174533709382
1347 249.89174533709382
1348 249.89174533709382
1349 249.89174533709382
1350 249.89174533709382
1351 249.89174533709382
1352 249.89174533709382
1353 249.89174533709382
1354 249.89174533709382
1355 249.89174533709382
1356 249.89174533709382
1357 249.89174533709382
1358 249.89174533709382
1359 249.89174533709382
1360 249.89174533709382
1361 249.89174533709382
1362 249.89174533709382
1363 249.89174533709382
1364 249.89174533709382
1365 249.89174533709382
1366 249.89174533709382
1367 249.89174533709382
1368 249.89174533709382
1369 249.89174533709382
1370 249.89174533709382
1371 249.89174533709382
1372 249.89174533709382
1373 249.89174533709382
1374 249.89174533709382
1375 249.89174533709382
1376 249.89174533709382
1377 249.89174533709382
1378 249.89174533709382
1379 249.89174533709382
1380 249.89174533709382
1381 249.89174533709382
1382 249.89174533709382
1383 249.89174533709382
1384 249.89174533709382
1385 249.89174533709382
1386 249.89174533709382
1387 249.89174533709382
1388 249.89174533709382
1389 249.89174533709382
1390 249.89174533709382
1391 249.89174533709382
1392 249.89174533709382
1393 249.89174533709382
1394 249.89174533709382
1395 249.89174533709382
1396 249.89174533709382
1397 249.89174533709382
1398 249.89174533709382
1399 249.89174533709382
1400 249.89174533709382
1401 249.89174533709382
1402 249.89174533709382
1403 249.89174533709382
1404 249.89174533709382
1405 249.89174533709382
1406 249.89174533709382
1407 249.89174533709382
1408 249.89174533709382
1409 249.89174533709382
1410 249.89174533709382
1411 249.89174533709382
1412 249.89174533709382
1413 249.89174533709382
1414 249.89174533709382
1415 249.89174533709382
1416 249.89174533709382
1417 249.89174533709382
1418 249.89174533709382
1419 249.89174533709382
1420 249.89174533709382
1421 249.89174533709382
1422 249.89174533709382
1423 249.89174533709382
1424 249.89174533709382
1425 249.89174533709382
1426 249.89174533709382
1427 249.89174533709382
1428 249.89174533709382
1429 249.89174533709382
1430 249.89174533709382
1431 249.89174533709382
1432 249.89174533709382
1433 249.89174533709382
1434 249.89174533709382
1435 249.89174533709382
1436 249.89174533709382
1437 249.89174533709382
1438 249.89174533709382
1439 249.89174533709382
1440 249.89174533709382
1441 249.89174533709382
1442 249.89174533709382
1443 249.89174533709382
1444 251.9538732335157
1445 251.9538732335157
1446 251.9538732335157
1447 251.9538732335157
1448 251.9538732335157
1449 251.9538732335157
1450 251.9538732335157
1451 251.9538732335157
1452 251.9538732335157
1453 251.9538732335157
1454 251.9538732335157
1455 251.9538732335157
1456 251.9538732335157
1457 251.9538732335157
1458 251.9538732335157
1459 251.9538732335157
1460 251.9538732335157
1461 251.9538732335157
1462 251.9538732335157
1463 251.9538732335157
1464 251.9538732335157
1465 251.9538732335157
1466 251.9538732335157
1467 251.9538732335157
1468 251.9538732335157
1469 251.9538732335157
1470 251.9538732335157
1471 251.9538732335157
1472 251.9538732335157
1473 251.9538732335157
1474 251.9538732335157
1475 251.9538732335157
1476 251.9538732335157
1477 251.9538732335157
1478 251.9538732335157
1479 251.9538732335157
1480 251.9538732335157
1481 251.9538732335157
1482 251.9538732335157
1483 251.9538732335157
1484 251.9538732335157
1485 251.9538732335157
1486 251.9538732335157
1487 251.9538732335157
1488 251.9538732335157
1489 251.9538732335157
1490 251.9538732335157
1491 251.9538732335157
1492 251.9538732335157
1493 251.9538732335157
1494 251.9538732335157
1495 251.9538732335157
1496 251.9538732335157
1497 251.9538732335157
1498 251.9538732335157
1499 251.9538732335157
1500 251.9538732335157
1501 251.9538732335157
1502 251.9538732335157
1503 251.9538732335157
1504 251.9538732335157
1505 251.9538732335157
1506 251.9538732335157
1507 251.9538732335157
1508 251.9538732335157
1509 251.9538732335157
1510 251.9538732335157
1511 251.9538732335157
1512 251.9538732335157
1513 251.9538732335157
1514 251.9538732335157
1515 251.9538732335157
1516 251.9538732335157
1517 251.9538732335157
1518 251.9538732335157
1519 251.9538732335157
1520 251.9538732335157
1521 251.9538732335157
1522 251.9538732335157
1523 251.9538732335157
1524 251.9538732335157
1525 251.9538732335157
1526 251.9538732335157
1527 251.9538732335157
1528 251.9538732335157
1529 251.9538732335157
1530 251.9538732335157
1531 251.9538732335157
1532 251.9538732335157
1533 251.9538732335157
1534 251.9538732335157
1535 251.9538732335157
1536 251.9538732335157
1537 251.9538732335157
1538 251.9538732335157
1539 251.9538732335157
1540 251.9538732335157
1541 251.9538732335157
1542 251.9538732335157
1543 251.9538732335157
1544 251.9538732335157
1545 251.9538732335157
1546 251.9538732335157
1547 251.9538732335157
1548 251.9538732335157
1549 251.9538732335157
1550 251.9538732335157
1551 251.9538732335157
1552 251.9538732335157
1553 251.9538732335157
1554 251.9538732335157
1555 251.9538732335157
1556 251.9538732335157
1557 251.9538732335157
1558 251.9538732335157
1559 251.9538732335157
1560 251.9538732335157
1561 251.9538732335157
1562 251.9538732335157
1563 251.9538732335157
1564 251.9538732335157
1565 251.9538732335157
1566 251.9538732335157
1567 251.9538732335157
1568 251.9538732335157
1569 251.9538732335157
1570 251.9538732335157
1571 251.9538732335157
1572 251.9538732335157
1573 251.9538732335157
1574 251.9538732335157
1575 251.9538732335157
1576 251.9538732335157
1577 251.9538732335157
1578 251.9538732335157
1579 251.9538732335157
1580 251.9538732335157
1581 251.9538732335157
1582 251.9538732335157
1583 251.9538732335157
1584 251.9538732335157
1585 251.9538732335157
1586 251.9538732335157
1587 251.9538732335157
1588 251.9538732335157
1589 251.9538732335157
1590 251.9538732335157
1591 251.9538732335157
1592 251.9538732335157
1593 251.9538732335157
1594 251.9538732335157
1595 251.9538732335157
1596 251.9538732335157
1597 251.9538732335157
1598 251.9538732335157
1599 251.9538732335157
1600 251.9538732335157
1601 251.9538732335157
1602 251.9538732335157
1603 251.9538732335157
1604 251.9538732335157
1605 251.9538732335157
1606 251.9538732335157
1607 251.9538732335157
1608 251.9538732335157
1609 251.9538732335157
1610 251.9538732335157
1611 251.9538732335157
1612 251.9538732335157
1613 251.9538732335157
1614 251.9538732335157
1615 251.9538732335157
1616 251.9538732335157
1617 251.9538732335157
1618 251.9538732335157
1619 251.9538732335157
1620 251.9538732335157
1621 251.9538732335157
1622 251.9538732335157
1623 251.9538732335157
1624 251.9538732335157
1625 251.9538732335157
1626 251.9538732335157
1627 251.9538732335157
1628 251.9538732335157
1629 251.9538732335157
1630 251.9538732335157
1631 251.9538732335157
1632 251.9538732335157
1633 251.9538732335157
1634 251.9538732335157
1635 251.9538732335157
1636 251.9538732335157
1637 251.9538732335157
1638 251.9538732335157
1639 251.9538732335157
1640 251.9538732335157
1641 251.9538732335157
1642 251.9538732335157
1643 251.9538732335157
1644 251.9538732335157
1645 251.9538732335157
1646 251.9538732335157
1647 251.9538732335157
1648 251.9538732335157
1649 251.9538732335157
1650 251.9538732335157
1651 251.9538732335157
1652 251.9538732335157
1653 251.9538732335157
1654 251.9538732335157
1655 251.9538732335157
1656 251.9538732335157
1657 251.9538732335157
1658 251.9538732335157
1659 251.9538732335157
1660 251.9538732335157
1661 251.9538732335157
1662 251.9538732335157
1663 251.9538732335157
1664 251.9538732335157
1665 251.9538732335157
1666 251.9538732335157
1667 251.9538732335157
1668 251.9538732335157
1669 251.9538732335157
1670 251.9538732335157
1671 251.9538732335157
1672 251.9538732335157
1673 251.9538732335157
1674 251.9538732335157
1675 251.9538732335157
1676 251.9538732335157
1677 251.9538732335157
1678 251.9538732335157
1679 251.9538732335157
1680 251.9538732335157
1681 251.9538732335157
1682 251.9538732335157
1683 251.9538732335157
1684 251.9538732335157
1685 251.9538732335157
1686 251.9538732335157
1687 251.9538732335157
1688 251.9538732335157
1689 251.9538732335157
1690 251.9538732335157
1691 251.9538732335157
1692 251.9538732335157
1693 251.9538732335157
1694 251.9538732335157
1695 251.9538732335157
1696 251.9538732335157
1697 251.9538732335157
1698 251.9538732335157
1699 251.9538732335157
1700 251.9538732335157
1701 251.9538732335157
1702 251.9538732335157
1703 251.9538732335157
1704 251.9538732335157
1705 251.9538732335157
1706 251.9538732335157
1707 251.9538732335157
1708 251.9538732335157
1709 251.9538732335157
1710 251.9538732335157
1711 251.9538732335157
1712 251.9538732335157
1713 251.9538732335157
1714 251.9538732335157
1715 251.9538732335157
1716 251.9538732335157
1717 251.9538732335157
1718 251.9538732335157
1719 251.9538732335157
1720 251.9538732335157
1721 251.9538732335157
1722 251.9538732335157
1723 251.9538732335157
1724 251.9538732335157
1725 251.9538732335157
1726 251.9538732335157
1727 251.9538732335157
1728 251.9538732335157
1729 251.9538732335157
1730 251.9538732335157
1731 251.9538732335157
1732 251.9538732335157
1733 251.9538732335157
1734 251.9538732335157
1735 251.9538732335157
1736 251.9538732335157
1737 251.9538732335157
1738 251.9538732335157
1739 251.9538732335157
1740 251.9538732335157
1741 251.9538732335157
1742 251.9538732335157
1743 251.9538732335157
1744 251.9538732335157
1745 251.9538732335157
1746 251.9538732335157
1747 251.9538732335157
1748 251.9538732335157
1749 251.9538732335157
1750 251.9538732335157
1751 251.9538732335157
1752 251.9538732335157
1753 251.9538732335157
1754 251.9538732335157
1755 251.9538732335157
1756 251.9538732335157
1757 251.9538732335157
1758 251.9538732335157
1759 251.9538732335157
1760 251.9538732335157
1761 251.9538732335157
1762 251.9538732335157
1763 251.9538732335157
1764 251.9538732335157
1765 251.9538732335157
1766 251.9538732335157
1767 251.9538732335157
1768 251.9538732335157
1769 251.9538732335157
1770 251.9538732335157
1771 251.9538732335157
1772 251.9538732335157
1773 251.9538732335157
1774 251.9538732335157
1775 251.9538732335157
1776 251.9538732335157
1777 251.9538732335157
1778 251.9538732335157
1779 251.9538732335157
1780 251.9538732335157
1781 251.9538732335157
1782 251.9538732335157
1783 251.9538732335157
1784 251.9538732335157
1785 251.9538732335157
1786 251.9538732335157
1787 251.9538732335157
1788 251.9538732335157
1789 251.9538732335157
1790 251.9538732335157
1791 251.9538732335157
1792 251.9538732335157
1793 251.9538732335157
1794 251.9538732335157
1795 251.9538732335157
1796 251.9538732335157
1797 251.9538732335157
1798 251.9538732335157
1799 251.9538732335157
1800 251.9538732335157
1801 251.9538732335157
1802 251.9538732335157
1803 251.9538732335157
1804 251.9538732335157
1805 251.9538732335157
1806 251.9538732335157
1807 251.9538732335157
1808 251.9538732335157
1809 251.9538732335157
1810 251.9538732335157
1811 251.9538732335157
1812 251.9538732335157
1813 251.9538732335157
1814 251.9538732335157
1815 251.9538732335157
1816 251.9538732335157
1817 251.9538732335157
1818 251.9538732335157
1819 251.9538732335157
1820 251.9538732335157
1821 251.9538732335157
1822 251.9538732335157
1823 251.9538732335157
1824 251.9538732335157
1825 251.9538732335157
1826 251.9538732335157
1827 251.9538732335157
1828 251.9538732335157
1829 251.9538732335157
1830 251.9538732335157
1831 251.9538732335157
1832 251.9538732335157
1833 251.9538732335157
1834 251.9538732335157
1835 251.9538732335157
1836 251.9538732335157
1837 251.9538732335157
1838 251.9538732335157
1839 251.9538732335157
1840 251.9538732335157
1841 251.9538732335157
1842 251.9538732335157
1843 251.9538732335157
1844 251.9538732335157
1845 251.9538732335157
1846 251.9538732335157
1847 251.9538732335157
1848 251.9538732335157
1849 251.9538732335157
1850 251.9538732335157
1851 251.9538732335157
1852 251.9538732335157
1853 251.9538732335157
1854 251.9538732335157
1855 251.9538732335157
1856 251.9538732335157
1857 251.9538732335157
1858 251.9538732335157
1859 251.9538732335157
1860 251.9538732335157
1861 251.9538732335157
1862 251.9538732335157
1863 251.9538732335157
1864 251.9538732335157
1865 251.9538732335157
1866 251.9538732335157
1867 251.9538732335157
1868 251.9538732335157
1869 251.9538732335157
1870 251.9538732335157
1871 251.9538732335157
1872 251.9538732335157
1873 251.9538732335157
1874 251.9538732335157
1875 251.9538732335157
1876 251.9538732335157
1877 251.9538732335157
1878 251.9538732335157
1879 251.9538732335157
1880 251.9538732335157
1881 251.9538732335157
1882 251.9538732335157
1883 251.9538732335157
1884 251.9538732335157
1885 251.9538732335157
1886 251.9538732335157
1887 251.9538732335157
1888 251.9538732335157
1889 251.9538732335157
1890 251.9538732335157
1891 251.9538732335157
1892 251.9538732335157
1893 251.9538732335157
1894 251.9538732335157
1895 251.9538732335157
1896 251.9538732335157
1897 251.9538732335157
1898 251.9538732335157
1899 251.9538732335157
1900 251.9538732335157
1901 251.9538732335157
1902 251.9538732335157
1903 251.9538732335157
1904 251.9538732335157
1905 251.9538732335157
1906 251.9538732335157
1907 251.9538732335157
1908 251.9538732335157
1909 251.9538732335157
1910 251.9538732335157
1911 251.9538732335157
1912 251.9538732335157
1913 251.9538732335157
1914 251.9538732335157
1915 251.9538732335157
1916 251.9538732335157
1917 251.9538732335157
1918 251.9538732335157
1919 251.9538732335157
1920 251.9538732335157
1921 251.9538732335157
1922 251.9538732335157
1923 251.9538732335157
1924 251.9538732335157
1925 251.9538732335157
1926 251.9538732335157
1927 251.9538732335157
1928 251.9538732335157
1929 251.9538732335157
1930 251.9538732335157
1931 251.9538732335157
1932 251.9538732335157
1933 251.9538732335157
1934 251.9538732335157
1935 251.9538732335157
1936 251.9538732335157
1937 251.9538732335157
1938 251.9538732335157
1939 251.9538732335157
1940 251.9538732335157
1941 251.9538732335157
1942 251.9538732335157
1943 251.9538732335157
1944 251.9538732335157
1945 251.9538732335157
1946 251.9538732335157
1947 251.9538732335157
1948 251.9538732335157
1949 251.9538732335157
1950 251.9538732335157
1951 251.9538732335157
1952 251.9538732335157
1953 251.9538732335157
1954 251.9538732335157
1955 251.9538732335157
1956 251.9538732335157
1957 251.9538732335157
1958 251.9538732335157
1959 251.9538732335157
1960 251.9538732335157
1961 251.9538732335157
1962 251.9538732335157
1963 251.9538732335157
1964 251.9538732335157
1965 251.9538732335157
1966 251.9538732335157
1967 251.9538732335157
1968 251.9538732335157
1969 251.9538732335157
1970 251.9538732335157
1971 251.9538732335157
1972 251.9538732335157
1973 251.9538732335157
1974 251.9538732335157
1975 251.9538732335157
1976 251.9538732335157
1977 251.9538732335157
1978 251.9538732335157
1979 251.9538732335157
1980 251.9538732335157
1981 251.9538732335157
1982 251.9538732335157
1983 251.9538732335157
1984 251.9538732335157
1985 251.9538732335157
1986 251.9538732335157
1987 251.9538732335157
1988 251.9538732335157
1989 251.9538732335157
1990 251.9538732335157
1991 251.9538732335157
1992 251.9538732335157
1993 251.9538732335157
1994 251.9538732335157
1995 251.9538732335157
1996 251.9538732335157
1997 251.9538732335157
1998 251.9538732335157
1999 251.9538732335157
