0 -0.017447916666666667
1 0.367890625
2 0.562421875
3 0.620390625
4 0.6420833333333333
5 0.6634895833333333
6 0.68671875
7 0.7059114583333334
8 0.7227604166666667
9 0.7390625
10 0.7529427083333333
11 0.7622135416666667
12 0.7779427083333333
13 0.78921875
14 0.8065364583333333
15 0.8208072916666667
16 0.8333072916666666
17 0.8427864583333333
18 0.8531510416666667
19 0.8627083333333333
20 0.8711979166666667
21 0.880546875
22 0.8866666666666667
23 0.8963541666666667
24 0.90359375
25 0.908046875
26 0.9144791666666666
27 0.921796875
28 0.9265364583333333
29 0.9304427083333333
30 0.9362760416666667
31 0.9413541666666667
32 0.9463541666666667
33 0.9509895833333334
34 0.9538802083333333
35 0.9562239583333333
36 0.9608854166666667
37 0.9630989583333334
38 0.9655208333333334
39 0.9674479166666666
40 0.970234375
41 0.97171875
42 0.9734635416666667
43 0.975546875
44 0.9791145833333333
45 0.980390625
46 0.9819270833333333
47 0.9831770833333333
48 0.9842708333333333
49 0.9862760416666667
50 0.986953125
51 0.9890885416666667
52 0.9898177083333334
53 0.99109375
54 0.99140625
55 0.9923697916666666
56 0.993125
57 0.993359375
58 0.993203125
59 0.992578125
60 0.992734375
61 0.9935677083333333
62 0.9941927083333333
63 0.99453125
64 0.995078125
65 0.9955989583333333
66 0.9962760416666666
67 0.996796875
68 0.996796875
69 0.996796875
70 0.996796875
71 0.9967447916666666
72 0.996875
73 0.996875
74 0.997265625
75 0.9971875
76 0.997578125
77 0.9976822916666667
78 0.9980989583333333
79 0.9982291666666666
80 0.9984635416666666
81 0.998671875
82 0.99875
83 0.998671875
84 0.998671875
85 0.998671875
86 0.998671875
87 0.998671875
88 0.998671875
89 0.998671875
90 0.998671875
91 0.998671875
92 0.998671875
93 0.998671875
94 0.99875
95 0.99875
96 0.998984375
97 0.9990625
98 0.99921875
99 0.99921875
100 0.99921875
101 0.99921875
102 0.99921875
103 0.999296875
104 0.999296875
105 0.999296875
106 0.999296875
107 0.999375
108 0.999375
109 0.999375
110 0.999375
111 0.999375
112 0.999453125
113 0.999453125
114 0.999453125
115 0.9994010416666667
116 0.9994010416666667
117 0.9994010416666667
118 0.9994010416666667
119 0.9994010416666667
120 0.9994010416666667
121 0.9994010416666667
122 0.9994010416666667
123 0.9994010416666667
124 0.9994010416666667
125 0.9994010416666667
126 0.9994010416666667
127 0.999375
128 0.999375
129 0.999375
130 0.999375
131 0.999375
132 0.999375
133 0.999375
134 0.999375
135 0.9993489583333334
136 0.9993489583333334
137 0.9993489583333334
138 0.9993489583333334
139 0.999296875
140 0.999296875
141 0.999296875
142 0.999296875
143 0.999296875
144 0.9992447916666667
145 0.9992447916666667
146 0.9992447916666667
147 0.9992447916666667
148 0.9992447916666667
149 0.9992447916666667
150 0.9992447916666667
151 0.9992447916666667
152 0.9992447916666667
153 0.9992447916666667
154 0.9992447916666667
155 0.9992447916666667
156 0.9992447916666667
157 0.99921875
158 0.99921875
159 0.99921875
160 0.99921875
161 0.99921875
162 0.9991927083333333
163 0.9991927083333333
164 0.9991927083333333
165 0.9991927083333333
166 0.9990885416666667
167 0.9990885416666667
168 0.9990885416666667
169 0.9990885416666667
170 0.9990885416666667
171 0.9990885416666667
172 0.9990364583333333
173 0.9990364583333333
174 0.9990104166666667
175 0.9990104166666667
176 0.9990104166666667
177 0.9990104166666667
178 0.9989583333333333
179 0.9989322916666666
180 0.9989322916666666
181 0.9989322916666666
182 0.9989322916666666
183 0.9989322916666666
184 0.998984375
185 0.9990364583333333
186 0.9990364583333333
187 0.9990885416666667
188 0.9990885416666667
189 0.9990885416666667
190 0.9990885416666667
191 0.9990885416666667
192 0.999140625
193 0.999140625
194 0.999140625
195 0.999140625
196 0.999140625
197 0.999140625
198 0.999140625
199 0.9992447916666667
