0 -98.00923517090777
1 -98.00923517090777
2 -98.00923517090777
3 -98.00923517090777
4 -80.2495149422
5 -80.2495149422
6 -80.2495149422
7 -80.2495149422
8 -80.2495149422
9 -80.2495149422
10 -80.2495149422
11 -77.30580822338692
12 -77.30580822338692
13 -77.30580822338692
14 -77.30580822338692
15 -77.30580822338692
16 -77.30580822338692
17 -77.30580822338692
18 -77.30580822338692
19 -77.30580822338692
20 -77.30580822338692
21 -77.30580822338692
22 -77.30580822338692
23 -77.30580822338692
24 -77.30580822338692
25 -77.30580822338692
26 -77.30580822338692
27 -77.30580822338692
28 -77.30580822338692
29 -77.30580822338692
30 -77.30580822338692
31 -77.30580822338692
32 -59.17927384627663
33 -59.17927384627663
34 -59.17927384627663
35 -59.17927384627663
36 -59.17927384627663
37 -50.33342784146239
38 -50.33342784146239
39 -50.33342784146239
40 -50.33342784146239
41 -50.33342784146239
42 -50.33342784146239
43 -50.33342784146239
44 -25.05181255147777
45 -25.05181255147777
46 -25.05181255147777
47 -25.05181255147777
48 -25.05181255147777
49 -25.05181255147777
50 -25.05181255147777
51 -25.05181255147777
52 -25.05181255147777
53 6.452875907194601
54 6.452875907194601
55 19.22036371376346
56 19.22036371376346
57 19.22036371376346
58 19.22036371376346
59 19.22036371376346
60 19.22036371376346
61 19.22036371376346
62 19.22036371376346
63 19.22036371376346
64 19.22036371376346
65 19.22036371376346
66 19.22036371376346
67 33.27060043159703
68 33.27060043159703
69 51.56002489465708
70 51.56002489465708
71 51.56002489465708
72 51.56002489465708
73 51.56002489465708
74 51.56002489465708
75 51.56002489465708
76 51.56002489465708
77 51.56002489465708
78 51.56002489465708
79 51.56002489465708
80 51.56002489465708
81 51.56002489465708
82 51.56002489465708
83 51.85476397930732
84 51.85476397930732
85 51.85476397930732
86 51.85476397930732
87 52.2360752912552
88 56.17091033985895
89 56.17091033985895
90 66.02618276969446
91 76.11876018345092
92 76.11876018345092
93 76.11876018345092
94 77.6358299011832
95 77.6358299011832
96 81.56567946519206
97 122.82720053390064
98 122.82720053390064
99 122.82720053390064
100 122.82720053390064
101 122.82720053390064
102 122.82720053390064
103 122.82720053390064
104 122.82720053390064
105 122.82720053390064
106 122.82720053390064
107 122.82720053390064
108 122.82720053390064
109 122.82720053390064
110 122.82720053390064
111 122.82720053390064
112 122.82720053390064
113 122.82720053390064
114 122.82720053390064
115 122.82720053390064
116 122.82720053390064
117 122.82720053390064
118 122.82720053390064
119 122.82720053390064
120 122.82720053390064
121 122.82720053390064
122 122.82720053390064
123 122.82720053390064
124 122.82720053390064
125 122.82720053390064
126 122.82720053390064
127 122.82720053390064
128 122.82720053390064
129 122.82720053390064
130 122.82720053390064
131 122.82720053390064
132 122.82720053390064
133 122.82720053390064
134 122.82720053390064
135 122.82720053390064
136 122.82720053390064
137 122.82720053390064
138 122.82720053390064
139 122.82720053390064
140 122.82720053390064
141 122.82720053390064
142 122.82720053390064
143 122.82720053390064
144 122.82720053390064
145 122.82720053390064
146 122.82720053390064
147 122.82720053390064
148 122.82720053390064
149 122.82720053390064
150 122.82720053390064
151 122.82720053390064
152 122.82720053390064
153 122.82720053390064
154 126.96027137565316
155 127.2292949825371
156 127.2292949825371
157 127.2292949825371
158 127.2292949825371
159 127.2292949825371
160 127.2292949825371
161 127.2292949825371
162 127.2292949825371
163 127.2292949825371
164 128.75210816330468
165 128.75210816330468
166 129.65829938487605
167 129.65829938487605
168 129.65829938487605
169 129.65829938487605
170 129.65829938487605
171 129.65829938487605
172 129.65829938487605
173 129.90484038661893
174 129.90484038661893
175 129.90484038661893
176 130.22778782556188
177 130.22778782556188
178 130.22778782556188
179 130.22778782556188
180 130.22778782556188
181 136.0638710654953
182 136.0638710654953
183 136.0638710654953
184 136.0638710654953
185 136.0638710654953
186 136.0638710654953
187 136.0638710654953
188 136.0638710654953
189 136.0638710654953
190 136.0638710654953
191 136.0638710654953
192 139.75471144795367
193 139.75471144795367
194 145.6468254583741
195 145.6468254583741
196 145.6468254583741
197 145.6468254583741
198 145.6468254583741
199 145.6468254583741
200 145.6468254583741
201 145.6468254583741
202 145.6468254583741
203 145.6468254583741
204 145.6468254583741
205 145.6468254583741
206 145.6468254583741
207 145.6468254583741
208 145.6468254583741
209 145.6468254583741
210 145.6468254583741
211 145.6468254583741
212 145.6468254583741
213 145.6468254583741
214 145.6468254583741
215 145.6468254583741
216 145.6468254583741
217 145.6468254583741
218 145.6468254583741
219 145.6468254583741
220 145.6468254583741
221 145.6468254583741
222 145.6468254583741
223 145.6468254583741
224 145.6468254583741
225 145.6468254583741
226 145.6468254583741
227 145.6468254583741
228 145.6468254583741
229 145.6468254583741
230 145.6468254583741
231 145.6468254583741
232 145.6468254583741
233 145.6468254583741
234 145.6468254583741
235 145.6468254583741
236 145.6468254583741
237 145.6468254583741
238 145.6468254583741
239 145.6468254583741
240 145.6468254583741
241 145.6468254583741
242 145.6468254583741
243 145.6468254583741
244 145.6468254583741
245 145.6468254583741
246 145.6468254583741
247 145.6468254583741
248 157.26291735542438
249 157.26291735542438
250 157.26291735542438
251 157.26291735542438
252 157.26291735542438
253 160.34079435188133
254 160.34079435188133
255 160.34079435188133
256 160.34079435188133
257 160.34079435188133
258 172.3680244137551
259 172.3680244137551
260 172.3680244137551
261 172.3680244137551
262 172.3680244137551
263 172.3680244137551
264 172.3680244137551
265 172.3680244137551
266 172.3680244137551
267 172.3680244137551
268 172.3680244137551
269 172.3680244137551
270 172.3680244137551
271 172.3680244137551
272 172.3680244137551
273 172.3680244137551
274 172.3680244137551
275 172.3680244137551
276 172.3680244137551
277 172.3680244137551
278 172.3680244137551
279 172.3680244137551
280 172.3680244137551
281 172.3680244137551
282 172.3680244137551
283 172.3680244137551
284 172.3680244137551
285 172.3680244137551
286 172.3680244137551
287 172.3680244137551
288 172.3680244137551
289 172.3680244137551
290 172.3680244137551
291 172.3680244137551
292 172.3680244137551
293 172.3680244137551
294 172.3680244137551
295 172.3680244137551
296 172.3680244137551
297 172.3680244137551
298 172.3680244137551
299 172.3680244137551
300 172.3680244137551
301 172.3680244137551
302 172.3680244137551
303 172.3680244137551
304 172.3680244137551
305 172.3680244137551
306 172.3680244137551
307 172.3680244137551
308 172.3680244137551
309 172.3680244137551
310 172.3680244137551
311 172.3680244137551
312 172.3680244137551
313 172.3680244137551
314 172.3680244137551
315 172.3680244137551
316 172.3680244137551
317 179.3942550713153
318 179.3942550713153
319 179.3942550713153
320 179.3942550713153
321 179.3942550713153
322 179.3942550713153
323 179.3942550713153
324 179.3942550713153
325 179.3942550713153
326 179.3942550713153
327 179.3942550713153
328 179.3942550713153
329 179.3942550713153
330 179.3942550713153
331 179.3942550713153
332 179.3942550713153
333 179.3942550713153
334 179.3942550713153
335 179.3942550713153
336 179.3942550713153
337 179.3942550713153
338 179.3942550713153
339 179.3942550713153
340 179.3942550713153
341 179.3942550713153
342 179.3942550713153
343 179.3942550713153
344 179.3942550713153
345 180.85311943587192
346 180.85311943587192
347 180.85311943587192
348 180.85311943587192
349 180.85311943587192
350 180.85311943587192
351 180.85311943587192
352 180.85311943587192
353 180.85311943587192
354 180.85311943587192
355 180.85311943587192
356 180.85311943587192
357 180.85311943587192
358 180.85311943587192
359 180.85311943587192
360 180.85311943587192
361 180.85311943587192
362 180.85311943587192
363 180.85311943587192
364 180.85311943587192
365 180.85311943587192
366 180.85311943587192
367 180.85311943587192
368 180.85311943587192
369 180.85311943587192
370 185.56234965089013
371 189.15649320477488
372 189.15649320477488
373 189.15649320477488
374 189.15649320477488
375 192.1921087923522
376 192.1921087923522
377 192.1921087923522
378 192.1921087923522
379 192.1921087923522
380 193.787629832914
381 193.787629832914
382 193.787629832914
383 193.787629832914
384 193.787629832914
385 193.787629832914
386 193.787629832914
387 193.787629832914
388 193.787629832914
389 193.787629832914
390 193.787629832914
391 193.787629832914
392 193.787629832914
393 193.787629832914
394 193.787629832914
395 193.787629832914
396 193.787629832914
397 193.787629832914
398 193.787629832914
399 193.787629832914
400 201.26050135787602
401 201.26050135787602
402 201.26050135787602
403 201.26050135787602
404 201.26050135787602
405 201.26050135787602
406 201.26050135787602
407 201.26050135787602
408 201.26050135787602
409 201.26050135787602
410 201.26050135787602
411 201.26050135787602
412 201.26050135787602
413 201.26050135787602
414 201.26050135787602
415 201.26050135787602
416 201.26050135787602
417 201.26050135787602
418 201.26050135787602
419 201.26050135787602
420 201.26050135787602
421 201.26050135787602
422 201.26050135787602
423 201.26050135787602
424 201.26050135787602
425 201.26050135787602
426 201.26050135787602
427 201.26050135787602
428 201.26050135787602
429 201.26050135787602
430 201.26050135787602
431 201.26050135787602
432 201.26050135787602
433 201.26050135787602
434 201.26050135787602
435 201.26050135787602
436 201.26050135787602
437 201.26050135787602
438 201.26050135787602
439 201.26050135787602
440 201.26050135787602
441 201.26050135787602
442 201.26050135787602
443 201.26050135787602
444 201.26050135787602
445 201.26050135787602
446 201.26050135787602
447 201.26050135787602
448 201.26050135787602
449 201.26050135787602
450 201.26050135787602
451 201.26050135787602
452 201.26050135787602
453 201.26050135787602
454 201.26050135787602
455 201.26050135787602
456 201.26050135787602
457 201.26050135787602
458 201.26050135787602
459 201.26050135787602
460 201.26050135787602
461 201.26050135787602
462 201.26050135787602
463 201.26050135787602
464 201.26050135787602
465 201.26050135787602
466 206.26435823598246
467 206.26435823598246
468 206.26435823598246
469 206.26435823598246
470 206.26435823598246
471 206.26435823598246
472 206.26435823598246
473 206.26435823598246
474 206.26435823598246
475 206.26435823598246
476 206.26435823598246
477 206.26435823598246
478 206.26435823598246
479 206.26435823598246
480 206.26435823598246
481 206.26435823598246
482 206.26435823598246
483 206.26435823598246
484 206.26435823598246
485 206.26435823598246
486 206.26435823598246
487 206.26435823598246
488 206.26435823598246
489 206.26435823598246
490 206.26435823598246
491 206.26435823598246
492 206.26435823598246
493 206.26435823598246
494 206.26435823598246
495 206.26435823598246
496 206.26435823598246
497 206.26435823598246
498 206.26435823598246
499 206.26435823598246
500 206.26435823598246
501 206.26435823598246
502 206.26435823598246
503 206.26435823598246
504 206.26435823598246
505 206.26435823598246
506 206.26435823598246
507 206.26435823598246
508 206.26435823598246
509 206.26435823598246
510 206.26435823598246
511 206.26435823598246
512 206.26435823598246
513 206.26435823598246
514 206.26435823598246
515 206.26435823598246
516 206.26435823598246
517 206.26435823598246
518 207.77122784889727
519 207.77122784889727
520 207.77122784889727
521 207.77122784889727
522 207.77122784889727
523 207.77122784889727
524 207.77122784889727
525 207.77122784889727
526 207.77122784889727
527 207.77122784889727
528 207.77122784889727
529 207.77122784889727
530 207.77122784889727
531 207.77122784889727
532 207.77122784889727
533 207.77122784889727
534 207.77122784889727
535 207.77122784889727
536 207.77122784889727
537 207.77122784889727
538 208.16223869799018
539 208.16223869799018
540 208.16223869799018
541 208.16223869799018
542 208.16223869799018
543 208.16223869799018
544 208.16223869799018
545 208.16223869799018
546 208.16223869799018
547 208.16223869799018
548 208.16223869799018
549 208.16223869799018
550 208.16223869799018
551 208.16223869799018
552 208.16223869799018
553 208.16223869799018
554 208.16223869799018
555 208.16223869799018
556 208.16223869799018
557 208.16223869799018
558 208.16223869799018
559 208.16223869799018
560 208.16223869799018
561 208.16223869799018
562 208.16223869799018
563 208.16223869799018
564 208.16223869799018
565 208.16223869799018
566 208.16223869799018
567 208.16223869799018
568 208.16223869799018
569 208.16223869799018
570 208.16223869799018
571 208.16223869799018
572 208.16223869799018
573 208.16223869799018
574 208.16223869799018
575 208.16223869799018
576 208.16223869799018
577 208.16223869799018
578 208.16223869799018
579 208.16223869799018
580 208.16223869799018
581 208.16223869799018
582 208.16223869799018
583 208.16223869799018
584 208.16223869799018
585 208.16223869799018
586 208.16223869799018
587 208.16223869799018
588 208.16223869799018
589 208.16223869799018
590 208.16223869799018
591 208.16223869799018
592 208.16223869799018
593 208.16223869799018
594 208.16223869799018
595 208.16223869799018
596 208.16223869799018
597 208.16223869799018
598 208.16223869799018
599 208.16223869799018
600 208.16223869799018
601 208.16223869799018
602 208.16223869799018
603 208.16223869799018
604 208.16223869799018
605 208.16223869799018
606 208.16223869799018
607 208.16223869799018
608 208.16223869799018
609 208.16223869799018
610 208.16223869799018
611 208.16223869799018
612 208.16223869799018
613 208.16223869799018
614 208.16223869799018
615 208.16223869799018
616 208.16223869799018
617 208.16223869799018
618 208.16223869799018
619 208.16223869799018
620 208.16223869799018
621 210.59144582418108
622 210.59144582418108
623 210.59144582418108
624 210.59144582418108
625 214.02463093917342
626 214.02463093917342
627 214.02463093917342
628 214.02463093917342
629 214.02463093917342
630 214.02463093917342
631 214.02463093917342
632 214.02463093917342
633 214.02463093917342
634 214.02463093917342
635 214.02463093917342
636 214.02463093917342
637 214.02463093917342
638 214.02463093917342
639 214.02463093917342
640 214.02463093917342
641 214.02463093917342
642 214.02463093917342
643 214.02463093917342
644 214.02463093917342
645 214.02463093917342
646 214.02463093917342
647 214.02463093917342
648 214.02463093917342
649 214.02463093917342
650 214.02463093917342
651 214.02463093917342
652 214.02463093917342
653 214.02463093917342
654 214.02463093917342
655 214.02463093917342
656 214.02463093917342
657 214.02463093917342
658 214.02463093917342
659 214.02463093917342
660 214.02463093917342
661 214.02463093917342
662 214.02463093917342
663 214.02463093917342
664 214.02463093917342
665 214.02463093917342
666 214.02463093917342
667 214.02463093917342
668 214.02463093917342
669 214.02463093917342
670 214.02463093917342
671 214.02463093917342
672 214.02463093917342
673 214.02463093917342
674 214.02463093917342
675 214.02463093917342
676 214.02463093917342
677 214.02463093917342
678 214.02463093917342
679 214.02463093917342
680 214.02463093917342
681 214.02463093917342
682 214.02463093917342
683 214.02463093917342
684 214.02463093917342
685 214.02463093917342
686 214.02463093917342
687 214.02463093917342
688 214.02463093917342
689 214.02463093917342
690 214.51457791082362
691 214.51457791082362
692 214.51457791082362
693 214.51457791082362
694 214.51457791082362
695 214.51457791082362
696 214.51457791082362
697 214.51457791082362
698 214.51457791082362
699 214.51457791082362
700 214.51457791082362
701 214.51457791082362
702 214.51457791082362
703 214.51457791082362
704 214.51457791082362
705 214.51457791082362
706 214.51457791082362
707 214.51457791082362
708 214.51457791082362
709 214.51457791082362
710 214.51457791082362
711 214.51457791082362
712 214.51457791082362
713 214.51457791082362
714 214.51457791082362
715 214.51457791082362
716 214.51457791082362
717 214.51457791082362
718 214.51457791082362
719 214.51457791082362
720 214.51457791082362
721 214.51457791082362
722 214.51457791082362
723 214.51457791082362
724 214.51457791082362
725 214.51457791082362
726 214.51457791082362
727 214.51457791082362
728 214.51457791082362
729 214.51457791082362
730 214.51457791082362
731 214.51457791082362
732 214.51457791082362
733 214.51457791082362
734 214.51457791082362
735 214.51457791082362
736 214.51457791082362
737 214.51457791082362
738 214.51457791082362
739 214.51457791082362
740 214.51457791082362
741 214.51457791082362
742 214.51457791082362
743 214.51457791082362
744 214.51457791082362
745 214.51457791082362
746 214.51457791082362
747 214.51457791082362
748 214.51457791082362
749 214.51457791082362
750 214.51457791082362
751 214.51457791082362
752 214.51457791082362
753 214.51457791082362
754 214.51457791082362
755 214.51457791082362
756 214.51457791082362
757 214.51457791082362
758 214.51457791082362
759 214.51457791082362
760 214.51457791082362
761 214.51457791082362
762 214.51457791082362
763 214.51457791082362
764 214.51457791082362
765 214.51457791082362
766 214.51457791082362
767 214.51457791082362
768 214.51457791082362
769 214.51457791082362
770 214.51457791082362
771 214.51457791082362
772 214.51457791082362
773 214.51457791082362
774 214.51457791082362
775 214.51457791082362
776 214.51457791082362
777 214.51457791082362
778 214.51457791082362
779 214.51457791082362
780 214.51457791082362
781 214.51457791082362
782 214.51457791082362
783 214.51457791082362
784 214.51457791082362
785 214.51457791082362
786 214.51457791082362
787 214.51457791082362
788 214.51457791082362
789 214.51457791082362
790 214.51457791082362
791 214.51457791082362
792 214.51457791082362
793 214.51457791082362
794 214.51457791082362
795 214.51457791082362
796 214.51457791082362
797 214.51457791082362
798 214.51457791082362
799 214.51457791082362
800 214.51457791082362
801 214.51457791082362
802 214.51457791082362
803 214.51457791082362
804 214.51457791082362
805 214.51457791082362
806 214.51457791082362
807 214.51457791082362
808 214.51457791082362
809 214.51457791082362
810 214.51457791082362
811 214.51457791082362
812 214.51457791082362
813 214.51457791082362
814 214.51457791082362
815 214.51457791082362
816 214.51457791082362
817 214.51457791082362
818 214.51457791082362
819 214.51457791082362
820 214.51457791082362
821 214.51457791082362
822 214.51457791082362
823 214.51457791082362
824 214.51457791082362
825 214.51457791082362
826 214.51457791082362
827 214.51457791082362
828 214.51457791082362
829 214.51457791082362
830 214.51457791082362
831 214.51457791082362
832 214.51457791082362
833 214.51457791082362
834 214.51457791082362
835 214.51457791082362
836 214.51457791082362
837 214.51457791082362
838 214.51457791082362
839 214.51457791082362
840 214.51457791082362
841 214.51457791082362
842 214.51457791082362
843 214.51457791082362
844 214.51457791082362
845 214.51457791082362
846 214.51457791082362
847 214.51457791082362
848 214.51457791082362
849 214.51457791082362
850 214.51457791082362
851 214.51457791082362
852 214.51457791082362
853 214.51457791082362
854 214.51457791082362
855 214.51457791082362
856 214.51457791082362
857 214.51457791082362
858 214.51457791082362
859 214.51457791082362
860 214.51457791082362
861 214.51457791082362
862 214.51457791082362
863 214.51457791082362
864 214.51457791082362
865 214.51457791082362
866 214.51457791082362
867 214.51457791082362
868 214.51457791082362
869 214.51457791082362
870 214.51457791082362
871 214.51457791082362
872 214.51457791082362
873 214.51457791082362
874 214.51457791082362
875 214.51457791082362
876 214.51457791082362
877 214.51457791082362
878 214.51457791082362
879 214.51457791082362
880 214.51457791082362
881 214.51457791082362
882 214.51457791082362
883 214.51457791082362
884 214.51457791082362
885 214.51457791082362
886 214.51457791082362
887 214.51457791082362
888 214.51457791082362
889 214.51457791082362
890 214.51457791082362
891 214.51457791082362
892 214.51457791082362
893 214.51457791082362
894 214.51457791082362
895 214.51457791082362
896 214.51457791082362
897 214.51457791082362
898 214.51457791082362
899 214.51457791082362
900 214.51457791082362
901 214.51457791082362
902 214.51457791082362
903 214.51457791082362
904 214.51457791082362
905 214.51457791082362
906 214.51457791082362
907 214.51457791082362
908 214.51457791082362
909 214.51457791082362
910 214.51457791082362
911 214.51457791082362
912 214.51457791082362
913 214.51457791082362
914 214.51457791082362
915 214.51457791082362
916 214.51457791082362
917 214.51457791082362
918 214.51457791082362
919 214.51457791082362
920 214.51457791082362
921 214.51457791082362
922 214.51457791082362
923 214.51457791082362
924 214.51457791082362
925 214.51457791082362
926 214.51457791082362
927 214.51457791082362
928 214.51457791082362
929 214.51457791082362
930 214.51457791082362
931 214.51457791082362
932 214.51457791082362
933 214.51457791082362
934 214.51457791082362
935 214.51457791082362
936 214.51457791082362
937 214.51457791082362
938 214.51457791082362
939 214.51457791082362
940 214.51457791082362
941 214.51457791082362
942 214.51457791082362
943 214.51457791082362
944 214.51457791082362
945 214.51457791082362
946 214.51457791082362
947 214.51457791082362
948 214.51457791082362
949 214.51457791082362
950 214.51457791082362
951 214.51457791082362
952 214.51457791082362
953 214.51457791082362
954 214.51457791082362
955 214.51457791082362
956 214.51457791082362
957 214.51457791082362
958 214.51457791082362
959 214.51457791082362
960 214.51457791082362
961 214.51457791082362
962 214.51457791082362
963 214.51457791082362
964 214.51457791082362
965 214.51457791082362
966 214.51457791082362
967 214.51457791082362
968 214.51457791082362
969 214.51457791082362
970 214.51457791082362
971 214.51457791082362
972 214.51457791082362
973 214.51457791082362
974 214.51457791082362
975 214.51457791082362
976 214.51457791082362
977 214.51457791082362
978 214.51457791082362
979 214.51457791082362
980 214.51457791082362
981 214.51457791082362
982 214.51457791082362
983 214.51457791082362
984 214.51457791082362
985 214.51457791082362
986 214.51457791082362
987 214.51457791082362
988 214.51457791082362
989 214.51457791082362
990 214.51457791082362
991 214.51457791082362
992 214.51457791082362
993 214.51457791082362
994 214.51457791082362
995 214.51457791082362
996 214.51457791082362
997 214.51457791082362
998 214.51457791082362
999 214.51457791082362
1000 214.51457791082362
1001 214.51457791082362
1002 214.51457791082362
1003 214.51457791082362
1004 214.51457791082362
1005 214.51457791082362
1006 214.51457791082362
1007 214.51457791082362
1008 214.51457791082362
1009 214.51457791082362
1010 214.51457791082362
1011 214.51457791082362
1012 214.51457791082362
1013 214.51457791082362
1014 214.51457791082362
1015 214.51457791082362
1016 214.51457791082362
1017 214.51457791082362
1018 214.51457791082362
1019 214.51457791082362
1020 214.51457791082362
1021 214.51457791082362
1022 214.51457791082362
1023 214.51457791082362
1024 214.51457791082362
1025 214.51457791082362
1026 214.51457791082362
1027 214.51457791082362
1028 214.51457791082362
1029 214.51457791082362
1030 214.51457791082362
1031 214.51457791082362
1032 214.51457791082362
1033 214.51457791082362
1034 214.51457791082362
1035 214.51457791082362
1036 214.51457791082362
1037 214.51457791082362
1038 214.51457791082362
1039 214.51457791082362
1040 214.51457791082362
1041 214.51457791082362
1042 214.51457791082362
1043 214.51457791082362
1044 214.51457791082362
1045 214.51457791082362
1046 214.51457791082362
1047 214.51457791082362
1048 214.51457791082362
1049 214.51457791082362
1050 214.51457791082362
1051 214.51457791082362
1052 214.51457791082362
1053 214.51457791082362
1054 214.51457791082362
1055 214.51457791082362
1056 214.51457791082362
1057 214.51457791082362
1058 214.51457791082362
1059 214.51457791082362
1060 214.51457791082362
1061 214.51457791082362
1062 214.51457791082362
1063 214.51457791082362
1064 214.51457791082362
1065 214.51457791082362
1066 214.51457791082362
1067 214.51457791082362
1068 214.51457791082362
1069 214.51457791082362
1070 214.51457791082362
1071 214.51457791082362
1072 214.51457791082362
1073 214.51457791082362
1074 214.51457791082362
1075 214.51457791082362
1076 214.51457791082362
1077 214.51457791082362
1078 214.51457791082362
1079 214.51457791082362
1080 214.51457791082362
1081 214.51457791082362
1082 214.51457791082362
1083 214.51457791082362
1084 214.51457791082362
1085 214.51457791082362
1086 214.51457791082362
1087 214.51457791082362
1088 214.51457791082362
1089 214.51457791082362
1090 214.51457791082362
1091 214.51457791082362
1092 214.51457791082362
1093 214.51457791082362
1094 214.51457791082362
1095 214.51457791082362
1096 214.51457791082362
1097 214.51457791082362
1098 214.51457791082362
1099 214.51457791082362
1100 214.51457791082362
1101 214.51457791082362
1102 214.51457791082362
1103 214.51457791082362
1104 214.51457791082362
1105 214.51457791082362
1106 214.51457791082362
1107 214.51457791082362
1108 214.51457791082362
1109 214.51457791082362
1110 214.51457791082362
1111 214.51457791082362
1112 214.51457791082362
1113 214.51457791082362
1114 214.51457791082362
1115 214.51457791082362
1116 214.51457791082362
1117 214.51457791082362
1118 214.51457791082362
1119 214.51457791082362
1120 214.51457791082362
1121 214.51457791082362
1122 214.51457791082362
1123 214.51457791082362
1124 214.51457791082362
1125 214.51457791082362
1126 214.51457791082362
1127 214.51457791082362
1128 214.51457791082362
1129 214.51457791082362
1130 214.51457791082362
1131 214.51457791082362
1132 214.51457791082362
1133 214.51457791082362
1134 214.51457791082362
1135 214.51457791082362
1136 214.51457791082362
1137 214.51457791082362
1138 214.51457791082362
1139 214.51457791082362
1140 214.51457791082362
1141 214.51457791082362
1142 214.51457791082362
1143 214.51457791082362
1144 214.51457791082362
1145 214.51457791082362
1146 214.51457791082362
1147 214.51457791082362
1148 214.51457791082362
1149 214.51457791082362
1150 214.51457791082362
1151 214.51457791082362
1152 214.51457791082362
1153 214.51457791082362
1154 214.51457791082362
1155 214.51457791082362
1156 214.51457791082362
1157 214.51457791082362
1158 214.51457791082362
1159 214.51457791082362
1160 214.51457791082362
1161 214.51457791082362
1162 214.51457791082362
1163 214.51457791082362
1164 214.51457791082362
1165 214.51457791082362
1166 214.51457791082362
1167 214.51457791082362
1168 214.51457791082362
1169 214.51457791082362
1170 214.51457791082362
1171 214.51457791082362
1172 214.51457791082362
1173 214.51457791082362
1174 214.51457791082362
1175 214.51457791082362
1176 214.51457791082362
1177 214.51457791082362
1178 214.51457791082362
1179 214.51457791082362
1180 214.51457791082362
1181 214.51457791082362
1182 214.51457791082362
1183 214.51457791082362
1184 214.51457791082362
1185 214.51457791082362
1186 214.51457791082362
1187 214.51457791082362
1188 214.51457791082362
1189 214.51457791082362
1190 214.51457791082362
1191 214.51457791082362
1192 214.51457791082362
1193 214.51457791082362
1194 214.51457791082362
1195 214.51457791082362
1196 214.51457791082362
1197 214.51457791082362
1198 214.51457791082362
1199 214.51457791082362
1200 214.51457791082362
1201 214.51457791082362
1202 214.51457791082362
1203 214.51457791082362
1204 214.51457791082362
1205 214.51457791082362
1206 214.51457791082362
1207 214.51457791082362
1208 214.51457791082362
1209 214.51457791082362
1210 214.51457791082362
1211 214.51457791082362
1212 214.51457791082362
1213 214.51457791082362
1214 214.51457791082362
1215 214.51457791082362
1216 214.51457791082362
1217 214.51457791082362
1218 214.51457791082362
1219 214.51457791082362
1220 214.51457791082362
1221 214.51457791082362
1222 214.51457791082362
1223 214.51457791082362
1224 214.51457791082362
1225 214.51457791082362
1226 214.51457791082362
1227 214.51457791082362
1228 214.51457791082362
1229 214.51457791082362
1230 214.51457791082362
1231 214.51457791082362
1232 214.51457791082362
1233 214.51457791082362
1234 214.51457791082362
1235 214.51457791082362
1236 214.51457791082362
1237 214.51457791082362
1238 214.51457791082362
1239 214.51457791082362
1240 214.51457791082362
1241 214.51457791082362
1242 214.51457791082362
1243 214.51457791082362
1244 214.51457791082362
1245 214.51457791082362
1246 214.51457791082362
1247 214.51457791082362
1248 214.51457791082362
1249 214.51457791082362
1250 214.51457791082362
1251 214.51457791082362
1252 214.51457791082362
1253 214.51457791082362
1254 214.51457791082362
1255 214.51457791082362
1256 214.51457791082362
1257 214.51457791082362
1258 214.51457791082362
1259 214.51457791082362
1260 214.51457791082362
1261 214.51457791082362
1262 214.51457791082362
1263 214.51457791082362
1264 214.51457791082362
1265 214.51457791082362
1266 214.51457791082362
1267 214.51457791082362
1268 214.51457791082362
1269 214.51457791082362
1270 214.51457791082362
1271 214.51457791082362
1272 214.51457791082362
1273 214.51457791082362
1274 214.51457791082362
1275 214.51457791082362
1276 214.51457791082362
1277 214.51457791082362
1278 214.51457791082362
1279 214.51457791082362
1280 214.51457791082362
1281 214.51457791082362
1282 214.51457791082362
1283 214.51457791082362
1284 214.51457791082362
1285 214.51457791082362
1286 214.51457791082362
1287 214.51457791082362
1288 214.51457791082362
1289 214.51457791082362
1290 214.51457791082362
1291 214.51457791082362
1292 214.51457791082362
1293 214.51457791082362
1294 214.51457791082362
1295 214.51457791082362
1296 214.51457791082362
1297 214.51457791082362
1298 214.51457791082362
1299 214.51457791082362
1300 214.51457791082362
1301 214.51457791082362
1302 214.51457791082362
1303 214.51457791082362
1304 214.51457791082362
1305 214.51457791082362
1306 214.51457791082362
1307 214.51457791082362
1308 214.51457791082362
1309 214.92877302319218
1310 214.92877302319218
1311 214.92877302319218
1312 214.92877302319218
1313 214.92877302319218
1314 214.92877302319218
1315 214.92877302319218
1316 214.92877302319218
1317 214.92877302319218
1318 214.92877302319218
1319 214.92877302319218
1320 214.92877302319218
1321 214.92877302319218
1322 214.92877302319218
1323 214.92877302319218
1324 214.92877302319218
1325 214.92877302319218
1326 214.92877302319218
1327 214.92877302319218
1328 214.92877302319218
1329 214.92877302319218
1330 214.92877302319218
1331 214.92877302319218
1332 214.92877302319218
1333 214.92877302319218
1334 214.92877302319218
1335 214.92877302319218
1336 214.92877302319218
1337 214.92877302319218
1338 214.92877302319218
1339 214.92877302319218
1340 214.92877302319218
1341 214.92877302319218
1342 214.92877302319218
1343 214.92877302319218
1344 214.92877302319218
1345 214.92877302319218
1346 214.92877302319218
1347 214.92877302319218
1348 214.92877302319218
1349 214.92877302319218
1350 214.92877302319218
1351 214.92877302319218
1352 214.92877302319218
1353 214.92877302319218
1354 214.92877302319218
1355 214.92877302319218
1356 214.92877302319218
1357 214.92877302319218
1358 214.92877302319218
1359 214.92877302319218
1360 214.92877302319218
1361 214.92877302319218
1362 214.92877302319218
1363 214.92877302319218
1364 214.92877302319218
1365 214.92877302319218
1366 214.92877302319218
1367 214.92877302319218
1368 214.92877302319218
1369 214.92877302319218
1370 214.92877302319218
1371 214.92877302319218
1372 214.92877302319218
1373 214.92877302319218
1374 214.92877302319218
1375 214.92877302319218
1376 214.92877302319218
1377 214.92877302319218
1378 214.92877302319218
1379 214.92877302319218
1380 214.92877302319218
1381 214.92877302319218
1382 214.92877302319218
1383 214.92877302319218
1384 214.92877302319218
1385 214.92877302319218
1386 214.92877302319218
1387 214.92877302319218
1388 214.92877302319218
1389 214.92877302319218
1390 214.92877302319218
1391 214.92877302319218
1392 214.92877302319218
1393 214.92877302319218
1394 214.92877302319218
1395 214.92877302319218
1396 214.92877302319218
1397 214.92877302319218
1398 214.92877302319218
1399 214.92877302319218
1400 214.92877302319218
1401 214.92877302319218
1402 214.92877302319218
1403 214.92877302319218
1404 214.92877302319218
1405 214.92877302319218
1406 214.92877302319218
1407 214.92877302319218
1408 214.92877302319218
1409 214.92877302319218
1410 214.92877302319218
1411 214.92877302319218
1412 214.92877302319218
1413 214.92877302319218
1414 214.92877302319218
1415 214.92877302319218
1416 214.92877302319218
1417 214.92877302319218
1418 214.92877302319218
1419 214.92877302319218
1420 214.92877302319218
1421 214.92877302319218
1422 214.92877302319218
1423 214.92877302319218
1424 214.92877302319218
1425 214.92877302319218
1426 214.92877302319218
1427 214.92877302319218
1428 214.92877302319218
1429 214.92877302319218
1430 214.92877302319218
1431 214.92877302319218
1432 214.92877302319218
1433 214.92877302319218
1434 214.92877302319218
1435 214.92877302319218
1436 214.92877302319218
1437 214.92877302319218
1438 214.92877302319218
1439 214.92877302319218
1440 214.92877302319218
1441 214.92877302319218
1442 214.92877302319218
1443 214.92877302319218
1444 214.92877302319218
1445 214.92877302319218
1446 214.92877302319218
1447 214.92877302319218
1448 214.92877302319218
1449 214.92877302319218
1450 214.92877302319218
1451 214.92877302319218
1452 214.92877302319218
1453 214.92877302319218
1454 214.92877302319218
1455 214.92877302319218
1456 214.92877302319218
1457 214.92877302319218
1458 214.92877302319218
1459 214.92877302319218
1460 214.92877302319218
1461 214.92877302319218
1462 214.92877302319218
1463 214.92877302319218
1464 214.92877302319218
1465 214.92877302319218
1466 214.92877302319218
1467 214.92877302319218
1468 214.92877302319218
1469 214.92877302319218
1470 214.92877302319218
1471 214.92877302319218
1472 214.92877302319218
1473 214.92877302319218
1474 214.92877302319218
1475 214.92877302319218
1476 214.92877302319218
1477 214.92877302319218
1478 214.92877302319218
1479 214.92877302319218
1480 214.92877302319218
1481 214.92877302319218
1482 214.92877302319218
1483 214.92877302319218
1484 214.92877302319218
1485 214.92877302319218
1486 214.92877302319218
1487 214.92877302319218
1488 214.92877302319218
1489 214.92877302319218
1490 214.92877302319218
1491 214.92877302319218
1492 214.92877302319218
1493 214.92877302319218
1494 214.92877302319218
1495 214.92877302319218
1496 214.92877302319218
1497 214.92877302319218
1498 214.92877302319218
1499 214.92877302319218
1500 214.92877302319218
1501 214.92877302319218
1502 214.92877302319218
1503 214.92877302319218
1504 214.92877302319218
1505 214.92877302319218
1506 214.92877302319218
1507 214.92877302319218
1508 214.92877302319218
1509 214.92877302319218
1510 214.92877302319218
1511 214.92877302319218
1512 214.92877302319218
1513 214.92877302319218
1514 214.92877302319218
1515 214.92877302319218
1516 214.92877302319218
1517 214.92877302319218
1518 214.92877302319218
1519 214.92877302319218
1520 214.92877302319218
1521 214.92877302319218
1522 214.92877302319218
1523 214.92877302319218
1524 214.92877302319218
1525 214.92877302319218
1526 214.92877302319218
1527 214.92877302319218
1528 214.92877302319218
1529 214.92877302319218
1530 214.92877302319218
1531 214.92877302319218
1532 214.92877302319218
1533 214.92877302319218
1534 214.92877302319218
1535 214.92877302319218
1536 214.92877302319218
1537 214.92877302319218
1538 214.92877302319218
1539 214.92877302319218
1540 214.92877302319218
1541 214.92877302319218
1542 214.92877302319218
1543 214.92877302319218
1544 214.92877302319218
1545 214.92877302319218
1546 214.92877302319218
1547 214.92877302319218
1548 214.92877302319218
1549 214.92877302319218
1550 214.92877302319218
1551 214.92877302319218
1552 214.92877302319218
1553 214.92877302319218
1554 214.92877302319218
1555 214.92877302319218
1556 214.92877302319218
1557 214.92877302319218
1558 214.92877302319218
1559 214.92877302319218
1560 214.92877302319218
1561 214.92877302319218
1562 214.92877302319218
1563 214.92877302319218
1564 214.92877302319218
1565 214.92877302319218
1566 214.92877302319218
1567 214.92877302319218
1568 214.92877302319218
1569 214.92877302319218
1570 214.92877302319218
1571 214.92877302319218
1572 214.92877302319218
1573 214.92877302319218
1574 214.92877302319218
1575 214.92877302319218
1576 214.92877302319218
1577 214.92877302319218
1578 214.92877302319218
1579 214.92877302319218
1580 214.92877302319218
1581 214.92877302319218
1582 214.92877302319218
1583 214.92877302319218
1584 214.92877302319218
1585 214.92877302319218
1586 214.92877302319218
1587 214.92877302319218
1588 214.92877302319218
1589 214.92877302319218
1590 214.92877302319218
1591 214.92877302319218
1592 214.92877302319218
1593 214.92877302319218
1594 214.92877302319218
1595 214.92877302319218
1596 214.92877302319218
1597 214.92877302319218
1598 214.92877302319218
1599 214.92877302319218
1600 214.92877302319218
1601 214.92877302319218
1602 214.92877302319218
1603 214.92877302319218
1604 214.92877302319218
1605 214.92877302319218
1606 214.92877302319218
1607 214.92877302319218
1608 214.92877302319218
1609 214.92877302319218
1610 214.92877302319218
1611 214.92877302319218
1612 214.92877302319218
1613 214.92877302319218
1614 214.92877302319218
1615 214.92877302319218
1616 214.92877302319218
1617 214.92877302319218
1618 214.92877302319218
1619 214.92877302319218
1620 214.92877302319218
1621 214.92877302319218
1622 214.92877302319218
1623 214.92877302319218
1624 214.92877302319218
1625 214.92877302319218
1626 214.92877302319218
1627 214.92877302319218
1628 214.92877302319218
1629 214.92877302319218
1630 214.92877302319218
1631 214.92877302319218
1632 214.92877302319218
1633 214.92877302319218
1634 214.92877302319218
1635 214.92877302319218
1636 214.92877302319218
1637 214.92877302319218
1638 214.92877302319218
1639 214.92877302319218
1640 214.92877302319218
1641 214.92877302319218
1642 214.92877302319218
1643 214.92877302319218
1644 214.92877302319218
1645 214.92877302319218
1646 214.92877302319218
1647 214.92877302319218
1648 214.92877302319218
1649 214.92877302319218
1650 214.92877302319218
1651 214.92877302319218
1652 214.92877302319218
1653 214.92877302319218
1654 214.92877302319218
1655 214.92877302319218
1656 214.92877302319218
1657 214.92877302319218
1658 214.92877302319218
1659 214.92877302319218
1660 214.92877302319218
1661 214.92877302319218
1662 214.92877302319218
1663 214.92877302319218
1664 214.92877302319218
1665 214.92877302319218
1666 214.92877302319218
1667 214.92877302319218
1668 214.92877302319218
1669 214.92877302319218
1670 214.92877302319218
1671 214.92877302319218
1672 214.92877302319218
1673 214.92877302319218
1674 214.92877302319218
1675 214.92877302319218
1676 214.92877302319218
1677 214.92877302319218
1678 214.92877302319218
1679 214.92877302319218
1680 214.92877302319218
1681 214.92877302319218
1682 214.92877302319218
1683 214.92877302319218
1684 214.92877302319218
1685 214.92877302319218
1686 214.92877302319218
1687 214.92877302319218
1688 214.92877302319218
1689 214.92877302319218
1690 214.92877302319218
1691 214.92877302319218
1692 214.92877302319218
1693 214.92877302319218
1694 214.92877302319218
1695 214.92877302319218
1696 214.92877302319218
1697 214.92877302319218
1698 214.92877302319218
1699 214.92877302319218
1700 214.92877302319218
1701 214.92877302319218
1702 214.92877302319218
1703 214.92877302319218
1704 214.92877302319218
1705 214.92877302319218
1706 214.92877302319218
1707 214.92877302319218
1708 214.92877302319218
1709 214.92877302319218
1710 214.92877302319218
1711 214.92877302319218
1712 214.92877302319218
1713 214.92877302319218
1714 214.92877302319218
1715 214.92877302319218
1716 214.92877302319218
1717 214.92877302319218
1718 214.92877302319218
1719 214.92877302319218
1720 214.92877302319218
1721 214.92877302319218
1722 214.92877302319218
1723 214.92877302319218
1724 214.92877302319218
1725 214.92877302319218
1726 214.92877302319218
1727 214.92877302319218
1728 214.92877302319218
1729 214.92877302319218
1730 214.92877302319218
1731 214.92877302319218
1732 214.92877302319218
1733 214.92877302319218
1734 214.92877302319218
1735 214.92877302319218
1736 214.92877302319218
1737 214.92877302319218
1738 214.92877302319218
1739 214.92877302319218
1740 214.92877302319218
1741 214.92877302319218
1742 214.92877302319218
1743 214.92877302319218
1744 214.92877302319218
1745 214.92877302319218
1746 214.92877302319218
1747 214.92877302319218
1748 214.92877302319218
1749 214.92877302319218
1750 214.92877302319218
1751 214.92877302319218
1752 214.92877302319218
1753 214.92877302319218
1754 214.92877302319218
1755 214.92877302319218
1756 214.92877302319218
1757 214.92877302319218
1758 214.92877302319218
1759 214.92877302319218
1760 214.92877302319218
1761 214.92877302319218
1762 214.92877302319218
1763 214.92877302319218
1764 214.92877302319218
1765 214.92877302319218
1766 214.92877302319218
1767 214.92877302319218
1768 214.92877302319218
1769 214.92877302319218
1770 214.92877302319218
1771 214.92877302319218
1772 214.92877302319218
1773 214.92877302319218
1774 214.92877302319218
1775 214.92877302319218
1776 214.92877302319218
1777 214.92877302319218
1778 214.92877302319218
1779 214.92877302319218
1780 214.92877302319218
1781 214.92877302319218
1782 214.92877302319218
1783 214.92877302319218
1784 214.92877302319218
1785 214.92877302319218
1786 214.92877302319218
1787 214.92877302319218
1788 214.92877302319218
1789 214.92877302319218
1790 214.92877302319218
1791 214.92877302319218
1792 214.92877302319218
1793 214.92877302319218
1794 214.92877302319218
1795 214.92877302319218
1796 214.92877302319218
1797 214.92877302319218
1798 214.92877302319218
1799 214.92877302319218
1800 214.92877302319218
1801 214.92877302319218
1802 214.92877302319218
1803 214.92877302319218
1804 214.92877302319218
1805 214.92877302319218
1806 214.92877302319218
1807 214.92877302319218
1808 214.92877302319218
1809 214.92877302319218
1810 214.92877302319218
1811 214.92877302319218
1812 214.92877302319218
1813 214.92877302319218
1814 214.92877302319218
1815 214.92877302319218
1816 214.92877302319218
1817 214.92877302319218
1818 214.92877302319218
1819 214.92877302319218
1820 214.92877302319218
1821 214.92877302319218
1822 214.92877302319218
1823 214.92877302319218
1824 214.92877302319218
1825 214.92877302319218
1826 214.92877302319218
1827 214.92877302319218
1828 214.92877302319218
1829 214.92877302319218
1830 214.92877302319218
1831 214.92877302319218
1832 214.92877302319218
1833 214.92877302319218
1834 214.92877302319218
1835 214.92877302319218
1836 214.92877302319218
1837 214.92877302319218
1838 214.92877302319218
1839 214.92877302319218
1840 214.92877302319218
1841 214.92877302319218
1842 214.92877302319218
1843 214.92877302319218
1844 214.92877302319218
1845 214.92877302319218
1846 214.92877302319218
1847 214.92877302319218
1848 214.92877302319218
1849 214.92877302319218
1850 214.92877302319218
1851 214.92877302319218
1852 214.92877302319218
1853 214.92877302319218
1854 214.92877302319218
1855 214.92877302319218
1856 214.92877302319218
1857 214.92877302319218
1858 214.92877302319218
1859 214.92877302319218
1860 214.92877302319218
1861 214.92877302319218
1862 214.92877302319218
1863 214.92877302319218
1864 214.92877302319218
1865 214.92877302319218
1866 214.92877302319218
1867 214.92877302319218
1868 214.92877302319218
1869 214.92877302319218
1870 214.92877302319218
1871 214.92877302319218
1872 214.92877302319218
1873 214.92877302319218
1874 214.92877302319218
1875 214.92877302319218
1876 214.92877302319218
1877 214.92877302319218
1878 214.92877302319218
1879 214.92877302319218
1880 214.92877302319218
1881 214.92877302319218
1882 214.92877302319218
1883 214.92877302319218
1884 214.92877302319218
1885 214.92877302319218
1886 214.92877302319218
1887 214.92877302319218
1888 214.92877302319218
1889 214.92877302319218
1890 214.92877302319218
1891 214.92877302319218
1892 214.92877302319218
1893 214.92877302319218
1894 214.92877302319218
1895 214.92877302319218
1896 214.92877302319218
1897 214.92877302319218
1898 214.92877302319218
1899 214.92877302319218
1900 214.92877302319218
1901 214.92877302319218
1902 214.92877302319218
1903 214.92877302319218
1904 214.92877302319218
1905 214.92877302319218
1906 214.92877302319218
1907 214.92877302319218
1908 214.92877302319218
1909 214.92877302319218
1910 214.92877302319218
1911 214.92877302319218
1912 214.92877302319218
1913 214.92877302319218
1914 214.92877302319218
1915 214.92877302319218
1916 214.92877302319218
1917 214.92877302319218
1918 214.92877302319218
1919 214.92877302319218
1920 214.92877302319218
1921 214.92877302319218
1922 214.92877302319218
1923 214.92877302319218
1924 214.92877302319218
1925 214.92877302319218
1926 214.92877302319218
1927 214.92877302319218
1928 214.92877302319218
1929 214.92877302319218
1930 214.92877302319218
1931 214.92877302319218
1932 214.92877302319218
1933 214.92877302319218
1934 214.92877302319218
1935 214.92877302319218
1936 217.61459770680923
1937 217.61459770680923
1938 217.61459770680923
1939 217.61459770680923
1940 217.61459770680923
1941 217.61459770680923
1942 217.61459770680923
1943 217.61459770680923
1944 217.61459770680923
1945 217.61459770680923
1946 217.61459770680923
1947 217.61459770680923
1948 217.61459770680923
1949 217.61459770680923
1950 217.61459770680923
1951 217.61459770680923
1952 217.61459770680923
1953 217.61459770680923
1954 217.61459770680923
1955 217.61459770680923
1956 217.61459770680923
1957 217.61459770680923
1958 217.61459770680923
1959 217.61459770680923
1960 217.61459770680923
1961 217.61459770680923
1962 217.61459770680923
1963 217.61459770680923
1964 217.61459770680923
1965 217.61459770680923
1966 217.61459770680923
1967 217.61459770680923
1968 217.61459770680923
1969 217.61459770680923
1970 217.61459770680923
1971 217.61459770680923
1972 217.61459770680923
1973 217.61459770680923
1974 217.61459770680923
1975 217.61459770680923
1976 217.61459770680923
1977 217.61459770680923
1978 217.61459770680923
1979 217.61459770680923
1980 217.61459770680923
1981 217.61459770680923
1982 217.61459770680923
1983 217.61459770680923
1984 217.61459770680923
1985 217.61459770680923
1986 217.61459770680923
1987 217.61459770680923
1988 217.61459770680923
1989 217.61459770680923
1990 217.61459770680923
1991 217.61459770680923
1992 217.61459770680923
1993 217.61459770680923
1994 217.61459770680923
1995 217.61459770680923
1996 217.61459770680923
1997 217.61459770680923
1998 217.61459770680923
1999 217.61459770680923
