0 0.703125
1 0.7265625
2 0.7265625
3 0.7265625
4 0.73046875
5 0.734375
6 0.734375
7 0.734375
8 0.74609375
9 0.74609375
10 0.74609375
11 0.74609375
12 0.74609375
13 0.74609375
14 0.74609375
15 0.74609375
16 0.74609375
17 0.74609375
18 0.74609375
19 0.74609375
20 0.74609375
21 0.74609375
22 0.74609375
23 0.74609375
24 0.74609375
25 0.74609375
26 0.74609375
27 0.74609375
28 0.74609375
29 0.74609375
30 0.74609375
31 0.74609375
32 0.74609375
33 0.74609375
34 0.74609375
35 0.74609375
36 0.74609375
37 0.74609375
38 0.74609375
39 0.74609375
40 0.74609375
41 0.74609375
42 0.75
43 0.75
44 0.7734375
45 0.7734375
46 0.7734375
47 0.7734375
48 0.7734375
49 0.7734375
50 0.7734375
51 0.7734375
52 0.7734375
53 0.7734375
54 0.7734375
55 0.7734375
56 0.7734375
57 0.7734375
58 0.7734375
59 0.7734375
60 0.7734375
61 0.7734375
62 0.7734375
63 0.7734375
64 0.7734375
65 0.7734375
66 0.7734375
67 0.7734375
68 0.7734375
69 0.7734375
70 0.7734375
71 0.7734375
72 0.7734375
73 0.78125
74 0.78125
75 0.78125
76 0.78125
77 0.78125
78 0.78125
79 0.78125
80 0.78125
81 0.78125
82 0.78125
83 0.78125
84 0.78125
85 0.78125
86 0.78125
87 0.78125
88 0.78125
89 0.78125
90 0.78125
91 0.78125
92 0.78125
93 0.78125
94 0.78125
95 0.78125
96 0.78125
97 0.78125
98 0.78125
99 0.78125
100 0.78125
101 0.78125
102 0.78125
103 0.78125
104 0.78125
105 0.78125
106 0.78125
107 0.78125
108 0.78125
109 0.78125
110 0.78125
111 0.78125
112 0.78125
113 0.78125
114 0.78125
115 0.78125
116 0.78125
117 0.78125
118 0.78125
119 0.78125
120 0.78125
121 0.78125
122 0.78125
123 0.78125
124 0.78125
125 0.78125
126 0.78125
127 0.78125
128 0.78125
129 0.796875
130 0.8359375
131 0.8359375
132 0.8359375
133 0.8359375
134 0.8359375
135 0.8359375
136 0.8359375
137 0.8359375
138 0.8359375
139 0.8359375
140 0.859375
141 0.859375
142 0.859375
143 0.859375
144 0.859375
145 0.859375
146 0.859375
147 0.859375
148 0.859375
149 0.859375
150 0.87109375
151 0.87109375
152 0.87109375
153 0.87109375
154 0.87109375
155 0.87890625
156 0.87890625
157 0.87890625
158 0.87890625
159 0.87890625
160 0.87890625
161 0.87890625
162 0.87890625
163 0.87890625
164 0.87890625
165 0.87890625
166 0.87890625
167 0.87890625
168 0.87890625
169 0.87890625
170 0.87890625
171 0.87890625
172 0.87890625
173 0.87890625
174 0.87890625
175 0.87890625
176 0.87890625
177 0.87890625
178 0.87890625
179 0.87890625
180 0.87890625
181 0.87890625
182 0.87890625
183 0.87890625
184 0.87890625
185 0.87890625
186 0.87890625
187 0.87890625
188 0.87890625
189 0.87890625
190 0.87890625
191 0.87890625
192 0.87890625
193 0.87890625
194 0.87890625
195 0.87890625
196 0.87890625
197 0.87890625
198 0.87890625
199 0.87890625
200 0.87890625
201 0.87890625
202 0.87890625
203 0.87890625
204 0.87890625
205 0.87890625
206 0.87890625
207 0.87890625
208 0.87890625
209 0.87890625
210 0.87890625
211 0.87890625
212 0.87890625
213 0.87890625
214 0.87890625
215 0.87890625
216 0.87890625
217 0.87890625
218 0.87890625
219 0.87890625
220 0.87890625
221 0.87890625
222 0.87890625
223 0.87890625
224 0.87890625
225 0.87890625
226 0.87890625
227 0.8984375
228 0.8984375
229 0.8984375
230 0.8984375
231 0.8984375
232 0.8984375
233 0.8984375
234 0.8984375
235 0.91015625
236 0.91015625
237 0.91015625
238 0.91015625
239 0.91015625
240 0.91015625
241 0.91015625
242 0.91015625
243 0.91015625
244 0.91015625
245 0.91015625
246 0.91015625
247 0.91015625
248 0.91015625
249 0.91015625
250 0.91015625
251 0.91015625
252 0.91015625
253 0.91015625
254 0.91015625
255 0.91015625
256 0.91015625
257 0.91015625
258 0.91015625
259 0.91015625
260 0.91015625
261 0.91015625
262 0.91015625
263 0.91015625
264 0.91015625
265 0.91015625
266 0.91015625
267 0.91015625
268 0.91015625
269 0.91015625
270 0.91015625
271 0.91015625
272 0.91015625
273 0.91015625
274 0.91015625
275 0.91015625
276 0.91015625
277 0.91015625
278 0.91015625
279 0.91015625
280 0.91015625
281 0.91015625
282 0.91015625
283 0.91015625
284 0.91015625
285 0.91015625
286 0.91015625
287 0.91015625
288 0.91015625
289 0.91015625
290 0.91015625
291 0.91015625
292 0.91015625
293 0.91015625
294 0.91015625
295 0.91015625
296 0.91015625
297 0.91015625
298 0.91015625
299 0.91015625
300 0.91015625
301 0.91015625
302 0.91015625
303 0.91015625
304 0.91015625
305 0.91015625
306 0.91015625
307 0.91015625
308 0.91015625
309 0.91015625
310 0.91015625
311 0.91015625
312 0.91015625
313 0.91015625
314 0.91015625
315 0.91015625
316 0.91015625
317 0.91015625
318 0.91015625
319 0.91015625
320 0.91015625
321 0.91015625
322 0.91015625
323 0.91015625
324 0.91015625
325 0.91015625
326 0.91015625
327 0.91015625
328 0.91015625
329 0.91015625
330 0.91015625
331 0.91015625
332 0.91015625
333 0.91015625
334 0.91015625
335 0.91015625
336 0.91015625
337 0.91015625
338 0.91015625
339 0.91015625
340 0.91015625
341 0.91015625
342 0.91015625
343 0.91015625
344 0.91015625
345 0.91015625
346 0.91015625
347 0.91015625
348 0.91015625
349 0.91015625
350 0.91015625
351 0.91015625
352 0.91015625
353 0.91015625
354 0.91015625
355 0.91015625
356 0.91015625
357 0.91015625
358 0.91015625
359 0.91015625
360 0.91015625
361 0.91015625
362 0.91015625
363 0.91015625
364 0.91015625
365 0.91015625
366 0.91015625
367 0.91015625
368 0.91015625
369 0.91015625
370 0.91015625
371 0.91015625
372 0.91015625
373 0.91015625
374 0.91015625
375 0.91015625
376 0.91015625
377 0.91015625
378 0.91015625
379 0.91015625
380 0.91015625
381 0.91015625
382 0.91015625
383 0.91015625
384 0.91015625
385 0.91015625
386 0.91015625
387 0.91015625
388 0.91015625
389 0.91015625
390 0.91015625
391 0.91015625
392 0.91015625
393 0.91015625
394 0.91015625
395 0.91015625
396 0.91015625
397 0.91015625
398 0.91015625
399 0.91015625
400 0.91015625
401 0.91015625
402 0.91015625
403 0.91015625
404 0.91015625
405 0.91015625
406 0.91015625
407 0.91015625
408 0.91015625
409 0.91015625
410 0.91015625
411 0.91015625
412 0.91015625
413 0.91015625
414 0.91015625
415 0.91015625
416 0.91015625
417 0.91015625
418 0.91015625
419 0.91015625
420 0.91015625
421 0.91015625
422 0.91015625
423 0.91015625
424 0.91015625
425 0.91015625
426 0.91015625
427 0.91015625
428 0.91015625
429 0.91015625
430 0.91015625
431 0.91015625
432 0.91015625
433 0.91015625
434 0.91015625
435 0.91015625
436 0.91015625
437 0.91015625
438 0.91015625
439 0.91015625
440 0.91015625
441 0.91015625
442 0.91015625
443 0.91015625
444 0.91015625
445 0.91015625
446 0.91015625
447 0.91015625
448 0.91015625
449 0.91015625
450 0.91015625
451 0.91015625
452 0.91015625
453 0.91015625
454 0.91015625
455 0.91015625
456 0.91015625
457 0.91015625
458 0.91015625
459 0.91015625
460 0.91015625
461 0.91015625
462 0.91015625
463 0.91015625
464 0.91015625
465 0.91015625
466 0.91015625
467 0.91015625
468 0.91015625
469 0.91015625
470 0.91015625
471 0.91015625
472 0.91015625
473 0.91015625
474 0.91015625
475 0.91015625
476 0.91015625
477 0.91015625
478 0.91015625
479 0.91015625
480 0.91015625
481 0.91015625
482 0.91015625
483 0.91015625
484 0.91015625
485 0.91015625
486 0.91015625
487 0.91015625
488 0.91015625
489 0.91015625
490 0.91015625
491 0.91015625
492 0.91015625
493 0.91015625
494 0.91015625
495 0.91015625
496 0.91015625
497 0.91015625
498 0.91015625
499 0.91015625
500 0.91015625
501 0.91015625
502 0.91015625
503 0.91015625
504 0.91015625
505 0.91015625
506 0.91015625
507 0.91015625
508 0.91015625
509 0.91015625
510 0.91015625
511 0.91015625
512 0.91015625
513 0.91015625
514 0.91015625
515 0.91015625
516 0.91015625
517 0.91015625
518 0.91015625
519 0.91015625
520 0.91015625
521 0.91015625
522 0.91015625
523 0.91015625
524 0.91015625
525 0.91015625
526 0.91015625
527 0.91015625
528 0.91015625
529 0.91015625
530 0.91015625
531 0.91015625
532 0.91015625
533 0.91015625
534 0.91015625
535 0.91015625
536 0.91015625
537 0.91015625
538 0.91015625
539 0.91015625
540 0.91015625
541 0.91015625
542 0.91015625
543 0.91015625
544 0.91015625
545 0.91015625
546 0.91015625
547 0.91015625
548 0.91015625
549 0.91015625
550 0.91015625
551 0.91015625
552 0.91015625
553 0.91015625
554 0.91015625
555 0.91015625
556 0.91015625
557 0.91015625
558 0.91015625
559 0.91015625
560 0.91015625
561 0.91015625
562 0.91015625
563 0.91015625
564 0.91015625
565 0.91015625
566 0.91015625
567 0.91015625
568 0.91015625
569 0.91015625
570 0.91015625
571 0.91015625
572 0.91015625
573 0.91015625
574 0.91015625
575 0.91015625
576 0.91015625
577 0.91015625
578 0.91015625
579 0.91015625
580 0.91015625
581 0.91015625
582 0.91015625
583 0.9140625
584 0.9140625
585 0.9140625
586 0.9140625
587 0.9140625
588 0.9140625
589 0.9140625
590 0.9140625
591 0.9140625
592 0.9140625
593 0.9140625
594 0.9140625
595 0.9140625
596 0.9140625
597 0.9140625
598 0.9140625
599 0.9140625
600 0.9140625
601 0.9140625
602 0.9140625
603 0.9140625
604 0.9140625
605 0.9140625
606 0.9140625
607 0.9140625
608 0.9140625
609 0.9140625
610 0.9140625
611 0.9140625
612 0.9140625
613 0.9140625
614 0.9140625
615 0.9140625
616 0.9140625
617 0.9140625
618 0.9140625
619 0.9140625
620 0.9140625
621 0.9140625
622 0.9140625
623 0.9140625
624 0.9140625
625 0.9140625
626 0.9140625
627 0.9140625
628 0.9140625
629 0.9140625
630 0.9140625
631 0.9140625
632 0.9140625
633 0.9140625
634 0.9140625
635 0.9140625
636 0.9140625
637 0.9140625
638 0.9140625
639 0.9140625
640 0.9140625
641 0.9140625
642 0.9140625
643 0.9140625
644 0.9140625
645 0.9140625
646 0.9140625
647 0.9140625
648 0.9140625
649 0.9140625
650 0.9140625
651 0.9140625
652 0.9140625
653 0.9140625
654 0.9140625
655 0.9140625
656 0.9140625
657 0.9140625
658 0.9140625
659 0.9140625
660 0.9140625
661 0.9140625
662 0.9140625
663 0.9140625
664 0.9140625
665 0.9140625
666 0.9140625
667 0.9140625
668 0.9140625
669 0.9140625
670 0.9140625
671 0.9140625
672 0.9140625
673 0.9140625
674 0.9140625
675 0.9140625
676 0.9140625
677 0.9140625
678 0.9140625
679 0.9140625
680 0.9140625
681 0.9140625
682 0.9140625
683 0.9140625
684 0.9140625
685 0.9140625
686 0.9140625
687 0.9140625
688 0.9140625
689 0.9140625
690 0.9140625
691 0.9140625
692 0.9140625
693 0.9140625
694 0.9140625
695 0.9140625
696 0.9140625
697 0.9140625
698 0.9140625
699 0.9140625
700 0.9140625
701 0.9140625
702 0.9140625
703 0.9140625
704 0.9140625
705 0.9140625
706 0.9140625
707 0.9140625
708 0.9140625
709 0.9140625
710 0.9140625
711 0.9140625
712 0.9140625
713 0.9140625
714 0.9140625
715 0.9140625
716 0.9140625
717 0.9140625
718 0.9140625
719 0.9140625
720 0.9140625
721 0.9140625
722 0.9140625
723 0.9140625
724 0.9140625
725 0.9140625
726 0.9140625
727 0.9140625
728 0.9140625
729 0.9140625
730 0.9140625
731 0.9140625
732 0.9140625
733 0.9140625
734 0.9140625
735 0.9140625
736 0.9140625
737 0.9140625
738 0.9140625
739 0.9140625
740 0.9140625
741 0.9140625
742 0.9140625
743 0.9140625
744 0.9140625
745 0.9140625
746 0.9140625
747 0.9140625
748 0.9140625
749 0.9140625
750 0.9140625
751 0.9140625
752 0.9140625
753 0.9140625
754 0.9140625
755 0.9140625
756 0.9140625
757 0.9140625
758 0.9140625
759 0.9140625
760 0.9140625
761 0.9140625
762 0.9140625
763 0.9140625
764 0.9140625
765 0.9140625
766 0.9140625
767 0.9140625
768 0.9140625
769 0.9140625
770 0.9140625
771 0.9140625
772 0.9140625
773 0.9140625
774 0.9140625
775 0.9140625
776 0.9140625
777 0.9140625
778 0.9140625
779 0.9140625
780 0.9140625
781 0.9140625
782 0.9140625
783 0.9140625
784 0.9140625
785 0.9140625
786 0.9140625
787 0.9140625
788 0.9140625
789 0.9140625
790 0.9140625
791 0.9140625
792 0.9140625
793 0.9140625
794 0.9140625
795 0.9140625
796 0.9140625
797 0.9140625
798 0.9140625
799 0.9140625
800 0.9140625
801 0.9140625
802 0.9140625
803 0.9140625
804 0.9140625
805 0.9140625
806 0.9140625
807 0.9140625
808 0.9140625
809 0.9140625
810 0.9140625
811 0.9140625
812 0.9140625
813 0.9140625
814 0.9140625
815 0.9140625
816 0.9140625
817 0.9140625
818 0.9140625
819 0.9140625
820 0.9140625
821 0.9140625
822 0.9140625
823 0.9140625
824 0.9140625
825 0.9140625
826 0.9140625
827 0.9140625
828 0.9140625
829 0.9140625
830 0.9140625
831 0.9140625
832 0.9140625
833 0.9140625
834 0.9140625
835 0.9140625
836 0.9140625
837 0.9140625
838 0.9140625
839 0.9140625
840 0.9140625
841 0.9140625
842 0.9140625
843 0.9140625
844 0.9140625
845 0.9140625
846 0.9140625
847 0.9140625
848 0.9140625
849 0.9140625
850 0.9140625
851 0.9140625
852 0.9140625
853 0.9140625
854 0.9140625
855 0.9140625
856 0.9140625
857 0.9140625
858 0.9140625
859 0.9140625
860 0.9140625
861 0.9140625
862 0.9140625
863 0.9140625
864 0.9140625
865 0.9140625
866 0.9140625
867 0.9140625
868 0.9140625
869 0.9140625
870 0.9140625
871 0.9140625
872 0.9140625
873 0.9140625
874 0.9140625
875 0.9140625
876 0.9140625
877 0.9140625
878 0.9140625
879 0.9140625
880 0.9140625
881 0.9140625
882 0.9140625
883 0.9140625
884 0.9140625
885 0.9140625
886 0.9140625
887 0.9140625
888 0.9140625
889 0.9140625
890 0.9140625
891 0.9140625
892 0.9140625
893 0.9140625
894 0.9140625
895 0.9140625
896 0.9140625
897 0.9140625
898 0.9140625
899 0.9140625
900 0.9140625
901 0.9140625
902 0.9140625
903 0.9140625
904 0.9140625
905 0.9140625
906 0.9140625
907 0.9140625
908 0.9140625
909 0.9140625
910 0.9140625
911 0.9140625
912 0.9140625
913 0.9140625
914 0.9140625
915 0.9140625
916 0.9140625
917 0.9140625
918 0.9140625
919 0.9140625
920 0.9140625
921 0.9140625
922 0.9140625
923 0.9140625
924 0.9140625
925 0.9140625
926 0.9140625
927 0.9140625
928 0.9140625
929 0.9140625
930 0.9140625
931 0.9140625
932 0.9140625
933 0.9140625
934 0.9140625
935 0.9140625
936 0.9140625
937 0.9140625
938 0.9140625
939 0.9140625
940 0.9140625
941 0.9140625
942 0.9140625
943 0.9140625
944 0.9140625
945 0.9140625
946 0.9140625
947 0.9140625
948 0.9140625
949 0.9140625
950 0.9140625
951 0.9140625
952 0.9140625
953 0.9140625
954 0.9140625
955 0.9140625
956 0.9140625
957 0.9140625
958 0.9140625
959 0.9140625
960 0.9140625
961 0.9140625
962 0.9140625
963 0.9140625
964 0.9140625
965 0.9140625
966 0.9140625
967 0.9140625
968 0.9140625
969 0.9140625
970 0.9140625
971 0.9140625
972 0.9140625
973 0.9140625
974 0.9140625
975 0.9140625
976 0.9140625
977 0.9140625
978 0.9140625
979 0.9140625
980 0.9140625
981 0.9140625
982 0.9140625
983 0.9140625
984 0.9140625
985 0.9140625
986 0.9140625
987 0.9140625
988 0.9140625
989 0.9140625
990 0.9140625
991 0.9140625
992 0.9140625
993 0.9140625
994 0.9140625
995 0.9140625
996 0.9140625
997 0.9140625
998 0.9140625
999 0.9140625
1000 0.9140625
1001 0.9140625
1002 0.9140625
1003 0.9140625
1004 0.9140625
1005 0.9140625
1006 0.9140625
1007 0.9140625
1008 0.9140625
1009 0.9140625
1010 0.9140625
1011 0.9140625
1012 0.9140625
1013 0.9140625
1014 0.9140625
1015 0.9140625
1016 0.9140625
1017 0.9140625
1018 0.9140625
1019 0.9140625
1020 0.9140625
1021 0.9140625
1022 0.9140625
1023 0.9140625
1024 0.9140625
1025 0.9140625
1026 0.9140625
1027 0.9140625
1028 0.9140625
1029 0.9140625
1030 0.9140625
1031 0.9140625
1032 0.9140625
1033 0.9140625
1034 0.9140625
1035 0.9140625
1036 0.9140625
1037 0.9140625
1038 0.9140625
1039 0.9140625
1040 0.9140625
1041 0.9140625
1042 0.9140625
1043 0.9140625
1044 0.9140625
1045 0.9140625
1046 0.9140625
1047 0.9140625
1048 0.9140625
1049 0.9140625
1050 0.9140625
1051 0.9140625
1052 0.9140625
1053 0.9140625
1054 0.9140625
1055 0.9140625
1056 0.9140625
1057 0.9140625
1058 0.9140625
1059 0.9140625
1060 0.9140625
1061 0.9140625
1062 0.9140625
1063 0.9140625
1064 0.9140625
1065 0.9140625
1066 0.9140625
1067 0.9140625
1068 0.9140625
1069 0.9140625
1070 0.9140625
1071 0.9140625
1072 0.9140625
1073 0.9140625
1074 0.9140625
1075 0.9140625
1076 0.9140625
1077 0.9140625
1078 0.9140625
1079 0.9140625
1080 0.9140625
1081 0.9140625
1082 0.9140625
1083 0.9140625
1084 0.9140625
1085 0.9140625
1086 0.9140625
1087 0.9140625
1088 0.9140625
1089 0.9140625
1090 0.9140625
1091 0.9140625
1092 0.9140625
1093 0.9140625
1094 0.9140625
1095 0.9140625
1096 0.9140625
1097 0.9140625
1098 0.9140625
1099 0.9140625
1100 0.9140625
1101 0.9140625
1102 0.9140625
1103 0.9140625
1104 0.9140625
1105 0.9140625
1106 0.9140625
1107 0.9140625
1108 0.9140625
1109 0.9140625
1110 0.9140625
1111 0.9140625
1112 0.9140625
1113 0.9140625
1114 0.9140625
1115 0.9140625
1116 0.9140625
1117 0.9140625
1118 0.9140625
1119 0.9140625
1120 0.9140625
1121 0.9140625
1122 0.9140625
1123 0.9140625
1124 0.9140625
1125 0.9140625
1126 0.9140625
1127 0.9140625
1128 0.9140625
1129 0.9140625
1130 0.9140625
1131 0.9140625
1132 0.9140625
1133 0.9140625
1134 0.9140625
1135 0.9140625
1136 0.9140625
1137 0.9140625
1138 0.9140625
1139 0.9140625
1140 0.9140625
1141 0.9140625
1142 0.9140625
1143 0.9140625
1144 0.9140625
1145 0.9140625
1146 0.9140625
1147 0.9140625
1148 0.9140625
1149 0.9140625
1150 0.9140625
1151 0.9140625
1152 0.9140625
1153 0.9140625
1154 0.9140625
1155 0.9140625
1156 0.9140625
1157 0.9140625
1158 0.9140625
1159 0.9140625
1160 0.9140625
1161 0.9140625
1162 0.9140625
1163 0.9140625
1164 0.9140625
1165 0.9140625
1166 0.9140625
1167 0.9140625
1168 0.9140625
1169 0.9140625
1170 0.9140625
1171 0.9140625
1172 0.9140625
1173 0.9140625
1174 0.9140625
1175 0.9140625
1176 0.9140625
1177 0.9140625
1178 0.9140625
1179 0.9140625
1180 0.9140625
1181 0.9140625
1182 0.9140625
1183 0.9140625
1184 0.9140625
1185 0.9140625
1186 0.9140625
1187 0.9140625
1188 0.9140625
1189 0.9140625
1190 0.9140625
1191 0.9140625
1192 0.9140625
1193 0.9140625
1194 0.9140625
1195 0.9140625
1196 0.9140625
1197 0.9140625
1198 0.9140625
1199 0.9140625
1200 0.9140625
1201 0.9140625
1202 0.9140625
1203 0.9140625
1204 0.9140625
1205 0.9140625
1206 0.9140625
1207 0.9140625
1208 0.9140625
1209 0.9140625
1210 0.9140625
1211 0.9140625
1212 0.9140625
1213 0.9140625
1214 0.9140625
1215 0.9140625
1216 0.9140625
1217 0.9140625
1218 0.9140625
1219 0.9140625
1220 0.9140625
1221 0.9140625
1222 0.9140625
1223 0.9140625
1224 0.9140625
1225 0.9140625
1226 0.9140625
1227 0.9140625
1228 0.9140625
1229 0.9140625
1230 0.9140625
1231 0.9140625
1232 0.9140625
1233 0.9140625
1234 0.9140625
1235 0.9140625
1236 0.9140625
1237 0.9140625
1238 0.9140625
1239 0.9140625
1240 0.9140625
1241 0.9140625
1242 0.9140625
1243 0.9140625
1244 0.9140625
1245 0.9140625
1246 0.9140625
1247 0.9140625
1248 0.9140625
1249 0.9140625
1250 0.9140625
1251 0.9140625
1252 0.9140625
1253 0.9140625
1254 0.9140625
1255 0.9140625
1256 0.9140625
1257 0.9140625
1258 0.9140625
1259 0.9140625
1260 0.9140625
1261 0.9140625
1262 0.9140625
1263 0.9140625
1264 0.9140625
1265 0.9140625
1266 0.9140625
1267 0.9140625
1268 0.9140625
1269 0.9140625
1270 0.9140625
1271 0.9140625
1272 0.9140625
1273 0.9140625
1274 0.9140625
1275 0.9140625
1276 0.9140625
1277 0.9140625
1278 0.9140625
1279 0.9140625
1280 0.9140625
1281 0.9140625
1282 0.9140625
1283 0.9140625
1284 0.9140625
1285 0.9140625
1286 0.9140625
1287 0.9140625
1288 0.9140625
1289 0.9140625
1290 0.9140625
1291 0.9140625
1292 0.9140625
1293 0.9140625
1294 0.9140625
1295 0.9140625
1296 0.9140625
1297 0.9140625
1298 0.9140625
1299 0.9140625
1300 0.9140625
1301 0.9140625
1302 0.9140625
1303 0.9140625
1304 0.9140625
1305 0.9140625
1306 0.9140625
1307 0.9140625
1308 0.9140625
1309 0.9140625
1310 0.9140625
1311 0.9140625
1312 0.9140625
1313 0.9140625
1314 0.9140625
1315 0.9140625
1316 0.9140625
1317 0.9140625
1318 0.9140625
1319 0.9140625
1320 0.9140625
1321 0.9140625
1322 0.9140625
1323 0.9140625
1324 0.9140625
1325 0.9140625
1326 0.9140625
1327 0.9140625
1328 0.9140625
1329 0.9140625
1330 0.9140625
1331 0.9140625
1332 0.9140625
1333 0.9140625
1334 0.9140625
1335 0.9140625
1336 0.9140625
1337 0.9140625
1338 0.9140625
1339 0.9140625
1340 0.9140625
1341 0.9140625
1342 0.9140625
1343 0.9140625
1344 0.9140625
1345 0.9140625
1346 0.9140625
1347 0.9140625
1348 0.9140625
1349 0.9140625
1350 0.9140625
1351 0.9140625
1352 0.9140625
1353 0.9140625
1354 0.9140625
1355 0.9140625
1356 0.9140625
1357 0.9140625
1358 0.9140625
1359 0.9140625
1360 0.9140625
1361 0.9140625
1362 0.9140625
1363 0.9140625
1364 0.9140625
1365 0.9140625
1366 0.9140625
1367 0.9140625
1368 0.9140625
1369 0.9140625
1370 0.9140625
1371 0.9140625
1372 0.9140625
1373 0.9140625
1374 0.9140625
1375 0.9140625
1376 0.9140625
1377 0.9140625
1378 0.9140625
1379 0.9140625
1380 0.9140625
1381 0.9140625
1382 0.9140625
1383 0.9140625
1384 0.9140625
1385 0.9140625
1386 0.9140625
1387 0.9140625
1388 0.9140625
1389 0.9140625
1390 0.9140625
1391 0.9140625
1392 0.9140625
1393 0.9140625
1394 0.9140625
1395 0.9140625
1396 0.9140625
1397 0.9140625
1398 0.9140625
1399 0.9140625
1400 0.9140625
1401 0.9140625
1402 0.9140625
1403 0.9140625
1404 0.9140625
1405 0.9140625
1406 0.9140625
1407 0.9140625
1408 0.9140625
1409 0.9140625
1410 0.9140625
1411 0.9140625
1412 0.9140625
1413 0.9140625
1414 0.9140625
1415 0.9140625
1416 0.9140625
1417 0.9140625
1418 0.9140625
1419 0.9140625
1420 0.9140625
1421 0.9140625
1422 0.9140625
1423 0.9140625
1424 0.9140625
1425 0.9140625
1426 0.9140625
1427 0.9140625
1428 0.9140625
1429 0.9140625
1430 0.9140625
1431 0.9140625
1432 0.9140625
1433 0.9140625
1434 0.9140625
1435 0.9140625
1436 0.9140625
1437 0.9140625
1438 0.9140625
1439 0.9140625
1440 0.9140625
1441 0.9140625
1442 0.9140625
1443 0.9140625
1444 0.9140625
1445 0.9140625
1446 0.9140625
1447 0.9140625
1448 0.9140625
1449 0.9140625
1450 0.9140625
1451 0.9140625
1452 0.9140625
1453 0.9140625
1454 0.9140625
1455 0.9140625
1456 0.9140625
1457 0.9140625
1458 0.9140625
1459 0.9140625
1460 0.9140625
1461 0.9140625
1462 0.9140625
1463 0.9140625
1464 0.9140625
1465 0.9140625
1466 0.9140625
1467 0.9140625
1468 0.9140625
1469 0.9140625
1470 0.9140625
1471 0.9140625
1472 0.9140625
1473 0.9140625
1474 0.9140625
1475 0.9140625
1476 0.9140625
1477 0.9140625
1478 0.9140625
1479 0.9140625
1480 0.9140625
1481 0.9140625
1482 0.9140625
1483 0.9140625
1484 0.9140625
1485 0.9140625
1486 0.9140625
1487 0.9140625
1488 0.9140625
1489 0.9140625
1490 0.9140625
1491 0.9140625
1492 0.9140625
1493 0.9140625
1494 0.9140625
1495 0.9140625
1496 0.9140625
1497 0.9140625
1498 0.9140625
1499 0.9140625
1500 0.9140625
1501 0.9140625
1502 0.9140625
1503 0.9140625
1504 0.9140625
1505 0.9140625
1506 0.9140625
1507 0.9140625
1508 0.9140625
1509 0.9140625
1510 0.9140625
1511 0.9140625
1512 0.9140625
1513 0.9140625
1514 0.9140625
1515 0.9140625
1516 0.9140625
1517 0.9140625
1518 0.9140625
1519 0.9140625
1520 0.9140625
1521 0.9140625
1522 0.9140625
1523 0.9140625
1524 0.9140625
1525 0.9140625
1526 0.9140625
1527 0.9140625
1528 0.9140625
1529 0.9140625
1530 0.9140625
1531 0.9140625
1532 0.9140625
1533 0.9140625
1534 0.9140625
1535 0.9140625
1536 0.9140625
1537 0.9140625
1538 0.9140625
1539 0.9140625
1540 0.9140625
1541 0.9140625
1542 0.9140625
1543 0.9140625
1544 0.9140625
1545 0.9140625
1546 0.9140625
1547 0.9140625
1548 0.9140625
1549 0.9140625
1550 0.9140625
1551 0.9140625
1552 0.9140625
1553 0.9140625
1554 0.9140625
1555 0.9140625
1556 0.9140625
1557 0.9140625
1558 0.9140625
1559 0.9140625
1560 0.9140625
1561 0.9140625
1562 0.9140625
1563 0.9140625
1564 0.9140625
1565 0.9140625
1566 0.9140625
1567 0.9140625
1568 0.9140625
1569 0.9140625
1570 0.9140625
1571 0.9140625
1572 0.9140625
1573 0.9140625
1574 0.9140625
1575 0.9140625
1576 0.9140625
1577 0.9140625
1578 0.9140625
1579 0.9140625
1580 0.9140625
1581 0.9140625
1582 0.9140625
1583 0.9140625
1584 0.9140625
1585 0.9140625
1586 0.9140625
1587 0.9140625
1588 0.9140625
1589 0.9140625
1590 0.9140625
1591 0.9140625
1592 0.9140625
1593 0.9140625
1594 0.9140625
1595 0.9140625
1596 0.9140625
1597 0.9140625
1598 0.9140625
1599 0.9140625
1600 0.9140625
1601 0.9140625
1602 0.9140625
1603 0.9140625
1604 0.9140625
1605 0.9140625
1606 0.9140625
1607 0.9140625
1608 0.9140625
1609 0.9140625
1610 0.9140625
1611 0.9140625
1612 0.9140625
1613 0.9140625
1614 0.9140625
1615 0.9140625
1616 0.9140625
1617 0.9140625
1618 0.9140625
1619 0.9140625
1620 0.9140625
1621 0.9140625
1622 0.9140625
1623 0.9140625
1624 0.9140625
1625 0.9140625
1626 0.9140625
1627 0.9140625
1628 0.9140625
1629 0.9140625
1630 0.9140625
1631 0.9140625
1632 0.9140625
1633 0.9140625
1634 0.9140625
1635 0.9140625
1636 0.9140625
1637 0.9140625
1638 0.9140625
1639 0.9140625
1640 0.9140625
1641 0.9140625
1642 0.9140625
1643 0.9140625
1644 0.9140625
1645 0.9140625
1646 0.9140625
1647 0.9140625
1648 0.9140625
1649 0.9140625
1650 0.9140625
1651 0.9140625
1652 0.9140625
1653 0.9140625
1654 0.9140625
1655 0.9140625
1656 0.9140625
1657 0.9140625
1658 0.9140625
1659 0.9140625
1660 0.9140625
1661 0.9140625
1662 0.9140625
1663 0.9140625
1664 0.9140625
1665 0.9140625
1666 0.9140625
1667 0.9140625
1668 0.9140625
1669 0.9140625
1670 0.9140625
1671 0.9140625
1672 0.9140625
1673 0.9140625
1674 0.9140625
1675 0.9140625
1676 0.9140625
1677 0.9140625
1678 0.9140625
1679 0.9140625
1680 0.9140625
1681 0.9140625
1682 0.9140625
1683 0.9140625
1684 0.9140625
1685 0.9140625
1686 0.9140625
1687 0.9140625
1688 0.9140625
1689 0.9140625
1690 0.9140625
1691 0.9140625
1692 0.9140625
1693 0.9140625
1694 0.9140625
1695 0.9140625
1696 0.9140625
1697 0.9140625
1698 0.9140625
1699 0.9140625
1700 0.9140625
1701 0.9140625
1702 0.9140625
1703 0.9140625
1704 0.9140625
1705 0.9140625
1706 0.9140625
1707 0.9140625
1708 0.9140625
1709 0.9140625
1710 0.9140625
1711 0.9140625
1712 0.9140625
1713 0.9140625
1714 0.9140625
1715 0.9140625
1716 0.9140625
1717 0.9140625
1718 0.9140625
1719 0.9140625
1720 0.9140625
1721 0.9140625
1722 0.9140625
1723 0.9140625
1724 0.9140625
1725 0.9140625
1726 0.9140625
1727 0.9140625
1728 0.9140625
1729 0.9140625
1730 0.9140625
1731 0.9140625
1732 0.9140625
1733 0.9140625
1734 0.9140625
1735 0.9140625
1736 0.9140625
1737 0.9140625
1738 0.9140625
1739 0.9140625
1740 0.9140625
1741 0.9140625
1742 0.9140625
1743 0.9140625
1744 0.9140625
1745 0.9140625
1746 0.9140625
1747 0.9140625
1748 0.9140625
1749 0.9140625
1750 0.9140625
1751 0.9140625
1752 0.9140625
1753 0.9140625
1754 0.9140625
1755 0.9140625
1756 0.9140625
1757 0.9140625
1758 0.9140625
1759 0.9140625
1760 0.9140625
1761 0.9140625
1762 0.9140625
1763 0.9140625
1764 0.9140625
1765 0.9140625
1766 0.9140625
1767 0.9140625
1768 0.9140625
1769 0.9140625
1770 0.9140625
1771 0.9140625
1772 0.9140625
1773 0.9140625
1774 0.9140625
1775 0.9140625
1776 0.9140625
1777 0.9140625
1778 0.9140625
1779 0.9140625
1780 0.9140625
1781 0.9140625
1782 0.9140625
1783 0.9140625
1784 0.9140625
1785 0.9140625
1786 0.9140625
1787 0.9140625
1788 0.9140625
1789 0.9140625
1790 0.9140625
1791 0.9140625
1792 0.9140625
1793 0.9140625
1794 0.9140625
1795 0.9140625
1796 0.9140625
1797 0.9140625
1798 0.9140625
1799 0.9140625
1800 0.9140625
1801 0.9140625
1802 0.9140625
1803 0.9140625
1804 0.9140625
1805 0.9140625
1806 0.9140625
1807 0.9140625
1808 0.9140625
1809 0.9140625
1810 0.9140625
1811 0.9140625
1812 0.9140625
1813 0.9140625
1814 0.9140625
1815 0.9140625
1816 0.9140625
1817 0.9140625
1818 0.9140625
1819 0.9140625
1820 0.9140625
1821 0.9140625
1822 0.9140625
1823 0.9140625
1824 0.9140625
1825 0.9140625
1826 0.9140625
1827 0.9140625
1828 0.9140625
1829 0.9140625
1830 0.9140625
1831 0.9140625
1832 0.9140625
1833 0.9140625
1834 0.9140625
1835 0.9140625
1836 0.9140625
1837 0.9140625
1838 0.9140625
1839 0.9140625
1840 0.9140625
1841 0.9140625
1842 0.9140625
1843 0.9140625
1844 0.9140625
1845 0.9140625
1846 0.9140625
1847 0.9140625
1848 0.9140625
1849 0.9140625
1850 0.9140625
1851 0.9140625
1852 0.9140625
1853 0.9140625
1854 0.9140625
1855 0.9140625
1856 0.9140625
1857 0.9140625
1858 0.9140625
1859 0.9140625
1860 0.9140625
1861 0.9140625
1862 0.9140625
1863 0.9140625
1864 0.9140625
1865 0.9140625
1866 0.9140625
1867 0.9140625
1868 0.9140625
1869 0.9140625
1870 0.9140625
1871 0.9140625
1872 0.9140625
1873 0.9140625
1874 0.9140625
1875 0.9140625
1876 0.9140625
1877 0.9140625
1878 0.9140625
1879 0.9140625
1880 0.9140625
1881 0.9140625
1882 0.9140625
1883 0.9140625
1884 0.9140625
1885 0.9140625
1886 0.9140625
1887 0.9140625
1888 0.9140625
1889 0.9140625
1890 0.9140625
1891 0.9140625
1892 0.9140625
1893 0.9140625
1894 0.9140625
1895 0.9140625
1896 0.9140625
1897 0.9140625
1898 0.9140625
1899 0.9140625
1900 0.9140625
1901 0.9140625
1902 0.9140625
1903 0.9140625
1904 0.9140625
1905 0.9140625
1906 0.9140625
1907 0.9140625
1908 0.9140625
1909 0.9140625
1910 0.9140625
1911 0.9140625
1912 0.9140625
1913 0.9140625
1914 0.9140625
1915 0.9140625
1916 0.9140625
1917 0.9140625
1918 0.9140625
1919 0.9140625
1920 0.9140625
1921 0.9140625
1922 0.9140625
1923 0.9140625
1924 0.9140625
1925 0.9140625
1926 0.9140625
1927 0.9140625
1928 0.9140625
1929 0.9140625
1930 0.9140625
1931 0.9140625
1932 0.9140625
1933 0.9140625
1934 0.9140625
1935 0.9140625
1936 0.9140625
1937 0.9140625
1938 0.9140625
1939 0.9140625
1940 0.9140625
1941 0.9140625
1942 0.9140625
1943 0.9140625
1944 0.9140625
1945 0.9140625
1946 0.9140625
1947 0.9140625
1948 0.9140625
1949 0.9140625
1950 0.9140625
1951 0.9140625
1952 0.9140625
1953 0.9140625
1954 0.9140625
1955 0.9140625
1956 0.9140625
1957 0.9140625
1958 0.9140625
1959 0.9140625
1960 0.9140625
1961 0.9140625
1962 0.9140625
1963 0.9140625
1964 0.9140625
1965 0.9140625
1966 0.9140625
1967 0.9140625
1968 0.9140625
1969 0.9140625
1970 0.9140625
1971 0.9140625
1972 0.9140625
1973 0.9140625
1974 0.9140625
1975 0.9140625
1976 0.9140625
1977 0.9140625
1978 0.9140625
1979 0.9140625
1980 0.9140625
1981 0.9140625
1982 0.9140625
1983 0.9140625
1984 0.9140625
1985 0.9140625
1986 0.9140625
1987 0.9140625
1988 0.9140625
1989 0.9140625
1990 0.9140625
1991 0.9140625
1992 0.9140625
1993 0.9140625
1994 0.9140625
1995 0.9140625
1996 0.9140625
1997 0.9140625
1998 0.9140625
1999 0.9140625
2000 0.9140625
2001 0.9140625
2002 0.9140625
2003 0.9140625
2004 0.9140625
2005 0.9140625
2006 0.9140625
2007 0.9140625
2008 0.9140625
2009 0.9140625
2010 0.9140625
2011 0.9140625
2012 0.9140625
2013 0.9140625
2014 0.9140625
2015 0.9140625
2016 0.9140625
2017 0.9140625
2018 0.9140625
2019 0.9140625
2020 0.9140625
2021 0.9140625
2022 0.9140625
2023 0.9140625
2024 0.9140625
2025 0.9140625
2026 0.9140625
2027 0.9140625
2028 0.9140625
2029 0.9140625
2030 0.9140625
2031 0.9140625
2032 0.9140625
2033 0.9140625
2034 0.9140625
2035 0.9140625
2036 0.9140625
2037 0.9140625
2038 0.9140625
2039 0.9140625
2040 0.9140625
2041 0.9140625
2042 0.9140625
2043 0.9140625
2044 0.9140625
2045 0.9140625
2046 0.9140625
2047 0.9140625
2048 0.9140625
2049 0.9140625
2050 0.9140625
2051 0.9140625
2052 0.9140625
2053 0.9140625
2054 0.9140625
2055 0.9140625
2056 0.9140625
2057 0.9140625
2058 0.9140625
2059 0.9140625
2060 0.9140625
2061 0.9140625
2062 0.9140625
2063 0.9140625
2064 0.9140625
2065 0.9140625
2066 0.9140625
2067 0.9140625
2068 0.9140625
2069 0.9140625
2070 0.9140625
2071 0.9140625
2072 0.9140625
2073 0.9140625
2074 0.9140625
2075 0.9140625
2076 0.9140625
2077 0.9140625
2078 0.9140625
2079 0.9140625
2080 0.9140625
2081 0.9140625
2082 0.9140625
2083 0.9140625
2084 0.9140625
2085 0.9140625
2086 0.9140625
2087 0.9140625
2088 0.9140625
2089 0.9140625
2090 0.9140625
2091 0.9140625
2092 0.9140625
2093 0.9140625
2094 0.9140625
2095 0.9140625
2096 0.9140625
2097 0.9140625
2098 0.9140625
2099 0.9140625
2100 0.9140625
2101 0.9140625
2102 0.9140625
2103 0.9140625
2104 0.9140625
2105 0.9140625
2106 0.9140625
2107 0.9140625
2108 0.9140625
2109 0.9140625
2110 0.9140625
2111 0.9140625
2112 0.9140625
2113 0.9140625
2114 0.9140625
2115 0.9140625
2116 0.9140625
2117 0.9140625
2118 0.9140625
2119 0.9140625
2120 0.9140625
2121 0.9140625
2122 0.9140625
2123 0.9140625
2124 0.9140625
2125 0.9140625
2126 0.9140625
2127 0.9140625
2128 0.9140625
2129 0.9140625
2130 0.9140625
2131 0.9140625
2132 0.9140625
2133 0.9140625
2134 0.9140625
2135 0.9140625
2136 0.9140625
2137 0.9140625
2138 0.9140625
2139 0.9140625
2140 0.9140625
2141 0.9140625
2142 0.9140625
2143 0.9140625
2144 0.9140625
2145 0.9140625
2146 0.9140625
2147 0.9140625
2148 0.9140625
2149 0.9140625
2150 0.9140625
2151 0.9140625
2152 0.9140625
2153 0.9140625
2154 0.9140625
2155 0.9140625
2156 0.9140625
2157 0.9140625
2158 0.9140625
2159 0.9140625
2160 0.9140625
2161 0.9140625
2162 0.9140625
2163 0.9140625
2164 0.9140625
2165 0.9140625
2166 0.9140625
2167 0.9140625
2168 0.9140625
2169 0.9140625
2170 0.9140625
2171 0.9140625
2172 0.9140625
2173 0.9140625
2174 0.9140625
2175 0.9140625
2176 0.9140625
2177 0.9140625
2178 0.9140625
2179 0.9140625
2180 0.9140625
2181 0.9140625
2182 0.9140625
2183 0.9140625
2184 0.9140625
2185 0.9140625
2186 0.9140625
2187 0.9140625
2188 0.9140625
2189 0.9140625
2190 0.9140625
2191 0.9140625
2192 0.9140625
2193 0.9140625
2194 0.9140625
2195 0.9140625
2196 0.9140625
2197 0.9140625
2198 0.9140625
2199 0.9140625
2200 0.9140625
2201 0.9140625
2202 0.9140625
2203 0.9140625
2204 0.9140625
2205 0.9140625
2206 0.9140625
2207 0.9140625
2208 0.9140625
2209 0.9140625
2210 0.9140625
2211 0.9140625
2212 0.9140625
2213 0.9140625
2214 0.9140625
2215 0.9140625
2216 0.9140625
2217 0.9140625
2218 0.9140625
2219 0.9140625
2220 0.9140625
2221 0.9140625
2222 0.9296875
2223 0.9296875
2224 0.9296875
2225 0.9296875
2226 0.9296875
2227 0.9296875
2228 0.9296875
2229 0.9296875
2230 0.9296875
2231 0.9296875
2232 0.9296875
2233 0.9296875
2234 0.9296875
2235 0.9296875
2236 0.9296875
2237 0.9296875
2238 0.9296875
2239 0.9296875
2240 0.9296875
2241 0.9296875
2242 0.9296875
2243 0.9296875
2244 0.9296875
2245 0.9296875
2246 0.9296875
2247 0.9296875
2248 0.9296875
2249 0.9296875
2250 0.9296875
2251 0.9296875
2252 0.9296875
2253 0.9296875
2254 0.9296875
2255 0.9296875
2256 0.9296875
2257 0.9296875
2258 0.9296875
2259 0.9296875
2260 0.9296875
2261 0.9296875
2262 0.9296875
2263 0.9296875
2264 0.9296875
2265 0.9296875
2266 0.9296875
2267 0.9296875
2268 0.9296875
2269 0.9296875
2270 0.9296875
2271 0.9296875
2272 0.9296875
2273 0.9296875
2274 0.9296875
2275 0.9296875
2276 0.9296875
2277 0.9296875
2278 0.9296875
2279 0.9296875
2280 0.9296875
2281 0.9296875
2282 0.9296875
2283 0.9296875
2284 0.9296875
2285 0.9296875
2286 0.9296875
2287 0.9296875
2288 0.9296875
2289 0.9296875
2290 0.9296875
2291 0.9296875
2292 0.9296875
2293 0.9296875
2294 0.9296875
2295 0.9296875
2296 0.9296875
2297 0.9296875
2298 0.9296875
2299 0.9296875
2300 0.9296875
2301 0.9296875
2302 0.9296875
2303 0.9296875
2304 0.9296875
2305 0.9296875
2306 0.9296875
2307 0.9296875
2308 0.9296875
2309 0.9296875
2310 0.9296875
2311 0.9296875
2312 0.9296875
2313 0.9296875
2314 0.9296875
2315 0.9296875
2316 0.9296875
2317 0.9296875
2318 0.9296875
2319 0.9296875
2320 0.9296875
2321 0.9296875
2322 0.9296875
2323 0.9296875
2324 0.9296875
2325 0.9296875
2326 0.9296875
2327 0.9296875
2328 0.9296875
2329 0.9296875
2330 0.9296875
2331 0.9296875
2332 0.9296875
2333 0.9296875
2334 0.9296875
2335 0.9296875
2336 0.9296875
2337 0.9296875
2338 0.9296875
2339 0.9296875
2340 0.9296875
2341 0.9296875
2342 0.9296875
2343 0.9296875
2344 0.9296875
2345 0.9296875
2346 0.9296875
2347 0.9296875
2348 0.9296875
2349 0.9296875
2350 0.9296875
2351 0.9296875
2352 0.9296875
2353 0.9296875
2354 0.9296875
2355 0.9296875
2356 0.9296875
2357 0.9296875
2358 0.9296875
2359 0.9296875
2360 0.9296875
2361 0.9296875
2362 0.9296875
2363 0.9296875
2364 0.9296875
2365 0.9296875
2366 0.9296875
2367 0.9296875
2368 0.9296875
2369 0.9296875
2370 0.9296875
2371 0.9296875
2372 0.9296875
2373 0.9296875
2374 0.9296875
2375 0.9296875
2376 0.9296875
2377 0.9296875
2378 0.9296875
2379 0.9296875
2380 0.9296875
2381 0.9296875
2382 0.9296875
2383 0.9296875
2384 0.9296875
2385 0.9296875
2386 0.9296875
2387 0.9296875
2388 0.9296875
2389 0.9296875
2390 0.9296875
2391 0.9296875
2392 0.9296875
2393 0.9296875
2394 0.9296875
2395 0.9296875
2396 0.9296875
2397 0.9296875
2398 0.9296875
2399 0.9296875
2400 0.9296875
2401 0.9296875
2402 0.9296875
2403 0.9296875
2404 0.9296875
2405 0.9296875
2406 0.9296875
2407 0.9296875
2408 0.9296875
2409 0.9296875
2410 0.9296875
2411 0.9296875
2412 0.9296875
2413 0.9296875
2414 0.9296875
2415 0.9296875
2416 0.9296875
2417 0.9296875
2418 0.9296875
2419 0.9296875
2420 0.9296875
2421 0.9296875
2422 0.9296875
2423 0.9296875
2424 0.9296875
2425 0.9296875
2426 0.9296875
2427 0.9296875
2428 0.9296875
2429 0.9296875
2430 0.9296875
2431 0.9296875
2432 0.9296875
2433 0.9296875
2434 0.9296875
2435 0.9296875
2436 0.9296875
2437 0.9296875
2438 0.9296875
2439 0.9296875
2440 0.9296875
2441 0.9296875
2442 0.9296875
2443 0.9296875
2444 0.9296875
2445 0.9296875
2446 0.9296875
2447 0.9296875
2448 0.9296875
2449 0.9296875
2450 0.9296875
2451 0.9296875
2452 0.9296875
2453 0.9296875
2454 0.9296875
2455 0.9296875
2456 0.9296875
2457 0.9296875
2458 0.9296875
2459 0.9296875
2460 0.9296875
2461 0.9296875
2462 0.9296875
2463 0.9296875
2464 0.9296875
2465 0.9296875
2466 0.9296875
2467 0.9296875
2468 0.9296875
2469 0.9296875
2470 0.9296875
2471 0.9296875
2472 0.9296875
2473 0.9296875
2474 0.9296875
2475 0.9296875
2476 0.9296875
2477 0.9296875
2478 0.9296875
2479 0.9296875
2480 0.9296875
2481 0.9296875
2482 0.9296875
2483 0.9296875
2484 0.9296875
2485 0.9296875
2486 0.9296875
2487 0.9296875
2488 0.9296875
2489 0.9296875
2490 0.9296875
2491 0.9296875
2492 0.9296875
2493 0.9296875
2494 0.9296875
2495 0.9296875
2496 0.9296875
2497 0.9296875
2498 0.9296875
2499 0.9296875
