0 0.16666666666666666
1 0.16666666666666666
2 0.16666666666666666
3 0.16666666666666666
4 0.16666666666666666
5 0.16666666666666666
6 0.16666666666666666
7 0.16666666666666666
8 0.16666666666666666
9 0.16666666666666666
10 0.16666666666666666
11 0.6
12 0.6
13 0.6
14 0.6
15 0.6
16 0.6
17 0.6
18 0.6
19 0.6
20 0.6
21 0.6
22 0.6
23 0.6
24 0.6
25 0.6
26 0.6
27 0.6
28 0.6
29 0.6
30 0.8333333333333334
31 0.8333333333333334
32 0.8333333333333334
33 0.8333333333333334
34 0.8333333333333334
35 1.0
36 1.0
37 1.0
38 1.0
39 1.0
40 1.0
41 1.0
42 1.0
43 1.0
44 1.0
45 1.0
46 1.0333333333333334
47 1.0333333333333334
48 1.0333333333333334
49 1.0333333333333334
50 1.0666666666666667
51 1.0666666666666667
52 1.0666666666666667
53 1.0666666666666667
54 1.1333333333333333
55 1.1333333333333333
56 1.1666666666666667
57 1.1666666666666667
58 1.1666666666666667
59 1.1666666666666667
60 1.1666666666666667
61 1.3
62 1.3
63 1.3
64 1.3
65 1.3
66 1.3
67 1.3
68 1.3
69 1.3
70 1.3
71 1.3
72 1.3
73 1.3333333333333333
74 1.3333333333333333
75 1.3333333333333333
76 1.3333333333333333
77 1.4
78 1.4
79 1.4
80 1.4
81 1.4
82 1.4
83 1.4
84 1.4
85 1.4
86 1.4
87 1.4
88 1.5333333333333334
89 1.5333333333333334
90 1.5333333333333334
91 1.5333333333333334
92 1.5333333333333334
93 1.5333333333333334
94 1.5666666666666667
95 1.5666666666666667
96 1.5666666666666667
97 1.5666666666666667
98 1.5666666666666667
99 1.5666666666666667
100 1.5666666666666667
101 1.5666666666666667
102 1.5666666666666667
103 1.6
104 1.6
105 1.6
106 1.6
107 1.6
108 1.6
109 1.6
110 1.6
111 1.6
112 1.6
113 1.6333333333333333
114 1.6333333333333333
115 1.7
116 1.7
117 1.7
118 1.7
119 1.7
120 1.7
121 1.7
122 1.7
123 1.7
124 1.7
125 1.7
126 1.7
127 1.7
128 1.7
129 1.7
130 1.7
131 1.7
132 1.7
133 1.7
134 1.7
135 1.7
136 1.7
137 1.7333333333333334
138 1.7333333333333334
139 1.7333333333333334
140 1.7333333333333334
141 1.7333333333333334
142 1.7333333333333334
143 1.7333333333333334
144 1.7333333333333334
145 1.7333333333333334
146 1.7333333333333334
147 1.7333333333333334
148 1.7333333333333334
149 1.7333333333333334
150 1.7333333333333334
151 1.7333333333333334
152 1.8
153 1.8
154 1.8
155 1.8
156 1.8
157 1.8
158 1.8
159 1.8
160 1.8
161 1.8
162 1.8
163 1.8
164 1.8
165 1.8
166 1.8333333333333333
167 1.8333333333333333
168 1.8333333333333333
169 1.8333333333333333
170 1.8333333333333333
171 1.8333333333333333
172 1.8333333333333333
173 1.8333333333333333
174 1.8333333333333333
175 1.8333333333333333
176 1.8333333333333333
177 1.8333333333333333
178 1.8333333333333333
179 1.8333333333333333
180 1.8333333333333333
181 1.8333333333333333
182 1.8333333333333333
183 1.8333333333333333
184 1.8333333333333333
185 1.8333333333333333
186 1.8333333333333333
187 1.8333333333333333
188 1.8333333333333333
189 1.8333333333333333
190 1.8333333333333333
191 1.8333333333333333
192 1.8333333333333333
193 1.8333333333333333
194 1.8333333333333333
195 1.8333333333333333
196 1.8333333333333333
197 1.8333333333333333
198 1.8333333333333333
199 1.8333333333333333
200 1.8333333333333333
201 1.8333333333333333
202 1.8333333333333333
203 1.8333333333333333
204 1.8333333333333333
205 1.8333333333333333
206 1.8333333333333333
207 1.8333333333333333
208 1.8333333333333333
209 1.8333333333333333
210 1.8333333333333333
211 1.8333333333333333
212 1.8333333333333333
213 1.8333333333333333
214 1.8333333333333333
215 1.8333333333333333
216 1.8333333333333333
217 1.8333333333333333
218 1.8333333333333333
219 1.8333333333333333
220 1.8333333333333333
221 1.8333333333333333
222 1.8333333333333333
223 1.8333333333333333
224 1.8333333333333333
225 1.8333333333333333
226 1.8333333333333333
227 1.8333333333333333
228 1.8333333333333333
229 1.8333333333333333
230 1.8333333333333333
231 1.8333333333333333
232 1.8333333333333333
233 1.8333333333333333
234 1.8333333333333333
235 1.8333333333333333
236 1.8333333333333333
237 1.8333333333333333
238 1.8333333333333333
239 1.8333333333333333
240 1.8333333333333333
241 1.8333333333333333
242 1.8333333333333333
243 1.8333333333333333
244 1.8333333333333333
245 1.8333333333333333
246 1.8333333333333333
247 1.8666666666666667
248 1.8666666666666667
249 1.8666666666666667
250 1.8666666666666667
251 1.8666666666666667
252 1.8666666666666667
253 1.8666666666666667
254 1.8666666666666667
255 1.8666666666666667
256 1.8666666666666667
257 1.8666666666666667
258 1.8666666666666667
259 1.8666666666666667
260 1.8666666666666667
261 1.8666666666666667
262 1.8666666666666667
263 1.8666666666666667
264 1.8666666666666667
265 1.8666666666666667
266 1.8666666666666667
267 1.8666666666666667
268 1.8666666666666667
269 1.8666666666666667
270 1.8666666666666667
271 1.8666666666666667
272 1.8666666666666667
273 1.8666666666666667
274 1.8666666666666667
275 1.8666666666666667
276 1.8666666666666667
277 1.8666666666666667
278 1.8666666666666667
279 1.8666666666666667
280 1.8666666666666667
281 1.8666666666666667
282 1.8666666666666667
283 1.8666666666666667
284 1.8666666666666667
285 1.8666666666666667
286 1.8666666666666667
287 1.8666666666666667
288 1.8666666666666667
289 1.8666666666666667
290 1.8666666666666667
291 1.8666666666666667
292 1.8666666666666667
293 1.8666666666666667
294 1.8666666666666667
295 1.8666666666666667
296 1.8666666666666667
297 1.8666666666666667
298 1.8666666666666667
299 1.8666666666666667
300 1.8666666666666667
301 1.8666666666666667
302 1.8666666666666667
303 1.8666666666666667
304 1.8666666666666667
305 1.8666666666666667
306 1.8666666666666667
307 1.8666666666666667
308 1.8666666666666667
309 1.8666666666666667
310 1.8666666666666667
311 1.8666666666666667
312 1.8666666666666667
313 1.8666666666666667
314 1.8666666666666667
315 1.8666666666666667
316 1.8666666666666667
317 1.8666666666666667
318 1.8666666666666667
319 1.8666666666666667
320 1.8666666666666667
321 1.8666666666666667
322 1.8666666666666667
323 1.8666666666666667
324 1.8666666666666667
325 1.8666666666666667
326 1.8666666666666667
327 1.8666666666666667
328 1.8666666666666667
329 1.8666666666666667
330 1.8666666666666667
331 1.8666666666666667
332 1.8666666666666667
333 1.8666666666666667
334 1.8666666666666667
335 1.8666666666666667
336 1.8666666666666667
337 1.8666666666666667
338 1.8666666666666667
339 1.8666666666666667
340 1.8666666666666667
341 1.8666666666666667
342 1.8666666666666667
343 1.8666666666666667
344 1.8666666666666667
345 1.8666666666666667
346 1.8666666666666667
347 1.8666666666666667
348 1.8666666666666667
349 1.8666666666666667
350 1.8666666666666667
351 1.8666666666666667
352 1.8666666666666667
353 1.8666666666666667
354 1.8666666666666667
355 1.8666666666666667
356 1.8666666666666667
357 1.8666666666666667
358 1.8666666666666667
359 1.8666666666666667
360 1.8666666666666667
361 1.8666666666666667
362 1.8666666666666667
363 1.8666666666666667
364 1.8666666666666667
365 1.8666666666666667
366 1.8666666666666667
367 1.8666666666666667
368 1.8666666666666667
369 1.8666666666666667
370 1.8666666666666667
371 1.8666666666666667
372 1.8666666666666667
373 1.8666666666666667
374 1.8666666666666667
375 1.8666666666666667
376 1.8666666666666667
377 1.8666666666666667
378 1.8666666666666667
379 1.8666666666666667
380 1.8666666666666667
381 1.8666666666666667
382 1.8666666666666667
383 1.8666666666666667
384 1.8666666666666667
385 1.8666666666666667
386 1.8666666666666667
387 1.8666666666666667
388 1.8666666666666667
389 1.8666666666666667
390 1.8666666666666667
391 1.8666666666666667
392 1.8666666666666667
393 1.8666666666666667
394 1.8666666666666667
395 1.8666666666666667
396 1.8666666666666667
397 1.8666666666666667
398 1.8666666666666667
399 1.8666666666666667
400 1.8666666666666667
401 1.8666666666666667
402 1.8666666666666667
403 1.8666666666666667
404 1.8666666666666667
405 1.8666666666666667
406 1.8666666666666667
407 1.8666666666666667
408 1.8666666666666667
409 1.8666666666666667
410 1.8666666666666667
411 1.8666666666666667
412 1.8666666666666667
413 1.8666666666666667
414 1.8666666666666667
415 1.8666666666666667
416 1.8666666666666667
417 1.8666666666666667
418 1.8666666666666667
419 1.8666666666666667
420 1.8666666666666667
421 1.8666666666666667
422 1.8666666666666667
423 1.8666666666666667
424 1.8666666666666667
425 1.8666666666666667
426 1.8666666666666667
427 1.8666666666666667
428 1.8666666666666667
429 1.8666666666666667
430 1.8666666666666667
431 1.8666666666666667
432 1.8666666666666667
433 1.8666666666666667
434 1.8666666666666667
435 1.8666666666666667
436 1.8666666666666667
437 1.8666666666666667
438 1.8666666666666667
439 1.8666666666666667
440 1.8666666666666667
441 1.8666666666666667
442 1.8666666666666667
443 1.8666666666666667
444 1.8666666666666667
445 1.8666666666666667
446 1.8666666666666667
447 1.8666666666666667
448 1.8666666666666667
449 1.8666666666666667
450 1.8666666666666667
451 1.8666666666666667
452 1.8666666666666667
453 1.8666666666666667
454 1.8666666666666667
455 1.8666666666666667
456 1.8666666666666667
457 1.8666666666666667
458 1.8666666666666667
459 1.8666666666666667
460 1.8666666666666667
461 1.8666666666666667
462 1.8666666666666667
463 1.8666666666666667
464 1.8666666666666667
465 1.8666666666666667
466 1.8666666666666667
467 1.8666666666666667
468 1.8666666666666667
469 1.8666666666666667
470 1.8666666666666667
471 1.8666666666666667
472 1.8666666666666667
473 1.8666666666666667
474 1.8666666666666667
475 1.8666666666666667
476 1.8666666666666667
477 1.8666666666666667
478 1.8666666666666667
479 1.8666666666666667
480 1.8666666666666667
481 1.8666666666666667
482 1.8666666666666667
483 1.8666666666666667
484 1.8666666666666667
485 1.8666666666666667
486 1.8666666666666667
487 1.8666666666666667
488 1.8666666666666667
489 1.8666666666666667
490 1.8666666666666667
491 1.8666666666666667
492 1.8666666666666667
493 1.8666666666666667
494 1.8666666666666667
495 1.8666666666666667
496 1.8666666666666667
497 1.8666666666666667
498 1.8666666666666667
499 1.8666666666666667
500 1.8666666666666667
501 1.8666666666666667
502 1.8666666666666667
503 1.8666666666666667
504 1.8666666666666667
505 1.8666666666666667
506 1.8666666666666667
507 1.8666666666666667
508 1.8666666666666667
509 1.8666666666666667
510 1.8666666666666667
511 1.8666666666666667
512 1.8666666666666667
513 1.8666666666666667
514 1.8666666666666667
515 1.8666666666666667
516 1.8666666666666667
517 1.8666666666666667
518 1.8666666666666667
519 1.8666666666666667
520 1.8666666666666667
521 1.8666666666666667
522 1.8666666666666667
523 1.8666666666666667
524 1.8666666666666667
525 1.8666666666666667
526 1.8666666666666667
527 1.8666666666666667
528 1.8666666666666667
529 1.8666666666666667
530 1.8666666666666667
531 1.8666666666666667
532 1.8666666666666667
533 1.8666666666666667
534 1.8666666666666667
535 1.8666666666666667
536 1.8666666666666667
537 1.8666666666666667
538 1.8666666666666667
539 1.8666666666666667
540 1.8666666666666667
541 1.8666666666666667
542 1.8666666666666667
543 1.8666666666666667
544 1.8666666666666667
545 1.8666666666666667
546 1.8666666666666667
547 1.8666666666666667
548 1.8666666666666667
549 1.8666666666666667
550 1.8666666666666667
551 1.8666666666666667
552 1.8666666666666667
553 1.8666666666666667
554 1.8666666666666667
555 1.8666666666666667
556 1.8666666666666667
557 1.8666666666666667
558 1.8666666666666667
559 1.8666666666666667
560 1.8666666666666667
561 1.8666666666666667
562 1.8666666666666667
563 1.8666666666666667
564 1.8666666666666667
565 1.8666666666666667
566 1.8666666666666667
567 1.8666666666666667
568 1.8666666666666667
569 1.8666666666666667
570 1.8666666666666667
571 1.8666666666666667
572 1.8666666666666667
573 1.8666666666666667
574 1.8666666666666667
575 1.8666666666666667
576 1.8666666666666667
577 1.8666666666666667
578 1.8666666666666667
579 1.8666666666666667
580 1.8666666666666667
581 1.8666666666666667
582 1.8666666666666667
583 1.8666666666666667
584 1.8666666666666667
585 1.8666666666666667
586 1.8666666666666667
587 1.8666666666666667
588 1.8666666666666667
589 1.8666666666666667
590 1.8666666666666667
591 1.8666666666666667
592 1.8666666666666667
593 1.8666666666666667
594 1.8666666666666667
595 1.8666666666666667
596 1.8666666666666667
597 1.8666666666666667
598 1.8666666666666667
599 1.8666666666666667
600 1.8666666666666667
601 1.8666666666666667
602 1.8666666666666667
603 1.8666666666666667
604 1.8666666666666667
605 1.8666666666666667
606 1.8666666666666667
607 1.8666666666666667
608 1.8666666666666667
609 1.8666666666666667
610 1.8666666666666667
611 1.8666666666666667
612 1.8666666666666667
613 1.8666666666666667
614 1.8666666666666667
615 1.8666666666666667
616 1.8666666666666667
617 1.8666666666666667
618 1.8666666666666667
619 1.8666666666666667
620 1.8666666666666667
621 1.8666666666666667
622 1.8666666666666667
623 1.8666666666666667
624 1.8666666666666667
625 1.8666666666666667
626 1.8666666666666667
627 1.8666666666666667
628 1.8666666666666667
629 1.8666666666666667
630 1.8666666666666667
631 1.8666666666666667
632 1.8666666666666667
633 1.8666666666666667
634 1.8666666666666667
635 1.8666666666666667
636 1.8666666666666667
637 1.8666666666666667
638 1.8666666666666667
639 1.9
640 1.9
641 1.9
642 1.9
643 1.9
644 1.9
645 1.9
646 1.9
647 1.9
648 1.9
649 1.9
650 1.9
651 1.9
652 1.9
653 1.9
654 1.9
655 1.9
656 1.9
657 1.9
658 1.9
659 1.9
660 1.9
661 1.9
662 1.9
663 1.9
664 1.9
665 1.9
666 1.9
667 1.9
668 1.9
669 1.9
670 1.9
671 1.9
672 1.9
673 1.9
674 1.9
675 1.9
676 1.9
677 1.9
678 1.9
679 1.9
680 1.9
681 1.9
682 1.9
683 1.9
684 1.9
685 1.9
686 1.9
687 1.9
688 1.9
689 1.9
690 1.9
691 1.9
692 1.9
693 1.9
694 1.9
695 1.9
696 1.9
697 1.9
698 1.9
699 1.9
700 1.9
701 1.9
702 1.9
703 1.9
704 1.9
705 1.9
706 1.9
707 1.9
708 1.9
709 1.9
710 1.9
711 1.9
712 1.9
713 1.9
714 1.9
715 1.9
716 1.9
717 1.9
718 1.9
719 1.9
720 1.9
721 1.9
722 1.9
723 1.9
724 1.9
725 1.9
726 1.9
727 1.9
728 1.9
729 1.9
730 1.9
731 1.9
732 1.9
733 1.9
734 1.9
735 1.9
736 1.9
737 1.9
738 1.9
739 1.9
740 1.9
741 1.9
742 1.9
743 1.9
744 1.9
745 1.9
746 1.9
747 1.9
748 1.9
749 1.9
750 1.9
751 1.9
752 1.9
753 1.9
754 1.9
755 1.9
756 1.9
757 1.9
758 1.9
759 1.9
760 1.9
761 1.9
762 1.9
763 1.9
764 1.9
765 1.9
766 1.9
767 1.9
768 1.9
769 1.9
770 1.9
771 1.9
772 1.9
773 1.9
774 1.9
775 1.9
776 1.9
777 1.9
778 1.9
779 1.9
780 1.9
781 1.9
782 1.9
783 1.9
784 1.9
785 1.9
786 1.9
787 1.9
788 1.9
789 1.9
790 1.9
791 1.9
792 1.9
793 1.9
794 1.9
795 1.9
796 1.9
797 1.9
798 1.9
799 1.9
800 1.9
801 1.9
802 1.9
803 1.9
804 1.9
805 1.9
806 1.9
807 1.9
808 1.9
809 1.9
810 1.9
811 1.9
812 1.9
813 1.9
814 1.9
815 1.9
816 1.9
817 1.9
818 1.9
819 1.9
820 1.9
821 1.9
822 1.9
823 1.9
824 1.9
825 1.9
826 1.9
827 1.9
828 1.9
829 1.9
830 1.9
831 1.9
832 1.9
833 1.9
834 1.9
835 1.9
836 1.9
837 1.9
838 1.9
839 1.9
840 1.9
841 1.9
842 1.9
843 1.9
844 1.9
845 1.9
846 1.9
847 1.9
848 1.9
849 1.9
850 1.9
851 1.9
852 1.9
853 1.9
854 1.9
855 1.9
856 1.9
857 1.9
858 1.9
859 1.9
860 1.9
861 1.9
862 1.9
863 1.9
864 1.9
865 1.9
866 1.9
867 1.9
868 1.9
869 1.9
870 1.9
871 1.9
872 1.9
873 1.9
874 1.9
875 1.9
876 1.9
877 1.9
878 1.9
879 1.9
880 1.9
881 1.9
882 1.9
883 1.9
884 1.9
885 1.9
886 1.9
887 1.9
888 1.9
889 1.9
890 1.9
891 1.9
892 1.9
893 1.9
894 1.9
895 1.9
896 1.9
897 1.9
898 1.9
899 1.9
900 1.9
901 1.9
902 1.9
903 1.9
904 1.9
905 1.9
906 1.9
907 1.9
908 1.9
909 1.9
910 1.9
911 1.9
912 1.9
913 1.9
914 1.9
915 1.9
916 1.9
917 1.9
918 1.9
919 1.9
920 1.9
921 1.9
922 1.9
923 1.9
924 1.9
925 1.9
926 1.9
927 1.9
928 1.9
929 1.9
930 1.9
931 1.9
932 1.9
933 1.9
934 1.9
935 1.9
936 1.9
937 1.9
938 1.9
939 1.9
940 1.9
941 1.9
942 1.9
943 1.9
944 1.9
945 1.9
946 1.9
947 1.9
948 1.9
949 1.9
950 1.9
951 1.9
952 1.9
953 1.9
954 1.9
955 1.9
956 1.9
957 1.9
958 1.9
959 1.9
960 1.9
961 1.9
962 1.9
963 1.9
964 1.9
965 1.9
966 1.9
967 1.9
968 1.9
969 1.9
970 1.9
971 1.9
972 1.9
973 1.9
974 1.9
975 1.9
976 1.9
977 1.9
978 1.9
979 1.9
980 1.9
981 1.9
982 1.9
983 1.9
984 1.9
985 1.9
986 1.9
987 1.9
988 1.9
989 1.9
990 1.9
991 1.9
992 1.9
993 1.9
994 1.9
995 1.9
996 1.9
997 1.9
998 1.9
999 1.9
1000 1.9
1001 1.9
1002 1.9
1003 1.9
1004 1.9
1005 1.9
1006 1.9
1007 1.9
1008 1.9
1009 1.9
1010 1.9
1011 1.9
1012 1.9
1013 1.9
1014 1.9
1015 1.9
1016 1.9
1017 1.9
1018 1.9
1019 1.9
1020 1.9
1021 1.9
1022 1.9
1023 1.9
1024 1.9
1025 1.9
1026 1.9
1027 1.9
1028 1.9
1029 1.9
1030 1.9
1031 1.9
1032 1.9
1033 1.9
1034 1.9
1035 1.9
1036 1.9
1037 1.9
1038 1.9
1039 1.9
1040 1.9
1041 1.9
1042 1.9
1043 1.9
1044 1.9
1045 1.9
1046 1.9
1047 1.9
1048 1.9
1049 1.9
1050 1.9
1051 1.9
1052 1.9
1053 1.9
1054 1.9
1055 1.9
1056 1.9
1057 1.9
1058 1.9
1059 1.9
1060 1.9
1061 1.9
1062 1.9
1063 1.9
1064 1.9
1065 1.9
1066 1.9
1067 1.9
1068 1.9
1069 1.9
1070 1.9
1071 1.9
1072 1.9
1073 1.9
1074 1.9
1075 1.9
1076 1.9
1077 1.9
1078 1.9
1079 1.9
1080 1.9
1081 1.9
1082 1.9
1083 1.9
1084 1.9
1085 1.9
1086 1.9
1087 1.9
1088 1.9
1089 1.9
1090 1.9
1091 1.9
1092 1.9
1093 1.9
1094 1.9
1095 1.9
1096 1.9
1097 1.9
1098 1.9
1099 1.9
1100 1.9
1101 1.9
1102 1.9
1103 1.9
1104 1.9
1105 1.9
1106 1.9
1107 1.9
1108 1.9
1109 1.9
1110 1.9
1111 1.9
1112 1.9
1113 1.9
1114 1.9
1115 1.9
1116 1.9
1117 1.9
1118 1.9
1119 1.9
1120 1.9
1121 1.9
1122 1.9
1123 1.9
1124 1.9
1125 1.9
1126 1.9
1127 1.9
1128 1.9
1129 1.9
1130 1.9
1131 1.9
1132 1.9
1133 1.9
1134 1.9
1135 1.9
1136 1.9
1137 1.9
1138 1.9
1139 1.9
1140 1.9
1141 1.9
1142 1.9
1143 1.9
1144 1.9
1145 1.9
1146 1.9
1147 1.9
1148 1.9
1149 1.9
1150 1.9
1151 1.9
1152 1.9
1153 1.9
1154 1.9
1155 1.9
1156 1.9
1157 1.9
1158 1.9
1159 1.9
1160 1.9
1161 1.9
1162 1.9
1163 1.9
1164 1.9
1165 1.9
1166 1.9
1167 1.9
1168 1.9
1169 1.9
1170 1.9
1171 1.9
1172 1.9
1173 1.9
1174 1.9
1175 1.9
1176 1.9
1177 1.9
1178 1.9
1179 1.9
1180 1.9
1181 1.9
1182 1.9
1183 1.9
1184 1.9
1185 1.9
1186 1.9
1187 1.9
1188 1.9
1189 1.9
1190 1.9
1191 1.9
1192 1.9
1193 1.9
1194 1.9
1195 1.9
1196 1.9
1197 1.9
1198 1.9
1199 1.9
1200 1.9
1201 1.9
1202 1.9
1203 1.9
1204 1.9
1205 1.9
1206 1.9
1207 1.9
1208 1.9
1209 1.9
1210 1.9
1211 1.9
1212 1.9
1213 1.9
1214 1.9
1215 1.9
1216 1.9
1217 1.9
1218 1.9
1219 1.9
1220 1.9
1221 1.9
1222 1.9
1223 1.9
1224 1.9
1225 1.9
1226 1.9
1227 1.9
1228 1.9
1229 1.9
1230 1.9
1231 1.9
1232 1.9
1233 1.9
1234 1.9
1235 1.9
1236 1.9
1237 1.9
1238 1.9
1239 1.9
1240 1.9
1241 1.9
1242 1.9
1243 1.9
1244 1.9
1245 1.9
1246 1.9
1247 1.9
1248 1.9
1249 1.9
1250 1.9
1251 1.9
1252 1.9
1253 1.9
1254 1.9
1255 1.9
1256 1.9
1257 1.9
1258 1.9
1259 1.9
1260 1.9
1261 1.9
1262 1.9
1263 1.9
1264 1.9
1265 1.9
1266 1.9
1267 1.9
1268 1.9
1269 1.9
1270 1.9
1271 1.9
1272 1.9
1273 1.9
1274 1.9
1275 1.9
1276 1.9
1277 1.9
1278 1.9
1279 1.9
1280 1.9
1281 1.9
1282 1.9
1283 1.9
1284 1.9
1285 1.9
1286 1.9
1287 1.9
1288 1.9
1289 1.9
1290 1.9
1291 1.9
1292 1.9
1293 1.9
1294 1.9
1295 1.9
1296 1.9
1297 1.9
1298 1.9
1299 1.9
1300 1.9
1301 1.9
1302 1.9
1303 1.9
1304 1.9
1305 1.9
1306 1.9
1307 1.9
1308 1.9
1309 1.9
1310 1.9
1311 1.9
1312 1.9
1313 1.9
1314 1.9
1315 1.9
1316 1.9
1317 1.9
1318 1.9
1319 1.9
1320 1.9
1321 1.9
1322 1.9
1323 1.9
1324 1.9
1325 1.9
1326 1.9
1327 1.9
1328 1.9
1329 1.9
1330 1.9
1331 1.9
1332 1.9
1333 1.9
1334 1.9
1335 1.9
1336 1.9
1337 1.9
1338 1.9
1339 1.9
1340 1.9
1341 1.9
1342 1.9
1343 1.9
1344 1.9
1345 1.9
1346 1.9
1347 1.9
1348 1.9
1349 1.9
1350 1.9
1351 1.9
1352 1.9
1353 1.9
1354 1.9
1355 1.9
1356 1.9
1357 1.9
1358 1.9
1359 1.9
1360 1.9
1361 1.9
1362 1.9
1363 1.9
1364 1.9
1365 1.9
1366 1.9
1367 1.9
1368 1.9
1369 1.9
1370 1.9
1371 1.9
1372 1.9
1373 1.9
1374 1.9
1375 1.9
1376 1.9
1377 1.9
1378 1.9
1379 1.9
1380 1.9
1381 1.9
1382 1.9
1383 1.9
1384 1.9
1385 1.9
1386 1.9
1387 1.9
1388 1.9
1389 1.9
1390 1.9
1391 1.9
1392 1.9
1393 1.9
1394 1.9
1395 1.9
1396 1.9
1397 1.9
1398 1.9
1399 1.9
1400 1.9
1401 1.9
1402 1.9
1403 1.9
1404 1.9
1405 1.9
1406 1.9
1407 1.9
1408 1.9
1409 1.9
1410 1.9
1411 1.9
1412 1.9
1413 1.9
1414 1.9
1415 1.9
1416 1.9
1417 1.9
1418 1.9
1419 1.9
1420 1.9
1421 1.9
1422 1.9
1423 1.9
1424 1.9
1425 1.9
1426 1.9
1427 1.9
1428 1.9
1429 1.9
1430 1.9
1431 1.9
1432 1.9
1433 1.9
1434 1.9
1435 1.9
1436 1.9
1437 1.9
1438 1.9
1439 1.9
1440 1.9
1441 1.9
1442 1.9
1443 1.9
1444 1.9
1445 1.9
1446 1.9
1447 1.9
1448 1.9
1449 1.9
1450 1.9
1451 1.9
1452 1.9
1453 1.9
1454 1.9
1455 1.9
1456 1.9
1457 1.9
1458 1.9
1459 1.9
1460 1.9
1461 1.9
1462 1.9
1463 1.9
1464 1.9
1465 1.9
1466 1.9
1467 1.9
1468 1.9
1469 1.9
1470 1.9
1471 1.9
1472 1.9
1473 1.9
1474 1.9
1475 1.9
1476 1.9
1477 1.9
1478 1.9
1479 1.9
1480 1.9
1481 1.9
1482 1.9
1483 1.9
1484 1.9
1485 1.9
1486 1.9
1487 1.9
1488 1.9
1489 1.9
1490 1.9
1491 1.9
1492 1.9
1493 1.9
1494 1.9
1495 1.9
1496 1.9
1497 1.9
1498 1.9
1499 1.9
