0 1.0
1 1.0
2 1.0
3 1.0
4 1.1666666666666667
5 1.1666666666666667
6 1.1666666666666667
7 1.3
8 1.3
9 1.6
10 1.6
11 1.6
12 1.7
13 1.7
14 1.7666666666666666
15 2.0
16 2.0
17 2.0
18 2.0
19 2.066666666666667
20 2.066666666666667
21 2.066666666666667
22 2.1333333333333333
23 2.1333333333333333
24 2.1333333333333333
25 2.1333333333333333
26 2.1333333333333333
27 2.8
28 2.8
29 2.8
30 2.8
31 2.8
32 2.8
33 3.066666666666667
34 3.066666666666667
35 3.066666666666667
36 3.066666666666667
37 3.066666666666667
38 3.1
39 3.1
40 3.2
41 3.2
42 3.3
43 3.3
44 3.3
45 3.4
46 3.4
47 3.4
48 3.4
49 3.4
50 3.4
51 3.4
52 3.4
53 3.4
54 3.8666666666666667
55 3.8666666666666667
56 3.8666666666666667
57 3.8666666666666667
58 3.8666666666666667
59 3.8666666666666667
60 3.8666666666666667
61 3.8666666666666667
62 3.8666666666666667
63 3.8666666666666667
64 3.8666666666666667
65 3.8666666666666667
66 3.8666666666666667
67 3.8666666666666667
68 3.8666666666666667
69 3.8666666666666667
70 3.8666666666666667
71 4.033333333333333
72 4.033333333333333
73 4.033333333333333
74 4.033333333333333
75 4.033333333333333
76 4.166666666666667
77 4.166666666666667
78 4.166666666666667
79 4.433333333333334
80 4.433333333333334
81 4.433333333333334
82 4.433333333333334
83 4.433333333333334
84 4.433333333333334
85 4.433333333333334
86 4.433333333333334
87 4.433333333333334
88 4.433333333333334
89 4.433333333333334
90 4.433333333333334
91 4.433333333333334
92 4.433333333333334
93 4.433333333333334
94 4.433333333333334
95 4.433333333333334
96 4.433333333333334
97 4.433333333333334
98 4.666666666666667
99 4.666666666666667
100 4.666666666666667
101 4.666666666666667
102 4.666666666666667
103 4.666666666666667
104 4.666666666666667
105 4.666666666666667
106 4.666666666666667
107 4.666666666666667
108 4.666666666666667
109 4.666666666666667
110 4.666666666666667
111 4.666666666666667
112 4.733333333333333
113 4.733333333333333
114 4.733333333333333
115 4.733333333333333
116 4.733333333333333
117 4.733333333333333
118 4.766666666666667
119 4.766666666666667
120 4.766666666666667
121 4.766666666666667
122 4.766666666666667
123 4.766666666666667
124 4.766666666666667
125 4.766666666666667
126 4.766666666666667
127 4.933333333333334
128 4.933333333333334
129 4.933333333333334
130 4.933333333333334
131 4.933333333333334
132 4.933333333333334
133 4.933333333333334
134 4.933333333333334
135 4.933333333333334
136 4.933333333333334
137 4.933333333333334
138 4.933333333333334
139 4.933333333333334
140 4.933333333333334
141 5.0
142 5.0
143 5.0
144 5.0
145 5.0
146 5.0
147 5.0
148 5.0
149 5.0
150 5.0
151 5.0
152 5.0
153 5.0
154 5.0
155 5.0
156 5.0
157 5.0
158 5.0
159 5.0
160 5.0
161 5.0
162 5.0
163 5.0
164 5.0
165 5.0
166 5.0
167 5.0
168 5.0
169 5.0
170 5.0
171 5.0
172 5.0
173 5.0
174 5.0
175 5.0
176 5.0
177 5.0
178 5.0
179 5.0
180 5.0
181 5.0
182 5.0
183 5.0
184 5.0
185 5.0
186 5.0
187 5.0
188 5.0
189 5.0
190 5.0
191 5.0
192 5.0
193 5.0
194 5.0
195 5.0
196 5.0
197 5.0
198 5.0
199 5.3
200 5.3
201 5.3
202 5.3
203 5.3
204 5.3
205 5.3
206 5.3
207 5.3
208 5.3
209 5.3
210 5.3
211 5.3
212 5.3
213 5.3
214 5.3
215 5.3
216 5.3
217 5.3
218 5.3
219 5.3
220 5.3
221 5.3
222 5.3
223 5.3
224 5.3
225 5.3
226 5.3
227 5.3
228 5.3
229 5.3
230 5.3
231 5.3
232 5.3
233 5.3
234 5.3
235 5.3
236 5.3
237 5.3
238 5.3
239 5.3
240 5.3
241 5.3
242 5.3
243 5.3
244 5.3
245 5.3
246 5.3
247 5.3
248 5.3
249 5.3
250 5.3
251 5.3
252 5.3
253 5.3
254 5.3
255 5.3
256 5.3
257 5.3
258 5.3
259 5.3
260 5.3
261 5.3
262 5.3
263 5.3
264 5.3
265 5.3
266 5.3
267 5.3
268 5.3
269 5.3
270 5.3
271 5.3
272 5.3
273 5.3
274 5.3
275 5.3
276 5.3
277 5.3
278 5.3
279 5.3
280 5.3
281 5.3
282 5.3
283 5.3
284 5.3
285 5.3
286 5.3
287 5.3
288 5.3
289 5.3
290 5.3
291 5.3
292 5.3
293 5.3
294 5.3
295 5.3
296 5.3
297 5.3
298 5.3
299 5.3
300 5.3
301 5.3
302 5.3
303 5.3
304 5.3
305 5.3
306 5.3
307 5.3
308 5.3
309 5.3
310 5.3
311 5.3
312 5.3
313 5.3
314 5.3
315 5.3
316 5.3
317 5.3
318 5.3
319 5.3
320 5.3
321 5.3
322 5.3
323 5.3
324 5.3
325 5.3
326 5.3
327 5.3
328 5.3
329 5.3
330 5.3
331 5.3
332 5.3
333 5.3
334 5.3
335 5.3
336 5.3
337 5.3
338 5.3
339 5.3
340 5.3
341 5.3
342 5.3
343 5.3
344 5.3
345 5.3
346 5.3
347 5.3
348 5.3
349 5.3
350 5.3
351 5.3
352 5.3
353 5.3
354 5.3
355 5.3
356 5.3
357 5.3
358 5.3
359 5.3
360 5.3
361 5.3
362 5.3
363 5.3
364 5.3
365 5.333333333333333
366 5.333333333333333
367 5.333333333333333
368 5.333333333333333
369 5.333333333333333
370 5.333333333333333
371 5.333333333333333
372 5.333333333333333
373 5.333333333333333
374 5.333333333333333
375 5.333333333333333
376 5.333333333333333
377 5.333333333333333
378 5.333333333333333
379 5.333333333333333
380 5.333333333333333
381 5.333333333333333
382 5.333333333333333
383 5.333333333333333
384 5.333333333333333
385 5.333333333333333
386 5.333333333333333
387 5.333333333333333
388 5.333333333333333
389 5.333333333333333
390 5.333333333333333
391 5.333333333333333
392 5.333333333333333
393 5.333333333333333
394 5.333333333333333
395 5.333333333333333
396 5.333333333333333
397 5.333333333333333
398 5.333333333333333
399 5.333333333333333
400 5.333333333333333
401 5.333333333333333
402 5.333333333333333
403 5.333333333333333
404 5.333333333333333
405 5.333333333333333
406 5.333333333333333
407 5.333333333333333
408 5.333333333333333
409 5.333333333333333
410 5.333333333333333
411 5.333333333333333
412 5.333333333333333
413 5.333333333333333
414 5.333333333333333
415 5.333333333333333
416 5.333333333333333
417 5.333333333333333
418 5.333333333333333
419 5.333333333333333
420 5.333333333333333
421 5.333333333333333
422 5.333333333333333
423 5.333333333333333
424 5.333333333333333
425 5.333333333333333
426 5.333333333333333
427 5.333333333333333
428 5.333333333333333
429 5.333333333333333
430 5.333333333333333
431 5.333333333333333
432 5.333333333333333
433 5.333333333333333
434 5.333333333333333
435 5.333333333333333
436 5.333333333333333
437 5.333333333333333
438 5.333333333333333
439 5.333333333333333
440 5.333333333333333
441 5.333333333333333
442 5.333333333333333
443 5.333333333333333
444 5.333333333333333
445 5.333333333333333
446 5.333333333333333
447 5.333333333333333
448 5.333333333333333
449 5.333333333333333
450 5.333333333333333
451 5.333333333333333
452 5.333333333333333
453 5.333333333333333
454 5.333333333333333
455 5.333333333333333
456 5.333333333333333
457 5.333333333333333
458 5.333333333333333
459 5.333333333333333
460 5.333333333333333
461 5.333333333333333
462 5.333333333333333
463 5.333333333333333
464 5.333333333333333
465 5.333333333333333
466 5.333333333333333
467 5.333333333333333
468 5.333333333333333
469 5.333333333333333
470 5.333333333333333
471 5.333333333333333
472 5.333333333333333
473 5.333333333333333
474 5.333333333333333
475 5.333333333333333
476 5.333333333333333
477 5.333333333333333
478 5.333333333333333
479 5.333333333333333
480 5.333333333333333
481 5.333333333333333
482 5.333333333333333
483 5.333333333333333
484 5.333333333333333
485 5.333333333333333
486 5.333333333333333
487 5.333333333333333
488 5.333333333333333
489 5.333333333333333
490 5.333333333333333
491 5.333333333333333
492 5.333333333333333
493 5.333333333333333
494 5.333333333333333
495 5.333333333333333
496 5.333333333333333
497 5.333333333333333
498 5.333333333333333
499 5.333333333333333
500 5.333333333333333
501 5.333333333333333
502 5.333333333333333
503 5.333333333333333
504 5.333333333333333
505 5.333333333333333
506 5.333333333333333
507 5.333333333333333
508 5.333333333333333
509 5.333333333333333
510 5.333333333333333
511 5.333333333333333
512 5.333333333333333
513 5.333333333333333
514 5.366666666666666
515 5.366666666666666
516 5.366666666666666
517 5.366666666666666
518 5.366666666666666
519 5.366666666666666
520 5.366666666666666
521 5.366666666666666
522 5.366666666666666
523 5.366666666666666
524 5.366666666666666
525 5.366666666666666
526 5.366666666666666
527 5.366666666666666
528 5.366666666666666
529 5.366666666666666
530 5.366666666666666
531 5.366666666666666
532 5.366666666666666
533 5.366666666666666
534 5.366666666666666
535 5.366666666666666
536 5.366666666666666
537 5.366666666666666
538 5.366666666666666
539 5.366666666666666
540 5.366666666666666
541 5.366666666666666
542 5.366666666666666
543 5.366666666666666
544 5.366666666666666
545 5.366666666666666
546 5.366666666666666
547 5.366666666666666
548 5.366666666666666
549 5.366666666666666
550 5.366666666666666
551 5.366666666666666
552 5.366666666666666
553 5.366666666666666
554 5.366666666666666
555 5.366666666666666
556 5.366666666666666
557 5.366666666666666
558 5.366666666666666
559 5.366666666666666
560 5.366666666666666
561 5.366666666666666
562 5.366666666666666
563 5.366666666666666
564 5.366666666666666
565 5.366666666666666
566 5.366666666666666
567 5.366666666666666
568 5.366666666666666
569 5.366666666666666
570 5.366666666666666
571 5.366666666666666
572 5.366666666666666
573 5.366666666666666
574 5.366666666666666
575 5.366666666666666
576 5.366666666666666
577 5.366666666666666
578 5.366666666666666
579 5.366666666666666
580 5.366666666666666
581 5.366666666666666
582 5.366666666666666
583 5.366666666666666
584 5.366666666666666
585 5.366666666666666
586 5.366666666666666
587 5.366666666666666
588 5.366666666666666
589 5.366666666666666
590 5.366666666666666
591 5.366666666666666
592 5.366666666666666
593 5.366666666666666
594 5.366666666666666
595 5.366666666666666
596 5.366666666666666
597 5.366666666666666
598 5.366666666666666
599 5.366666666666666
600 5.366666666666666
601 5.366666666666666
602 5.366666666666666
603 5.366666666666666
604 5.366666666666666
605 5.366666666666666
606 5.366666666666666
607 5.366666666666666
608 5.366666666666666
609 5.366666666666666
610 5.366666666666666
611 5.366666666666666
612 5.366666666666666
613 5.366666666666666
614 5.366666666666666
615 5.366666666666666
616 5.366666666666666
617 5.366666666666666
618 5.366666666666666
619 5.366666666666666
620 5.366666666666666
621 5.366666666666666
622 5.366666666666666
623 5.366666666666666
624 5.366666666666666
625 5.366666666666666
626 5.366666666666666
627 5.366666666666666
628 5.366666666666666
629 5.366666666666666
630 5.366666666666666
631 5.366666666666666
632 5.366666666666666
633 5.366666666666666
634 5.366666666666666
635 5.4
636 5.4
637 5.4
638 5.4
639 5.4
640 5.4
641 5.4
642 5.4
643 5.4
644 5.4
645 5.4
646 5.4
647 5.4
648 5.4
649 5.4
650 5.4
651 5.4
652 5.4
653 5.4
654 5.4
655 5.4
656 5.433333333333334
657 5.433333333333334
658 5.433333333333334
659 5.433333333333334
660 5.433333333333334
661 5.433333333333334
662 5.433333333333334
663 5.433333333333334
664 5.433333333333334
665 5.433333333333334
666 5.433333333333334
667 5.433333333333334
668 5.433333333333334
669 5.433333333333334
670 5.433333333333334
671 5.433333333333334
672 5.433333333333334
673 5.433333333333334
674 5.433333333333334
675 5.433333333333334
676 5.433333333333334
677 5.433333333333334
678 5.433333333333334
679 5.433333333333334
680 5.433333333333334
681 5.433333333333334
682 5.433333333333334
683 5.433333333333334
684 5.433333333333334
685 5.433333333333334
686 5.433333333333334
687 5.433333333333334
688 5.433333333333334
689 5.433333333333334
690 5.433333333333334
691 5.433333333333334
692 5.433333333333334
693 5.433333333333334
694 5.433333333333334
695 5.433333333333334
696 5.433333333333334
697 5.433333333333334
698 5.433333333333334
699 5.433333333333334
700 5.433333333333334
701 5.433333333333334
702 5.433333333333334
703 5.433333333333334
704 5.433333333333334
705 5.433333333333334
706 5.433333333333334
707 5.433333333333334
708 5.466666666666667
709 5.466666666666667
710 5.466666666666667
711 5.466666666666667
712 5.466666666666667
713 5.466666666666667
714 5.466666666666667
715 5.466666666666667
716 5.466666666666667
717 5.466666666666667
718 5.466666666666667
719 5.466666666666667
720 5.466666666666667
721 5.466666666666667
722 5.466666666666667
723 5.5
724 5.5
725 5.5
726 5.5
727 5.5
728 5.5
729 5.5
730 5.5
731 5.5
732 5.5
733 5.5
734 5.5
735 5.5
736 5.5
737 5.5
738 5.5
739 5.5
740 5.5
741 5.5
742 5.5
743 5.5
744 5.5
745 5.5
746 5.5
747 5.5
748 5.5
749 5.5
750 5.5
751 5.5
752 5.5
753 5.5
754 5.5
755 5.5
756 5.5
757 5.5
758 5.5
759 5.5
760 5.5
761 5.5
762 5.5
763 5.5
764 5.5
765 5.5
766 5.5
767 5.5
768 5.5
769 5.5
770 5.5
771 5.5
772 5.5
773 5.5
774 5.5
775 5.5
776 5.5
777 5.5
778 5.5
779 5.5
780 5.5
781 5.5
782 5.5
783 5.5
784 5.5
785 5.5
786 5.5
787 5.5
788 5.5
789 5.5
790 5.5
791 5.5
792 5.5
793 5.5
794 5.5
795 5.5
796 5.5
797 5.5
798 5.5
799 5.5
800 5.5
801 5.5
802 5.5
803 5.5
804 5.5
805 5.5
806 5.5
807 5.5
808 5.5
809 5.5
810 5.5
811 5.5
812 5.5
813 5.5
814 5.5
815 5.5
816 5.5
817 5.5
818 5.5
819 5.5
820 5.5
821 5.5
822 5.5
823 5.5
824 5.533333333333333
825 5.533333333333333
826 5.533333333333333
827 5.533333333333333
828 5.533333333333333
829 5.533333333333333
830 5.533333333333333
831 5.533333333333333
832 5.533333333333333
833 5.533333333333333
834 5.533333333333333
835 5.533333333333333
836 5.533333333333333
837 5.533333333333333
838 5.533333333333333
839 5.533333333333333
840 5.533333333333333
841 5.533333333333333
842 5.533333333333333
843 5.533333333333333
844 5.533333333333333
845 5.533333333333333
846 5.533333333333333
847 5.533333333333333
848 5.533333333333333
849 5.533333333333333
850 5.533333333333333
851 5.533333333333333
852 5.533333333333333
853 5.533333333333333
854 5.533333333333333
855 5.533333333333333
856 5.533333333333333
857 5.533333333333333
858 5.533333333333333
859 5.533333333333333
860 5.533333333333333
861 5.533333333333333
862 5.533333333333333
863 5.533333333333333
864 5.533333333333333
865 5.533333333333333
866 5.533333333333333
867 5.533333333333333
868 5.533333333333333
869 5.533333333333333
870 5.533333333333333
871 5.533333333333333
872 5.533333333333333
873 5.533333333333333
874 5.533333333333333
875 5.533333333333333
876 5.533333333333333
877 5.533333333333333
878 5.533333333333333
879 5.533333333333333
880 5.533333333333333
881 5.533333333333333
882 5.533333333333333
883 5.533333333333333
884 5.533333333333333
885 5.533333333333333
886 5.533333333333333
887 5.533333333333333
888 5.533333333333333
889 5.533333333333333
890 5.533333333333333
891 5.533333333333333
892 5.533333333333333
893 5.533333333333333
894 5.533333333333333
895 5.533333333333333
896 5.533333333333333
897 5.533333333333333
898 5.533333333333333
899 5.533333333333333
900 5.533333333333333
901 5.533333333333333
902 5.533333333333333
903 5.533333333333333
904 5.533333333333333
905 5.533333333333333
906 5.533333333333333
907 5.533333333333333
908 5.533333333333333
909 5.533333333333333
910 5.533333333333333
911 5.533333333333333
912 5.533333333333333
913 5.533333333333333
914 5.533333333333333
915 5.533333333333333
916 5.533333333333333
917 5.533333333333333
918 5.533333333333333
919 5.533333333333333
920 5.533333333333333
921 5.533333333333333
922 5.533333333333333
923 5.533333333333333
924 5.533333333333333
925 5.533333333333333
926 5.533333333333333
927 5.533333333333333
928 5.533333333333333
929 5.533333333333333
930 5.533333333333333
931 5.533333333333333
932 5.533333333333333
933 5.533333333333333
934 5.533333333333333
935 5.533333333333333
936 5.533333333333333
937 5.533333333333333
938 5.533333333333333
939 5.533333333333333
940 5.533333333333333
941 5.533333333333333
942 5.533333333333333
943 5.533333333333333
944 5.533333333333333
945 5.533333333333333
946 5.533333333333333
947 5.533333333333333
948 5.533333333333333
949 5.533333333333333
950 5.533333333333333
951 5.533333333333333
952 5.533333333333333
953 5.533333333333333
954 5.533333333333333
955 5.533333333333333
956 5.533333333333333
957 5.533333333333333
958 5.533333333333333
959 5.533333333333333
960 5.533333333333333
961 5.533333333333333
962 5.533333333333333
963 5.533333333333333
964 5.533333333333333
965 5.533333333333333
966 5.533333333333333
967 5.533333333333333
968 5.533333333333333
969 5.533333333333333
970 5.533333333333333
971 5.533333333333333
972 5.533333333333333
973 5.533333333333333
974 5.533333333333333
975 5.533333333333333
976 5.533333333333333
977 5.533333333333333
978 5.533333333333333
979 5.533333333333333
980 5.533333333333333
981 5.533333333333333
982 5.533333333333333
983 5.533333333333333
984 5.533333333333333
985 5.533333333333333
986 5.533333333333333
987 5.533333333333333
988 5.533333333333333
989 5.533333333333333
990 5.533333333333333
991 5.533333333333333
992 5.533333333333333
993 5.533333333333333
994 5.533333333333333
995 5.533333333333333
996 5.533333333333333
997 5.533333333333333
998 5.533333333333333
999 5.533333333333333
1000 5.533333333333333
1001 5.533333333333333
1002 5.533333333333333
1003 5.533333333333333
1004 5.533333333333333
1005 5.533333333333333
1006 5.533333333333333
1007 5.533333333333333
1008 5.533333333333333
1009 5.533333333333333
1010 5.533333333333333
1011 5.533333333333333
1012 5.533333333333333
1013 5.533333333333333
1014 5.533333333333333
1015 5.533333333333333
1016 5.533333333333333
1017 5.533333333333333
1018 5.533333333333333
1019 5.533333333333333
1020 5.533333333333333
1021 5.533333333333333
1022 5.533333333333333
1023 5.533333333333333
1024 5.533333333333333
1025 5.533333333333333
1026 5.533333333333333
1027 5.533333333333333
1028 5.533333333333333
1029 5.533333333333333
1030 5.533333333333333
1031 5.533333333333333
1032 5.533333333333333
1033 5.533333333333333
1034 5.533333333333333
1035 5.533333333333333
1036 5.533333333333333
1037 5.533333333333333
1038 5.533333333333333
1039 5.533333333333333
1040 5.533333333333333
1041 5.533333333333333
1042 5.533333333333333
1043 5.533333333333333
1044 5.533333333333333
1045 5.533333333333333
1046 5.533333333333333
1047 5.533333333333333
1048 5.533333333333333
1049 5.533333333333333
1050 5.533333333333333
1051 5.533333333333333
1052 5.533333333333333
1053 5.533333333333333
1054 5.533333333333333
1055 5.533333333333333
1056 5.533333333333333
1057 5.533333333333333
1058 5.533333333333333
1059 5.533333333333333
1060 5.533333333333333
1061 5.533333333333333
1062 5.533333333333333
1063 5.533333333333333
1064 5.533333333333333
1065 5.533333333333333
1066 5.533333333333333
1067 5.533333333333333
1068 5.533333333333333
1069 5.533333333333333
1070 5.533333333333333
1071 5.533333333333333
1072 5.533333333333333
1073 5.533333333333333
1074 5.533333333333333
1075 5.533333333333333
1076 5.533333333333333
1077 5.533333333333333
1078 5.533333333333333
1079 5.533333333333333
1080 5.533333333333333
1081 5.533333333333333
1082 5.533333333333333
1083 5.533333333333333
1084 5.533333333333333
1085 5.533333333333333
1086 5.533333333333333
1087 5.533333333333333
1088 5.533333333333333
1089 5.533333333333333
1090 5.533333333333333
1091 5.533333333333333
1092 5.533333333333333
1093 5.533333333333333
1094 5.533333333333333
1095 5.533333333333333
1096 5.533333333333333
1097 5.533333333333333
1098 5.533333333333333
1099 5.533333333333333
1100 5.533333333333333
1101 5.533333333333333
1102 5.533333333333333
1103 5.533333333333333
1104 5.533333333333333
1105 5.533333333333333
1106 5.533333333333333
1107 5.533333333333333
1108 5.533333333333333
1109 5.533333333333333
1110 5.533333333333333
1111 5.533333333333333
1112 5.533333333333333
1113 5.533333333333333
1114 5.533333333333333
1115 5.533333333333333
1116 5.533333333333333
1117 5.533333333333333
1118 5.533333333333333
1119 5.533333333333333
1120 5.533333333333333
1121 5.533333333333333
1122 5.533333333333333
1123 5.533333333333333
1124 5.533333333333333
1125 5.533333333333333
1126 5.533333333333333
1127 5.533333333333333
1128 5.533333333333333
1129 5.533333333333333
1130 5.533333333333333
1131 5.533333333333333
1132 5.533333333333333
1133 5.533333333333333
1134 5.533333333333333
1135 5.533333333333333
1136 5.533333333333333
1137 5.533333333333333
1138 5.533333333333333
1139 5.533333333333333
1140 5.533333333333333
1141 5.533333333333333
1142 5.533333333333333
1143 5.533333333333333
1144 5.533333333333333
1145 5.533333333333333
1146 5.533333333333333
1147 5.533333333333333
1148 5.533333333333333
1149 5.533333333333333
1150 5.533333333333333
1151 5.533333333333333
1152 5.533333333333333
1153 5.566666666666666
1154 5.566666666666666
1155 5.566666666666666
1156 5.566666666666666
1157 5.566666666666666
1158 5.566666666666666
1159 5.566666666666666
1160 5.566666666666666
1161 5.566666666666666
1162 5.566666666666666
1163 5.566666666666666
1164 5.566666666666666
1165 5.566666666666666
1166 5.566666666666666
1167 5.566666666666666
1168 5.566666666666666
1169 5.566666666666666
1170 5.566666666666666
1171 5.566666666666666
1172 5.566666666666666
1173 5.566666666666666
1174 5.566666666666666
1175 5.566666666666666
1176 5.566666666666666
1177 5.566666666666666
1178 5.566666666666666
1179 5.566666666666666
1180 5.566666666666666
1181 5.566666666666666
1182 5.566666666666666
1183 5.566666666666666
1184 5.566666666666666
1185 5.566666666666666
1186 5.566666666666666
1187 5.566666666666666
1188 5.566666666666666
1189 5.566666666666666
1190 5.566666666666666
1191 5.566666666666666
1192 5.566666666666666
1193 5.566666666666666
1194 5.566666666666666
1195 5.566666666666666
1196 5.566666666666666
1197 5.566666666666666
1198 5.566666666666666
1199 5.566666666666666
1200 5.566666666666666
1201 5.6
1202 5.6
1203 5.6
1204 5.6
1205 5.6
1206 5.6
1207 5.6
1208 5.6
1209 5.6
1210 5.6
1211 5.6
1212 5.6
1213 5.6
1214 5.6
1215 5.6
1216 5.6
1217 5.6
1218 5.6
1219 5.6
1220 5.6
1221 5.633333333333334
1222 5.633333333333334
1223 5.633333333333334
1224 5.633333333333334
1225 5.633333333333334
1226 5.633333333333334
1227 5.633333333333334
1228 5.633333333333334
1229 5.633333333333334
1230 5.633333333333334
1231 5.633333333333334
1232 5.633333333333334
1233 5.633333333333334
1234 5.633333333333334
1235 5.633333333333334
1236 5.633333333333334
1237 5.633333333333334
1238 5.633333333333334
1239 5.633333333333334
1240 5.633333333333334
1241 5.633333333333334
1242 5.633333333333334
1243 5.633333333333334
1244 5.666666666666667
1245 5.666666666666667
1246 5.666666666666667
1247 5.666666666666667
1248 5.666666666666667
1249 5.666666666666667
1250 5.666666666666667
1251 5.666666666666667
1252 5.666666666666667
1253 5.666666666666667
1254 5.666666666666667
1255 5.666666666666667
1256 5.666666666666667
1257 5.666666666666667
1258 5.666666666666667
1259 5.666666666666667
1260 5.666666666666667
1261 5.666666666666667
1262 5.666666666666667
1263 5.666666666666667
1264 5.666666666666667
1265 5.666666666666667
1266 5.666666666666667
1267 5.666666666666667
1268 5.666666666666667
1269 5.666666666666667
1270 5.666666666666667
1271 5.666666666666667
1272 5.666666666666667
1273 5.666666666666667
1274 5.666666666666667
1275 5.666666666666667
1276 5.666666666666667
1277 5.666666666666667
1278 5.666666666666667
1279 5.666666666666667
1280 5.666666666666667
1281 5.666666666666667
1282 5.666666666666667
1283 5.666666666666667
1284 5.666666666666667
1285 5.666666666666667
1286 5.666666666666667
1287 5.666666666666667
1288 5.666666666666667
1289 5.666666666666667
1290 5.666666666666667
1291 5.666666666666667
1292 5.666666666666667
1293 5.666666666666667
1294 5.666666666666667
1295 5.666666666666667
1296 5.666666666666667
1297 5.666666666666667
1298 5.666666666666667
1299 5.666666666666667
1300 5.666666666666667
1301 5.666666666666667
1302 5.666666666666667
1303 5.666666666666667
1304 5.666666666666667
1305 5.666666666666667
1306 5.666666666666667
1307 5.666666666666667
1308 5.666666666666667
1309 5.666666666666667
1310 5.666666666666667
1311 5.666666666666667
1312 5.666666666666667
1313 5.666666666666667
1314 5.666666666666667
1315 5.666666666666667
1316 5.666666666666667
1317 5.666666666666667
1318 5.666666666666667
1319 5.666666666666667
1320 5.666666666666667
1321 5.666666666666667
1322 5.666666666666667
1323 5.666666666666667
1324 5.666666666666667
1325 5.666666666666667
1326 5.666666666666667
1327 5.666666666666667
1328 5.7
1329 5.7
1330 5.7
1331 5.7
1332 5.7
1333 5.7
1334 5.7
1335 5.7
1336 5.7
1337 5.7
1338 5.7
1339 5.7
1340 5.7
1341 5.7
1342 5.7
1343 5.7
1344 5.7
1345 5.7
1346 5.7
1347 5.7
1348 5.7
1349 5.7
1350 5.7
1351 5.7
1352 5.7
1353 5.7
1354 5.7
1355 5.7
1356 5.7
1357 5.7
1358 5.7
1359 5.7
1360 5.7
1361 5.7
1362 5.7
1363 5.7
1364 5.7
1365 5.7
1366 5.7
1367 5.7
1368 5.7
1369 5.7
1370 5.7
1371 5.7
1372 5.7
1373 5.7
1374 5.7
1375 5.7
1376 5.7
1377 5.7
1378 5.7
1379 5.7
1380 5.7
1381 5.7
1382 5.7
1383 5.7
1384 5.7
1385 5.7
1386 5.7
1387 5.7
1388 5.7
1389 5.7
1390 5.7
1391 5.7
1392 5.7
1393 5.7
1394 5.7
1395 5.7
1396 5.7
1397 5.7
1398 5.7
1399 5.7
1400 5.7
1401 5.7
1402 5.7
1403 5.7
1404 5.7
1405 5.7
1406 5.7
1407 5.7
1408 5.7
1409 5.7
1410 5.7
1411 5.7
1412 5.7
1413 5.7
1414 5.7
1415 5.7
1416 5.7
1417 5.7
1418 5.7
1419 5.7
1420 5.7
1421 5.7
1422 5.7
1423 5.7
1424 5.7
1425 5.7
1426 5.7
1427 5.7
1428 5.7
1429 5.7
1430 5.7
1431 5.7
1432 5.7
1433 5.7
1434 5.7
1435 5.7
1436 5.7
1437 5.7
1438 5.7
1439 5.7
1440 5.7
1441 5.7
1442 5.7
1443 5.7
1444 5.7
1445 5.7
1446 5.7
1447 5.7
1448 5.7
1449 5.7
1450 5.7
1451 5.7
1452 5.7
1453 5.7
1454 5.7
1455 5.7
1456 5.7
1457 5.7
1458 5.7
1459 5.7
1460 5.7
1461 5.7
1462 5.7
1463 5.7
1464 5.7
1465 5.7
1466 5.7
1467 5.7
1468 5.7
1469 5.7
1470 5.7
1471 5.7
1472 5.7
1473 5.7
1474 5.7
1475 5.7
1476 5.7
1477 5.7
1478 5.7
1479 5.7
1480 5.7
1481 5.7
1482 5.7
1483 5.7
1484 5.7
1485 5.7
1486 5.7
1487 5.7
1488 5.7
1489 5.7
1490 5.7
1491 5.7
1492 5.7
1493 5.7
1494 5.7
1495 5.7
1496 5.7
1497 5.7
1498 5.7
1499 5.7
