0 0.6078760567770712
1 0.6078760567770712
2 0.6078760567770712
3 0.6078760567770712
4 0.6814344027165788
5 0.6814344027165788
6 0.8032925262155821
7 0.8045764904832948
8 0.8045764904832948
9 0.8045764904832948
10 0.80457663276893
11 0.80457663276893
12 0.8046566107686747
13 0.870825545225958
14 0.8833757900982814
15 0.8833757900982814
16 0.8834013329679349
17 0.8834013329679349
18 0.8834013329679349
19 0.8834265312667097
20 0.8836637490822753
21 0.8836637490822753
22 0.8836637490822753
23 0.8836637490822753
24 0.8836637490822753
25 0.8837051938457108
26 0.883725554530004
27 0.883725554530004
28 0.883725554530004
29 0.883725554530004
30 0.883725554530004
31 0.883725554530004
32 0.8837331224470673
33 0.8837331346770124
34 0.8837511365252098
35 0.8837511365252098
36 0.8837511479894198
37 0.8837511479894198
38 0.8837511479894198
39 0.8837511479894198
40 0.8837511479894198
41 0.8837511479894198
42 0.8837511479894198
43 0.8837511479894198
44 0.8837553097916814
45 0.8837553097916814
46 0.8838253672887476
47 0.8838253672887476
48 0.8838253672887476
49 0.8838253672887476
50 0.8838253741353027
51 0.8838253741353027
52 0.8838253741353027
53 0.8838253741353027
54 0.8838253741353027
55 0.8838253741353027
56 0.8838253807271962
57 0.8838253807271962
58 0.8838253807271962
59 0.8838253807271962
60 0.8838253807271962
61 0.8838253807271962
62 0.8838253807271962
63 0.8838253807271962
64 0.8838253807271962
65 0.8838253807271962
66 0.8838253807271962
67 0.8838253807271962
68 0.8838253807271962
69 0.8838253807271962
70 0.8838253807271962
71 0.8838253807271962
72 0.8838254565577465
73 0.8838254565577465
74 0.8838254565577465
75 0.8838254565577465
76 0.8838254565577465
77 0.8838254565577465
78 0.8861419362965842
79 0.8861419362965842
80 0.8861419362965842
81 0.8861419362965842
82 0.8861419362965842
83 0.8861419362965842
84 0.8861419362965842
85 0.8861419362965842
86 0.8861419362965842
87 0.8861419362965842
88 0.8861419362965842
89 0.8861419362965842
90 0.8861419362965842
91 0.8861419362965842
92 0.8861419362965842
93 0.8861419362965842
94 0.8861419362965842
95 0.8861419362965842
96 0.8861419362965842
97 0.8861419362965842
98 0.8861419362965842
99 0.8861419362965842
100 0.8861419362965842
101 0.8861419362965842
102 0.8861419362965842
103 0.8861419362965842
104 0.8861419362965842
105 0.8861419362965842
106 0.8861419362966519
107 0.8861419362966568
108 0.8861419362966568
109 0.8861419362966568
110 0.8861419362966568
111 0.8861419362966568
112 0.8861419362966568
113 0.8861426071586201
114 0.8861426071586201
115 0.8861426071586201
116 0.8861426071586201
117 0.8861426071586201
118 0.8861426071586201
119 0.8861426124618995
120 0.8861426124618995
121 0.8861426124618995
122 0.8861426124618995
123 0.8861426124618995
124 0.8861426124618995
125 0.8861426124618995
126 0.8861426124618995
127 0.8861426204738301
128 0.8861426204738301
129 0.8861432547169974
130 0.8861432547169974
131 0.8861432547169974
132 0.8861432547169974
133 0.8861432547169974
134 0.8861432547169974
135 0.8861432547169974
136 0.8861432547169974
137 0.8861432547169974
138 0.8861432547169974
139 0.8861432547169974
140 0.8861432547169974
141 0.8861558126789146
142 0.8861558126789146
143 0.8861633161724575
144 0.8861633161724575
145 0.8861633161724575
146 0.8861633161724575
147 0.8861633161724575
148 0.8861633161724575
149 0.8861633161724575
150 0.8861633161724575
151 0.8861633161724575
152 0.8861633161724575
153 0.8861633161724575
154 0.8861633161724575
155 0.8861633161724575
156 0.8861633161724575
157 0.8861633161724575
158 0.8861633161724575
159 0.8861633161724575
160 0.8861633161724575
161 0.8861633299144613
162 0.8861633299144613
163 0.8861633299144613
164 0.8861633299144613
165 0.8861633299144613
166 0.8861633299144613
167 0.8861633299144613
168 0.8861633299144613
169 0.8861633299144613
170 0.8861633299144613
171 0.8861633299144613
172 0.8861633299144613
173 0.8861633299144613
174 0.8861633299144613
175 0.8861633299144613
176 0.8861633299144613
177 0.8861633299144613
178 0.8861633299144613
179 0.8861880011007877
180 0.8861880011007877
181 0.8861880011007877
182 0.8861880011007877
183 0.8861880011007877
184 0.8861880011007877
185 0.8861880011007877
186 0.8861880011007877
187 0.8861880011007877
188 0.8861880011007877
189 0.8861880011007877
190 0.8861880011007877
191 0.8861880011007877
192 0.8861880011007877
193 0.8861880011007877
194 0.8861880011007877
195 0.8861880011007877
196 0.8861880011007877
197 0.8861880011007877
198 0.8861880011007877
199 0.8861880011007877
200 0.8861880011007877
201 0.8861880011007877
202 0.8861880011007877
203 0.8861880011007877
204 0.8861880011007877
205 0.8861880011007877
206 0.8861880011007877
207 0.8861880011007877
208 0.8861880011007877
209 0.8861880011007877
210 0.8861880011007877
211 0.8861880011007877
212 0.8861880011007877
213 0.8861880011007877
214 0.8861880011007877
215 0.8861880011007877
216 0.8861880011007877
217 0.8861880011007877
218 0.8861880011007877
219 0.8861880011007877
220 0.8861880011007877
221 0.8861880011007877
222 0.8861880011007877
223 0.8861880011007877
224 0.8861880011007877
225 0.8861880011007877
226 0.8861880011007877
227 0.8861880011090969
228 0.8861880011090969
229 0.8861948034542732
230 0.8861948034542732
231 0.8861948034542732
232 0.8861948034542732
233 0.8861948034542732
234 0.8861948034542732
235 0.8861948034542732
236 0.8861948034542732
237 0.8861948034542732
238 0.8861948034542732
239 0.8861948081201704
240 0.8861948081201704
241 0.8861948081201704
242 0.8861948081201704
243 0.8861948081201704
244 0.8861948081201704
245 0.8861948081201704
246 0.8861956711539195
247 0.8861956711539195
248 0.8862088782486295
249 0.8862088782486295
250 0.8862088782486295
251 0.8862088782486295
252 0.8862088782486295
253 0.8862088782486295
254 0.8862088782486295
255 0.8862088782486295
256 0.8862089047772843
257 0.8862089047772843
258 0.8862089047772843
259 0.8862089047772843
260 0.8862089047772843
261 0.8862089047772843
262 0.8862089047772843
263 0.8862089047772843
264 0.8862089047772843
265 0.8862089047772843
266 0.8862089047772843
267 0.8862089047772843
268 0.8862089047772843
269 0.8862089047772843
270 0.8862089047772843
271 0.8862089047772843
272 0.8862089047772843
273 0.8862089047772843
274 0.8862089047772843
275 0.8862089047772843
276 0.8862089047772843
277 0.8862089047772843
278 0.8862089047772843
279 0.8862089047772843
280 0.8862089047772843
281 0.8862089047772843
282 0.8862089047772843
283 0.8862089047772843
284 0.8862089047772843
285 0.8862089047772843
286 0.8862089047772843
287 0.8862089047772843
288 0.8862089047772843
289 0.8862089047772843
290 0.8862089047772843
291 0.8862089047772843
292 0.8862089047772843
293 0.8862089047772843
294 0.8862089047772843
295 0.8862089047772843
296 0.8862089047772843
297 0.8862089047772843
298 0.8862089047772843
299 0.8862089048351537
300 0.8862089048351537
301 0.8862089048351537
302 0.8862089048351537
303 0.8862089048351537
304 0.8862089048351537
305 0.8862089048351537
306 0.8862089048351537
307 0.8862089048351537
308 0.8862089048351537
309 0.8862089048351537
310 0.8862089048351537
311 0.8862089048351537
312 0.8862089048351537
313 0.8862089048351537
314 0.8862089048351537
315 0.8862089048364563
316 0.8862089048364563
317 0.8862089048364563
318 0.8862089048364563
319 0.8862089048364563
320 0.8862089048364563
321 0.8862089048364563
322 0.8862089048364563
323 0.8862089089534455
324 0.8862089089534455
325 0.8862089089534455
326 0.8862089089534455
327 0.8862089089534455
328 0.8862089089534455
329 0.8862089089534455
330 0.8862089089534455
331 0.8862089089534455
332 0.8862089089534455
333 0.8862089089534455
334 0.8862089089534455
335 0.8862089089534455
336 0.8862089089534455
337 0.8862089089534455
338 0.8862089089534455
339 0.8862089089534455
340 0.8862089089534455
341 0.8862089089534455
342 0.8862089089534455
343 0.8862089089534455
344 0.8862089089534455
345 0.8862089089534455
346 0.8862089089534455
347 0.8862089089534455
348 0.8862089089534455
349 0.8862089089534455
350 0.8862089101731687
351 0.8862089101731687
352 0.8862089101731687
353 0.8871932852000547
354 0.8871932852000547
355 0.8871932852000547
356 0.8871932852000547
357 0.8871932852000547
358 0.8871932852000547
359 0.8871932852000547
360 0.8873672161972024
361 0.8873672161972024
362 0.8873672161972024
363 0.8873672161972024
364 0.8873672161972024
365 0.8873672161972024
366 0.8873672161972024
367 0.8873672161972024
368 0.8873672161972024
369 0.8873672161972024
370 0.8873767600269532
371 0.8873767600269532
372 0.8873767600269532
373 0.8873767600269532
374 0.8873767600269532
375 0.8873767650394324
376 0.8873767650394324
377 0.8873767650394324
378 0.8873767650394324
379 0.8873767650394324
380 0.8873767650394324
381 0.8873767650394324
382 0.8873767650532421
383 0.8873767650532421
384 0.8873767650532421
385 0.8873767650532421
386 0.8873767650532421
387 0.8873767650532421
388 0.8873767650532421
389 0.8873767650532421
390 0.8873767650532421
391 0.8873767650532421
392 0.8873767650532421
393 0.8873767650532421
394 0.8873767650532421
395 0.8873767650532421
396 0.8873767650532421
397 0.8873767650532421
398 0.8873767650532421
399 0.8873767650532421
400 0.8873767650532421
401 0.8873767678092768
402 0.8873767678092768
403 0.8873767678092768
404 0.8873767678092768
405 0.8873767678092768
406 0.8873767678092768
407 0.8873767678092768
408 0.8873900636135266
409 0.8873900636135266
410 0.8873900636135266
411 0.8873900636135266
412 0.8873900636135266
413 0.8873900636135266
414 0.8873900636135266
415 0.8873900636135266
416 0.8873900636135266
417 0.8873900636135266
418 0.887391859235421
419 0.887391859235421
420 0.887391900617561
421 0.887391900617561
422 0.887391900617561
423 0.887391900617561
424 0.887391900617561
425 0.887391900617561
426 0.887391900617561
427 0.887391900617561
428 0.887391900617561
429 0.887391900617561
430 0.887391900617561
431 0.887391900617561
432 0.887391900617561
433 0.887391900617561
434 0.887391900617561
435 0.887391900617561
436 0.887391900617561
437 0.887391900617561
438 0.887391900617561
439 0.887391900617561
440 0.887391900617561
441 0.887391900617561
442 0.887391900617561
443 0.887391900617561
444 0.887391900617561
445 0.8873919006176095
446 0.8873919006176095
447 0.8873919006176095
448 0.8873919006176095
449 0.8873919006180543
450 0.8873919006180543
451 0.8873919576810856
452 0.8873919819957479
453 0.8873919931954244
454 0.8873919931954244
455 0.8873919931954263
456 0.8873919931954263
457 0.8873919931954263
458 0.8873919931954263
459 0.8873919931954263
460 0.8873919931954263
461 0.8873919937094228
462 0.8873919937094228
463 0.8873919937094228
464 0.8873919937094228
465 0.8873920595846231
466 0.8873920595846231
467 0.8873920595846231
468 0.8873920595846231
469 0.8873920595846231
470 0.8873920595846231
471 0.8873920595846231
472 0.8873920595846231
473 0.8873920595846231
474 0.8873920595846231
475 0.8873920595846231
476 0.8873920595846231
477 0.8873920595846231
478 0.8873920595846231
479 0.8873920595846231
480 0.8873920595846231
481 0.8873920595846231
482 0.8873920595846231
483 0.8873920595846231
484 0.887392060055544
485 0.887392060055544
486 0.887392060055544
487 0.887392060055544
488 0.887392060055544
489 0.8873920604836653
490 0.8873920604836653
491 0.8873920604836653
492 0.8873920604836653
493 0.8873920604836653
494 0.8873920604836653
495 0.8873920604836653
496 0.8873920604836653
497 0.8873920604836653
498 0.8873920604836653
499 0.8873920604836653
500 0.8873920604836653
501 0.8873920604836653
502 0.8873920604836653
503 0.8873920604836653
504 0.8873920604836653
505 0.8873920604836653
506 0.8873920604836653
507 0.8873920604836653
508 0.8873920604836653
509 0.8873920604836653
510 0.8873920604836653
511 0.8873920604836653
512 0.8873920604836653
513 0.8873920604836653
514 0.8873920604836653
515 0.8873920604836653
516 0.8873920604836653
517 0.8873920604836653
518 0.8873920604836653
519 0.8873920604836653
520 0.8873920604836653
521 0.8873920604836653
522 0.8873920604836653
523 0.8873920604836653
524 0.8873920604836653
525 0.8873920604836653
526 0.8873920604836653
527 0.8873920604836653
528 0.8873920604836653
529 0.8873920604836653
530 0.8873920604836653
531 0.8873920604836653
532 0.8873920604836653
533 0.8873920604836653
534 0.8873920604836653
535 0.8873920604836653
536 0.8873920604836653
537 0.8873920604836653
538 0.8873920604836653
539 0.8873920604836653
540 0.8873920604836653
541 0.8873920604836653
542 0.8873920604836653
543 0.8873920604836653
544 0.8873920604836653
545 0.8873920604836653
546 0.8873920604836653
547 0.8873920604836653
548 0.8873920604836653
549 0.8873920604952535
550 0.8873920604952535
551 0.8873920604952535
552 0.8873920604952535
553 0.8873920604952535
554 0.8873920604952535
555 0.8873920604952535
556 0.8873920605308726
557 0.8873920605308726
558 0.8873920605308726
559 0.8873920605308726
560 0.8873920605308726
561 0.8873920605308726
562 0.8873920605308726
563 0.8873920605308726
564 0.8873920605308726
565 0.8873920605308726
566 0.8873920605308726
567 0.8873920605308726
568 0.8873920605308726
569 0.8873920605308726
570 0.8873920605308726
571 0.8873920605334699
572 0.8873920621524092
573 0.8873920621524092
574 0.8873920621524092
575 0.8873920621524092
576 0.8873920621524092
577 0.8873920621524092
578 0.8873920621524092
579 0.8873920621524092
580 0.8873920621524092
581 0.8873920621524092
582 0.8873920621524092
583 0.8873920621524092
584 0.8873920621524092
585 0.8873920621524092
586 0.8873920621524092
587 0.8873920621524092
588 0.8873920621524092
589 0.8873920621524092
590 0.8873920621524092
591 0.8873920621524092
592 0.8873920621524092
593 0.8873920621524092
594 0.8873920621524092
595 0.8873920621524092
596 0.8873920622569406
597 0.8873920622569406
598 0.8873920622569406
599 0.8873920622569406
600 0.8873920622569406
601 0.8873920622569406
602 0.8873920622569406
603 0.8873920622569406
604 0.8873920622569406
605 0.8873920622569406
606 0.8873920622569467
607 0.8873920622569467
608 0.8873920622569467
609 0.8873920622589347
610 0.8873920622589347
611 0.8873920622589347
612 0.8873920622589347
613 0.8873920622589347
614 0.8873920622589347
615 0.8873920622589347
616 0.8873920622589347
617 0.8873920622589347
618 0.8873920622589347
619 0.8873920622589347
620 0.8873920622589347
621 0.8873920622589347
622 0.8873920622589347
623 0.8873920622589347
624 0.8873920622589347
625 0.8873920622589347
626 0.8873920622589347
627 0.8873920622589347
628 0.8873920622589347
629 0.8873920622589347
630 0.8873920622589347
631 0.8873920622589347
632 0.8873920622589347
633 0.8873920622589347
634 0.8879973303808608
635 0.8879973303808608
636 0.8879973303808608
637 0.8879973303808608
638 0.8879973303808608
639 0.8879973303808608
640 0.8879973303808608
641 0.8879973303808608
642 0.8879973303808608
643 0.8879973303808608
644 0.8879973303808608
645 0.8879973303808608
646 0.8879973303808608
647 0.8879973303808608
648 0.8879973303808608
649 0.8879973303808608
650 0.8879973303808608
651 0.8879973303808608
652 0.8879973303808608
653 0.8879973303808608
654 0.8879973303808608
655 0.8879973303808608
656 0.8879973303808608
657 0.8879973303808608
658 0.8879973303808608
659 0.8879973303808608
660 0.8879973303808608
661 0.8879973303808608
662 0.8879973303808608
663 0.8879973303808608
664 0.8879973303808608
665 0.8879973303808608
666 0.8879973303808608
667 0.8879973303808608
668 0.8879973303808608
669 0.8879973303808608
670 0.8879973303808608
671 0.8879973303808608
672 0.8879973303808608
673 0.8879973303808608
674 0.8879973303808608
675 0.8879973303808608
676 0.8879973303808608
677 0.8879973303808608
678 0.8879973303808608
679 0.8879973303808608
680 0.8879973303808608
681 0.8879973303808608
682 0.8879973303808608
683 0.8879973303808608
684 0.8879973315811617
685 0.8879973315811617
686 0.8879973315811617
687 0.8879973315811617
688 0.8879973315811617
689 0.8879973315811617
690 0.8879973315811617
691 0.8879973320185169
692 0.8879973320185169
693 0.8879973320185169
694 0.8879973320185169
695 0.8879973320185169
696 0.8879973320185169
697 0.8879973320185169
698 0.8879973320185169
699 0.8879973320185169
700 0.8879973320185169
701 0.8879973320185169
702 0.8879973320185169
703 0.8879973320185169
704 0.8879973320185169
705 0.8879973320185169
706 0.8879973320185169
707 0.8879973320185169
708 0.8879973320185169
709 0.8879973320185169
710 0.8879973320220305
711 0.8879973320220305
712 0.8879973320220305
713 0.8879973320220305
714 0.8879973320220305
715 0.8879973320220305
716 0.8879973320220305
717 0.8879973320220305
718 0.8879973320220305
719 0.8879973320220305
720 0.8879973320220305
721 0.8879973320220305
722 0.8879973320220305
723 0.8879973320220305
724 0.8879973320220305
725 0.8879973320220305
726 0.8879973320220305
727 0.8879973320220305
728 0.8879973320220305
729 0.8879973320220305
730 0.8879973320220305
731 0.8879973320220305
732 0.8879973320220305
733 0.8879973320220305
734 0.8879973320220305
735 0.8879973320220305
736 0.8879973320220305
737 0.8879973320220305
738 0.8879973320220305
739 0.8879973320220305
740 0.8879973320220305
741 0.8879973320220305
742 0.8879973320220305
743 0.8879973320220305
744 0.8879973320220305
745 0.8879973320220305
746 0.8879973320220305
747 0.8879973320220305
748 0.8879973320220305
749 0.8879973320220305
750 0.8879973320220305
751 0.8879973320220305
752 0.8879973320220305
753 0.8879973320220305
754 0.8879973320220305
755 0.8879973320220305
756 0.8879973320220305
757 0.8879973320220305
758 0.8879973320220305
759 0.8879973320220305
760 0.887997332063888
761 0.887997332063888
762 0.887997332063888
763 0.8879973320638892
764 0.8879973320638892
765 0.8879973320807175
766 0.8879973320807175
767 0.8879973320807175
768 0.8879973320807175
769 0.8879973320807175
770 0.8879973320807175
771 0.8879973320807175
772 0.8879973320807175
773 0.8879973320807175
774 0.8879973320807175
775 0.8879973320807175
776 0.8879973320807175
777 0.8879973320807175
778 0.8879973320807175
779 0.8879973320807175
780 0.8879973320807175
781 0.8879973320807175
782 0.8879973320807175
783 0.8879973320807175
784 0.8879973320807175
785 0.8879973320946702
786 0.8879973320946702
787 0.8879973320946702
788 0.8879973320946702
789 0.8879973320946702
790 0.8879973320946702
791 0.8879973320946702
792 0.8879973320946702
793 0.8879973320946702
794 0.8879973320946702
795 0.8879973320946702
796 0.8879973320946702
797 0.8879973320946702
798 0.8879973320946702
799 0.8879973320946702
800 0.8879973320946702
801 0.8879973320946702
802 0.8879973320946702
803 0.8879973320946702
804 0.8879973320946702
805 0.8879973320946702
806 0.8879973320946702
807 0.8879973320946702
808 0.8879973320946702
809 0.8879973320946702
810 0.8879973320946702
811 0.8879973320946702
812 0.8879973320946702
813 0.8879973320946702
814 0.8879973321349695
815 0.8879973321349695
816 0.8879973321349695
817 0.8879973321349695
818 0.8879973321349695
819 0.8879973321349695
820 0.8879973321349695
821 0.8879973321349695
822 0.8879973321349695
823 0.8879973321349695
824 0.8879973321349695
825 0.8879973321349695
826 0.8879973321533156
827 0.8879973321533156
828 0.8879973321533156
829 0.8879973321533156
830 0.8879973321533156
831 0.8879973321533156
832 0.8879973321533156
833 0.8879973321533156
834 0.8879973321533156
835 0.8879973321533156
836 0.8879973321533156
837 0.8879973321533156
838 0.8879973321533156
839 0.8879973321533156
840 0.8879973321533156
841 0.8879973321533156
842 0.8879973321533156
843 0.8879973321533156
844 0.8879973321533156
845 0.8879973321533156
846 0.8879973321533156
847 0.8879973321533156
848 0.8879973321533156
849 0.8879973321533156
850 0.8879973321533156
851 0.8879973321533156
852 0.8879973321533156
853 0.8879973321533156
854 0.8879973321533156
855 0.8879973321533156
856 0.8879973321533156
857 0.8879973321533156
858 0.8879973321533156
859 0.8879973321542675
860 0.8879973321542675
861 0.8879973321542675
862 0.8879973321542675
863 0.8879973321542675
864 0.8879973321542675
865 0.8879973321542675
866 0.8879973321542675
867 0.8879973321542675
868 0.8879973321542675
869 0.8879973321542675
870 0.8879973321542675
871 0.8879973321542675
872 0.8879973321542675
873 0.8879973321542675
874 0.8879973321542676
875 0.8879973321542676
876 0.8879973321542676
877 0.8879973321542676
878 0.8879973321542676
879 0.8879973321604356
880 0.8879973321604356
881 0.8879973321604356
882 0.8879973321610024
883 0.8879973321610024
884 0.8879973321610024
885 0.8879973321610024
886 0.8879973321610024
887 0.8879973321610024
888 0.8879973321610024
889 0.8879973321610024
890 0.8879973321610024
891 0.8879973321610024
892 0.8879973321610024
893 0.8879973321610024
894 0.8879973321610024
895 0.8879973321610024
896 0.8879973321610024
897 0.8879973321610024
898 0.8879973321610024
899 0.8879973321610024
900 0.8879973321610024
901 0.8879973321610024
902 0.8879973321610024
903 0.8879973321610024
904 0.8879973321610024
905 0.8879973321610024
906 0.8879973321610024
907 0.8879973321610024
908 0.8879973321610024
909 0.8879973321610024
910 0.8879973321610024
911 0.8879973321610094
912 0.8879973321610094
913 0.8879973321610094
914 0.8879973321610094
915 0.8879973321632778
916 0.8879973321632778
917 0.8879973321632778
918 0.8879973321632778
919 0.8879973321632778
920 0.8879973321632778
921 0.8879973321632778
922 0.8879973321632778
923 0.8879973321632778
924 0.8879973321632778
925 0.8879973321632778
926 0.8879973321632778
927 0.8879973321632778
928 0.8879973321632778
929 0.8879973321632778
930 0.8879973321632778
931 0.8879973321632778
932 0.8879973321632778
933 0.8879973321632778
934 0.8879973321632818
935 0.8879973321632818
936 0.8879973321632818
937 0.8879973321632818
938 0.8879973321632818
939 0.8879973321632818
940 0.88805778247266
941 0.88805778247266
942 0.88805778247266
943 0.88805778247266
944 0.88805778247266
945 0.88805778247266
946 0.88805778247266
947 0.88805778247266
948 0.88805778247266
949 0.88805778247266
950 0.88805778247266
951 0.88805778247266
952 0.88805778247266
953 0.88805778247266
954 0.8880577824728106
955 0.8880577824728106
956 0.8880577824728106
957 0.8880577824728106
958 0.8880577824728106
959 0.8880577824728106
960 0.8880577824728177
961 0.8880577824728177
962 0.8880577824728177
963 0.8880577824728177
964 0.8880577824728177
965 0.8880577824728177
966 0.8880577824728177
967 0.8880577824728177
968 0.8880577824728177
969 0.8880577824728177
970 0.8880577824728177
971 0.8880577824728177
972 0.8880577824728177
973 0.8880577824728177
974 0.8880577824728177
975 0.8880577824728177
976 0.8880577824728177
977 0.8880577824737917
978 0.8880577824737917
979 0.8880577824737917
980 0.8880577824737917
981 0.8880577824737917
982 0.8880577824737917
983 0.8880577824737917
984 0.8880577824737917
985 0.8880577824737917
986 0.8880577824737917
987 0.8880577824737917
988 0.8880577824737917
989 0.8880756565910818
990 0.8880756565910818
991 0.8880756565910818
992 0.8880756565910818
993 0.8880756565910818
994 0.8880756565910818
995 0.8880756565910818
996 0.8880756565910818
997 0.8880756565910818
998 0.8880756565910818
999 0.8881113667528571
1000 0.8881113667528571
1001 0.8881113667528571
1002 0.8881113667528571
1003 0.8881113667528571
1004 0.8881113667528571
1005 0.8881113667528571
1006 0.8881113667528571
1007 0.8881113667528571
1008 0.8881113667528571
1009 0.8881113667528571
1010 0.8881113667528571
1011 0.8881113667528571
1012 0.8881113667528571
1013 0.8881113667528571
1014 0.8881113667528571
1015 0.8881113667528571
1016 0.8881113667528571
1017 0.8881113667528571
1018 0.8881113667528571
1019 0.8881113667528571
1020 0.8881113667528571
1021 0.8881113667528571
1022 0.8881113667528571
1023 0.8881113667528571
1024 0.8881113667528571
1025 0.8881113667528571
1026 0.8881113667528571
1027 0.8881113667528571
1028 0.8881113667528571
1029 0.8881113667528571
1030 0.8881113667528571
1031 0.8881113667528571
1032 0.8881113667528571
1033 0.8881113667528571
1034 0.8881113667528571
1035 0.8881113667528571
1036 0.8881113667528571
1037 0.8881113667528642
1038 0.8881113667528642
1039 0.8881113667528642
1040 0.8881113667528642
1041 0.8881113667528642
1042 0.8881113667528642
1043 0.8881113667528642
1044 0.8881113667528642
1045 0.8881113667528642
1046 0.8881113667528642
1047 0.8881113667528642
1048 0.8881113667528642
1049 0.8881148244301732
1050 0.8881148244301732
1051 0.8881148244301732
1052 0.8881148244301732
1053 0.8881148244301732
1054 0.8881148244301732
1055 0.8881148244301732
1056 0.8881148244301732
1057 0.8881148244301752
1058 0.8881148244301752
1059 0.8881148244301752
1060 0.8881148244301752
1061 0.8881148244301821
1062 0.8881148244301821
1063 0.8881148244301821
1064 0.8881148244305263
1065 0.8881148244305263
1066 0.8881148244305263
1067 0.8881148244305263
1068 0.8881148244305263
1069 0.8881148244305263
1070 0.8881148244305263
1071 0.8881148244305263
1072 0.8881148244305263
1073 0.8881148244305263
1074 0.8881148244305263
1075 0.8881148244313226
1076 0.8881148244313226
1077 0.8881148244313226
1078 0.8881148244313226
1079 0.8881148244313226
1080 0.8881148244313226
1081 0.8881148244313226
1082 0.8881148244313226
1083 0.8881148244313226
1084 0.8881148244313226
1085 0.8881148244313226
1086 0.8881148244313226
1087 0.8881148244313226
1088 0.8881148244313226
1089 0.8881148244313226
1090 0.8881148244313226
1091 0.8881148244313226
1092 0.8881148244313226
1093 0.8881148244313226
1094 0.8881148244313226
1095 0.8881148244313226
1096 0.8881148244313226
1097 0.8881148244313226
1098 0.8881148244313226
1099 0.8881204663944653
1100 0.8881204663944653
1101 0.8881204663946145
1102 0.8881204663946145
1103 0.8881204663946145
1104 0.8881204663946145
1105 0.8881204663946145
1106 0.8881204663946145
1107 0.8881204663946145
1108 0.8881204663946145
1109 0.8881204663946145
1110 0.8881204663946145
1111 0.8881204663946145
1112 0.8881204663946145
1113 0.8881204663946145
1114 0.8881204663946145
1115 0.8881204663946147
1116 0.8881204663946147
1117 0.889085927629395
1118 0.889085927629395
1119 0.889085927629395
1120 0.889085927629395
1121 0.889085927629395
1122 0.889085927629395
1123 0.889085927629395
1124 0.889085927629395
1125 0.889085927629395
1126 0.889085927629395
1127 0.889085927629395
1128 0.889085927629395
1129 0.889085927629395
1130 0.889085927629395
1131 0.889085927629395
1132 0.889085927629395
1133 0.889085927629395
1134 0.889085927629395
1135 0.889085927629395
1136 0.889085927629395
1137 0.889085927629395
1138 0.889085927629395
1139 0.889085927629395
1140 0.889085927629395
1141 0.889085927629395
1142 0.889085927629395
1143 0.889085927629395
1144 0.889085927629395
1145 0.889085927629395
1146 0.889085927629395
1147 0.889085927629395
1148 0.8890859276318039
1149 0.8890859276318039
1150 0.8890859276318039
1151 0.8890859276318039
1152 0.8890859276318039
1153 0.8890859276318039
1154 0.8890859276318039
1155 0.8890859276318039
1156 0.8890859276318039
1157 0.8890859276318039
1158 0.8890859276318039
1159 0.8890859276318039
1160 0.8890859276320079
1161 0.8890859276320079
1162 0.8890859276320079
1163 0.8890859276320079
1164 0.8890859276320079
1165 0.8890859276320079
1166 0.8890859276320079
1167 0.8890859276320079
1168 0.8890859276320079
1169 0.8890859276320079
1170 0.8890859276320079
1171 0.8890859276320079
1172 0.8890859276320079
1173 0.8890859276320079
1174 0.8890859276320079
1175 0.8890859276320079
1176 0.8890859276320079
1177 0.8890859276320079
1178 0.8890859276320079
1179 0.8890859276320079
1180 0.8890859276320079
1181 0.8890859276320079
1182 0.8890859276320079
1183 0.8890859276320079
1184 0.8890859276320079
1185 0.8890859276320079
1186 0.8890859276320079
1187 0.8890859276320079
1188 0.8890859276320079
1189 0.8890859276320079
1190 0.8890859276320079
1191 0.8890859276320079
1192 0.8890859276320079
1193 0.8892170657940084
1194 0.8892170657940084
1195 0.8892170657940084
1196 0.8892170657940084
1197 0.8892170657940084
1198 0.8892170657940084
1199 0.8892170657940084
1200 0.8892170657940084
1201 0.8892170657940084
1202 0.8892170657940084
1203 0.8892170657940084
1204 0.8892170657940084
1205 0.8892170657940084
1206 0.8892170657940084
1207 0.8892170657940084
1208 0.8892170657940084
1209 0.8892170657940084
1210 0.8892170657940084
1211 0.8892170657940084
1212 0.8892170657940084
1213 0.8892170657940084
1214 0.8892170657940084
1215 0.8892170657940084
1216 0.8892170657940084
1217 0.8892170657940084
1218 0.8892170657940084
1219 0.8892170657940084
1220 0.8892170657940084
1221 0.8892170657940084
1222 0.8892170657940084
1223 0.8892170657940084
1224 0.8892170657940084
1225 0.8892170657940084
1226 0.8892170657940084
1227 0.8892170657940084
1228 0.8892645149566608
1229 0.8892645149566608
1230 0.8892645149566608
1231 0.8892645149566608
1232 0.8892645149566608
1233 0.8892645149566608
1234 0.8892645149566608
1235 0.8892645149566608
1236 0.8892645149566608
1237 0.8892645149566608
1238 0.8892645149566608
1239 0.8892645149566608
1240 0.8892645149566608
1241 0.8892645149566608
1242 0.8892645149566608
1243 0.8892645149566608
1244 0.8892645149566608
1245 0.8892645149566608
1246 0.8892645149566608
1247 0.8892645149566608
1248 0.8892645149566608
1249 0.8892645149566608
1250 0.8892645149566608
1251 0.8892645149566608
1252 0.8892645149566608
1253 0.8892645149566608
1254 0.8892645149566608
1255 0.8892645149566608
1256 0.8892645149566608
1257 0.8892645149566608
1258 0.8892645149566608
1259 0.8892645149566608
1260 0.8892645149566608
1261 0.8892645149566608
1262 0.8892645149566608
1263 0.8892645149566608
1264 0.8892645149566608
1265 0.8892645149566608
1266 0.8892645149566608
1267 0.8892645149566608
1268 0.8892645149566608
1269 0.8892645149566608
1270 0.8892645149566608
1271 0.8892645149566608
1272 0.8892645149566608
1273 0.8892645149566608
1274 0.8892645149566608
1275 0.8892645149566608
1276 0.8892645149566608
1277 0.8892645149566608
1278 0.8892645149566608
1279 0.8892645149566608
1280 0.8892645149566608
1281 0.8892645149566608
1282 0.8892645149566608
1283 0.8892645149566608
1284 0.8892645149566608
1285 0.8892645149566608
1286 0.8892645149566608
1287 0.8892645149566608
1288 0.8892645149566608
1289 0.8892645149566608
1290 0.8892645149566608
1291 0.8892645149566608
1292 0.8892645149566646
1293 0.8892645149566646
1294 0.8892645149566646
1295 0.8892645149566646
1296 0.8892645149566646
1297 0.8892645149566646
1298 0.8892645149566646
1299 0.8892645149566646
1300 0.8892645149566646
1301 0.8892645149566646
1302 0.8892645149566646
1303 0.8892645149566646
1304 0.8892645149566646
1305 0.8892645149566646
1306 0.8892645149566646
1307 0.8892645149566646
1308 0.8892645149566646
1309 0.8892645149566646
1310 0.8892645149566646
1311 0.8892645149566646
1312 0.8892645149566646
1313 0.8892645149566646
1314 0.8892645149566646
1315 0.8892645149566646
1316 0.8892645149566646
1317 0.8892645149566692
1318 0.8892645149566692
1319 0.8892645149566692
1320 0.8892645149566692
1321 0.8892645149566692
1322 0.8892645149566692
1323 0.8892645149566692
1324 0.8892645149571015
1325 0.8892645149571015
1326 0.8892645149571015
1327 0.8892645149571015
1328 0.8892645149571015
1329 0.8892645149571015
1330 0.8892645149571015
1331 0.8892645149571015
1332 0.8892645149571015
1333 0.8892645149571015
1334 0.8892645149571015
1335 0.8892645149571015
1336 0.8892645149571015
1337 0.8892645149571015
1338 0.8892645149571015
1339 0.8892645149571015
1340 0.8892645149571015
1341 0.8892645149571015
1342 0.8892645149571015
1343 0.8892645149571015
1344 0.8892645149571015
1345 0.8892645149571015
1346 0.8892645149571015
1347 0.8892645149659674
1348 0.8892645149659674
1349 0.8892645149659674
1350 0.8892645149659674
1351 0.8892645149659674
1352 0.8892645149659674
1353 0.8892645149659674
1354 0.8892645149659674
1355 0.8892645149659674
1356 0.8892645149659674
1357 0.8892645149659674
1358 0.8892645149659674
1359 0.8892645149659674
1360 0.8892645149659674
1361 0.8892645149659674
1362 0.8892645149659674
1363 0.8892645149659674
1364 0.8892645149659674
1365 0.8892645149659674
1366 0.8892645149659674
1367 0.8892645149659674
1368 0.8892645149659674
1369 0.8892650309975949
1370 0.8892650309975949
1371 0.8892650309975949
1372 0.8892650309975949
1373 0.8892650309975949
1374 0.8892650309975949
1375 0.8892650309975949
1376 0.8892650309975949
1377 0.8892650309975949
1378 0.8892650309975949
1379 0.8892650309975949
1380 0.8892650309975949
1381 0.8892650309975954
1382 0.8892650309975954
1383 0.8892650309975954
1384 0.8892650309975954
1385 0.8892650309975954
1386 0.8892650309975954
1387 0.8892650309975954
1388 0.8892650309975954
1389 0.8892650309975954
1390 0.8892650309975954
1391 0.8892650309975972
1392 0.8892650309975972
1393 0.8892650309975972
1394 0.8892650309975972
1395 0.8892650309975972
1396 0.8892650309975972
1397 0.8892650309975972
1398 0.8892650309975972
1399 0.8892650309975972
1400 0.8892650309975972
1401 0.8892650309975972
1402 0.8892650309975972
1403 0.8892650309975972
1404 0.8892650309975972
1405 0.8892650309975972
1406 0.8892650309975972
1407 0.8892650309975972
1408 0.8892650309975972
1409 0.8892650309975972
1410 0.8892650309975972
1411 0.8892650309975972
1412 0.8892650309975972
1413 0.8892650309975972
1414 0.8892650309975972
1415 0.8892650309975972
1416 0.8892650309975972
1417 0.8892650309975972
1418 0.8892650309975972
1419 0.8892650309975972
1420 0.8892650309975972
1421 0.8892650309975972
1422 0.8892650309975972
1423 0.8892650309975972
1424 0.8892650309975972
1425 0.8892650309975972
1426 0.8892650309975972
1427 0.8892650309975972
1428 0.8892650309975972
1429 0.8892650309975972
1430 0.8892650309975972
1431 0.8892650309975972
1432 0.8892650309975972
1433 0.8892650309975972
1434 0.8892650309975972
1435 0.8892650309975972
1436 0.8892650309975972
1437 0.8892650309975972
1438 0.8892650309975972
1439 0.8892650309975972
1440 0.8892650309975972
1441 0.8892650309975972
1442 0.8892650309975972
1443 0.8892650309975972
1444 0.8892650309975972
1445 0.8892650309975972
1446 0.8892650309975972
1447 0.8892650309975972
1448 0.8892650309983842
1449 0.8892650309983842
1450 0.8892650309983842
1451 0.8892650309983842
1452 0.8892650309983842
1453 0.8892650309983842
1454 0.8892650309983842
1455 0.8892650309983842
1456 0.8892650309983842
1457 0.8892650309983842
1458 0.8892650309983842
1459 0.8892650309983842
1460 0.8892650309983842
1461 0.8892650309983842
1462 0.8892650309983842
1463 0.8892650309983842
1464 0.8892650309983842
1465 0.8892650309983842
1466 0.8892650309983842
1467 0.8892650309983842
1468 0.8892650309983842
1469 0.8892650309983842
1470 0.8892650309983842
1471 0.8892650309983842
1472 0.8892650309983842
1473 0.8892650309983842
1474 0.8892650309983842
1475 0.8892650309983842
1476 0.8892650309983842
1477 0.8892650309983842
1478 0.8892650309983842
1479 0.8892650309983842
1480 0.8892650309983842
1481 0.8892650309983842
1482 0.8892650309983842
1483 0.8892650309983842
1484 0.8892650309983842
1485 0.8892650309983842
1486 0.8892650309983842
1487 0.8892650309983842
1488 0.8892650309983842
1489 0.8892650309983842
1490 0.8892650309983842
1491 0.8892650309983842
1492 0.8892650309983842
1493 0.8892650309983842
1494 0.8892650309983842
1495 0.8892650309983842
1496 0.8892650309983842
1497 0.8892650309983842
1498 0.8892650309983842
1499 0.8892650309983842
