0 0.4305555555555556
1 0.4375
2 0.4629629629629629
3 0.46604938271604934
4 0.5007716049382716
5 0.5162037037037037
6 0.5277777777777778
7 0.5362654320987654
8 0.5432098765432098
9 0.5432098765432098
10 0.5462962962962963
11 0.558641975308642
12 0.5856481481481481
13 0.5856481481481481
14 0.5856481481481481
15 0.5856481481481481
16 0.5856481481481481
17 0.5856481481481481
18 0.5856481481481481
19 0.6280864197530864
20 0.6280864197530864
21 0.6280864197530864
22 0.6280864197530864
23 0.6280864197530864
24 0.6280864197530864
25 0.6280864197530864
26 0.6334876543209876
27 0.6334876543209876
28 0.6759259259259259
29 0.6759259259259259
30 0.6759259259259259
31 0.6759259259259259
32 0.6759259259259259
33 0.6759259259259259
34 0.6759259259259259
35 0.6759259259259259
36 0.6759259259259259
37 0.6929012345679013
38 0.6929012345679013
39 0.6929012345679013
40 0.6929012345679013
41 0.6929012345679013
42 0.6929012345679013
43 0.6929012345679013
44 0.6929012345679013
45 0.6929012345679013
46 0.6929012345679013
47 0.6929012345679013
48 0.6929012345679013
49 0.7330246913580247
50 0.7330246913580247
51 0.7615740740740741
52 0.7615740740740741
53 0.7615740740740741
54 0.7615740740740741
55 0.7615740740740741
56 0.7615740740740741
57 0.7615740740740741
58 0.7615740740740741
59 0.7615740740740741
60 0.7615740740740741
61 0.7615740740740741
62 0.7615740740740741
63 0.7615740740740741
64 0.7615740740740741
65 0.7615740740740741
66 0.7615740740740741
67 0.7615740740740741
68 0.7615740740740741
69 0.7615740740740741
70 0.7615740740740741
71 0.7615740740740741
72 0.7615740740740741
73 0.7615740740740741
74 0.7615740740740741
75 0.7615740740740741
76 0.7615740740740741
77 0.7615740740740741
78 0.7615740740740741
79 0.7615740740740741
80 0.7615740740740741
81 0.7615740740740741
82 0.7615740740740741
83 0.7615740740740741
84 0.7615740740740741
85 0.7700617283950617
86 0.7700617283950617
87 0.7700617283950617
88 0.7700617283950617
89 0.775462962962963
90 0.775462962962963
91 0.775462962962963
92 0.775462962962963
93 0.775462962962963
94 0.775462962962963
95 0.7808641975308642
96 0.7808641975308642
97 0.7808641975308642
98 0.7808641975308642
99 0.7808641975308642
100 0.7808641975308642
101 0.7808641975308642
102 0.8132716049382716
103 0.8132716049382716
104 0.8132716049382716
105 0.8132716049382716
106 0.8132716049382716
107 0.8132716049382716
108 0.8132716049382716
109 0.8132716049382716
110 0.8132716049382716
111 0.8132716049382716
112 0.8132716049382716
113 0.8132716049382716
114 0.8132716049382716
115 0.8132716049382716
116 0.8132716049382716
117 0.8132716049382716
118 0.8132716049382716
119 0.8132716049382716
120 0.8132716049382716
121 0.8132716049382716
122 0.8132716049382716
123 0.8132716049382716
124 0.8132716049382716
125 0.8132716049382716
126 0.8132716049382716
127 0.8132716049382716
128 0.8132716049382716
129 0.8132716049382716
130 0.8132716049382716
131 0.8132716049382716
132 0.8132716049382716
133 0.8132716049382716
134 0.8132716049382716
135 0.8132716049382716
136 0.8132716049382716
137 0.8132716049382716
138 0.8132716049382716
139 0.8132716049382716
140 0.8132716049382716
141 0.8132716049382716
142 0.8132716049382716
143 0.8132716049382716
144 0.8132716049382716
145 0.8132716049382716
146 0.8132716049382716
147 0.8132716049382716
148 0.8132716049382716
149 0.8132716049382716
150 0.8132716049382716
151 0.8132716049382716
152 0.8132716049382716
153 0.8132716049382716
154 0.8132716049382716
155 0.8132716049382716
156 0.8132716049382716
157 0.8132716049382716
158 0.8132716049382716
159 0.8132716049382716
160 0.8132716049382716
161 0.8132716049382716
162 0.8132716049382716
163 0.8132716049382716
164 0.8132716049382716
165 0.8132716049382716
166 0.8132716049382716
167 0.8132716049382716
168 0.8132716049382716
169 0.8132716049382716
170 0.8132716049382716
171 0.8132716049382716
172 0.8132716049382716
173 0.8132716049382716
174 0.8132716049382716
175 0.8132716049382716
176 0.8132716049382716
177 0.8132716049382716
178 0.8132716049382716
179 0.8132716049382716
180 0.8132716049382716
181 0.8132716049382716
182 0.8132716049382716
183 0.8132716049382716
184 0.8132716049382716
185 0.8132716049382716
186 0.8132716049382716
187 0.8132716049382716
188 0.8132716049382716
189 0.8132716049382716
190 0.8132716049382716
191 0.8132716049382716
192 0.8132716049382716
193 0.8132716049382716
194 0.8132716049382716
195 0.8132716049382716
196 0.8132716049382716
197 0.8132716049382716
198 0.8132716049382716
199 0.8132716049382716
200 0.8132716049382716
201 0.8132716049382716
202 0.8132716049382716
203 0.8132716049382716
204 0.8132716049382716
205 0.8132716049382716
206 0.8132716049382716
207 0.8132716049382716
208 0.8132716049382716
209 0.8132716049382716
210 0.8132716049382716
211 0.8132716049382716
212 0.8132716049382716
213 0.8132716049382716
214 0.8132716049382716
215 0.8132716049382716
216 0.8132716049382716
217 0.8279320987654322
218 0.8279320987654322
219 0.8279320987654322
220 0.8279320987654322
221 0.8279320987654322
222 0.8279320987654322
223 0.8279320987654322
224 0.8279320987654322
225 0.8279320987654322
226 0.8279320987654322
227 0.8279320987654322
228 0.8279320987654322
229 0.8279320987654322
230 0.8279320987654322
231 0.8279320987654322
232 0.8279320987654322
233 0.8279320987654322
234 0.8279320987654322
235 0.8279320987654322
236 0.8279320987654322
237 0.8279320987654322
238 0.8279320987654322
239 0.8279320987654322
240 0.8279320987654322
241 0.8279320987654322
242 0.8279320987654322
243 0.8279320987654322
244 0.8279320987654322
245 0.8279320987654322
246 0.8279320987654322
247 0.8279320987654322
248 0.8279320987654322
249 0.8279320987654322
250 0.8279320987654322
251 0.8279320987654322
252 0.8279320987654322
253 0.8279320987654322
254 0.8279320987654322
255 0.8279320987654322
256 0.8279320987654322
257 0.8279320987654322
258 0.8279320987654322
259 0.8279320987654322
260 0.8279320987654322
261 0.8279320987654322
262 0.8279320987654322
263 0.8279320987654322
264 0.8279320987654322
265 0.8279320987654322
266 0.8279320987654322
267 0.8279320987654322
268 0.8279320987654322
269 0.8279320987654322
270 0.8279320987654322
271 0.8279320987654322
272 0.8279320987654322
273 0.8279320987654322
274 0.8279320987654322
275 0.8279320987654322
276 0.8279320987654322
277 0.8279320987654322
278 0.8279320987654322
279 0.8279320987654322
280 0.8279320987654322
281 0.8279320987654322
282 0.8279320987654322
283 0.8279320987654322
284 0.8279320987654322
285 0.8279320987654322
286 0.8279320987654322
287 0.8279320987654322
288 0.8279320987654322
289 0.8279320987654322
290 0.8279320987654322
291 0.8279320987654322
292 0.8279320987654322
293 0.8279320987654322
294 0.8279320987654322
295 0.8279320987654322
296 0.8279320987654322
297 0.8279320987654322
298 0.8279320987654322
299 0.8279320987654322
300 0.8279320987654322
301 0.8279320987654322
302 0.8279320987654322
303 0.8279320987654322
304 0.8279320987654322
305 0.8279320987654322
306 0.8279320987654322
307 0.8279320987654322
308 0.8279320987654322
309 0.8279320987654322
310 0.8279320987654322
311 0.8279320987654322
312 0.8279320987654322
313 0.8279320987654322
314 0.8279320987654322
315 0.8279320987654322
316 0.8279320987654322
317 0.8279320987654322
318 0.8279320987654322
319 0.8279320987654322
320 0.8279320987654322
321 0.8279320987654322
322 0.8279320987654322
323 0.8279320987654322
324 0.8279320987654322
325 0.8279320987654322
326 0.8279320987654322
327 0.8279320987654322
328 0.8279320987654322
329 0.8279320987654322
330 0.8279320987654322
331 0.8279320987654322
332 0.8279320987654322
333 0.8279320987654322
334 0.8279320987654322
335 0.8279320987654322
336 0.8279320987654322
337 0.8279320987654322
338 0.8279320987654322
339 0.8287037037037037
340 0.8287037037037037
341 0.8287037037037037
342 0.8287037037037037
343 0.8287037037037037
344 0.8287037037037037
345 0.8287037037037037
346 0.8287037037037037
347 0.8287037037037037
348 0.8287037037037037
349 0.8287037037037037
350 0.8287037037037037
351 0.8287037037037037
352 0.8395061728395061
353 0.8395061728395061
354 0.8395061728395061
355 0.8395061728395061
356 0.8395061728395061
357 0.8395061728395061
358 0.8395061728395061
359 0.8395061728395061
360 0.8395061728395061
361 0.8395061728395061
362 0.8395061728395061
363 0.8395061728395061
364 0.8395061728395061
365 0.8395061728395061
366 0.8395061728395061
367 0.8395061728395061
368 0.8395061728395061
369 0.8395061728395061
370 0.8395061728395061
371 0.8395061728395061
372 0.8395061728395061
373 0.8395061728395061
374 0.8395061728395061
375 0.8395061728395061
376 0.8395061728395061
377 0.8395061728395061
378 0.8395061728395061
379 0.8395061728395061
380 0.8395061728395061
381 0.8395061728395061
382 0.8395061728395061
383 0.8395061728395061
384 0.8395061728395061
385 0.8395061728395061
386 0.8395061728395061
387 0.8395061728395061
388 0.8395061728395061
389 0.8395061728395061
390 0.8395061728395061
391 0.8395061728395061
392 0.8395061728395061
393 0.8395061728395061
394 0.8395061728395061
395 0.8395061728395061
396 0.8395061728395061
397 0.8395061728395061
398 0.8395061728395061
399 0.8395061728395061
400 0.8395061728395061
401 0.8395061728395061
402 0.8395061728395061
403 0.8395061728395061
404 0.8395061728395061
405 0.8395061728395061
406 0.8395061728395061
407 0.8395061728395061
408 0.8395061728395061
409 0.8395061728395061
410 0.8395061728395061
411 0.8395061728395061
412 0.8395061728395061
413 0.8395061728395061
414 0.8395061728395061
415 0.8395061728395061
416 0.8395061728395061
417 0.8395061728395061
418 0.8395061728395061
419 0.8395061728395061
420 0.8395061728395061
421 0.8395061728395061
422 0.8395061728395061
423 0.8395061728395061
424 0.8395061728395061
425 0.8395061728395061
426 0.8395061728395061
427 0.8410493827160493
428 0.8410493827160493
429 0.8410493827160493
430 0.8410493827160493
431 0.8410493827160493
432 0.8410493827160493
433 0.8410493827160493
434 0.8410493827160493
435 0.8410493827160493
436 0.8410493827160493
437 0.8410493827160493
438 0.8410493827160493
439 0.8410493827160493
440 0.8410493827160493
441 0.8410493827160493
442 0.8410493827160493
443 0.8410493827160493
444 0.8410493827160493
445 0.8410493827160493
446 0.8410493827160493
447 0.8410493827160493
448 0.8518518518518519
449 0.8518518518518519
450 0.8518518518518519
451 0.8518518518518519
452 0.8518518518518519
453 0.8518518518518519
454 0.8518518518518519
455 0.8518518518518519
456 0.8518518518518519
457 0.8518518518518519
458 0.8518518518518519
459 0.8518518518518519
460 0.8518518518518519
461 0.8518518518518519
462 0.8518518518518519
463 0.8549382716049383
464 0.8549382716049383
465 0.8549382716049383
466 0.8549382716049383
467 0.8549382716049383
468 0.8549382716049383
469 0.8549382716049383
470 0.8549382716049383
471 0.8549382716049383
472 0.8549382716049383
473 0.8549382716049383
474 0.8549382716049383
475 0.8549382716049383
476 0.8549382716049383
477 0.8549382716049383
478 0.8549382716049383
479 0.8549382716049383
480 0.8549382716049383
481 0.8549382716049383
482 0.8549382716049383
483 0.8549382716049383
484 0.8549382716049383
485 0.8549382716049383
486 0.8549382716049383
487 0.8549382716049383
488 0.8549382716049383
489 0.8549382716049383
490 0.8549382716049383
491 0.8649691358024691
492 0.8649691358024691
493 0.8649691358024691
494 0.8649691358024691
495 0.8649691358024691
496 0.8649691358024691
497 0.8649691358024691
498 0.8649691358024691
499 0.8649691358024691
500 0.8649691358024691
501 0.8649691358024691
502 0.8649691358024691
503 0.8649691358024691
504 0.8649691358024691
505 0.8649691358024691
506 0.8649691358024691
507 0.8649691358024691
508 0.8649691358024691
509 0.8649691358024691
510 0.8649691358024691
511 0.8649691358024691
512 0.8649691358024691
513 0.8649691358024691
514 0.8649691358024691
515 0.8649691358024691
516 0.8649691358024691
517 0.8649691358024691
518 0.8649691358024691
519 0.8649691358024691
520 0.8649691358024691
521 0.8649691358024691
522 0.8649691358024691
523 0.8649691358024691
524 0.8649691358024691
525 0.8649691358024691
526 0.8649691358024691
527 0.8649691358024691
528 0.8649691358024691
529 0.8649691358024691
530 0.8649691358024691
531 0.8649691358024691
532 0.8649691358024691
533 0.8649691358024691
534 0.8649691358024691
535 0.8649691358024691
536 0.8649691358024691
537 0.8649691358024691
538 0.8649691358024691
539 0.8649691358024691
540 0.8649691358024691
541 0.8649691358024691
542 0.8649691358024691
543 0.8649691358024691
544 0.8649691358024691
545 0.8649691358024691
546 0.8649691358024691
547 0.8649691358024691
548 0.8649691358024691
549 0.8649691358024691
550 0.8649691358024691
551 0.8649691358024691
552 0.8649691358024691
553 0.8649691358024691
554 0.8649691358024691
555 0.8649691358024691
556 0.8649691358024691
557 0.8649691358024691
558 0.8649691358024691
559 0.8649691358024691
560 0.8649691358024691
561 0.8649691358024691
562 0.8649691358024691
563 0.8649691358024691
564 0.8649691358024691
565 0.8649691358024691
566 0.8649691358024691
567 0.8649691358024691
568 0.8649691358024691
569 0.8649691358024691
570 0.8649691358024691
571 0.8649691358024691
572 0.8649691358024691
573 0.8649691358024691
574 0.8649691358024691
575 0.8649691358024691
576 0.8649691358024691
577 0.8649691358024691
578 0.8649691358024691
579 0.8649691358024691
580 0.8649691358024691
581 0.8649691358024691
582 0.8649691358024691
583 0.8649691358024691
584 0.8649691358024691
585 0.8649691358024691
586 0.8649691358024691
587 0.8649691358024691
588 0.8649691358024691
589 0.8649691358024691
590 0.8649691358024691
591 0.8649691358024691
592 0.8649691358024691
593 0.8649691358024691
594 0.8649691358024691
595 0.8649691358024691
596 0.8649691358024691
597 0.8649691358024691
598 0.8649691358024691
599 0.8649691358024691
600 0.8649691358024691
601 0.8649691358024691
602 0.8649691358024691
603 0.8649691358024691
604 0.8649691358024691
605 0.8649691358024691
606 0.8649691358024691
607 0.8649691358024691
608 0.8649691358024691
609 0.8649691358024691
610 0.8649691358024691
611 0.8649691358024691
612 0.8649691358024691
613 0.8649691358024691
614 0.8649691358024691
615 0.8649691358024691
616 0.8649691358024691
617 0.8649691358024691
618 0.8649691358024691
619 0.8649691358024691
620 0.8649691358024691
621 0.8649691358024691
622 0.8649691358024691
623 0.8649691358024691
624 0.8649691358024691
625 0.8649691358024691
626 0.8649691358024691
627 0.8649691358024691
628 0.8649691358024691
629 0.8649691358024691
630 0.8649691358024691
631 0.8649691358024691
632 0.8649691358024691
633 0.8649691358024691
634 0.8649691358024691
635 0.8649691358024691
636 0.8649691358024691
637 0.8649691358024691
638 0.8649691358024691
639 0.8649691358024691
640 0.8649691358024691
641 0.8649691358024691
642 0.8649691358024691
643 0.8649691358024691
644 0.8649691358024691
645 0.8649691358024691
646 0.8649691358024691
647 0.8649691358024691
648 0.8649691358024691
649 0.8649691358024691
650 0.8649691358024691
651 0.8649691358024691
652 0.8649691358024691
653 0.8649691358024691
654 0.8649691358024691
655 0.8649691358024691
656 0.8649691358024691
657 0.8649691358024691
658 0.8649691358024691
659 0.8649691358024691
660 0.8649691358024691
661 0.8649691358024691
662 0.8649691358024691
663 0.8649691358024691
664 0.8649691358024691
665 0.8649691358024691
666 0.8649691358024691
667 0.8649691358024691
668 0.8649691358024691
669 0.8649691358024691
670 0.8649691358024691
671 0.8649691358024691
672 0.8649691358024691
673 0.8649691358024691
674 0.8649691358024691
675 0.8649691358024691
676 0.8649691358024691
677 0.8649691358024691
678 0.8649691358024691
679 0.8649691358024691
680 0.8649691358024691
681 0.8649691358024691
682 0.8649691358024691
683 0.8649691358024691
684 0.8649691358024691
685 0.8649691358024691
686 0.8649691358024691
687 0.8649691358024691
688 0.8649691358024691
689 0.8649691358024691
690 0.8649691358024691
691 0.8649691358024691
692 0.8649691358024691
693 0.8649691358024691
694 0.8649691358024691
695 0.8649691358024691
696 0.8649691358024691
697 0.8649691358024691
698 0.8649691358024691
699 0.8649691358024691
700 0.8649691358024691
701 0.8649691358024691
702 0.8657407407407407
703 0.8657407407407407
704 0.8657407407407407
705 0.8657407407407407
706 0.8657407407407407
707 0.8657407407407407
708 0.8657407407407407
709 0.8719135802469136
710 0.8719135802469136
711 0.8719135802469136
712 0.8719135802469136
713 0.8719135802469136
714 0.8719135802469136
715 0.8719135802469136
716 0.8719135802469136
717 0.8719135802469136
718 0.8719135802469136
719 0.8719135802469136
720 0.8719135802469136
721 0.8719135802469136
722 0.8719135802469136
723 0.8719135802469136
724 0.8719135802469136
725 0.8719135802469136
726 0.8719135802469136
727 0.8719135802469136
728 0.8719135802469136
729 0.8719135802469136
730 0.8719135802469136
731 0.8719135802469136
732 0.8719135802469136
733 0.8719135802469136
734 0.8719135802469136
735 0.8719135802469136
736 0.8719135802469136
737 0.8719135802469136
738 0.8719135802469136
739 0.8719135802469136
740 0.8719135802469136
741 0.8719135802469136
742 0.8719135802469136
743 0.8719135802469136
744 0.8719135802469136
745 0.8719135802469136
746 0.8719135802469136
747 0.8719135802469136
748 0.8719135802469136
749 0.8719135802469136
750 0.8719135802469136
751 0.8719135802469136
752 0.8719135802469136
753 0.8719135802469136
754 0.8719135802469136
755 0.8719135802469136
756 0.8719135802469136
757 0.8719135802469136
758 0.8719135802469136
759 0.8719135802469136
760 0.8719135802469136
761 0.8719135802469136
762 0.8719135802469136
763 0.8719135802469136
764 0.8719135802469136
765 0.8719135802469136
766 0.8719135802469136
767 0.8719135802469136
768 0.8719135802469136
769 0.8719135802469136
770 0.8719135802469136
771 0.8719135802469136
772 0.8719135802469136
773 0.8719135802469136
774 0.8719135802469136
775 0.8719135802469136
776 0.8719135802469136
777 0.8719135802469136
778 0.8719135802469136
779 0.8773148148148148
780 0.8773148148148148
781 0.8773148148148148
782 0.8773148148148148
783 0.8773148148148148
784 0.8773148148148148
785 0.8773148148148148
786 0.8773148148148148
787 0.8773148148148148
788 0.8773148148148148
789 0.8773148148148148
790 0.8773148148148148
791 0.8773148148148148
792 0.8773148148148148
793 0.8773148148148148
794 0.8773148148148148
795 0.8773148148148148
796 0.8773148148148148
797 0.8773148148148148
798 0.8773148148148148
799 0.8773148148148148
800 0.8773148148148148
801 0.8773148148148148
802 0.8773148148148148
803 0.8773148148148148
804 0.8773148148148148
805 0.8773148148148148
806 0.8919753086419753
807 0.8919753086419753
808 0.8919753086419753
809 0.8919753086419753
810 0.8919753086419753
811 0.8919753086419753
812 0.8919753086419753
813 0.8919753086419753
814 0.8919753086419753
815 0.8919753086419753
816 0.8919753086419753
817 0.8919753086419753
818 0.8919753086419753
819 0.8919753086419753
820 0.8919753086419753
821 0.8919753086419753
822 0.8919753086419753
823 0.8919753086419753
824 0.8919753086419753
825 0.8919753086419753
826 0.8919753086419753
827 0.8919753086419753
828 0.8919753086419753
829 0.8919753086419753
830 0.8919753086419753
831 0.8919753086419753
832 0.8919753086419753
833 0.8919753086419753
834 0.8919753086419753
835 0.8919753086419753
836 0.8919753086419753
837 0.8919753086419753
838 0.8919753086419753
839 0.8919753086419753
840 0.8919753086419753
841 0.8919753086419753
842 0.8919753086419753
843 0.8919753086419753
844 0.8919753086419753
845 0.8919753086419753
846 0.8919753086419753
847 0.8919753086419753
848 0.8919753086419753
849 0.8919753086419753
850 0.8919753086419753
851 0.8919753086419753
852 0.8919753086419753
853 0.8919753086419753
854 0.8919753086419753
855 0.8919753086419753
856 0.8919753086419753
857 0.8919753086419753
858 0.8919753086419753
859 0.8919753086419753
860 0.8919753086419753
861 0.8919753086419753
862 0.8919753086419753
863 0.8919753086419753
864 0.8919753086419753
865 0.8919753086419753
866 0.8919753086419753
867 0.8919753086419753
868 0.8919753086419753
869 0.8919753086419753
870 0.8919753086419753
871 0.8919753086419753
872 0.8919753086419753
873 0.8919753086419753
874 0.8919753086419753
875 0.8919753086419753
876 0.8919753086419753
877 0.8919753086419753
878 0.8919753086419753
879 0.8919753086419753
880 0.8919753086419753
881 0.8919753086419753
882 0.8919753086419753
883 0.8919753086419753
884 0.8919753086419753
885 0.8919753086419753
886 0.8919753086419753
887 0.8919753086419753
888 0.8919753086419753
889 0.8919753086419753
890 0.8919753086419753
891 0.8919753086419753
892 0.8919753086419753
893 0.8919753086419753
894 0.8919753086419753
895 0.8919753086419753
896 0.8919753086419753
897 0.8919753086419753
898 0.8919753086419753
899 0.8919753086419753
900 0.8919753086419753
901 0.8919753086419753
902 0.8919753086419753
903 0.8919753086419753
904 0.8919753086419753
905 0.8919753086419753
906 0.8919753086419753
907 0.8919753086419753
908 0.8919753086419753
909 0.8919753086419753
910 0.8919753086419753
911 0.8919753086419753
912 0.8919753086419753
913 0.8919753086419753
914 0.8919753086419753
915 0.8919753086419753
916 0.8919753086419753
917 0.8919753086419753
918 0.8919753086419753
919 0.8919753086419753
920 0.8919753086419753
921 0.8919753086419753
922 0.8919753086419753
923 0.8919753086419753
924 0.8919753086419753
925 0.8919753086419753
926 0.8919753086419753
927 0.8919753086419753
928 0.8919753086419753
929 0.8919753086419753
930 0.8919753086419753
931 0.8919753086419753
932 0.8919753086419753
933 0.8919753086419753
934 0.8919753086419753
935 0.8919753086419753
936 0.8919753086419753
937 0.8919753086419753
938 0.8919753086419753
939 0.8919753086419753
940 0.8919753086419753
941 0.8919753086419753
942 0.8919753086419753
943 0.8919753086419753
944 0.8919753086419753
945 0.8919753086419753
946 0.8919753086419753
947 0.8919753086419753
948 0.8919753086419753
949 0.8919753086419753
950 0.8919753086419753
951 0.8919753086419753
952 0.8919753086419753
953 0.8919753086419753
954 0.8919753086419753
955 0.8919753086419753
956 0.8919753086419753
957 0.8919753086419753
958 0.8919753086419753
959 0.8919753086419753
960 0.8919753086419753
961 0.8919753086419753
962 0.8919753086419753
963 0.8919753086419753
964 0.8919753086419753
965 0.8919753086419753
966 0.8919753086419753
967 0.8919753086419753
968 0.8919753086419753
969 0.8919753086419753
970 0.8919753086419753
971 0.8919753086419753
972 0.8919753086419753
973 0.8919753086419753
974 0.8919753086419753
975 0.8919753086419753
976 0.8919753086419753
977 0.8919753086419753
978 0.8919753086419753
979 0.8919753086419753
980 0.8919753086419753
981 0.8919753086419753
982 0.8919753086419753
983 0.8919753086419753
984 0.8919753086419753
985 0.8919753086419753
986 0.8919753086419753
987 0.8919753086419753
988 0.8919753086419753
989 0.8919753086419753
990 0.8919753086419753
991 0.8919753086419753
992 0.8919753086419753
993 0.8919753086419753
994 0.8919753086419753
995 0.8919753086419753
996 0.8919753086419753
997 0.8919753086419753
998 0.8919753086419753
999 0.8919753086419753
