0 -86.30161217732703
1 -17.15942008790325
2 -17.15942008790325
3 -17.15942008790325
4 -17.15942008790325
5 -17.15942008790325
6 55.497235240474
7 55.497235240474
8 55.497235240474
9 55.497235240474
10 55.497235240474
11 55.497235240474
12 55.497235240474
13 55.497235240474
14 55.497235240474
15 55.497235240474
16 55.497235240474
17 55.497235240474
18 55.497235240474
19 55.497235240474
20 55.497235240474
21 55.497235240474
22 55.497235240474
23 126.77561695865036
24 126.77561695865036
25 126.77561695865036
26 126.77561695865036
27 126.77561695865036
28 126.77561695865036
29 126.77561695865036
30 126.77561695865036
31 126.77561695865036
32 126.77561695865036
33 137.7205815243183
34 137.7205815243183
35 137.7205815243183
36 137.7205815243183
37 137.7205815243183
38 144.92231180130804
39 144.92231180130804
40 144.92231180130804
41 144.92231180130804
42 144.92231180130804
43 144.92231180130804
44 144.92231180130804
45 144.92231180130804
46 144.92231180130804
47 144.92231180130804
48 144.92231180130804
49 144.92231180130804
50 144.92231180130804
51 144.92231180130804
52 144.92231180130804
53 144.92231180130804
54 144.92231180130804
55 151.04914442244095
56 151.04914442244095
57 151.04914442244095
58 151.04914442244095
59 151.04914442244095
60 165.21873146102905
61 165.21873146102905
62 165.21873146102905
63 165.21873146102905
64 165.21873146102905
65 165.21873146102905
66 165.21873146102905
67 165.21873146102905
68 165.21873146102905
69 165.21873146102905
70 165.21873146102905
71 165.21873146102905
72 165.21873146102905
73 165.21873146102905
74 165.21873146102905
75 165.21873146102905
76 165.21873146102905
77 165.21873146102905
78 165.21873146102905
79 165.21873146102905
80 165.21873146102905
81 165.58712544810854
82 165.58712544810854
83 172.0364753239511
84 172.0364753239511
85 172.0364753239511
86 172.0364753239511
87 172.0364753239511
88 178.67917793833067
89 178.67917793833067
90 178.67917793833067
91 178.67917793833067
92 178.67917793833067
93 188.30522634352658
94 188.30522634352658
95 188.30522634352658
96 188.30522634352658
97 188.30522634352658
98 188.30522634352658
99 188.30522634352658
100 188.30522634352658
101 188.30522634352658
102 188.30522634352658
103 188.30522634352658
104 188.30522634352658
105 188.30522634352658
106 188.30522634352658
107 188.30522634352658
108 191.75238610357272
109 191.75238610357272
110 191.75238610357272
111 191.75238610357272
112 191.75238610357272
113 191.75238610357272
114 191.75238610357272
115 191.75238610357272
116 191.75238610357272
117 191.75238610357272
118 191.75238610357272
119 191.75238610357272
120 191.75238610357272
121 191.75238610357272
122 192.56402493248177
123 192.56402493248177
124 192.56402493248177
125 192.56402493248177
126 192.56402493248177
127 192.56402493248177
128 192.56402493248177
129 192.56402493248177
130 192.56402493248177
131 192.56402493248177
132 192.56402493248177
133 192.56402493248177
134 192.56402493248177
135 192.56402493248177
136 192.56402493248177
137 192.56402493248177
138 192.56402493248177
139 192.56402493248177
140 192.56402493248177
141 192.56402493248177
142 192.56402493248177
143 192.56402493248177
144 192.56402493248177
145 192.56402493248177
146 192.56402493248177
147 192.56402493248177
148 192.56402493248177
149 192.56402493248177
150 192.56402493248177
151 192.56402493248177
152 192.56402493248177
153 192.56402493248177
154 192.56402493248177
155 192.56402493248177
156 192.56402493248177
157 192.56402493248177
158 192.56402493248177
159 192.56402493248177
160 192.56402493248177
161 192.56402493248177
162 192.56402493248177
163 192.56402493248177
164 192.56402493248177
165 192.56402493248177
166 192.56402493248177
167 192.56402493248177
168 192.56402493248177
169 192.56402493248177
170 192.56402493248177
171 196.92569974941577
172 196.92569974941577
173 198.38217730183177
174 198.38217730183177
175 198.38217730183177
176 198.38217730183177
177 198.38217730183177
178 198.38217730183177
179 198.38217730183177
180 198.38217730183177
181 198.38217730183177
182 198.38217730183177
183 198.38217730183177
184 198.38217730183177
185 198.38217730183177
186 198.38217730183177
187 198.38217730183177
188 198.38217730183177
189 198.38217730183177
190 198.38217730183177
191 198.38217730183177
192 198.38217730183177
193 198.38217730183177
194 198.38217730183177
195 198.38217730183177
196 198.38217730183177
197 198.38217730183177
198 198.38217730183177
199 198.38217730183177
200 198.38217730183177
201 198.38217730183177
202 198.38217730183177
203 198.38217730183177
204 198.38217730183177
205 198.38217730183177
206 198.38217730183177
207 198.38217730183177
208 198.38217730183177
209 198.38217730183177
210 198.38217730183177
211 198.38217730183177
212 198.38217730183177
213 198.38217730183177
214 198.38217730183177
215 198.38217730183177
216 198.38217730183177
217 198.38217730183177
218 198.38217730183177
219 198.38217730183177
220 198.38217730183177
221 198.38217730183177
222 198.38217730183177
223 198.38217730183177
224 198.38217730183177
225 198.38217730183177
226 198.38217730183177
227 198.38217730183177
228 198.38217730183177
229 198.38217730183177
230 198.38217730183177
231 198.38217730183177
232 198.38217730183177
233 198.38217730183177
234 198.38217730183177
235 198.38217730183177
236 198.38217730183177
237 198.38217730183177
238 198.38217730183177
239 198.38217730183177
240 198.38217730183177
241 198.38217730183177
242 198.38217730183177
243 198.38217730183177
244 198.38217730183177
245 198.38217730183177
246 198.38217730183177
247 198.38217730183177
248 198.38217730183177
249 198.38217730183177
250 198.38217730183177
251 198.38217730183177
252 198.38217730183177
253 198.38217730183177
254 198.38217730183177
255 198.38217730183177
256 198.38217730183177
257 198.38217730183177
258 198.38217730183177
259 198.38217730183177
260 198.38217730183177
261 198.38217730183177
262 198.38217730183177
263 198.38217730183177
264 198.38217730183177
265 198.38217730183177
266 198.38217730183177
267 198.38217730183177
268 198.38217730183177
269 198.38217730183177
270 198.38217730183177
271 198.38217730183177
272 198.38217730183177
273 198.38217730183177
274 198.38217730183177
275 198.38217730183177
276 198.38217730183177
277 198.38217730183177
278 198.38217730183177
279 198.38217730183177
280 198.38217730183177
281 198.38217730183177
282 198.38217730183177
283 198.38217730183177
284 198.38217730183177
285 198.38217730183177
286 198.38217730183177
287 198.38217730183177
288 198.38217730183177
289 198.38217730183177
290 198.38217730183177
291 198.38217730183177
292 198.38217730183177
293 198.38217730183177
294 198.38217730183177
295 198.38217730183177
296 198.38217730183177
297 198.38217730183177
298 198.38217730183177
299 198.38217730183177
300 198.38217730183177
301 198.38217730183177
302 198.38217730183177
303 198.38217730183177
304 198.38217730183177
305 198.38217730183177
306 198.38217730183177
307 198.38217730183177
308 198.38217730183177
309 198.38217730183177
310 198.38217730183177
311 198.38217730183177
312 198.38217730183177
313 198.38217730183177
314 198.38217730183177
315 198.38217730183177
316 198.38217730183177
317 198.38217730183177
318 198.38217730183177
319 198.38217730183177
320 198.38217730183177
321 198.38217730183177
322 198.38217730183177
323 198.38217730183177
324 198.38217730183177
325 198.38217730183177
326 198.38217730183177
327 198.38217730183177
328 198.38217730183177
329 198.38217730183177
330 198.38217730183177
331 198.38217730183177
332 198.38217730183177
333 198.38217730183177
334 198.38217730183177
335 198.38217730183177
336 198.38217730183177
337 198.38217730183177
338 198.38217730183177
339 198.38217730183177
340 198.38217730183177
341 198.38217730183177
342 198.38217730183177
343 198.38217730183177
344 198.38217730183177
345 198.38217730183177
346 198.38217730183177
347 198.38217730183177
348 198.38217730183177
349 198.38217730183177
350 198.38217730183177
351 198.38217730183177
352 198.38217730183177
353 198.38217730183177
354 198.38217730183177
355 198.38217730183177
356 198.38217730183177
357 198.38217730183177
358 198.38217730183177
359 198.38217730183177
360 198.38217730183177
361 198.38217730183177
362 198.38217730183177
363 198.38217730183177
364 198.38217730183177
365 198.38217730183177
366 198.38217730183177
367 198.38217730183177
368 198.38217730183177
369 198.38217730183177
370 198.38217730183177
371 198.38217730183177
372 198.38217730183177
373 198.38217730183177
374 198.38217730183177
375 198.38217730183177
376 198.38217730183177
377 198.38217730183177
378 198.38217730183177
379 198.38217730183177
380 198.38217730183177
381 198.38217730183177
382 198.38217730183177
383 198.38217730183177
384 198.38217730183177
385 198.38217730183177
386 198.38217730183177
387 198.38217730183177
388 198.38217730183177
389 198.38217730183177
390 198.38217730183177
391 198.38217730183177
392 198.38217730183177
393 198.38217730183177
394 198.38217730183177
395 198.38217730183177
396 198.38217730183177
397 198.38217730183177
398 198.38217730183177
399 198.38217730183177
400 198.38217730183177
401 198.38217730183177
402 198.38217730183177
403 198.38217730183177
404 198.38217730183177
405 198.38217730183177
406 198.38217730183177
407 198.38217730183177
408 198.38217730183177
409 198.38217730183177
410 198.38217730183177
411 198.38217730183177
412 198.38217730183177
413 198.38217730183177
414 198.38217730183177
415 198.38217730183177
416 198.38217730183177
417 198.38217730183177
418 198.38217730183177
419 198.38217730183177
420 198.38217730183177
421 198.38217730183177
422 198.38217730183177
423 198.38217730183177
424 198.38217730183177
425 198.38217730183177
426 198.38217730183177
427 198.38217730183177
428 198.38217730183177
429 198.38217730183177
430 198.38217730183177
431 198.38217730183177
432 198.38217730183177
433 198.38217730183177
434 198.38217730183177
435 198.38217730183177
436 198.38217730183177
437 198.38217730183177
438 198.38217730183177
439 198.38217730183177
440 198.38217730183177
441 198.38217730183177
442 198.38217730183177
443 198.38217730183177
444 198.38217730183177
445 198.38217730183177
446 198.38217730183177
447 198.38217730183177
448 198.38217730183177
449 198.38217730183177
450 198.38217730183177
451 198.38217730183177
452 198.38217730183177
453 198.38217730183177
454 198.38217730183177
455 198.38217730183177
456 198.6649738991734
457 198.6649738991734
458 198.6649738991734
459 198.6649738991734
460 198.6649738991734
461 198.6649738991734
462 198.6649738991734
463 198.6649738991734
464 198.6649738991734
465 198.6649738991734
466 198.6649738991734
467 198.6649738991734
468 198.6649738991734
469 198.6649738991734
470 198.6649738991734
471 198.6649738991734
472 198.6649738991734
473 198.6649738991734
474 198.6649738991734
475 198.6649738991734
476 198.6649738991734
477 198.6649738991734
478 198.6649738991734
479 198.6649738991734
480 198.6649738991734
481 198.6649738991734
482 198.6649738991734
483 198.6649738991734
484 198.6649738991734
485 198.6649738991734
486 198.6649738991734
487 198.6649738991734
488 198.6649738991734
489 198.6649738991734
490 198.6649738991734
491 198.6649738991734
492 198.6649738991734
493 198.6649738991734
494 198.6649738991734
495 198.6649738991734
496 198.6649738991734
497 198.6649738991734
498 198.6649738991734
499 198.6649738991734
500 198.6649738991734
501 198.6649738991734
502 198.6649738991734
503 198.6649738991734
504 198.6649738991734
505 198.6649738991734
506 198.6649738991734
507 198.6649738991734
508 198.6649738991734
509 198.6649738991734
510 198.6649738991734
511 198.6649738991734
512 198.6649738991734
513 198.6649738991734
514 198.6649738991734
515 198.6649738991734
516 198.6649738991734
517 198.6649738991734
518 198.6649738991734
519 198.6649738991734
520 198.6649738991734
521 198.6649738991734
522 198.6649738991734
523 198.6649738991734
524 198.6649738991734
525 198.6649738991734
526 198.6649738991734
527 198.6649738991734
528 198.6649738991734
529 198.6649738991734
530 198.6649738991734
531 198.6649738991734
532 198.6649738991734
533 198.6649738991734
534 198.6649738991734
535 198.6649738991734
536 198.6649738991734
537 198.6649738991734
538 198.6649738991734
539 198.6649738991734
540 198.6649738991734
541 198.6649738991734
542 198.6649738991734
543 198.6649738991734
544 198.6649738991734
545 198.6649738991734
546 198.6649738991734
547 198.6649738991734
548 198.6649738991734
549 198.6649738991734
550 198.6649738991734
551 198.6649738991734
552 198.6649738991734
553 198.6649738991734
554 198.6649738991734
555 198.6649738991734
556 198.6649738991734
557 198.6649738991734
558 198.6649738991734
559 198.6649738991734
560 198.6649738991734
561 198.6649738991734
562 198.6649738991734
563 198.6649738991734
564 198.6649738991734
565 198.6649738991734
566 198.6649738991734
567 198.6649738991734
568 198.6649738991734
569 198.6649738991734
570 198.6649738991734
571 198.6649738991734
572 198.6649738991734
573 198.6649738991734
574 198.6649738991734
575 198.6649738991734
576 198.6649738991734
577 198.6649738991734
578 198.6649738991734
579 198.6649738991734
580 198.6649738991734
581 198.6649738991734
582 198.6649738991734
583 198.6649738991734
584 198.6649738991734
585 198.6649738991734
586 198.6649738991734
587 198.6649738991734
588 198.6649738991734
589 198.6649738991734
590 198.6649738991734
591 198.6649738991734
592 198.6649738991734
593 198.6649738991734
594 198.6649738991734
595 198.6649738991734
596 198.6649738991734
597 198.6649738991734
598 198.6649738991734
599 198.6649738991734
600 198.6649738991734
601 198.6649738991734
602 198.6649738991734
603 198.6649738991734
604 198.6649738991734
605 198.6649738991734
606 198.6649738991734
607 198.6649738991734
608 198.6649738991734
609 198.6649738991734
610 198.6649738991734
611 198.6649738991734
612 198.6649738991734
613 198.6649738991734
614 198.6649738991734
615 198.6649738991734
616 198.6649738991734
617 198.6649738991734
618 198.6649738991734
619 198.6649738991734
620 198.6649738991734
621 198.6649738991734
622 198.6649738991734
623 198.6649738991734
624 198.6649738991734
625 198.6649738991734
626 198.6649738991734
627 198.6649738991734
628 198.6649738991734
629 198.6649738991734
630 198.6649738991734
631 198.6649738991734
632 198.6649738991734
633 198.6649738991734
634 198.6649738991734
635 198.6649738991734
636 198.6649738991734
637 198.6649738991734
638 199.05528064930158
639 199.05528064930158
640 199.05528064930158
641 199.05528064930158
642 199.05528064930158
643 199.05528064930158
644 199.05528064930158
645 199.05528064930158
646 199.05528064930158
647 199.05528064930158
648 199.05528064930158
649 199.05528064930158
650 199.05528064930158
651 199.05528064930158
652 199.05528064930158
653 199.05528064930158
654 199.05528064930158
655 199.05528064930158
656 199.05528064930158
657 199.05528064930158
658 199.05528064930158
659 199.05528064930158
660 199.05528064930158
661 199.05528064930158
662 199.05528064930158
663 199.05528064930158
664 199.05528064930158
665 199.05528064930158
666 199.05528064930158
667 199.05528064930158
668 199.05528064930158
669 199.05528064930158
670 199.05528064930158
671 199.05528064930158
672 199.05528064930158
673 199.05528064930158
674 199.05528064930158
675 199.05528064930158
676 199.05528064930158
677 199.05528064930158
678 199.05528064930158
679 199.05528064930158
680 199.05528064930158
681 199.05528064930158
682 199.05528064930158
683 199.05528064930158
684 199.05528064930158
685 199.05528064930158
686 199.05528064930158
687 199.05528064930158
688 199.05528064930158
689 199.05528064930158
690 199.05528064930158
691 199.05528064930158
692 199.05528064930158
693 199.05528064930158
694 199.05528064930158
695 199.05528064930158
696 199.05528064930158
697 199.05528064930158
698 199.05528064930158
699 199.05528064930158
700 199.05528064930158
701 199.05528064930158
702 199.05528064930158
703 199.05528064930158
704 199.05528064930158
705 199.05528064930158
706 199.05528064930158
707 199.05528064930158
708 199.49039914907362
709 199.49039914907362
710 199.49039914907362
711 199.49039914907362
712 199.49039914907362
713 199.49039914907362
714 199.49039914907362
715 199.49039914907362
716 199.49039914907362
717 199.49039914907362
718 199.49039914907362
719 199.49039914907362
720 199.49039914907362
721 199.49039914907362
722 199.49039914907362
723 199.49039914907362
724 199.49039914907362
725 199.49039914907362
726 199.49039914907362
727 199.49039914907362
728 199.49039914907362
729 199.49039914907362
730 199.49039914907362
731 199.49039914907362
732 199.49039914907362
733 199.49039914907362
734 199.49039914907362
735 199.49039914907362
736 199.49039914907362
737 199.49039914907362
738 199.49039914907362
739 199.49039914907362
740 199.49039914907362
741 199.49039914907362
742 199.49039914907362
743 199.49039914907362
744 199.49039914907362
745 199.49039914907362
746 199.49039914907362
747 199.49039914907362
748 199.49039914907362
749 199.49039914907362
750 199.49039914907362
751 199.49039914907362
752 199.49039914907362
753 199.49039914907362
754 199.49039914907362
755 199.49039914907362
756 199.49039914907362
757 199.49039914907362
758 199.49039914907362
759 199.49039914907362
760 199.49039914907362
761 199.49039914907362
762 199.49039914907362
763 199.49039914907362
764 199.49039914907362
765 199.49039914907362
766 199.49039914907362
767 199.49039914907362
768 199.49039914907362
769 199.49039914907362
770 199.49039914907362
771 199.49039914907362
772 199.49039914907362
773 199.49039914907362
774 199.49039914907362
775 199.49039914907362
776 199.49039914907362
777 199.49039914907362
778 199.49039914907362
779 199.49039914907362
780 199.49039914907362
781 199.49039914907362
782 199.49039914907362
783 199.49039914907362
784 199.49039914907362
785 199.49039914907362
786 199.49039914907362
787 199.49039914907362
788 199.49039914907362
789 201.14435165925397
790 201.14435165925397
791 201.14435165925397
792 201.14435165925397
793 201.14435165925397
794 201.14435165925397
795 201.14435165925397
796 201.14435165925397
797 201.14435165925397
798 201.14435165925397
799 201.14435165925397
800 201.14435165925397
801 201.14435165925397
802 201.14435165925397
803 201.14435165925397
804 201.14435165925397
805 201.14435165925397
806 201.14435165925397
807 201.14435165925397
808 201.14435165925397
809 201.14435165925397
810 201.14435165925397
811 201.14435165925397
812 201.14435165925397
813 201.14435165925397
814 201.14435165925397
815 201.14435165925397
816 201.14435165925397
817 201.14435165925397
818 201.14435165925397
819 201.14435165925397
820 201.14435165925397
821 201.14435165925397
822 201.14435165925397
823 201.14435165925397
824 201.14435165925397
825 201.14435165925397
826 201.14435165925397
827 201.14435165925397
828 201.14435165925397
829 201.14435165925397
830 201.14435165925397
831 201.14435165925397
832 201.14435165925397
833 201.14435165925397
834 201.14435165925397
835 201.14435165925397
836 201.14435165925397
837 201.14435165925397
838 201.14435165925397
839 201.14435165925397
840 201.14435165925397
841 201.14435165925397
842 201.14435165925397
843 201.14435165925397
844 201.14435165925397
845 201.14435165925397
846 201.14435165925397
847 201.14435165925397
848 201.14435165925397
849 201.14435165925397
850 201.14435165925397
851 201.14435165925397
852 201.14435165925397
853 201.14435165925397
854 201.14435165925397
855 201.14435165925397
856 201.14435165925397
857 201.14435165925397
858 201.14435165925397
859 201.14435165925397
860 201.14435165925397
861 201.14435165925397
862 201.14435165925397
863 201.14435165925397
864 201.14435165925397
865 201.14435165925397
866 201.14435165925397
867 201.14435165925397
868 201.14435165925397
869 201.14435165925397
870 201.14435165925397
871 201.14435165925397
872 201.14435165925397
873 201.14435165925397
874 201.14435165925397
875 201.14435165925397
876 201.14435165925397
877 201.14435165925397
878 201.14435165925397
879 201.14435165925397
880 201.14435165925397
881 201.14435165925397
882 201.14435165925397
883 201.14435165925397
884 201.14435165925397
885 201.14435165925397
886 201.14435165925397
887 201.14435165925397
888 201.14435165925397
889 201.14435165925397
890 201.14435165925397
891 201.14435165925397
892 201.14435165925397
893 201.14435165925397
894 201.14435165925397
895 201.14435165925397
896 201.14435165925397
897 201.14435165925397
898 201.14435165925397
899 201.14435165925397
900 201.14435165925397
901 201.14435165925397
902 201.14435165925397
903 201.14435165925397
904 201.14435165925397
905 201.14435165925397
906 201.14435165925397
907 201.14435165925397
908 201.14435165925397
909 201.14435165925397
910 201.14435165925397
911 201.14435165925397
912 201.14435165925397
913 201.14435165925397
914 201.14435165925397
915 201.14435165925397
916 201.14435165925397
917 201.14435165925397
918 201.14435165925397
919 201.14435165925397
920 201.14435165925397
921 201.14435165925397
922 201.14435165925397
923 201.14435165925397
924 201.14435165925397
925 201.14435165925397
926 201.14435165925397
927 201.14435165925397
928 201.14435165925397
929 201.14435165925397
930 201.14435165925397
931 201.14435165925397
932 201.14435165925397
933 201.14435165925397
934 201.14435165925397
935 201.14435165925397
936 201.14435165925397
937 201.14435165925397
938 201.14435165925397
939 201.14435165925397
940 201.14435165925397
941 201.14435165925397
942 201.14435165925397
943 201.14435165925397
944 201.14435165925397
945 201.14435165925397
946 201.14435165925397
947 201.14435165925397
948 201.14435165925397
949 201.14435165925397
950 201.14435165925397
951 201.14435165925397
952 201.14435165925397
953 201.14435165925397
954 201.14435165925397
955 201.14435165925397
956 201.14435165925397
957 201.14435165925397
958 201.14435165925397
959 201.14435165925397
960 201.14435165925397
961 201.14435165925397
962 201.14435165925397
963 201.14435165925397
964 201.14435165925397
965 201.14435165925397
966 201.14435165925397
967 201.14435165925397
968 201.14435165925397
969 201.14435165925397
970 201.14435165925397
971 201.14435165925397
972 201.14435165925397
973 201.14435165925397
974 201.14435165925397
975 201.14435165925397
976 201.14435165925397
977 201.14435165925397
978 201.14435165925397
979 201.14435165925397
980 201.14435165925397
981 201.14435165925397
982 201.14435165925397
983 201.14435165925397
984 201.14435165925397
985 201.14435165925397
986 201.14435165925397
987 201.14435165925397
988 201.14435165925397
989 201.14435165925397
990 201.14435165925397
991 201.14435165925397
992 201.14435165925397
993 201.14435165925397
994 201.14435165925397
995 201.14435165925397
996 201.14435165925397
997 201.14435165925397
998 201.14435165925397
999 201.14435165925397
1000 201.14435165925397
1001 201.14435165925397
1002 201.14435165925397
1003 201.14435165925397
1004 201.14435165925397
1005 201.14435165925397
1006 201.14435165925397
1007 201.14435165925397
1008 201.14435165925397
1009 201.14435165925397
1010 201.14435165925397
1011 201.14435165925397
1012 201.14435165925397
1013 201.14435165925397
1014 201.14435165925397
1015 201.14435165925397
1016 201.14435165925397
1017 201.14435165925397
1018 201.14435165925397
1019 201.14435165925397
1020 201.14435165925397
1021 201.14435165925397
1022 201.14435165925397
1023 201.14435165925397
1024 201.14435165925397
1025 201.14435165925397
1026 201.14435165925397
1027 201.14435165925397
1028 201.14435165925397
1029 201.14435165925397
1030 201.14435165925397
1031 201.14435165925397
1032 201.14435165925397
1033 201.14435165925397
1034 201.14435165925397
1035 201.14435165925397
1036 201.14435165925397
1037 201.14435165925397
1038 201.14435165925397
1039 201.14435165925397
1040 201.14435165925397
1041 201.14435165925397
1042 201.14435165925397
1043 201.14435165925397
1044 201.14435165925397
1045 201.14435165925397
1046 201.14435165925397
1047 201.14435165925397
1048 201.14435165925397
1049 201.14435165925397
1050 201.14435165925397
1051 201.14435165925397
1052 201.14435165925397
1053 201.14435165925397
1054 201.14435165925397
1055 201.14435165925397
1056 201.14435165925397
1057 201.14435165925397
1058 201.14435165925397
1059 201.14435165925397
1060 201.14435165925397
1061 201.14435165925397
1062 201.14435165925397
1063 201.14435165925397
1064 201.14435165925397
1065 201.14435165925397
1066 201.14435165925397
1067 201.14435165925397
1068 201.14435165925397
1069 201.14435165925397
1070 201.14435165925397
1071 201.14435165925397
1072 201.14435165925397
1073 201.14435165925397
1074 201.14435165925397
1075 201.14435165925397
1076 201.14435165925397
1077 201.14435165925397
1078 201.14435165925397
1079 201.14435165925397
1080 201.14435165925397
1081 201.14435165925397
1082 201.14435165925397
1083 201.14435165925397
1084 201.14435165925397
1085 201.14435165925397
1086 201.14435165925397
1087 201.14435165925397
1088 201.14435165925397
1089 201.14435165925397
1090 201.14435165925397
1091 201.14435165925397
1092 201.14435165925397
1093 201.14435165925397
1094 201.14435165925397
1095 201.14435165925397
1096 201.14435165925397
1097 201.14435165925397
1098 201.14435165925397
1099 201.14435165925397
1100 201.14435165925397
1101 201.14435165925397
1102 201.14435165925397
1103 201.14435165925397
1104 201.14435165925397
1105 201.14435165925397
1106 201.14435165925397
1107 201.14435165925397
1108 201.14435165925397
1109 201.14435165925397
1110 201.14435165925397
1111 201.14435165925397
1112 201.14435165925397
1113 201.14435165925397
1114 201.14435165925397
1115 201.14435165925397
1116 201.14435165925397
1117 201.14435165925397
1118 201.14435165925397
1119 201.14435165925397
1120 201.14435165925397
1121 201.14435165925397
1122 202.04946287521625
1123 202.04946287521625
1124 202.04946287521625
1125 202.04946287521625
1126 202.04946287521625
1127 202.04946287521625
1128 202.04946287521625
1129 202.04946287521625
1130 202.04946287521625
1131 202.04946287521625
1132 202.04946287521625
1133 202.04946287521625
1134 202.04946287521625
1135 202.04946287521625
1136 202.04946287521625
1137 202.04946287521625
1138 202.04946287521625
1139 202.04946287521625
1140 202.04946287521625
1141 202.04946287521625
1142 202.04946287521625
1143 202.04946287521625
1144 202.04946287521625
1145 202.04946287521625
1146 202.04946287521625
1147 202.04946287521625
1148 202.04946287521625
1149 202.04946287521625
1150 202.04946287521625
1151 202.04946287521625
1152 202.04946287521625
1153 202.04946287521625
1154 202.04946287521625
1155 202.04946287521625
1156 202.04946287521625
1157 202.04946287521625
1158 202.04946287521625
1159 202.04946287521625
1160 202.04946287521625
1161 202.04946287521625
1162 202.04946287521625
1163 202.04946287521625
1164 202.04946287521625
1165 202.04946287521625
1166 202.04946287521625
1167 202.04946287521625
1168 202.04946287521625
1169 202.04946287521625
1170 202.04946287521625
1171 202.04946287521625
1172 202.04946287521625
1173 202.04946287521625
1174 202.04946287521625
1175 202.04946287521625
1176 202.04946287521625
1177 202.04946287521625
1178 202.04946287521625
1179 202.04946287521625
1180 202.04946287521625
1181 202.04946287521625
1182 202.04946287521625
1183 202.04946287521625
1184 202.04946287521625
1185 202.04946287521625
1186 202.04946287521625
1187 202.04946287521625
1188 202.04946287521625
1189 202.04946287521625
1190 202.04946287521625
1191 202.04946287521625
1192 202.04946287521625
1193 202.04946287521625
1194 202.04946287521625
1195 202.04946287521625
1196 202.04946287521625
1197 202.04946287521625
1198 202.04946287521625
1199 202.04946287521625
1200 202.04946287521625
1201 202.04946287521625
1202 202.04946287521625
1203 202.04946287521625
1204 202.04946287521625
1205 202.04946287521625
1206 202.04946287521625
1207 202.04946287521625
1208 202.04946287521625
1209 202.04946287521625
1210 202.04946287521625
1211 202.04946287521625
1212 202.04946287521625
1213 202.04946287521625
1214 202.04946287521625
1215 202.04946287521625
1216 202.04946287521625
1217 202.04946287521625
1218 202.04946287521625
1219 202.04946287521625
1220 202.04946287521625
1221 202.04946287521625
1222 202.04946287521625
1223 202.04946287521625
1224 202.04946287521625
1225 202.04946287521625
1226 202.04946287521625
1227 202.04946287521625
1228 202.04946287521625
1229 202.04946287521625
1230 202.04946287521625
1231 202.04946287521625
1232 202.04946287521625
1233 202.04946287521625
1234 202.04946287521625
1235 202.04946287521625
1236 202.04946287521625
1237 202.04946287521625
1238 202.04946287521625
1239 202.04946287521625
1240 202.04946287521625
1241 202.04946287521625
1242 202.04946287521625
1243 202.04946287521625
1244 202.04946287521625
1245 202.04946287521625
1246 202.04946287521625
1247 202.04946287521625
1248 202.04946287521625
1249 202.04946287521625
1250 202.04946287521625
1251 202.04946287521625
1252 202.04946287521625
1253 202.04946287521625
1254 202.04946287521625
1255 202.04946287521625
1256 202.04946287521625
1257 202.04946287521625
1258 202.04946287521625
1259 202.04946287521625
1260 202.04946287521625
1261 202.04946287521625
1262 202.04946287521625
1263 202.04946287521625
1264 202.04946287521625
1265 202.04946287521625
1266 202.04946287521625
1267 202.04946287521625
1268 202.04946287521625
1269 202.04946287521625
1270 202.04946287521625
1271 202.04946287521625
1272 202.04946287521625
1273 202.04946287521625
1274 202.04946287521625
1275 202.04946287521625
1276 202.04946287521625
1277 202.04946287521625
1278 202.04946287521625
1279 202.04946287521625
1280 202.04946287521625
1281 202.04946287521625
1282 202.04946287521625
1283 202.04946287521625
1284 202.04946287521625
1285 202.04946287521625
1286 202.04946287521625
1287 202.04946287521625
1288 202.04946287521625
1289 202.04946287521625
1290 202.04946287521625
1291 202.04946287521625
1292 202.04946287521625
1293 202.04946287521625
1294 202.04946287521625
1295 202.04946287521625
1296 202.04946287521625
1297 202.04946287521625
1298 202.04946287521625
1299 202.04946287521625
1300 202.04946287521625
1301 202.04946287521625
1302 202.04946287521625
1303 202.04946287521625
1304 202.04946287521625
1305 202.04946287521625
1306 202.04946287521625
1307 202.04946287521625
1308 202.04946287521625
1309 202.04946287521625
1310 202.04946287521625
1311 202.04946287521625
1312 202.04946287521625
1313 202.04946287521625
1314 202.04946287521625
1315 202.04946287521625
1316 202.04946287521625
1317 202.04946287521625
1318 202.04946287521625
1319 202.04946287521625
1320 202.04946287521625
1321 202.04946287521625
1322 202.04946287521625
1323 202.04946287521625
1324 202.04946287521625
1325 202.04946287521625
1326 202.04946287521625
1327 202.04946287521625
1328 202.04946287521625
1329 202.04946287521625
1330 202.04946287521625
1331 202.04946287521625
1332 202.04946287521625
1333 202.04946287521625
1334 202.04946287521625
1335 202.04946287521625
1336 202.04946287521625
1337 202.04946287521625
1338 202.04946287521625
1339 202.04946287521625
1340 202.04946287521625
1341 202.04946287521625
1342 202.04946287521625
1343 202.04946287521625
1344 202.04946287521625
1345 202.04946287521625
1346 202.04946287521625
1347 202.04946287521625
1348 202.04946287521625
1349 202.04946287521625
1350 202.04946287521625
1351 202.04946287521625
1352 202.04946287521625
1353 202.04946287521625
1354 202.04946287521625
1355 202.04946287521625
1356 202.04946287521625
1357 202.04946287521625
1358 202.04946287521625
1359 202.04946287521625
1360 202.04946287521625
1361 202.04946287521625
1362 202.04946287521625
1363 202.04946287521625
1364 202.04946287521625
1365 202.04946287521625
1366 202.04946287521625
1367 202.04946287521625
1368 202.04946287521625
1369 202.04946287521625
1370 202.04946287521625
1371 202.04946287521625
1372 202.04946287521625
1373 202.04946287521625
1374 202.04946287521625
1375 202.04946287521625
1376 202.04946287521625
1377 202.04946287521625
1378 202.04946287521625
1379 202.04946287521625
1380 202.04946287521625
1381 202.04946287521625
1382 202.04946287521625
1383 202.04946287521625
1384 202.04946287521625
1385 202.04946287521625
1386 202.04946287521625
1387 202.04946287521625
1388 202.04946287521625
1389 202.04946287521625
1390 202.04946287521625
1391 202.04946287521625
1392 202.04946287521625
1393 202.04946287521625
1394 202.04946287521625
1395 202.04946287521625
1396 202.04946287521625
1397 202.04946287521625
1398 202.04946287521625
1399 202.04946287521625
1400 202.04946287521625
1401 202.04946287521625
1402 202.04946287521625
1403 202.04946287521625
1404 202.04946287521625
1405 202.04946287521625
1406 202.04946287521625
1407 202.04946287521625
1408 202.04946287521625
1409 202.04946287521625
1410 202.04946287521625
1411 202.04946287521625
1412 202.04946287521625
1413 202.04946287521625
1414 202.04946287521625
1415 202.04946287521625
1416 202.04946287521625
1417 202.04946287521625
1418 202.04946287521625
1419 202.04946287521625
1420 202.04946287521625
1421 202.04946287521625
1422 202.04946287521625
1423 202.04946287521625
1424 202.04946287521625
1425 202.04946287521625
1426 202.04946287521625
1427 202.04946287521625
1428 202.04946287521625
1429 202.04946287521625
1430 202.04946287521625
1431 202.04946287521625
1432 202.04946287521625
1433 202.04946287521625
1434 202.04946287521625
1435 202.04946287521625
1436 202.04946287521625
1437 202.04946287521625
1438 202.04946287521625
1439 202.04946287521625
1440 202.04946287521625
1441 202.04946287521625
1442 202.04946287521625
1443 202.04946287521625
1444 202.04946287521625
1445 202.04946287521625
1446 202.04946287521625
1447 202.04946287521625
1448 202.04946287521625
1449 202.04946287521625
1450 202.04946287521625
1451 202.04946287521625
1452 202.04946287521625
1453 202.04946287521625
1454 202.04946287521625
1455 202.04946287521625
1456 202.04946287521625
1457 202.04946287521625
1458 202.04946287521625
1459 202.04946287521625
1460 202.04946287521625
1461 202.04946287521625
1462 202.04946287521625
1463 202.04946287521625
1464 202.04946287521625
1465 202.04946287521625
1466 202.04946287521625
1467 202.04946287521625
1468 202.04946287521625
1469 202.04946287521625
1470 202.04946287521625
1471 202.04946287521625
1472 202.04946287521625
1473 202.04946287521625
1474 202.04946287521625
1475 202.04946287521625
1476 202.04946287521625
1477 202.04946287521625
1478 202.04946287521625
1479 202.04946287521625
1480 202.04946287521625
1481 202.04946287521625
1482 202.04946287521625
1483 202.04946287521625
1484 202.04946287521625
1485 202.04946287521625
1486 202.04946287521625
1487 202.04946287521625
1488 202.04946287521625
1489 202.04946287521625
1490 202.04946287521625
1491 202.04946287521625
1492 202.04946287521625
1493 202.04946287521625
1494 202.04946287521625
1495 202.04946287521625
1496 202.04946287521625
1497 202.04946287521625
1498 202.04946287521625
1499 202.04946287521625
1500 202.04946287521625
1501 202.04946287521625
1502 202.04946287521625
1503 202.04946287521625
1504 202.04946287521625
1505 202.04946287521625
1506 202.04946287521625
1507 202.04946287521625
1508 202.04946287521625
1509 202.04946287521625
1510 202.04946287521625
1511 202.04946287521625
1512 202.04946287521625
1513 202.04946287521625
1514 202.04946287521625
1515 202.04946287521625
1516 202.04946287521625
1517 202.04946287521625
1518 203.7580268641117
1519 203.7580268641117
1520 203.7580268641117
1521 203.7580268641117
1522 203.7580268641117
1523 203.7580268641117
1524 203.7580268641117
1525 203.7580268641117
1526 203.7580268641117
1527 203.7580268641117
1528 203.7580268641117
1529 203.7580268641117
1530 203.7580268641117
1531 203.7580268641117
1532 203.7580268641117
1533 203.7580268641117
1534 203.7580268641117
1535 203.7580268641117
1536 203.7580268641117
1537 203.7580268641117
1538 203.7580268641117
1539 203.7580268641117
1540 203.7580268641117
1541 203.7580268641117
1542 203.7580268641117
1543 203.7580268641117
1544 203.7580268641117
1545 203.7580268641117
1546 203.7580268641117
1547 203.7580268641117
1548 203.7580268641117
1549 203.7580268641117
1550 203.7580268641117
1551 203.7580268641117
1552 203.7580268641117
1553 203.7580268641117
1554 203.7580268641117
1555 203.7580268641117
1556 203.7580268641117
1557 203.7580268641117
1558 203.7580268641117
1559 203.7580268641117
1560 203.7580268641117
1561 203.7580268641117
1562 203.7580268641117
1563 203.7580268641117
1564 203.7580268641117
1565 203.7580268641117
1566 203.7580268641117
1567 203.7580268641117
1568 203.7580268641117
1569 203.7580268641117
1570 203.7580268641117
1571 203.7580268641117
1572 203.7580268641117
1573 203.7580268641117
1574 203.7580268641117
1575 203.7580268641117
1576 203.7580268641117
1577 203.7580268641117
1578 203.7580268641117
1579 203.7580268641117
1580 203.7580268641117
1581 203.7580268641117
1582 203.7580268641117
1583 203.7580268641117
1584 203.7580268641117
1585 203.7580268641117
1586 203.7580268641117
1587 203.7580268641117
1588 203.7580268641117
1589 203.7580268641117
1590 203.7580268641117
1591 203.7580268641117
1592 203.7580268641117
1593 203.7580268641117
1594 203.7580268641117
1595 203.7580268641117
1596 203.7580268641117
1597 203.7580268641117
1598 203.7580268641117
1599 203.7580268641117
1600 203.7580268641117
1601 203.7580268641117
1602 203.7580268641117
1603 203.7580268641117
1604 203.7580268641117
1605 203.7580268641117
1606 203.7580268641117
1607 203.7580268641117
1608 203.7580268641117
1609 203.7580268641117
1610 203.7580268641117
1611 203.7580268641117
1612 203.7580268641117
1613 203.7580268641117
1614 203.7580268641117
1615 203.7580268641117
1616 203.7580268641117
1617 203.7580268641117
1618 203.7580268641117
1619 203.7580268641117
1620 203.7580268641117
1621 203.7580268641117
1622 203.7580268641117
1623 203.7580268641117
1624 203.7580268641117
1625 203.7580268641117
1626 203.7580268641117
1627 203.7580268641117
1628 203.7580268641117
1629 203.7580268641117
1630 203.7580268641117
1631 203.7580268641117
1632 203.7580268641117
1633 203.7580268641117
1634 203.7580268641117
1635 203.7580268641117
1636 203.7580268641117
1637 203.7580268641117
1638 203.7580268641117
1639 203.7580268641117
1640 203.7580268641117
1641 203.7580268641117
1642 203.7580268641117
1643 203.7580268641117
1644 203.7580268641117
1645 203.7580268641117
1646 203.7580268641117
1647 203.7580268641117
1648 203.7580268641117
1649 203.7580268641117
1650 203.7580268641117
1651 203.7580268641117
1652 203.7580268641117
1653 203.7580268641117
1654 203.7580268641117
1655 203.7580268641117
1656 203.7580268641117
1657 203.7580268641117
1658 203.7580268641117
1659 203.7580268641117
1660 203.7580268641117
1661 203.7580268641117
1662 203.7580268641117
1663 203.7580268641117
1664 203.7580268641117
1665 203.7580268641117
1666 203.7580268641117
1667 203.7580268641117
1668 203.7580268641117
1669 203.7580268641117
1670 203.7580268641117
1671 203.7580268641117
1672 203.7580268641117
1673 203.7580268641117
1674 203.7580268641117
1675 203.7580268641117
1676 203.7580268641117
1677 203.7580268641117
1678 203.7580268641117
1679 203.7580268641117
1680 203.7580268641117
1681 203.7580268641117
1682 203.7580268641117
1683 203.7580268641117
1684 203.7580268641117
1685 203.7580268641117
1686 203.7580268641117
1687 203.7580268641117
1688 203.7580268641117
1689 203.7580268641117
1690 203.7580268641117
1691 203.7580268641117
1692 203.7580268641117
1693 203.7580268641117
1694 203.7580268641117
1695 203.7580268641117
1696 203.7580268641117
1697 203.7580268641117
1698 203.7580268641117
1699 203.7580268641117
1700 203.7580268641117
1701 203.7580268641117
1702 203.7580268641117
1703 203.7580268641117
1704 203.7580268641117
1705 203.7580268641117
1706 203.7580268641117
1707 203.7580268641117
1708 203.7580268641117
1709 203.7580268641117
1710 203.7580268641117
1711 203.7580268641117
1712 203.7580268641117
1713 203.7580268641117
1714 203.7580268641117
1715 203.7580268641117
1716 203.7580268641117
1717 203.7580268641117
1718 203.7580268641117
1719 203.7580268641117
1720 203.7580268641117
1721 203.7580268641117
1722 203.7580268641117
1723 203.7580268641117
1724 203.7580268641117
1725 203.7580268641117
1726 203.7580268641117
1727 203.7580268641117
1728 203.7580268641117
1729 203.7580268641117
1730 203.7580268641117
1731 203.7580268641117
1732 203.7580268641117
1733 203.7580268641117
1734 203.7580268641117
1735 203.7580268641117
1736 203.7580268641117
1737 203.7580268641117
1738 203.7580268641117
1739 203.7580268641117
1740 203.7580268641117
1741 203.7580268641117
1742 203.7580268641117
1743 203.7580268641117
1744 203.7580268641117
1745 203.7580268641117
1746 203.7580268641117
1747 203.7580268641117
1748 203.7580268641117
1749 203.7580268641117
1750 203.7580268641117
1751 203.7580268641117
1752 203.7580268641117
1753 203.7580268641117
1754 203.7580268641117
1755 203.7580268641117
1756 203.7580268641117
1757 203.7580268641117
1758 203.7580268641117
1759 203.7580268641117
1760 203.7580268641117
1761 203.7580268641117
1762 203.7580268641117
1763 203.7580268641117
1764 203.7580268641117
1765 203.7580268641117
1766 203.7580268641117
1767 203.7580268641117
1768 203.7580268641117
1769 203.7580268641117
1770 203.7580268641117
1771 203.7580268641117
1772 203.7580268641117
1773 203.7580268641117
1774 203.7580268641117
1775 203.7580268641117
1776 203.7580268641117
1777 203.7580268641117
1778 203.7580268641117
1779 203.7580268641117
1780 203.7580268641117
1781 203.7580268641117
1782 203.7580268641117
1783 203.7580268641117
1784 203.7580268641117
1785 203.7580268641117
1786 203.7580268641117
1787 203.7580268641117
1788 203.7580268641117
1789 203.7580268641117
1790 203.7580268641117
1791 203.7580268641117
1792 203.7580268641117
1793 203.7580268641117
1794 203.7580268641117
1795 203.7580268641117
1796 203.7580268641117
1797 203.7580268641117
1798 203.7580268641117
1799 203.7580268641117
1800 203.7580268641117
1801 203.7580268641117
1802 203.7580268641117
1803 203.7580268641117
1804 203.7580268641117
1805 203.7580268641117
1806 203.7580268641117
1807 203.7580268641117
1808 203.7580268641117
1809 203.7580268641117
1810 203.7580268641117
1811 203.7580268641117
1812 203.7580268641117
1813 203.7580268641117
1814 203.7580268641117
1815 203.7580268641117
1816 203.7580268641117
1817 203.7580268641117
1818 203.7580268641117
1819 203.7580268641117
1820 203.7580268641117
1821 203.7580268641117
1822 203.7580268641117
1823 203.7580268641117
1824 203.7580268641117
1825 203.7580268641117
1826 203.7580268641117
1827 203.7580268641117
1828 203.7580268641117
1829 203.7580268641117
1830 203.7580268641117
1831 203.7580268641117
1832 203.7580268641117
1833 203.7580268641117
1834 203.7580268641117
1835 203.7580268641117
1836 203.7580268641117
1837 203.7580268641117
1838 203.7580268641117
1839 203.7580268641117
1840 203.7580268641117
1841 203.7580268641117
1842 203.7580268641117
1843 203.7580268641117
1844 203.7580268641117
1845 203.7580268641117
1846 203.7580268641117
1847 203.7580268641117
1848 203.7580268641117
1849 203.7580268641117
1850 203.7580268641117
1851 203.7580268641117
1852 203.7580268641117
1853 203.7580268641117
1854 203.7580268641117
1855 203.7580268641117
1856 203.7580268641117
1857 203.7580268641117
1858 203.7580268641117
1859 203.7580268641117
1860 203.7580268641117
1861 203.7580268641117
1862 203.7580268641117
1863 203.7580268641117
1864 203.7580268641117
1865 203.7580268641117
1866 203.7580268641117
1867 203.7580268641117
1868 203.7580268641117
1869 203.7580268641117
1870 203.7580268641117
1871 203.7580268641117
1872 203.7580268641117
1873 203.7580268641117
1874 203.7580268641117
1875 203.7580268641117
1876 203.7580268641117
1877 203.7580268641117
1878 203.7580268641117
1879 204.78124413009903
1880 204.78124413009903
1881 204.78124413009903
1882 204.78124413009903
1883 204.78124413009903
1884 204.78124413009903
1885 204.78124413009903
1886 204.78124413009903
1887 204.78124413009903
1888 204.78124413009903
1889 204.78124413009903
1890 204.78124413009903
1891 204.78124413009903
1892 204.78124413009903
1893 204.78124413009903
1894 204.78124413009903
1895 204.78124413009903
1896 204.78124413009903
1897 204.78124413009903
1898 204.78124413009903
1899 204.78124413009903
1900 204.78124413009903
1901 204.78124413009903
1902 204.78124413009903
1903 204.78124413009903
1904 204.78124413009903
1905 204.78124413009903
1906 204.78124413009903
1907 204.78124413009903
1908 204.78124413009903
1909 204.78124413009903
1910 204.78124413009903
1911 204.78124413009903
1912 204.78124413009903
1913 204.78124413009903
1914 204.78124413009903
1915 204.78124413009903
1916 204.78124413009903
1917 204.78124413009903
1918 204.78124413009903
1919 204.78124413009903
1920 204.78124413009903
1921 204.78124413009903
1922 204.78124413009903
1923 204.78124413009903
1924 204.78124413009903
1925 204.78124413009903
1926 204.78124413009903
1927 204.78124413009903
1928 204.78124413009903
1929 204.78124413009903
1930 204.78124413009903
1931 204.78124413009903
1932 204.78124413009903
1933 204.78124413009903
1934 204.78124413009903
1935 204.78124413009903
1936 204.78124413009903
1937 204.78124413009903
1938 204.78124413009903
1939 204.78124413009903
1940 204.78124413009903
1941 204.78124413009903
1942 204.78124413009903
1943 204.78124413009903
1944 204.78124413009903
1945 204.78124413009903
1946 204.78124413009903
1947 204.78124413009903
1948 204.78124413009903
1949 204.78124413009903
1950 204.78124413009903
1951 204.78124413009903
1952 204.78124413009903
1953 204.78124413009903
1954 204.78124413009903
1955 204.78124413009903
1956 204.78124413009903
1957 204.78124413009903
1958 204.78124413009903
1959 204.78124413009903
1960 204.78124413009903
1961 204.78124413009903
1962 204.78124413009903
1963 204.78124413009903
1964 204.78124413009903
1965 204.78124413009903
1966 204.78124413009903
1967 204.78124413009903
1968 204.78124413009903
1969 204.78124413009903
1970 204.78124413009903
1971 204.78124413009903
1972 204.78124413009903
1973 204.78124413009903
1974 204.78124413009903
1975 204.78124413009903
1976 204.78124413009903
1977 204.78124413009903
1978 204.78124413009903
1979 204.78124413009903
1980 204.78124413009903
1981 204.78124413009903
1982 204.78124413009903
1983 204.78124413009903
1984 204.78124413009903
1985 204.78124413009903
1986 204.78124413009903
1987 204.78124413009903
1988 204.78124413009903
1989 204.78124413009903
1990 204.78124413009903
1991 204.78124413009903
1992 204.78124413009903
1993 204.78124413009903
1994 204.78124413009903
1995 204.78124413009903
1996 204.78124413009903
1997 204.78124413009903
1998 204.78124413009903
1999 204.78124413009903
