0 -103.45332344868963
1 -101.85555760569548
2 -90.47159426011467
3 -90.47159426011467
4 -90.47159426011467
5 -84.49556904050752
6 -84.49556904050752
7 -84.49556904050752
8 -84.49556904050752
9 22.84659705121146
10 22.84659705121146
11 22.84659705121146
12 22.84659705121146
13 22.84659705121146
14 22.84659705121146
15 22.84659705121146
16 22.84659705121146
17 44.55737174180024
18 44.55737174180024
19 44.55737174180024
20 44.55737174180024
21 44.55737174180024
22 44.55737174180024
23 44.55737174180024
24 44.55737174180024
25 44.55737174180024
26 44.55737174180024
27 44.55737174180024
28 44.55737174180024
29 44.55737174180024
30 86.30297964454157
31 86.30297964454157
32 86.30297964454157
33 86.30297964454157
34 86.30297964454157
35 86.30297964454157
36 86.30297964454157
37 86.30297964454157
38 86.30297964454157
39 86.30297964454157
40 86.30297964454157
41 86.30297964454157
42 86.30297964454157
43 86.30297964454157
44 86.30297964454157
45 86.30297964454157
46 86.30297964454157
47 86.30297964454157
48 86.30297964454157
49 86.30297964454157
50 86.52225893137627
51 86.52225893137627
52 86.52225893137627
53 86.52225893137627
54 86.52225893137627
55 86.52225893137627
56 86.52225893137627
57 86.52225893137627
58 107.21772908779087
59 107.21772908779087
60 107.21772908779087
61 107.21772908779087
62 107.21772908779087
63 107.21772908779087
64 107.21772908779087
65 107.21772908779087
66 107.21772908779087
67 113.8566822502986
68 113.8566822502986
69 113.8566822502986
70 113.8566822502986
71 113.8566822502986
72 113.8566822502986
73 113.8566822502986
74 115.4235680856909
75 115.4235680856909
76 115.4235680856909
77 115.4235680856909
78 119.4162423731726
79 119.4162423731726
80 119.4162423731726
81 119.4162423731726
82 119.4162423731726
83 119.4162423731726
84 119.4162423731726
85 125.05352512237025
86 136.2307073179443
87 136.2307073179443
88 136.2307073179443
89 136.2307073179443
90 136.2307073179443
91 136.2307073179443
92 141.33826859718098
93 145.72107682829179
94 145.72107682829179
95 180.15709590340845
96 180.15709590340845
97 180.15709590340845
98 180.15709590340845
99 180.15709590340845
100 180.15709590340845
101 180.15709590340845
102 180.15709590340845
103 180.15709590340845
104 180.15709590340845
105 180.15709590340845
106 180.15709590340845
107 180.15709590340845
108 180.15709590340845
109 180.15709590340845
110 180.15709590340845
111 180.15709590340845
112 197.75311567177448
113 197.75311567177448
114 197.75311567177448
115 197.75311567177448
116 197.75311567177448
117 197.75311567177448
118 197.75311567177448
119 197.75311567177448
120 197.75311567177448
121 197.75311567177448
122 197.75311567177448
123 197.75311567177448
124 197.75311567177448
125 197.75311567177448
126 197.75311567177448
127 197.75311567177448
128 197.75311567177448
129 197.75311567177448
130 197.75311567177448
131 197.75311567177448
132 197.75311567177448
133 197.75311567177448
134 197.75311567177448
135 197.75311567177448
136 197.75311567177448
137 197.75311567177448
138 197.75311567177448
139 197.75311567177448
140 197.75311567177448
141 197.75311567177448
142 197.75311567177448
143 197.75311567177448
144 197.75311567177448
145 197.75311567177448
146 197.75311567177448
147 197.75311567177448
148 197.75311567177448
149 197.75311567177448
150 197.75311567177448
151 197.75311567177448
152 197.75311567177448
153 197.75311567177448
154 197.75311567177448
155 197.75311567177448
156 197.75311567177448
157 197.75311567177448
158 197.75311567177448
159 197.75311567177448
160 197.75311567177448
161 197.75311567177448
162 197.75311567177448
163 197.75311567177448
164 197.75311567177448
165 197.75311567177448
166 199.60453453300585
167 199.60453453300585
168 199.60453453300585
169 199.60453453300585
170 199.60453453300585
171 199.60453453300585
172 199.60453453300585
173 199.60453453300585
174 199.60453453300585
175 199.60453453300585
176 199.60453453300585
177 199.60453453300585
178 199.60453453300585
179 199.60453453300585
180 199.60453453300585
181 199.60453453300585
182 199.60453453300585
183 199.60453453300585
184 199.60453453300585
185 199.60453453300585
186 199.60453453300585
187 199.60453453300585
188 199.60453453300585
189 199.60453453300585
190 199.60453453300585
191 199.60453453300585
192 199.60453453300585
193 208.74933467526074
194 208.74933467526074
195 208.74933467526074
196 208.74933467526074
197 209.90056390685973
198 209.90056390685973
199 209.90056390685973
200 209.90056390685973
201 209.90056390685973
202 209.90056390685973
203 209.90056390685973
204 209.90056390685973
205 209.90056390685973
206 209.90056390685973
207 209.90056390685973
208 209.90056390685973
209 209.90056390685973
210 209.90056390685973
211 209.90056390685973
212 209.90056390685973
213 209.90056390685973
214 209.90056390685973
215 209.90056390685973
216 209.90056390685973
217 209.90056390685973
218 209.90056390685973
219 209.90056390685973
220 209.90056390685973
221 209.90056390685973
222 209.90056390685973
223 209.90056390685973
224 209.90056390685973
225 210.2755880070185
226 210.2755880070185
227 210.2755880070185
228 210.2755880070185
229 210.2755880070185
230 210.2755880070185
231 210.2755880070185
232 210.2755880070185
233 210.2755880070185
234 210.2755880070185
235 210.2755880070185
236 210.2755880070185
237 210.2755880070185
238 210.2755880070185
239 210.2755880070185
240 212.06150911938005
241 212.06150911938005
242 212.06150911938005
243 212.06150911938005
244 212.06150911938005
245 212.06150911938005
246 212.06150911938005
247 212.06150911938005
248 212.06150911938005
249 212.06150911938005
250 212.06150911938005
251 212.06150911938005
252 212.06150911938005
253 212.06150911938005
254 212.06150911938005
255 212.06150911938005
256 212.06150911938005
257 212.06150911938005
258 212.06150911938005
259 212.06150911938005
260 212.06150911938005
261 212.06150911938005
262 212.06150911938005
263 212.06150911938005
264 212.06150911938005
265 212.06150911938005
266 212.06150911938005
267 212.06150911938005
268 212.06150911938005
269 212.06150911938005
270 212.06150911938005
271 212.06150911938005
272 212.06150911938005
273 212.06150911938005
274 212.06150911938005
275 212.06150911938005
276 212.06150911938005
277 212.06150911938005
278 212.06150911938005
279 212.06150911938005
280 212.06150911938005
281 212.06150911938005
282 212.06150911938005
283 212.06150911938005
284 212.06150911938005
285 212.06150911938005
286 212.06150911938005
287 212.06150911938005
288 212.06150911938005
289 212.06150911938005
290 212.06150911938005
291 212.06150911938005
292 212.06150911938005
293 212.06150911938005
294 212.06150911938005
295 212.06150911938005
296 212.06150911938005
297 212.06150911938005
298 212.06150911938005
299 212.06150911938005
300 212.06150911938005
301 212.06150911938005
302 212.06150911938005
303 212.06150911938005
304 212.06150911938005
305 212.06150911938005
306 212.06150911938005
307 212.06150911938005
308 212.06150911938005
309 212.06150911938005
310 212.06150911938005
311 212.06150911938005
312 212.06150911938005
313 212.06150911938005
314 212.06150911938005
315 212.06150911938005
316 218.8162124475081
317 218.8162124475081
318 218.8162124475081
319 218.8162124475081
320 218.8162124475081
321 218.8162124475081
322 218.8162124475081
323 218.8162124475081
324 218.8162124475081
325 218.8162124475081
326 218.8162124475081
327 218.8162124475081
328 218.8162124475081
329 218.8162124475081
330 218.8162124475081
331 218.8162124475081
332 218.8162124475081
333 218.8162124475081
334 218.8162124475081
335 218.8162124475081
336 218.8162124475081
337 218.8162124475081
338 218.8162124475081
339 218.8162124475081
340 218.8162124475081
341 218.8162124475081
342 218.8162124475081
343 218.8162124475081
344 218.8162124475081
345 218.8162124475081
346 218.8162124475081
347 218.8162124475081
348 218.8162124475081
349 218.8162124475081
350 218.8162124475081
351 218.8162124475081
352 218.8162124475081
353 218.8162124475081
354 218.8162124475081
355 218.8162124475081
356 218.8162124475081
357 218.8162124475081
358 218.8162124475081
359 218.8162124475081
360 218.8162124475081
361 218.8162124475081
362 218.8162124475081
363 218.8162124475081
364 218.8162124475081
365 218.8162124475081
366 218.8162124475081
367 218.8162124475081
368 218.8162124475081
369 218.8162124475081
370 218.8162124475081
371 218.8162124475081
372 218.8162124475081
373 218.8162124475081
374 218.8162124475081
375 218.8162124475081
376 218.8162124475081
377 218.8162124475081
378 218.8162124475081
379 218.8162124475081
380 218.8162124475081
381 218.8162124475081
382 218.8162124475081
383 218.8162124475081
384 218.8162124475081
385 218.8162124475081
386 218.8162124475081
387 218.8162124475081
388 218.8162124475081
389 218.8162124475081
390 218.8162124475081
391 218.8162124475081
392 218.8162124475081
393 218.8162124475081
394 218.8162124475081
395 218.8162124475081
396 218.8162124475081
397 218.8162124475081
398 218.8162124475081
399 218.8162124475081
400 218.8162124475081
401 223.3728210103317
402 225.62821329292348
403 225.62821329292348
404 225.62821329292348
405 225.62821329292348
406 225.62821329292348
407 225.62821329292348
408 225.62821329292348
409 225.62821329292348
410 225.62821329292348
411 225.62821329292348
412 225.62821329292348
413 225.62821329292348
414 225.62821329292348
415 225.62821329292348
416 225.62821329292348
417 225.62821329292348
418 225.62821329292348
419 225.62821329292348
420 225.62821329292348
421 225.62821329292348
422 225.62821329292348
423 225.62821329292348
424 225.62821329292348
425 225.62821329292348
426 225.62821329292348
427 225.62821329292348
428 225.62821329292348
429 225.62821329292348
430 225.62821329292348
431 225.62821329292348
432 225.62821329292348
433 225.62821329292348
434 225.62821329292348
435 225.62821329292348
436 225.62821329292348
437 225.62821329292348
438 225.62821329292348
439 225.62821329292348
440 225.62821329292348
441 225.62821329292348
442 225.62821329292348
443 225.62821329292348
444 226.74671930682854
445 226.74671930682854
446 226.74671930682854
447 226.74671930682854
448 226.74671930682854
449 226.74671930682854
450 226.74671930682854
451 226.74671930682854
452 226.74671930682854
453 226.74671930682854
454 233.8587295306114
455 233.8587295306114
456 233.8587295306114
457 233.8587295306114
458 233.8587295306114
459 233.8587295306114
460 233.8587295306114
461 233.8587295306114
462 233.8587295306114
463 233.8587295306114
464 233.8587295306114
465 233.8587295306114
466 233.8587295306114
467 233.8587295306114
468 233.8587295306114
469 233.8587295306114
470 233.8587295306114
471 233.8587295306114
472 233.8587295306114
473 233.8587295306114
474 233.8587295306114
475 233.8587295306114
476 233.8587295306114
477 233.8587295306114
478 233.8587295306114
479 233.8587295306114
480 233.8587295306114
481 233.8587295306114
482 233.8587295306114
483 233.8587295306114
484 233.8587295306114
485 233.8587295306114
486 233.8587295306114
487 233.8587295306114
488 233.8587295306114
489 233.8587295306114
490 233.8587295306114
491 233.8587295306114
492 233.8587295306114
493 233.8587295306114
494 238.69273590252678
495 238.69273590252678
496 238.69273590252678
497 238.69273590252678
498 238.69273590252678
499 238.69273590252678
500 238.69273590252678
501 238.69273590252678
502 238.69273590252678
503 238.69273590252678
504 238.69273590252678
505 238.69273590252678
506 238.69273590252678
507 238.69273590252678
508 238.69273590252678
509 238.69273590252678
510 238.69273590252678
511 238.69273590252678
512 238.69273590252678
513 238.69273590252678
514 238.69273590252678
515 238.69273590252678
516 238.69273590252678
517 238.69273590252678
518 238.69273590252678
519 238.69273590252678
520 238.69273590252678
521 238.69273590252678
522 238.69273590252678
523 238.69273590252678
524 238.69273590252678
525 238.69273590252678
526 238.69273590252678
527 238.69273590252678
528 238.69273590252678
529 238.69273590252678
530 238.69273590252678
531 238.69273590252678
532 238.69273590252678
533 238.69273590252678
534 238.69273590252678
535 238.69273590252678
536 238.69273590252678
537 238.69273590252678
538 238.69273590252678
539 238.69273590252678
540 238.69273590252678
541 238.69273590252678
542 238.69273590252678
543 238.69273590252678
544 238.69273590252678
545 238.69273590252678
546 238.69273590252678
547 238.69273590252678
548 238.69273590252678
549 238.69273590252678
550 238.69273590252678
551 238.69273590252678
552 238.69273590252678
553 238.69273590252678
554 238.69273590252678
555 238.69273590252678
556 238.69273590252678
557 238.69273590252678
558 238.69273590252678
559 238.69273590252678
560 238.69273590252678
561 238.69273590252678
562 238.69273590252678
563 238.69273590252678
564 238.69273590252678
565 238.69273590252678
566 238.69273590252678
567 238.69273590252678
568 238.69273590252678
569 238.69273590252678
570 238.69273590252678
571 238.69273590252678
572 238.69273590252678
573 238.69273590252678
574 238.69273590252678
575 238.69273590252678
576 238.69273590252678
577 238.69273590252678
578 238.69273590252678
579 238.69273590252678
580 238.69273590252678
581 238.69273590252678
582 238.69273590252678
583 238.69273590252678
584 238.69273590252678
585 238.69273590252678
586 238.69273590252678
587 238.69273590252678
588 238.69273590252678
589 238.69273590252678
590 238.69273590252678
591 238.69273590252678
592 238.69273590252678
593 238.69273590252678
594 238.69273590252678
595 238.69273590252678
596 238.69273590252678
597 238.69273590252678
598 238.69273590252678
599 238.69273590252678
600 238.69273590252678
601 238.69273590252678
602 238.69273590252678
603 238.69273590252678
604 238.69273590252678
605 238.69273590252678
606 238.69273590252678
607 238.69273590252678
608 240.75413173236225
609 240.75413173236225
610 240.75413173236225
611 240.75413173236225
612 240.75413173236225
613 240.75413173236225
614 240.75413173236225
615 240.75413173236225
616 240.75413173236225
617 240.75413173236225
618 240.75413173236225
619 240.75413173236225
620 241.74794299805458
621 241.74794299805458
622 241.74794299805458
623 241.74794299805458
624 241.74794299805458
625 241.74794299805458
626 241.74794299805458
627 241.74794299805458
628 241.74794299805458
629 241.74794299805458
630 241.74794299805458
631 241.74794299805458
632 241.74794299805458
633 241.74794299805458
634 241.74794299805458
635 241.74794299805458
636 241.74794299805458
637 241.74794299805458
638 241.74794299805458
639 241.74794299805458
640 241.74794299805458
641 241.74794299805458
642 241.74794299805458
643 241.74794299805458
644 241.74794299805458
645 241.74794299805458
646 241.74794299805458
647 241.74794299805458
648 241.74794299805458
649 241.74794299805458
650 241.74794299805458
651 241.74794299805458
652 241.74794299805458
653 241.74794299805458
654 241.74794299805458
655 241.74794299805458
656 241.74794299805458
657 241.74794299805458
658 241.74794299805458
659 241.74794299805458
660 241.74794299805458
661 241.74794299805458
662 241.74794299805458
663 241.74794299805458
664 241.74794299805458
665 241.74794299805458
666 241.74794299805458
667 241.74794299805458
668 241.74794299805458
669 241.74794299805458
670 241.74794299805458
671 241.74794299805458
672 241.74794299805458
673 241.74794299805458
674 241.74794299805458
675 241.74794299805458
676 241.74794299805458
677 241.74794299805458
678 241.74794299805458
679 241.74794299805458
680 241.74794299805458
681 241.74794299805458
682 241.74794299805458
683 241.74794299805458
684 241.74794299805458
685 241.74794299805458
686 241.74794299805458
687 242.95743059084916
688 242.95743059084916
689 242.95743059084916
690 242.95743059084916
691 242.95743059084916
692 242.95743059084916
693 242.95743059084916
694 242.95743059084916
695 242.95743059084916
696 242.95743059084916
697 242.95743059084916
698 242.95743059084916
699 242.95743059084916
700 242.95743059084916
701 242.95743059084916
702 242.95743059084916
703 242.95743059084916
704 242.95743059084916
705 242.95743059084916
706 242.95743059084916
707 242.95743059084916
708 242.95743059084916
709 242.95743059084916
710 242.95743059084916
711 242.95743059084916
712 242.95743059084916
713 242.95743059084916
714 242.95743059084916
715 242.95743059084916
716 242.95743059084916
717 242.95743059084916
718 242.95743059084916
719 242.95743059084916
720 242.95743059084916
721 242.95743059084916
722 242.95743059084916
723 242.95743059084916
724 242.95743059084916
725 242.95743059084916
726 249.783408557669
727 249.783408557669
728 249.783408557669
729 249.783408557669
730 249.783408557669
731 249.783408557669
732 249.783408557669
733 249.783408557669
734 249.783408557669
735 249.783408557669
736 249.783408557669
737 249.783408557669
738 249.783408557669
739 249.783408557669
740 249.783408557669
741 249.783408557669
742 249.783408557669
743 249.783408557669
744 249.783408557669
745 249.783408557669
746 249.783408557669
747 249.783408557669
748 249.783408557669
749 249.783408557669
750 249.783408557669
751 249.783408557669
752 249.783408557669
753 249.783408557669
754 249.783408557669
755 249.783408557669
756 249.783408557669
757 249.783408557669
758 249.783408557669
759 249.783408557669
760 249.783408557669
761 249.783408557669
762 249.783408557669
763 249.783408557669
764 249.783408557669
765 249.783408557669
766 249.783408557669
767 249.783408557669
768 249.783408557669
769 249.783408557669
770 249.783408557669
771 249.783408557669
772 249.783408557669
773 249.783408557669
774 249.783408557669
775 249.783408557669
776 249.783408557669
777 249.783408557669
778 249.783408557669
779 249.783408557669
780 249.783408557669
781 249.783408557669
782 249.783408557669
783 249.783408557669
784 249.783408557669
785 249.783408557669
786 249.783408557669
787 249.783408557669
788 249.783408557669
789 249.783408557669
790 249.783408557669
791 249.783408557669
792 249.783408557669
793 249.783408557669
794 249.783408557669
795 249.783408557669
796 249.783408557669
797 249.783408557669
798 249.783408557669
799 249.783408557669
800 249.783408557669
801 249.783408557669
802 249.783408557669
803 249.783408557669
804 249.783408557669
805 249.783408557669
806 249.783408557669
807 249.783408557669
808 249.783408557669
809 249.783408557669
810 249.783408557669
811 249.783408557669
812 249.783408557669
813 249.783408557669
814 249.783408557669
815 249.783408557669
816 249.783408557669
817 249.783408557669
818 249.783408557669
819 249.783408557669
820 249.783408557669
821 249.783408557669
822 249.783408557669
823 249.783408557669
824 249.783408557669
825 249.783408557669
826 249.783408557669
827 249.783408557669
828 249.783408557669
829 249.783408557669
830 249.783408557669
831 249.783408557669
832 249.783408557669
833 249.783408557669
834 249.783408557669
835 249.783408557669
836 249.783408557669
837 249.783408557669
838 249.783408557669
839 249.783408557669
840 249.783408557669
841 249.783408557669
842 249.783408557669
843 249.783408557669
844 249.783408557669
845 249.783408557669
846 249.783408557669
847 249.783408557669
848 250.29939907830826
849 250.29939907830826
850 250.29939907830826
851 250.29939907830826
852 250.29939907830826
853 250.29939907830826
854 250.29939907830826
855 250.29939907830826
856 250.29939907830826
857 250.29939907830826
858 250.29939907830826
859 250.29939907830826
860 250.29939907830826
861 250.29939907830826
862 250.29939907830826
863 250.29939907830826
864 250.29939907830826
865 250.29939907830826
866 250.29939907830826
867 250.29939907830826
868 250.29939907830826
869 250.29939907830826
870 250.29939907830826
871 250.29939907830826
872 250.29939907830826
873 250.29939907830826
874 250.29939907830826
875 250.29939907830826
876 250.29939907830826
877 250.29939907830826
878 250.29939907830826
879 250.29939907830826
880 250.29939907830826
881 250.29939907830826
882 250.29939907830826
883 250.29939907830826
884 250.29939907830826
885 250.29939907830826
886 250.29939907830826
887 250.29939907830826
888 250.29939907830826
889 250.29939907830826
890 250.29939907830826
891 250.29939907830826
892 250.29939907830826
893 250.29939907830826
894 250.29939907830826
895 250.29939907830826
896 250.29939907830826
897 250.29939907830826
898 250.29939907830826
899 250.29939907830826
900 250.29939907830826
901 250.29939907830826
902 250.29939907830826
903 250.29939907830826
904 250.29939907830826
905 250.29939907830826
906 250.29939907830826
907 250.29939907830826
908 250.29939907830826
909 250.29939907830826
910 250.29939907830826
911 250.29939907830826
912 250.29939907830826
913 250.29939907830826
914 250.29939907830826
915 250.29939907830826
916 250.29939907830826
917 250.29939907830826
918 250.29939907830826
919 250.29939907830826
920 250.29939907830826
921 250.29939907830826
922 250.29939907830826
923 250.29939907830826
924 250.29939907830826
925 250.29939907830826
926 250.29939907830826
927 250.29939907830826
928 250.29939907830826
929 250.29939907830826
930 250.29939907830826
931 250.29939907830826
932 250.29939907830826
933 250.29939907830826
934 250.29939907830826
935 250.29939907830826
936 250.29939907830826
937 250.29939907830826
938 254.23000173741195
939 254.23000173741195
940 254.23000173741195
941 254.23000173741195
942 254.23000173741195
943 254.23000173741195
944 254.23000173741195
945 254.23000173741195
946 254.23000173741195
947 254.23000173741195
948 254.23000173741195
949 254.23000173741195
950 254.23000173741195
951 254.23000173741195
952 254.23000173741195
953 254.23000173741195
954 254.23000173741195
955 254.23000173741195
956 254.23000173741195
957 254.23000173741195
958 254.23000173741195
959 254.23000173741195
960 254.23000173741195
961 254.23000173741195
962 254.23000173741195
963 254.23000173741195
964 254.23000173741195
965 254.23000173741195
966 254.23000173741195
967 254.23000173741195
968 254.23000173741195
969 254.23000173741195
970 254.23000173741195
971 254.23000173741195
972 254.23000173741195
973 254.23000173741195
974 254.23000173741195
975 254.23000173741195
976 254.23000173741195
977 254.23000173741195
978 254.23000173741195
979 254.23000173741195
980 254.23000173741195
981 254.23000173741195
982 254.23000173741195
983 254.23000173741195
984 254.23000173741195
985 254.23000173741195
986 254.23000173741195
987 254.23000173741195
988 254.23000173741195
989 254.23000173741195
990 254.23000173741195
991 254.23000173741195
992 254.23000173741195
993 254.23000173741195
994 254.23000173741195
995 254.23000173741195
996 254.23000173741195
997 254.23000173741195
998 254.23000173741195
999 254.23000173741195
1000 254.23000173741195
1001 254.23000173741195
1002 254.23000173741195
1003 254.23000173741195
1004 254.23000173741195
1005 254.23000173741195
1006 254.23000173741195
1007 254.23000173741195
1008 254.23000173741195
1009 254.23000173741195
1010 254.23000173741195
1011 254.23000173741195
1012 254.23000173741195
1013 254.23000173741195
1014 254.23000173741195
1015 254.23000173741195
1016 254.23000173741195
1017 254.23000173741195
1018 254.23000173741195
1019 254.23000173741195
1020 254.23000173741195
1021 254.23000173741195
1022 254.23000173741195
1023 254.23000173741195
1024 254.23000173741195
1025 254.23000173741195
1026 254.23000173741195
1027 254.23000173741195
1028 254.23000173741195
1029 254.23000173741195
1030 256.3143509418427
1031 256.3143509418427
1032 256.3143509418427
1033 256.3143509418427
1034 256.3143509418427
1035 256.3143509418427
1036 256.3143509418427
1037 256.3143509418427
1038 256.3143509418427
1039 256.3143509418427
1040 256.3143509418427
1041 256.3143509418427
1042 256.3143509418427
1043 256.3143509418427
1044 256.3143509418427
1045 256.3143509418427
1046 256.3143509418427
1047 256.3143509418427
1048 256.3143509418427
1049 256.3143509418427
1050 256.3143509418427
1051 256.3143509418427
1052 256.3143509418427
1053 256.3143509418427
1054 256.3143509418427
1055 256.3143509418427
1056 256.3143509418427
1057 256.3143509418427
1058 256.3143509418427
1059 256.3143509418427
1060 256.3143509418427
1061 256.3143509418427
1062 256.3143509418427
1063 256.3143509418427
1064 256.3143509418427
1065 256.3143509418427
1066 256.3143509418427
1067 256.3143509418427
1068 256.3143509418427
1069 256.3143509418427
1070 256.3143509418427
1071 256.3143509418427
1072 256.3143509418427
1073 256.3143509418427
1074 256.3143509418427
1075 256.3143509418427
1076 259.30937895222485
1077 259.30937895222485
1078 259.30937895222485
1079 259.30937895222485
1080 259.30937895222485
1081 259.30937895222485
1082 259.30937895222485
1083 259.30937895222485
1084 259.30937895222485
1085 259.30937895222485
1086 259.30937895222485
1087 259.30937895222485
1088 259.30937895222485
1089 259.30937895222485
1090 259.30937895222485
1091 259.30937895222485
1092 259.30937895222485
1093 259.30937895222485
1094 259.30937895222485
1095 259.30937895222485
1096 259.30937895222485
1097 259.30937895222485
1098 259.30937895222485
1099 259.30937895222485
1100 259.30937895222485
1101 259.30937895222485
1102 259.30937895222485
1103 259.30937895222485
1104 259.30937895222485
1105 259.30937895222485
1106 259.30937895222485
1107 259.30937895222485
1108 259.30937895222485
1109 259.30937895222485
1110 259.30937895222485
1111 259.30937895222485
1112 259.30937895222485
1113 259.30937895222485
1114 259.30937895222485
1115 259.30937895222485
1116 259.30937895222485
1117 259.30937895222485
1118 259.30937895222485
1119 259.30937895222485
1120 259.30937895222485
1121 259.30937895222485
1122 259.30937895222485
1123 259.30937895222485
1124 259.30937895222485
1125 259.30937895222485
1126 259.30937895222485
1127 259.30937895222485
1128 259.30937895222485
1129 259.30937895222485
1130 259.30937895222485
1131 259.30937895222485
1132 259.30937895222485
1133 259.30937895222485
1134 259.30937895222485
1135 259.30937895222485
1136 259.30937895222485
1137 259.30937895222485
1138 259.30937895222485
1139 259.30937895222485
1140 259.30937895222485
1141 259.30937895222485
1142 259.30937895222485
1143 259.30937895222485
1144 259.30937895222485
1145 259.30937895222485
1146 259.30937895222485
1147 259.30937895222485
1148 259.30937895222485
1149 259.30937895222485
1150 259.30937895222485
1151 259.30937895222485
1152 259.30937895222485
1153 259.30937895222485
1154 259.30937895222485
1155 259.30937895222485
1156 259.30937895222485
1157 259.30937895222485
1158 259.30937895222485
1159 259.30937895222485
1160 259.30937895222485
1161 259.30937895222485
1162 259.30937895222485
1163 259.30937895222485
1164 259.30937895222485
1165 259.30937895222485
1166 259.30937895222485
1167 259.30937895222485
1168 259.30937895222485
1169 259.30937895222485
1170 259.30937895222485
1171 259.30937895222485
1172 259.30937895222485
1173 259.30937895222485
1174 259.30937895222485
1175 259.30937895222485
1176 259.30937895222485
1177 259.30937895222485
1178 259.30937895222485
1179 259.30937895222485
1180 259.30937895222485
1181 259.30937895222485
1182 259.30937895222485
1183 259.30937895222485
1184 259.30937895222485
1185 259.30937895222485
1186 259.30937895222485
1187 259.30937895222485
1188 259.30937895222485
1189 259.30937895222485
1190 259.30937895222485
1191 259.30937895222485
1192 259.30937895222485
1193 259.30937895222485
1194 259.30937895222485
1195 259.30937895222485
1196 259.30937895222485
1197 259.30937895222485
1198 259.30937895222485
1199 259.30937895222485
1200 259.30937895222485
1201 259.30937895222485
1202 259.30937895222485
1203 259.30937895222485
1204 259.30937895222485
1205 259.30937895222485
1206 259.30937895222485
1207 259.30937895222485
1208 259.30937895222485
1209 259.30937895222485
1210 259.30937895222485
1211 259.30937895222485
1212 259.30937895222485
1213 259.30937895222485
1214 259.30937895222485
1215 259.30937895222485
1216 259.30937895222485
1217 259.30937895222485
1218 259.30937895222485
1219 259.30937895222485
1220 259.30937895222485
1221 259.30937895222485
1222 259.30937895222485
1223 259.30937895222485
1224 259.30937895222485
1225 259.30937895222485
1226 259.30937895222485
1227 259.30937895222485
1228 259.30937895222485
1229 259.30937895222485
1230 259.30937895222485
1231 259.30937895222485
1232 259.30937895222485
1233 259.30937895222485
1234 259.30937895222485
1235 259.30937895222485
1236 259.30937895222485
1237 259.30937895222485
1238 259.30937895222485
1239 259.30937895222485
1240 259.30937895222485
1241 259.30937895222485
1242 259.30937895222485
1243 259.30937895222485
1244 259.30937895222485
1245 259.30937895222485
1246 259.30937895222485
1247 259.30937895222485
1248 259.30937895222485
1249 259.30937895222485
1250 259.30937895222485
1251 259.30937895222485
1252 259.30937895222485
1253 259.30937895222485
1254 259.30937895222485
1255 259.30937895222485
1256 259.30937895222485
1257 259.30937895222485
1258 259.30937895222485
1259 259.30937895222485
1260 259.30937895222485
1261 259.30937895222485
1262 259.30937895222485
1263 259.7495220753505
1264 259.7495220753505
1265 259.7495220753505
1266 259.7495220753505
1267 259.7495220753505
1268 259.7495220753505
1269 259.7495220753505
1270 259.7495220753505
1271 259.7495220753505
1272 259.7495220753505
1273 259.7495220753505
1274 259.7495220753505
1275 259.7495220753505
1276 259.7495220753505
1277 259.7495220753505
1278 259.7495220753505
1279 259.7495220753505
1280 259.7495220753505
1281 259.7495220753505
1282 259.7495220753505
1283 259.7495220753505
1284 259.7495220753505
1285 259.7495220753505
1286 259.7495220753505
1287 259.7495220753505
1288 259.7495220753505
1289 259.7495220753505
1290 259.7495220753505
1291 259.7495220753505
1292 259.7495220753505
1293 259.7495220753505
1294 259.7495220753505
1295 259.7495220753505
1296 259.7495220753505
1297 259.7495220753505
1298 259.7495220753505
1299 259.7495220753505
1300 259.7495220753505
1301 259.7495220753505
1302 259.7495220753505
1303 259.7495220753505
1304 259.7495220753505
1305 259.7495220753505
1306 259.7495220753505
1307 259.7495220753505
1308 259.7495220753505
1309 259.7495220753505
1310 259.7495220753505
1311 259.7495220753505
1312 259.7495220753505
1313 259.7495220753505
1314 259.7495220753505
1315 259.7495220753505
1316 261.1852254816878
1317 261.1852254816878
1318 261.1852254816878
1319 261.1852254816878
1320 261.1852254816878
1321 261.1852254816878
1322 261.1852254816878
1323 261.1852254816878
1324 261.1852254816878
1325 261.1852254816878
1326 261.1852254816878
1327 261.1852254816878
1328 261.1852254816878
1329 261.1852254816878
1330 261.1852254816878
1331 261.1852254816878
1332 261.1852254816878
1333 261.1852254816878
1334 261.1852254816878
1335 261.1852254816878
1336 261.1852254816878
1337 261.1852254816878
1338 261.1852254816878
1339 261.1852254816878
1340 261.1852254816878
1341 261.1852254816878
1342 261.1852254816878
1343 261.1852254816878
1344 261.1852254816878
1345 261.1852254816878
1346 261.1852254816878
1347 261.1852254816878
1348 261.1852254816878
1349 261.1852254816878
1350 261.1852254816878
1351 261.1852254816878
1352 261.1852254816878
1353 261.1852254816878
1354 261.5862549099468
1355 261.5862549099468
1356 261.5862549099468
1357 261.5862549099468
1358 261.5862549099468
1359 261.5862549099468
1360 261.5862549099468
1361 261.5862549099468
1362 261.5862549099468
1363 261.5862549099468
1364 261.5862549099468
1365 261.5862549099468
1366 261.5862549099468
1367 261.5862549099468
1368 261.5862549099468
1369 261.5862549099468
1370 261.5862549099468
1371 261.5862549099468
1372 261.5862549099468
1373 261.5862549099468
1374 261.5862549099468
1375 265.83485559214597
1376 265.83485559214597
1377 265.83485559214597
1378 265.83485559214597
1379 265.83485559214597
1380 265.83485559214597
1381 265.83485559214597
1382 265.83485559214597
1383 265.83485559214597
1384 265.83485559214597
1385 265.83485559214597
1386 265.83485559214597
1387 265.83485559214597
1388 265.83485559214597
1389 265.83485559214597
1390 265.83485559214597
1391 265.83485559214597
1392 265.83485559214597
1393 265.83485559214597
1394 265.83485559214597
1395 265.83485559214597
1396 265.83485559214597
1397 265.83485559214597
1398 265.83485559214597
1399 265.83485559214597
1400 265.83485559214597
1401 265.83485559214597
1402 265.83485559214597
1403 265.83485559214597
1404 265.83485559214597
1405 265.83485559214597
1406 265.83485559214597
1407 265.83485559214597
1408 265.83485559214597
1409 265.83485559214597
1410 265.83485559214597
1411 265.83485559214597
1412 265.83485559214597
1413 265.83485559214597
1414 265.83485559214597
1415 265.83485559214597
1416 265.83485559214597
1417 265.83485559214597
1418 265.83485559214597
1419 265.83485559214597
1420 265.83485559214597
1421 265.83485559214597
1422 265.83485559214597
1423 265.83485559214597
1424 265.83485559214597
1425 265.83485559214597
1426 265.83485559214597
1427 265.83485559214597
1428 265.83485559214597
1429 265.83485559214597
1430 265.83485559214597
1431 265.83485559214597
1432 265.83485559214597
1433 265.83485559214597
1434 265.83485559214597
1435 265.83485559214597
1436 265.83485559214597
1437 265.83485559214597
1438 265.83485559214597
1439 265.83485559214597
1440 265.83485559214597
1441 265.83485559214597
1442 265.83485559214597
1443 265.83485559214597
1444 265.83485559214597
1445 265.83485559214597
1446 265.83485559214597
1447 265.83485559214597
1448 265.83485559214597
1449 265.83485559214597
1450 265.83485559214597
1451 265.83485559214597
1452 265.83485559214597
1453 265.83485559214597
1454 265.83485559214597
1455 265.83485559214597
1456 265.83485559214597
1457 265.83485559214597
1458 265.83485559214597
1459 265.83485559214597
1460 265.83485559214597
1461 265.83485559214597
1462 265.83485559214597
1463 265.83485559214597
1464 265.83485559214597
1465 265.83485559214597
1466 265.83485559214597
1467 265.83485559214597
1468 265.83485559214597
1469 265.83485559214597
1470 265.83485559214597
1471 265.83485559214597
1472 265.83485559214597
1473 265.83485559214597
1474 265.83485559214597
1475 265.83485559214597
1476 265.83485559214597
1477 265.83485559214597
1478 265.83485559214597
1479 265.83485559214597
1480 265.83485559214597
1481 265.83485559214597
1482 265.83485559214597
1483 265.83485559214597
1484 265.83485559214597
1485 265.83485559214597
1486 265.83485559214597
1487 265.83485559214597
1488 265.83485559214597
1489 265.83485559214597
1490 265.83485559214597
1491 265.83485559214597
1492 265.83485559214597
1493 265.83485559214597
1494 265.83485559214597
1495 265.83485559214597
1496 265.83485559214597
1497 265.83485559214597
1498 265.83485559214597
1499 265.83485559214597
1500 265.83485559214597
1501 265.83485559214597
1502 265.83485559214597
1503 265.83485559214597
1504 265.83485559214597
1505 265.83485559214597
1506 265.83485559214597
1507 265.83485559214597
1508 265.83485559214597
1509 265.83485559214597
1510 265.83485559214597
1511 265.83485559214597
1512 265.83485559214597
1513 265.83485559214597
1514 265.83485559214597
1515 265.83485559214597
1516 265.83485559214597
1517 265.83485559214597
1518 265.83485559214597
1519 265.83485559214597
1520 265.83485559214597
1521 265.83485559214597
1522 265.83485559214597
1523 265.83485559214597
1524 265.83485559214597
1525 265.83485559214597
1526 265.83485559214597
1527 265.83485559214597
1528 265.83485559214597
1529 265.83485559214597
1530 265.83485559214597
1531 265.83485559214597
1532 265.83485559214597
1533 265.83485559214597
1534 265.83485559214597
1535 265.83485559214597
1536 265.83485559214597
1537 265.83485559214597
1538 265.83485559214597
1539 265.83485559214597
1540 265.83485559214597
1541 265.83485559214597
1542 265.83485559214597
1543 265.83485559214597
1544 265.83485559214597
1545 265.83485559214597
1546 265.83485559214597
1547 265.83485559214597
1548 265.83485559214597
1549 265.83485559214597
1550 265.83485559214597
1551 265.83485559214597
1552 265.83485559214597
1553 265.83485559214597
1554 265.83485559214597
1555 265.83485559214597
1556 265.83485559214597
1557 265.83485559214597
1558 265.83485559214597
1559 265.83485559214597
1560 265.83485559214597
1561 265.83485559214597
1562 265.83485559214597
1563 265.83485559214597
1564 265.83485559214597
1565 265.83485559214597
1566 265.83485559214597
1567 265.83485559214597
1568 266.53111201399463
1569 266.53111201399463
1570 266.53111201399463
1571 266.53111201399463
1572 266.53111201399463
1573 266.53111201399463
1574 266.53111201399463
1575 266.53111201399463
1576 266.53111201399463
1577 266.53111201399463
1578 266.53111201399463
1579 266.53111201399463
1580 266.53111201399463
1581 266.53111201399463
1582 266.53111201399463
1583 266.53111201399463
1584 266.53111201399463
1585 266.53111201399463
1586 266.53111201399463
1587 266.53111201399463
1588 266.53111201399463
1589 266.53111201399463
1590 266.53111201399463
1591 266.53111201399463
1592 266.53111201399463
1593 266.53111201399463
1594 266.53111201399463
1595 266.53111201399463
1596 266.53111201399463
1597 266.53111201399463
1598 266.53111201399463
1599 266.53111201399463
1600 266.53111201399463
1601 266.53111201399463
1602 266.53111201399463
1603 266.53111201399463
1604 266.53111201399463
1605 266.53111201399463
1606 266.53111201399463
1607 266.53111201399463
1608 266.53111201399463
1609 266.53111201399463
1610 266.53111201399463
1611 266.53111201399463
1612 266.53111201399463
1613 266.53111201399463
1614 266.53111201399463
1615 266.53111201399463
1616 266.53111201399463
1617 266.53111201399463
1618 266.53111201399463
1619 266.53111201399463
1620 266.53111201399463
1621 266.53111201399463
1622 266.53111201399463
1623 266.53111201399463
1624 266.53111201399463
1625 266.53111201399463
1626 266.53111201399463
1627 266.53111201399463
1628 266.53111201399463
1629 266.53111201399463
1630 266.53111201399463
1631 266.53111201399463
1632 266.53111201399463
1633 266.53111201399463
1634 266.53111201399463
1635 266.53111201399463
1636 266.53111201399463
1637 266.53111201399463
1638 266.53111201399463
1639 266.53111201399463
1640 266.53111201399463
1641 266.53111201399463
1642 266.53111201399463
1643 266.53111201399463
1644 266.53111201399463
1645 266.53111201399463
1646 266.53111201399463
1647 266.53111201399463
1648 266.53111201399463
1649 266.53111201399463
1650 266.53111201399463
1651 266.53111201399463
1652 266.53111201399463
1653 266.53111201399463
1654 266.53111201399463
1655 266.53111201399463
1656 266.53111201399463
1657 266.53111201399463
1658 266.53111201399463
1659 266.53111201399463
1660 266.53111201399463
1661 266.53111201399463
1662 266.53111201399463
1663 266.53111201399463
1664 266.53111201399463
1665 266.53111201399463
1666 266.53111201399463
1667 266.53111201399463
1668 266.53111201399463
1669 266.53111201399463
1670 266.53111201399463
1671 266.53111201399463
1672 266.53111201399463
1673 266.53111201399463
1674 266.53111201399463
1675 266.53111201399463
1676 266.53111201399463
1677 266.53111201399463
1678 266.53111201399463
1679 266.53111201399463
1680 266.53111201399463
1681 266.53111201399463
1682 266.53111201399463
1683 266.53111201399463
1684 266.53111201399463
1685 266.53111201399463
1686 266.53111201399463
1687 266.53111201399463
1688 266.53111201399463
1689 266.53111201399463
1690 266.53111201399463
1691 266.53111201399463
1692 266.53111201399463
1693 266.53111201399463
1694 266.53111201399463
1695 266.53111201399463
1696 266.53111201399463
1697 266.53111201399463
1698 266.53111201399463
1699 266.53111201399463
1700 266.53111201399463
1701 266.53111201399463
1702 266.53111201399463
1703 266.53111201399463
1704 266.53111201399463
1705 266.53111201399463
1706 266.53111201399463
1707 266.53111201399463
1708 266.53111201399463
1709 266.53111201399463
1710 266.53111201399463
1711 266.53111201399463
1712 266.53111201399463
1713 266.53111201399463
1714 266.53111201399463
1715 266.53111201399463
1716 266.53111201399463
1717 266.53111201399463
1718 266.53111201399463
1719 266.53111201399463
1720 266.53111201399463
1721 266.53111201399463
1722 266.53111201399463
1723 266.53111201399463
1724 266.53111201399463
1725 266.53111201399463
1726 266.53111201399463
1727 266.53111201399463
1728 266.53111201399463
1729 266.53111201399463
1730 266.53111201399463
1731 266.53111201399463
1732 266.53111201399463
1733 266.53111201399463
1734 266.53111201399463
1735 266.53111201399463
1736 266.53111201399463
1737 266.53111201399463
1738 266.53111201399463
1739 266.53111201399463
1740 266.53111201399463
1741 266.53111201399463
1742 266.53111201399463
1743 266.53111201399463
1744 266.53111201399463
1745 266.53111201399463
1746 266.53111201399463
1747 266.53111201399463
1748 266.53111201399463
1749 266.53111201399463
1750 266.53111201399463
1751 266.53111201399463
1752 266.53111201399463
1753 266.53111201399463
1754 266.53111201399463
1755 266.53111201399463
1756 266.53111201399463
1757 266.53111201399463
1758 266.53111201399463
1759 266.53111201399463
1760 266.53111201399463
1761 266.53111201399463
1762 266.53111201399463
1763 266.53111201399463
1764 266.53111201399463
1765 266.53111201399463
1766 266.53111201399463
1767 266.53111201399463
1768 266.53111201399463
1769 266.53111201399463
1770 266.53111201399463
1771 266.53111201399463
1772 266.53111201399463
1773 266.53111201399463
1774 266.53111201399463
1775 266.53111201399463
1776 266.53111201399463
1777 266.53111201399463
1778 266.53111201399463
1779 266.53111201399463
1780 266.53111201399463
1781 266.53111201399463
1782 266.53111201399463
1783 266.53111201399463
1784 266.53111201399463
1785 266.53111201399463
1786 266.53111201399463
1787 266.53111201399463
1788 266.53111201399463
1789 266.53111201399463
1790 266.53111201399463
1791 266.53111201399463
1792 266.53111201399463
1793 266.53111201399463
1794 266.53111201399463
1795 266.53111201399463
1796 266.53111201399463
1797 266.53111201399463
1798 266.53111201399463
1799 266.53111201399463
1800 266.53111201399463
1801 266.53111201399463
1802 266.53111201399463
1803 266.53111201399463
1804 266.53111201399463
1805 266.53111201399463
1806 266.53111201399463
1807 266.53111201399463
1808 266.53111201399463
1809 266.53111201399463
1810 266.53111201399463
1811 266.53111201399463
1812 266.53111201399463
1813 266.53111201399463
1814 266.53111201399463
1815 266.53111201399463
1816 266.53111201399463
1817 266.53111201399463
1818 266.53111201399463
1819 266.53111201399463
1820 266.53111201399463
1821 266.53111201399463
1822 266.53111201399463
1823 266.53111201399463
1824 266.53111201399463
1825 266.53111201399463
1826 266.53111201399463
1827 266.53111201399463
1828 266.53111201399463
1829 266.53111201399463
1830 266.53111201399463
1831 266.53111201399463
1832 266.53111201399463
1833 266.53111201399463
1834 266.53111201399463
1835 266.53111201399463
1836 266.53111201399463
1837 266.53111201399463
1838 266.53111201399463
1839 266.53111201399463
1840 266.53111201399463
1841 266.53111201399463
1842 266.53111201399463
1843 266.53111201399463
1844 266.53111201399463
1845 266.63776075138736
1846 266.63776075138736
1847 266.63776075138736
1848 266.63776075138736
1849 266.63776075138736
1850 266.63776075138736
1851 266.63776075138736
1852 266.63776075138736
1853 266.63776075138736
1854 266.63776075138736
1855 266.63776075138736
1856 266.63776075138736
1857 266.63776075138736
1858 266.63776075138736
1859 266.63776075138736
1860 266.63776075138736
1861 266.63776075138736
1862 266.63776075138736
1863 266.63776075138736
1864 266.63776075138736
1865 266.63776075138736
1866 266.63776075138736
1867 266.63776075138736
1868 266.63776075138736
1869 266.63776075138736
1870 266.63776075138736
1871 266.63776075138736
1872 266.63776075138736
1873 266.63776075138736
1874 266.63776075138736
1875 266.63776075138736
1876 266.63776075138736
1877 266.63776075138736
1878 266.63776075138736
1879 266.63776075138736
1880 266.63776075138736
1881 266.63776075138736
1882 266.63776075138736
1883 266.63776075138736
1884 266.63776075138736
1885 266.63776075138736
1886 266.63776075138736
1887 266.63776075138736
1888 266.63776075138736
1889 266.63776075138736
1890 266.63776075138736
1891 266.63776075138736
1892 266.63776075138736
1893 266.63776075138736
1894 266.63776075138736
1895 266.63776075138736
1896 266.63776075138736
1897 266.63776075138736
1898 266.63776075138736
1899 266.63776075138736
1900 266.63776075138736
1901 266.63776075138736
1902 266.63776075138736
1903 266.63776075138736
1904 266.63776075138736
1905 266.63776075138736
1906 266.63776075138736
1907 266.63776075138736
1908 266.63776075138736
1909 266.63776075138736
1910 266.63776075138736
1911 266.63776075138736
1912 266.63776075138736
1913 266.63776075138736
1914 266.63776075138736
1915 266.63776075138736
1916 266.63776075138736
1917 266.63776075138736
1918 266.63776075138736
1919 266.63776075138736
1920 266.63776075138736
1921 266.63776075138736
1922 266.63776075138736
1923 266.63776075138736
1924 266.63776075138736
1925 266.63776075138736
1926 266.63776075138736
1927 266.63776075138736
1928 266.63776075138736
1929 266.63776075138736
1930 266.63776075138736
1931 266.63776075138736
1932 266.63776075138736
1933 266.63776075138736
1934 266.63776075138736
1935 266.63776075138736
1936 266.63776075138736
1937 266.63776075138736
1938 266.63776075138736
1939 266.63776075138736
1940 266.63776075138736
1941 266.63776075138736
1942 266.63776075138736
1943 266.63776075138736
1944 266.63776075138736
1945 266.63776075138736
1946 266.63776075138736
1947 266.63776075138736
1948 266.63776075138736
1949 266.63776075138736
1950 266.63776075138736
1951 266.63776075138736
1952 266.63776075138736
1953 266.63776075138736
1954 266.63776075138736
1955 266.63776075138736
1956 266.63776075138736
1957 266.63776075138736
1958 266.63776075138736
1959 266.63776075138736
1960 266.63776075138736
1961 266.63776075138736
1962 266.63776075138736
1963 266.63776075138736
1964 266.63776075138736
1965 266.63776075138736
1966 266.63776075138736
1967 266.63776075138736
1968 266.63776075138736
1969 266.63776075138736
1970 266.63776075138736
1971 266.63776075138736
1972 266.63776075138736
1973 266.63776075138736
1974 266.63776075138736
1975 266.63776075138736
1976 266.63776075138736
1977 266.63776075138736
1978 266.63776075138736
1979 266.63776075138736
1980 266.63776075138736
1981 266.63776075138736
1982 266.63776075138736
1983 266.63776075138736
1984 266.63776075138736
1985 266.63776075138736
1986 266.63776075138736
1987 266.63776075138736
1988 266.63776075138736
1989 266.63776075138736
1990 266.63776075138736
1991 266.63776075138736
1992 266.63776075138736
1993 266.63776075138736
1994 266.63776075138736
1995 266.63776075138736
1996 266.63776075138736
1997 266.63776075138736
1998 266.63776075138736
1999 266.63776075138736
