0 0.29711284902795565
1 0.3255062038379288
2 0.3335583753687589
3 0.3558022931487315
4 0.31515850512882376
5 0.2957526573533993
6 0.20211605727313922
7 0.11422905992095607
8 0.040568336551497344
9 0.042514167369046924
10 0.1149463030631721
11 0.28093421821907505
12 0.5376534025129237
13 0.6633447249311383
14 0.6120719460920633
15 0.3223328012897951
16 0.3026331876144118
17 0.2866535982213792
18 0.29022436356480696
19 0.290224363564807
20 0.3541121626259365
21 0.42871540054782714
22 0.5179647232801834
23 0.5868881732192125
24 0.652470349595888
25 0.582522630010909
26 0.4652671602521192
27 0.2857517279417595
28 0.19783923924068594
29 0.19276826207802814
30 0.1866297821660917
31 0.19040470856473005
32 0.19154207907286475
33 0.17647385926383602
34 0.17630280649777832
35 0.1781012506249615
36 0.1784398183469749
37 0.1797038809713204
38 0.17224769409388246
39 0.2050156154732869
40 0.20649830513033607
41 0.19905849354942554
42 0.20006759518530018
43 0.20087136062926025
44 0.2010169137530481
45 0.201631564193299
46 0.1931919185797219
47 0.1939538665486598
48 0.19542888199206035
49 0.1964977163711133
50 0.19661824810326278
51 0.19734536685853438
52 0.19734536685853438
53 0.18880739216674108
54 0.18895017360241737
55 0.19004636856816337
56 0.19025736015030495
57 0.1905594024912473
58 0.19105025709966267
59 0.19227965411422165
60 0.19227965411422165
61 0.19252507650576425
62 0.1927015430250749
63 0.1931798514254134
64 0.1931798514254134
65 0.1931798514254134
66 0.19385806378180184
67 0.1944789504663144
68 0.1944789504663144
69 0.19535125483559607
70 0.19670198285098367
71 0.19670198285098367
72 0.1969712014876662
73 0.1969712014876662
74 0.1969712014876662
75 0.19686070584406976
76 0.19722229653418252
77 0.19795247071977273
78 0.1981368173203082
79 0.1981368173203082
80 0.18816358269911496
81 0.18816358269911496
82 0.1881801339965145
83 0.1887438056608672
84 0.1887438056608672
85 0.1889432392589778
86 0.1883187941618999
87 0.18851301326067593
88 0.18851301326067593
89 0.18822361813902957
90 0.18822361813902957
91 0.18822361813902957
92 0.18864264819922902
93 0.18862208553416718
94 0.18869038362459245
95 0.18869038362459245
96 0.1887782330481628
97 0.1885532052178289
98 0.1885532052178289
99 0.1886742670799591
100 0.18889006570686304
101 0.18901052610047808
102 0.18901052610047808
103 0.18901052610047808
104 0.18878947694982337
105 0.18863819934684803
106 0.18863819934684803
107 0.1884284179478275
108 0.18877373350373067
109 0.18877373350373067
110 0.18877373350373067
111 0.18890786548109903
112 0.18890786548109903
113 0.1358467329472099
114 0.1356780230293754
115 0.1200170801510968
116 0.1200170801510968
117 0.12014250029695639
118 0.12019947568102386
119 0.12010858497311835
120 0.12010858497311835
121 0.12010858497311835
122 0.12010858497311835
123 0.12010858497311835
124 0.12010858497311835
125 0.12010858497311835
126 0.12018284466286644
127 0.11924904276927711
128 0.11924904276927711
129 0.11924904276927711
130 0.11924904276927711
131 0.11924904276927711
132 0.11924904276927711
133 0.11926657163510662
134 0.11984299172221356
135 0.12070040281450325
136 0.12070040281450325
137 0.12070040281450325
138 0.12070040281450325
139 0.12070040281450325
140 0.12070040281450325
141 0.12070040281450325
142 0.12070040281450325
143 0.1671622758100435
144 0.12085849964668996
145 0.12033763998255566
146 0.12072819206627763
147 0.12001486509581644
148 0.11980556135450066
149 0.11980556135450066
150 0.11980556135450066
151 0.11980556135450064
152 0.11956710439473735
153 0.11971131816240503
154 0.12043097071184482
155 0.12056211985946777
156 0.12103966366045661
157 0.1216553091383046
158 0.1216553091383046
159 0.1216553091383046
160 0.12161893561537619
161 0.12161893561537619
162 0.12122341008647954
163 0.1210117581962381
164 0.1210117581962381
165 0.12103717316315014
166 0.12103717316315014
167 0.12084057595481748
168 0.12084057595481748
169 0.12084057595481748
170 0.12084057595481748
171 0.12084057595481748
172 0.1216380130000372
173 0.12082202095484434
174 0.12082202095484434
175 0.1669677476633305
176 0.16693862902089202
177 0.16693862902089202
178 0.16662949007570838
179 0.2009509051386476
180 0.11831964977827861
181 0.11861528645853629
182 0.11880249719075218
183 0.11699997727845816
184 0.11748100975012822
185 0.1168490947226379
186 0.1168490947226379
187 0.1168490947226379
188 0.1168490947226379
189 0.1168490947226379
190 0.11738640815924777
191 0.11738640815924777
192 0.11738640815924777
193 0.11728102749260949
194 0.1170410079747396
195 0.11657432462084988
196 0.11657432462084988
197 0.11615788719682149
198 0.11663423795957051
199 0.11663423795957051
