0 0.701869019583626
1 0.7919383946032049
2 0.7986965301201393
3 0.8062454574439478
4 0.8062454574439478
5 0.808372107451352
6 0.808372107451352
7 0.8086638556453648
8 0.8086638556453648
9 0.8086638556453648
10 0.8086638556453648
11 0.8086638556453648
12 0.8086638556453648
13 0.8086638556453648
14 0.8086638556453648
15 0.8086638556453648
16 0.8086638556453648
17 0.8086638556453648
18 0.8086638556453648
19 0.8086638556453648
20 0.8086638556453648
21 0.8086638556453648
22 0.8087253911767783
23 0.8087253911767783
24 0.8087253911767783
25 0.8087253911767783
26 0.8087253911767783
27 0.8087253911767783
28 0.808725564451374
29 0.808725564451374
30 0.808725564451374
31 0.808725564451374
32 0.808725564451374
33 0.808725564451374
34 0.808725564451374
35 0.808725564451374
36 0.808725564451374
37 0.808725564451374
38 0.808725564451374
39 0.808725564451374
40 0.808725564451374
41 0.808725564451374
42 0.808725564451374
43 0.808725564451374
44 0.808725564451374
45 0.808725564451374
46 0.808725564451374
47 0.808725564451374
48 0.808725564451374
49 0.8087458043732935
50 0.8087458043732935
51 0.8087458043732935
52 0.8087458043732935
53 0.8087458043732935
54 0.8087458043732935
55 0.8087458043732935
56 0.8087458043732935
57 0.8087458043732935
58 0.8087470820896913
59 0.8087470820896913
60 0.8087470820896913
61 0.8087470820896913
62 0.8087471108434485
63 0.8087471108434485
64 0.8087471108434485
65 0.8087471108434485
66 0.8087471445883625
67 0.8087471445883625
68 0.808747344281291
69 0.808747344281291
70 0.808749078118039
71 0.8087507755433028
72 0.8087507755433028
73 0.8087601442012464
74 0.8087601442013373
75 0.8087601442013373
76 0.8087601442013373
77 0.8087601442013373
78 0.8087601442013373
79 0.8087601442013373
80 0.8087601442021962
81 0.8087601442021962
82 0.8087601442021962
83 0.8087601442021962
84 0.8087635273958761
85 0.8087635273986351
86 0.8087635273986351
87 0.8087635274034183
88 0.8087635274034183
89 0.8087635274034183
90 0.8087635298455884
91 0.8087670121959507
92 0.8087670121959617
93 0.8087670121959617
94 0.8087670121959617
95 0.8087670121959617
96 0.8087670121959617
97 0.8087670121959617
98 0.8087670121959617
99 0.8087670121959617
100 0.8087670121959617
101 0.8087670121959617
102 0.8087670121959617
103 0.8087670121959617
104 0.8087670121959617
105 0.8087670121959617
106 0.8087670121959617
107 0.8087670121959617
108 0.8087670121959617
109 0.8087670121959617
110 0.8087670121959617
111 0.8087670121959617
112 0.8087670121959617
113 0.8087670121959617
114 0.8087670121959617
115 0.8087670121959617
116 0.8087670121959617
117 0.8087670121959617
118 0.8087670121959617
119 0.8087670121959617
120 0.8087670121959617
121 0.8087670121959617
122 0.8087670121959617
123 0.8087670121959617
124 0.8087670121959617
125 0.8087670121959617
126 0.8087670121959617
127 0.8087670121959617
128 0.8087670121959617
129 0.8087670121959617
130 0.8087670121959617
131 0.8087670121959617
132 0.8087670121959617
133 0.8087670121959617
134 0.8087670121959617
135 0.8087670121959617
136 0.8087670121959617
137 0.8087670121959617
138 0.8087670121959617
139 0.8087670121959617
140 0.8087670121959617
141 0.8087670121959617
142 0.8087670121959617
143 0.8087670121959617
144 0.8087670121959617
145 0.8087670121959617
146 0.8087670121959617
147 0.8087670121959617
148 0.8087670121959617
149 0.8087670121959621
150 0.8087670121959621
151 0.8087670121959621
152 0.8087670121959621
153 0.8087670121959621
154 0.8087670121959621
155 0.8087670121959621
156 0.8087670121959621
157 0.8087670121959621
158 0.8087670121959621
159 0.8087670121959621
160 0.8087670121959621
161 0.8087670121959621
162 0.8087670121959621
163 0.8087670121959621
164 0.8087670121959621
165 0.8087670121959621
166 0.8087670121959621
167 0.8087670121959621
168 0.8087670121959621
169 0.8087670121959621
170 0.8087670121959621
171 0.8087670121959621
172 0.8087670121959621
173 0.8087670121959621
174 0.8087670121959621
175 0.8087670121959621
176 0.8087670121959621
177 0.8087670121959621
178 0.8087670121959621
179 0.8087670121959621
180 0.8087670121959621
181 0.8087670121959621
182 0.8087670121959621
183 0.8087670121959621
184 0.8087670121959621
185 0.8087670121959621
186 0.8087670121959621
187 0.8087670121959621
188 0.8087670121959621
189 0.8087670121959621
190 0.8087670121959621
191 0.8087670121959621
192 0.8087670121959621
193 0.8087682114030169
194 0.8087682114030169
195 0.8087682114030169
196 0.8087682114030169
197 0.8087682114030169
198 0.808768211403066
199 0.808768211403066
200 0.808768211403066
201 0.808768211403066
202 0.808768211403066
203 0.808768211403066
204 0.808768211403066
205 0.808768211403066
206 0.808768211403066
207 0.808768211403066
208 0.808768211403066
209 0.808768211403066
210 0.808768211403066
211 0.808768211403066
212 0.808768211403066
213 0.8087682114030972
214 0.8087682114030972
215 0.8087682114030972
216 0.8087682114030972
217 0.8087682114030972
218 0.8087682114030972
219 0.8087682114030972
220 0.8087682114030972
221 0.8087682114030972
222 0.8087682114030972
223 0.8087682114030972
224 0.8087682114030972
225 0.8087682114030972
226 0.8087682114030972
227 0.8087682114030972
228 0.8087682114030972
229 0.8087682114030972
230 0.8087682114030972
231 0.8087682114030972
232 0.8087682114030972
233 0.8087682114030972
234 0.8087682114030972
235 0.8087682114030972
236 0.8087682114030972
237 0.8087682114030972
238 0.8087682114030972
239 0.8087682114030972
240 0.8087682114030972
241 0.8087682114030972
242 0.8087682114030972
243 0.8087682114030972
244 0.8087685076738999
245 0.8087685076738999
246 0.8087685076738999
247 0.8087685076738999
248 0.8087685076738999
249 0.8087685076738999
250 0.8087685076738999
251 0.8087685076738999
252 0.8087685076738999
253 0.8087685076738999
254 0.8087685076738999
255 0.8087685076738999
256 0.8087685076738999
257 0.8087685076738999
258 0.8087685076738999
259 0.8087685076738999
260 0.8087685076738999
261 0.8087685076738999
262 0.8087685076738999
263 0.8087685076738999
264 0.8087685076738999
265 0.8087685076738999
266 0.8087685076738999
267 0.8087685076738999
268 0.8087685076738999
269 0.8087685076738999
270 0.8087685076738999
271 0.8087685076738999
272 0.8087685076738999
273 0.8087685076738999
274 0.8087685076738999
275 0.8087685076738999
276 0.8087685076738999
277 0.8087685076738999
278 0.8087685076738999
279 0.8087685076738999
280 0.8087685076738999
281 0.8087685076738999
282 0.8087685076738999
283 0.8087685076738999
284 0.8087685076738999
285 0.8087685076738999
286 0.8087685076738999
287 0.8087685076738999
288 0.8087685076738999
289 0.8087685076738999
290 0.8087685076738999
291 0.8087685076738999
292 0.8087685076738999
293 0.8087685076738999
294 0.8087685076738999
295 0.8087685076738999
296 0.8087685076738999
297 0.8087685076738999
298 0.8087685076738999
299 0.8087685076738999
300 0.8087685076738999
301 0.8087685076738999
302 0.8087685076738999
303 0.8087685076738999
304 0.8087685076738999
305 0.8087685076738999
306 0.8087685076738999
307 0.8087685076738999
308 0.8087685076738999
309 0.8087685076738999
310 0.8087685076738999
311 0.8087685076738999
312 0.8087685076738999
313 0.8087685076738999
314 0.8087685076738999
315 0.8087685076738999
316 0.8087685076738999
317 0.8087685076738999
318 0.8087685076738999
319 0.8087685076738999
320 0.8087685076738999
321 0.8087685076738999
322 0.8087685076738999
323 0.8087685076738999
324 0.8087685076738999
325 0.8087685076738999
326 0.8087685076738999
327 0.8087685076738999
328 0.8087685076738999
329 0.8087685076738999
330 0.8087685076738999
331 0.8087685076738999
332 0.8087685076738999
333 0.8087685076738999
334 0.8087685076738999
335 0.8087685076738999
336 0.8087685076738999
337 0.8087685076738999
338 0.8087685076738999
339 0.8087685076738999
340 0.8087685076738999
341 0.8087685076738999
342 0.8087685076738999
343 0.8087685076738999
344 0.8087685076738999
345 0.8087685076738999
346 0.8087685076738999
347 0.8087685076738999
348 0.8087685076738999
349 0.8087685076738999
350 0.8087685076738999
351 0.8087685076738999
352 0.8087685076738999
353 0.8087685076738999
354 0.8087685076738999
355 0.8087685076738999
356 0.8087685076738999
357 0.8087685076738999
358 0.8087685076738999
359 0.8087685076738999
360 0.8087685076738999
361 0.8087685076738999
362 0.8087685076738999
363 0.8087685076738999
364 0.8087685076738999
365 0.8087685076738999
366 0.8087685076738999
367 0.8087685076738999
368 0.8087685076738999
369 0.8087685076738999
370 0.8087685076738999
371 0.8087685076738999
372 0.8087685076738999
373 0.8087685076738999
374 0.8087685076738999
375 0.8087685076738999
376 0.8087685076738999
377 0.8087685076738999
378 0.8087685076738999
379 0.8087685076738999
380 0.8087685076738999
381 0.8087685076738999
382 0.8087685076738999
383 0.8087685076738999
384 0.8087685076738999
385 0.8087685076738999
386 0.8087685076738999
387 0.8087685076738999
388 0.8087685076738999
389 0.8087685076738999
390 0.8087685076738999
391 0.8087685076738999
392 0.8087685076738999
393 0.8087685076738999
394 0.8087685076738999
395 0.8087685076738999
396 0.8087685076738999
397 0.8087685076738999
398 0.8087685076738999
399 0.8087685076738999
400 0.8087685076738999
401 0.8087685076738999
402 0.8087685076738999
403 0.8087685076738999
404 0.8087685076738999
405 0.8087685076738999
406 0.8087685076738999
407 0.8087685076738999
408 0.8087685076738999
409 0.8087685076738999
410 0.8087685076738999
411 0.8087685076738999
412 0.8087685076738999
413 0.8087685076738999
414 0.8087685076738999
415 0.8087685076738999
416 0.8087685076738999
417 0.8087685076738999
418 0.8087685076738999
419 0.8087685076738999
420 0.8087685076738999
421 0.8087685076738999
422 0.8087685076738999
423 0.8087685076738999
424 0.8087685076738999
425 0.8087685076738999
426 0.8087685076738999
427 0.8087685076738999
428 0.8087685076738999
429 0.8087685076738999
430 0.8087685076738999
431 0.8087685076738999
432 0.8087685076738999
433 0.8087685076738999
434 0.8087685076738999
435 0.8087685076738999
436 0.8087685076738999
437 0.8087685076738999
438 0.8087685076738999
439 0.8087685076738999
440 0.8087685076738999
441 0.8087685076738999
442 0.8087685076738999
443 0.8087685076738999
444 0.8087685076738999
445 0.8087685076738999
446 0.8087685076738999
447 0.8087685076738999
448 0.8087685076738999
449 0.8087685076738999
450 0.8087685076738999
451 0.8087685076738999
452 0.8087685076738999
453 0.8087685076738999
454 0.8087685076738999
455 0.8087685076738999
456 0.8087685076738999
457 0.8087685076738999
458 0.8087685076738999
459 0.8087685076738999
460 0.8087685076738999
461 0.8087685076738999
462 0.8087685076738999
463 0.8087685076738999
464 0.8087685076738999
465 0.8087685076738999
466 0.8087685076738999
467 0.8087685076738999
468 0.8087685076738999
469 0.8087685076738999
470 0.8087685076738999
471 0.8087685076738999
472 0.8087685076738999
473 0.8087685076738999
474 0.8087685076738999
475 0.8087685076738999
476 0.8087685076738999
477 0.8087685076738999
478 0.8087685076738999
479 0.8087685076738999
480 0.8087685076738999
481 0.8087685076738999
482 0.8087685076738999
483 0.8087685076738999
484 0.8087685076738999
485 0.8087685076738999
486 0.8087685076738999
487 0.8087685076738999
488 0.8087685076738999
489 0.8087685076738999
490 0.8087685076738999
491 0.8087685076738999
492 0.8087685076738999
493 0.8087685076738999
494 0.8087685076738999
495 0.8087685076738999
496 0.8087685076738999
497 0.8087685076738999
498 0.8087685076738999
499 0.8087685076738999
500 0.8087685076738999
501 0.8087685076738999
502 0.8087685076738999
503 0.8087685076738999
504 0.8087685076738999
505 0.8087685076738999
506 0.8087685076738999
507 0.8087685076738999
508 0.8087685076738999
509 0.8087685076738999
510 0.8087685076738999
511 0.8087685076738999
512 0.8087685076738999
513 0.8087685076738999
514 0.8087685076738999
515 0.8087685076738999
516 0.8087685076738999
517 0.8087685076738999
518 0.8087685076738999
519 0.8087685076738999
520 0.8087685076738999
521 0.8087685076738999
522 0.8087685076738999
523 0.8087685076738999
524 0.8087685076738999
525 0.8087685076738999
526 0.8087685076738999
527 0.8087685076738999
528 0.8087685076738999
529 0.8087685076738999
530 0.8087685076738999
531 0.8087685076738999
532 0.8087685076738999
533 0.8087685076738999
534 0.8087685076738999
535 0.8087685076738999
536 0.8087685076738999
537 0.8087685076738999
538 0.8087685076738999
539 0.8087685076738999
540 0.8087685076738999
541 0.8087685076738999
542 0.8087685076738999
543 0.8087685076738999
544 0.8087685076738999
545 0.8087685076738999
546 0.8087685076738999
547 0.8087685076738999
548 0.8087685076738999
549 0.8087685076738999
550 0.8087685076738999
551 0.8087685076738999
552 0.8087685076738999
553 0.8087685076738999
554 0.8087685076738999
555 0.8087685076738999
556 0.8087685076738999
557 0.8087685076738999
558 0.8087685076738999
559 0.8087685076738999
560 0.8087685076738999
561 0.8087685076738999
562 0.8087685076738999
563 0.8087685076738999
564 0.8087685076738999
565 0.8087685076738999
566 0.8087685076738999
567 0.8087685076738999
568 0.8087685076738999
569 0.8087685076738999
570 0.8087685076738999
571 0.8087685076738999
572 0.8087685076738999
573 0.8087685076738999
574 0.8087685076738999
575 0.8087685076738999
576 0.8087685076738999
577 0.8087685076738999
578 0.8087685076738999
579 0.8087685076738999
580 0.8087685076738999
581 0.8087685076738999
582 0.8087685076738999
583 0.8087685076738999
584 0.8087685076738999
585 0.8087685076738999
586 0.8087685076738999
587 0.8087685076738999
588 0.8087685076738999
589 0.8087685076738999
590 0.8087685076738999
591 0.8087685076738999
592 0.8087685076738999
593 0.8087685076738999
594 0.8087685076738999
595 0.8087685076738999
596 0.8087685076738999
597 0.8087685076738999
598 0.8087685076738999
599 0.8087685076738999
600 0.8087685076738999
601 0.8087685076738999
602 0.8087685076738999
603 0.8087685076738999
604 0.8087685076738999
605 0.8087685076738999
606 0.8087685076738999
607 0.8087685076738999
608 0.8087685076738999
609 0.8087685076738999
610 0.8087685076738999
611 0.8087685076738999
612 0.8087685076738999
613 0.8087685076738999
614 0.8087685076738999
615 0.8087685076738999
616 0.8087685076738999
617 0.8087685076738999
618 0.8087685076738999
619 0.8087685076738999
620 0.8087685076738999
621 0.8087685076738999
622 0.8087685076738999
623 0.8087685076738999
624 0.8087685076738999
625 0.8087685076738999
626 0.8087685076738999
627 0.8087685076738999
628 0.8087685076738999
629 0.8087685076738999
630 0.8087685076738999
631 0.8087685076738999
632 0.8087685076738999
633 0.8087685076738999
634 0.8087685076738999
635 0.8087685076738999
636 0.8087685076738999
637 0.8087685076738999
638 0.8087685076738999
639 0.8087685076738999
640 0.8087685076738999
641 0.8087685076738999
642 0.8087685076738999
643 0.8087685076738999
644 0.8087685076738999
645 0.8087685076738999
646 0.8087685076738999
647 0.8087685076738999
648 0.8087685076738999
649 0.8087685076738999
650 0.8087685076738999
651 0.8087685076738999
652 0.8087685076738999
653 0.8087685076738999
654 0.8087685076738999
655 0.8087685076738999
656 0.8087685076738999
657 0.8087685076738999
658 0.8087685076738999
659 0.8087685076738999
660 0.8087685076738999
661 0.8087685076738999
662 0.8087685076738999
663 0.8087685076738999
664 0.8087685076738999
665 0.8087685076738999
666 0.8087685076738999
667 0.8087685076738999
668 0.8087685076738999
669 0.8087685076738999
670 0.8087685076738999
671 0.8087685076738999
672 0.8087685076738999
673 0.8087685076738999
674 0.8087685076738999
675 0.8087685076738999
676 0.8087685076738999
677 0.8087685076738999
678 0.8087685076738999
679 0.8087685076738999
680 0.8087685076738999
681 0.8087685076738999
682 0.8087685076738999
683 0.8087685076738999
684 0.8087685076738999
685 0.8087685076738999
686 0.8087685076738999
687 0.8087685076738999
688 0.8087685076738999
689 0.8087685076738999
690 0.8087685076738999
691 0.8087685076738999
692 0.8087685076738999
693 0.8087685076738999
694 0.8087685076738999
695 0.8087685076738999
696 0.8087685076738999
697 0.8087685076738999
698 0.8087685076738999
699 0.8087685076738999
700 0.8087685076738999
701 0.8087685076738999
702 0.8087685076738999
703 0.8087685076738999
704 0.8087685076738999
705 0.8087685076738999
706 0.8087685076738999
707 0.8087685076738999
708 0.8087685076738999
709 0.8087685076738999
710 0.8087685076738999
711 0.8087685076738999
712 0.8087685076738999
713 0.8087685076738999
714 0.8087685076738999
715 0.8087685076738999
716 0.8087685076738999
717 0.8087685076738999
718 0.8087685076738999
719 0.8087685076738999
720 0.8087685076738999
721 0.8087685076738999
722 0.8087685076738999
723 0.8087685076738999
724 0.8087685076738999
725 0.8087685076738999
726 0.8087685076738999
727 0.8087685076738999
728 0.8087685076738999
729 0.8087685076738999
730 0.8087685076738999
731 0.8087685076738999
732 0.8087685076738999
733 0.8087685076738999
734 0.8087685076738999
735 0.8087685076738999
736 0.8087685076738999
737 0.8087685076738999
738 0.8087685076738999
739 0.8087685076738999
740 0.8087685076738999
741 0.8087685076738999
742 0.8087685076738999
743 0.8087685076738999
744 0.8087685076738999
745 0.8087685076738999
746 0.8087685076738999
747 0.8087685076738999
748 0.8087685076738999
749 0.8087685076738999
750 0.8087685076738999
751 0.8087685076738999
752 0.8087685076738999
753 0.8087685076738999
754 0.8087685076738999
755 0.8087685076738999
756 0.8087685076738999
757 0.8087685076738999
758 0.8087685076738999
759 0.8087685076738999
760 0.8087685076738999
761 0.8087685076738999
762 0.8087685076738999
763 0.8087685076738999
764 0.8087685076738999
765 0.8087685076738999
766 0.8087685076738999
767 0.8087685076738999
768 0.8087685076738999
769 0.8087685076738999
770 0.8087685076738999
771 0.8087685076738999
772 0.8087685076738999
773 0.8087685076738999
774 0.8087685076738999
775 0.8087685076738999
776 0.8087685076738999
777 0.8087685076738999
778 0.8087685076738999
779 0.8087685076738999
780 0.8087685076738999
781 0.8087685076738999
782 0.8087685076738999
783 0.8087685076738999
784 0.8087685076738999
785 0.8087685076738999
786 0.8087685076738999
787 0.8087685076738999
788 0.8087685076738999
789 0.8087685076738999
790 0.8087685076738999
791 0.8087685076738999
792 0.8087685076738999
793 0.8087685076738999
794 0.8087685076738999
795 0.8087685076738999
796 0.8087685076738999
797 0.8087685076738999
798 0.8087685076738999
799 0.8087685076738999
800 0.8087685076738999
801 0.8087685076738999
802 0.8087685076738999
803 0.8087685076738999
804 0.8087685076738999
805 0.8087685076738999
806 0.8087685076738999
807 0.8087685076738999
808 0.8087685076738999
809 0.8087685076738999
810 0.8087685076738999
811 0.8087685076738999
812 0.8087685076738999
813 0.8087685076738999
814 0.8087685076738999
815 0.8087685076738999
816 0.8087685076738999
817 0.8087685076738999
818 0.8087685076738999
819 0.8087685076738999
820 0.8087685076738999
821 0.8087685076738999
822 0.8087685076738999
823 0.8087685076738999
824 0.8087685076738999
825 0.8087685076738999
826 0.8087685076738999
827 0.8087685076738999
828 0.8087685076738999
829 0.8087685076738999
830 0.8087685076738999
831 0.8087685076738999
832 0.8087685076738999
833 0.8087685076738999
834 0.8087685076738999
835 0.8087685076738999
836 0.8087685076738999
837 0.8087685076738999
838 0.8087685076738999
839 0.8087685076738999
840 0.8087685076738999
841 0.8087685076738999
842 0.8087685076738999
843 0.8087685076738999
844 0.8087685076738999
845 0.8087685076738999
846 0.8087685076738999
847 0.8087685076738999
848 0.8087685076738999
849 0.8087685076738999
850 0.8087685076738999
851 0.8087685076738999
852 0.8087685076738999
853 0.8087685076738999
854 0.8087685076738999
855 0.8087685076738999
856 0.8087685076738999
857 0.8087685076738999
858 0.8087685076738999
859 0.8087685076738999
860 0.8087685076738999
861 0.8087685076738999
862 0.8087685076738999
863 0.8087685076738999
864 0.8087685076738999
865 0.8087685076738999
866 0.8087685076738999
867 0.8087685076738999
868 0.8087685076738999
869 0.8087685076738999
870 0.8087685076738999
871 0.8087685076738999
872 0.8087685076738999
873 0.8087685076738999
874 0.8087685076738999
875 0.8087685076738999
876 0.8087685076738999
877 0.8087685076738999
878 0.8087685076738999
879 0.8087685076738999
880 0.8087685076738999
881 0.8087685076738999
882 0.8087685076738999
883 0.8087685076738999
884 0.8087685076738999
885 0.8087685076738999
886 0.8087685076738999
887 0.8087685076738999
888 0.8087685076738999
889 0.8087685076738999
890 0.8087685076738999
891 0.8087685076738999
892 0.8087685076738999
893 0.8087685076738999
894 0.8087685076738999
895 0.8087685076738999
896 0.8087685076738999
897 0.8087685076738999
898 0.8087685076738999
899 0.8087685076738999
900 0.8087685076738999
901 0.8087685076738999
902 0.8087685076738999
903 0.8087685076738999
904 0.8087685076738999
905 0.8087685076738999
906 0.8087685076738999
907 0.8087685076738999
908 0.8087685076738999
909 0.8087685076738999
910 0.8087685076738999
911 0.8087685076738999
912 0.8087685076738999
913 0.8087685076738999
914 0.8087685076738999
915 0.8087685076738999
916 0.8087685076738999
917 0.8087685076738999
918 0.8087685076738999
919 0.8087685076738999
920 0.8087685076738999
921 0.8087685076738999
922 0.8087685076738999
923 0.8087685076738999
924 0.8087685076738999
925 0.8087685076738999
926 0.8087685076738999
927 0.8087685076738999
928 0.8087685076738999
929 0.8087685076738999
930 0.8087685076738999
931 0.8087685076738999
932 0.8087685076738999
933 0.8087685076738999
934 0.8087685076738999
935 0.8087685076738999
936 0.8087685076738999
937 0.8087685076738999
938 0.8087685076738999
939 0.8087685076738999
940 0.8087685076738999
941 0.8087685076738999
942 0.8087685076738999
943 0.8087685076738999
944 0.8087685076738999
945 0.8087685076738999
946 0.8087685076738999
947 0.8087685076738999
948 0.8087685076738999
949 0.8087685076738999
950 0.8087685076738999
951 0.8087685076738999
952 0.8087685076738999
953 0.8087685076738999
954 0.8087685076738999
955 0.8087685076738999
956 0.8087685076738999
957 0.8087685076738999
958 0.8087685076738999
959 0.8087685076738999
960 0.8087685076738999
961 0.8087685076738999
962 0.8087685076738999
963 0.8087685076738999
964 0.8087685076738999
965 0.8087685076738999
966 0.8087685076738999
967 0.8087685076738999
968 0.8087685076738999
969 0.8087685076738999
970 0.8087685076738999
971 0.8087685076738999
972 0.8087685076738999
973 0.8087685076738999
974 0.8087685076738999
975 0.8087685076738999
976 0.8087685076738999
977 0.8087685076738999
978 0.8087685076738999
979 0.8087685076738999
980 0.8087685076738999
981 0.8087685076738999
982 0.8087685076738999
983 0.8087685076738999
984 0.8087685076738999
985 0.8087685076738999
986 0.8087685076738999
987 0.8087685076738999
988 0.8087685076738999
989 0.8087685076738999
990 0.8087685076738999
991 0.8087685076738999
992 0.8087685076738999
993 0.8087685076738999
994 0.8087685076738999
995 0.8087685076738999
996 0.8087685076738999
997 0.8087685076738999
998 0.8087685076738999
999 0.8087685076738999
1000 0.8087685076738999
1001 0.8087685076738999
1002 0.8087685076738999
1003 0.8087685076738999
1004 0.8087685076738999
1005 0.8087685076738999
1006 0.8087685076738999
1007 0.8087685076738999
1008 0.8087685076738999
1009 0.8087685076738999
1010 0.8087685076738999
1011 0.8087685076738999
1012 0.8087685076738999
1013 0.8087685076738999
1014 0.8087685076738999
1015 0.8087685076738999
1016 0.8087685076738999
1017 0.8087685076738999
1018 0.8087685076738999
1019 0.8087685076738999
1020 0.8087685076738999
1021 0.8087685076738999
1022 0.8087685076738999
1023 0.8087685076738999
1024 0.8087685076738999
1025 0.8087685076738999
1026 0.8087685076738999
1027 0.8087685076738999
1028 0.8087685076738999
1029 0.8087685076738999
1030 0.8087685076738999
1031 0.8087685076738999
1032 0.8087685076738999
1033 0.8087685076738999
1034 0.8087685076738999
1035 0.8087685076738999
1036 0.8087685076738999
1037 0.8087685076738999
1038 0.8087685076738999
1039 0.8087685076738999
1040 0.8087685076738999
1041 0.8087685076738999
1042 0.8087685458399039
1043 0.8087685458399039
1044 0.8087685458399039
1045 0.8087685458399039
1046 0.8087685458399039
1047 0.8087685458399039
1048 0.8087685458399039
1049 0.8087685458399039
1050 0.8087685458399039
1051 0.8087685458399039
1052 0.8087685458399039
1053 0.8087685458399039
1054 0.8087685458399039
1055 0.8087685458399039
1056 0.8087685458399039
1057 0.8087685458399039
1058 0.8087685458399039
1059 0.8087685458399039
1060 0.8087685458399039
1061 0.8087685458399039
1062 0.8087685458399039
1063 0.8087685458399039
1064 0.8087685458399039
1065 0.8087685458399039
1066 0.8087685458399039
1067 0.8087685458399039
1068 0.8087685458399039
1069 0.8087685458399039
1070 0.8087685458399039
1071 0.8087685458399039
1072 0.8087685458399039
1073 0.8087685458399039
1074 0.8087685458399039
1075 0.8087685458399039
1076 0.8087685458399039
1077 0.8087685458399039
1078 0.8087685458399039
1079 0.8087685458399039
1080 0.8087685458399039
1081 0.8087685458399039
1082 0.8087685458399039
1083 0.8087685458399039
1084 0.8087685458399039
1085 0.8087685458399039
1086 0.8087685458399039
1087 0.8087685458399039
1088 0.8087685458399039
1089 0.8087685458399039
1090 0.8087685458399039
1091 0.8087685458399039
1092 0.8087685458399039
1093 0.8087685458399039
1094 0.8087685458399039
1095 0.8087685458399039
1096 0.8087685458399039
1097 0.8087685458399039
1098 0.8087685458399039
1099 0.8087685458399039
1100 0.8087685458399039
1101 0.8087685458399039
1102 0.8087685458399039
1103 0.8087685458399039
1104 0.8087685458399039
1105 0.8087685458399039
1106 0.8087685458399039
1107 0.8087685458399039
1108 0.8087685458399039
1109 0.8087685458399039
1110 0.8087685458399039
1111 0.8087685458399044
1112 0.8087685458399044
1113 0.8087685458399044
1114 0.8087685458399044
1115 0.8087685458399044
1116 0.8087685458399044
1117 0.8087685458399044
1118 0.8087685458399044
1119 0.8087685458399044
1120 0.8087685458399044
1121 0.8087685458399044
1122 0.8087685458399044
1123 0.8087685458399044
1124 0.8087685458399044
1125 0.8087685458399044
1126 0.8087685458399044
1127 0.8087685458399044
1128 0.8087685458399044
1129 0.8087685458399044
1130 0.8087685458399044
1131 0.8087685458399044
1132 0.8087685458399044
1133 0.8087685458399044
1134 0.8087685458399044
1135 0.8087685458399044
1136 0.8087685458399044
1137 0.8087685458399044
1138 0.8087685458399057
1139 0.8087685458399057
1140 0.8087685458399057
1141 0.8087685458399057
1142 0.8087685458399057
1143 0.8087685458399057
1144 0.8087685458399057
1145 0.8087685458399057
1146 0.8087685458399057
1147 0.8087685458399057
1148 0.8087685458399057
1149 0.8087685458399057
1150 0.8087685458399057
1151 0.8087685458399057
1152 0.8087685458399057
1153 0.8087685458399057
1154 0.8087685458399057
1155 0.8087685458399057
1156 0.8087685458399057
1157 0.8087685458399057
1158 0.8087685458399057
1159 0.8087685458399057
1160 0.8087685458399057
1161 0.8087685458399057
1162 0.8087685458399057
1163 0.8087685458399057
1164 0.8087685458399057
1165 0.8087685458399057
1166 0.8087685458399057
1167 0.8087685458399057
1168 0.8087685458399057
1169 0.8087685458399057
1170 0.8087685458399057
1171 0.8087685458399057
1172 0.8087685458399057
1173 0.8087685458399057
1174 0.8087685458399057
1175 0.8087685458399057
1176 0.8087685458399057
1177 0.8087685458399057
1178 0.8087685458399057
1179 0.8087685458399057
1180 0.8087685458399057
1181 0.8087685458399057
1182 0.8087685458399057
1183 0.8087685458399057
1184 0.8087685458399057
1185 0.8087685458399057
1186 0.8087685458399057
1187 0.8087685458399057
1188 0.8087685458399057
1189 0.8087685458399057
1190 0.8087685458399057
1191 0.8087685458399057
1192 0.8087685458399057
1193 0.8087685458399057
1194 0.8087685458399057
1195 0.8087685458399057
1196 0.8087685458399057
1197 0.8087685458399057
1198 0.8087685458399057
1199 0.8087685458399057
1200 0.8087685458399057
1201 0.8087685458399057
1202 0.8087685458399057
1203 0.8087685458399057
1204 0.8087685458399057
1205 0.8087685458399057
1206 0.8087685458399057
1207 0.8087685458399057
1208 0.8087685458399057
1209 0.8087685458399057
1210 0.8087685458399057
1211 0.8087685458399057
1212 0.8087685458399057
1213 0.8087685458399057
1214 0.8087685458399057
1215 0.8087685458399057
1216 0.8087685458399057
1217 0.8087685458399057
1218 0.8087685458399057
1219 0.8087685458399057
1220 0.8087685458399057
1221 0.8087685458399057
1222 0.8087685458399057
1223 0.8087685458399057
1224 0.8087685458399057
1225 0.8087685458399057
1226 0.8087685458399057
1227 0.8087685458399057
1228 0.8087685458399057
1229 0.8087685458399057
1230 0.8087685458399057
1231 0.8087685458399057
1232 0.8087685458399057
1233 0.8087685458399057
1234 0.8087685458399057
1235 0.8087685458399057
1236 0.8087685458399057
1237 0.8087685458399057
1238 0.8087685458399057
1239 0.8087685458399057
1240 0.8087685458399057
1241 0.8087685458399057
1242 0.8087685458399057
1243 0.8087685458399057
1244 0.8087685458399057
1245 0.8087685458399057
1246 0.8087685458399057
1247 0.8087685458399057
1248 0.8087685458399057
1249 0.8087685458399057
1250 0.8087685458399057
1251 0.8087685458399057
1252 0.8087685458399057
1253 0.8087685458399057
1254 0.8087685458399057
1255 0.8087685458399057
1256 0.8087685458399057
1257 0.8087685458399057
1258 0.8087685458399057
1259 0.8087685458399057
1260 0.8087685458399057
1261 0.8087685458399057
1262 0.8087685458399057
1263 0.8087685458399057
1264 0.8087685458399057
1265 0.8087685458399057
1266 0.8087685458399057
1267 0.8087685458399057
1268 0.8087685458399057
1269 0.8087685458399057
1270 0.8087685458399057
1271 0.8087685458399057
1272 0.8087685458399057
1273 0.8087685458399057
1274 0.8087685458399057
1275 0.8087685458399057
1276 0.8087685458399057
1277 0.8087685458399057
1278 0.8087685458399057
1279 0.8087685458399057
1280 0.8087685458399057
1281 0.8087685458399057
1282 0.8087685458399057
1283 0.8087685458399057
1284 0.8087685458399057
1285 0.8087685458399057
1286 0.8087685458399057
1287 0.8087685458399057
1288 0.8087685458399057
1289 0.8087685458399057
1290 0.8087685458399057
1291 0.8087685458399057
1292 0.8087685458399057
1293 0.8087685458399057
1294 0.8087685458399057
1295 0.8087685458399057
1296 0.8087685458399057
1297 0.8087685458399057
1298 0.8087685458399057
1299 0.8087685458399057
1300 0.8087685458399057
1301 0.8087685458399057
1302 0.8087685458399057
1303 0.8087685458399057
1304 0.8087685458399057
1305 0.8087685458399057
1306 0.8087685458399057
1307 0.8087685458399057
1308 0.8087685458399057
1309 0.8087685458399057
1310 0.8087685458399057
1311 0.8087685458399057
1312 0.8087685458399057
1313 0.8087685458399057
1314 0.8087685458399057
1315 0.8087685458399057
1316 0.8087685458399057
1317 0.8087685458399057
1318 0.8087685458399057
1319 0.8087685458399057
1320 0.8087685458399057
1321 0.8087685458399057
1322 0.8087685458399057
1323 0.8087685458399057
1324 0.8087685458399057
1325 0.8087685458399057
1326 0.8087685458399057
1327 0.8087685458399057
1328 0.8087685458399057
1329 0.8087685458399057
1330 0.8087685458399057
1331 0.8087685458399057
1332 0.8087685458399057
1333 0.8087685458399057
1334 0.8087685458399057
1335 0.8087685458399057
1336 0.8087685458399057
1337 0.8087685458399057
1338 0.8087685458399057
1339 0.8087685458399057
1340 0.8087685458399057
1341 0.8087685458399057
1342 0.8087685458399057
1343 0.8087685458399057
1344 0.8087685458399057
1345 0.8087685458399057
1346 0.8087685458399057
1347 0.8087685458399057
1348 0.8087685458399057
1349 0.8087685458399057
1350 0.8087685458399057
1351 0.8087685458399057
1352 0.8087685458399057
1353 0.8087685458399057
1354 0.8087685458399057
1355 0.8087685458399057
1356 0.8087685458399057
1357 0.8087685458399057
1358 0.8087685458399057
1359 0.8087685574891667
1360 0.8087685574891667
1361 0.8087685574891667
1362 0.8087685574891667
1363 0.8087685574891667
1364 0.8087685574891667
1365 0.8087685574891667
1366 0.8087685574891667
1367 0.8087685574891667
1368 0.8087685574891672
1369 0.8087685574891672
1370 0.8087685574891672
1371 0.8087685574891672
1372 0.8087685574891672
1373 0.8087685574891672
1374 0.8087685574891672
1375 0.8087685574891672
1376 0.8087685574891672
1377 0.8087685574891672
1378 0.8087685574891672
1379 0.8087685574891672
1380 0.8087685574891672
1381 0.8087685574891672
1382 0.8087685574891672
1383 0.8087685574891672
1384 0.8087685574891672
1385 0.8087685574891672
1386 0.8087685574891672
1387 0.8087685574891672
1388 0.8087685574891672
1389 0.8087685574891672
1390 0.8087685574891672
1391 0.8087685574891672
1392 0.8087685574891672
1393 0.8087685574891672
1394 0.8087685574891672
1395 0.8087685574891672
1396 0.8087685574891672
1397 0.8087685574891672
1398 0.8087685574891672
1399 0.8087685574891672
1400 0.8087685574891672
1401 0.8087685574891672
1402 0.8087685574891682
1403 0.8087685574891682
1404 0.8087685574891682
1405 0.8087685574891682
1406 0.8087685574891682
1407 0.8087685574891702
1408 0.8087685574891702
1409 0.8087685574891702
1410 0.8087685574891702
1411 0.8087685574891702
1412 0.8087685574891702
1413 0.8087685574891702
1414 0.8087685574891702
1415 0.8087685574891702
1416 0.8087685574891702
1417 0.8087685574891702
1418 0.8087685574891702
1419 0.8087685574891702
1420 0.8087685574891702
1421 0.8087685574891702
1422 0.8087685574891702
1423 0.8087685574891702
1424 0.8087685574891702
1425 0.8087685574891702
1426 0.8087685574891702
1427 0.8087685574891702
1428 0.8087685574891702
1429 0.8087685574891702
1430 0.8087685574891702
1431 0.8087685574891709
1432 0.8087685574891709
1433 0.8087685574891709
1434 0.8087685574891709
1435 0.8087685574891709
1436 0.8087685574891709
1437 0.8087685574891709
1438 0.8087685574891709
1439 0.8087685574891709
1440 0.8087685574891709
1441 0.8087685574891709
1442 0.8087685574891709
1443 0.8087685574891709
1444 0.8087685574891709
1445 0.8087685574891709
1446 0.8087685574891709
1447 0.8087685574891709
1448 0.8087685574891709
1449 0.8087685574891709
1450 0.8087685574891709
1451 0.8087687585096872
1452 0.8087687585096872
1453 0.8087687585096872
1454 0.8087687585096885
1455 0.8087687585096885
1456 0.8087687585096885
1457 0.8087687585096885
1458 0.8087687585096885
1459 0.8087687585096885
1460 0.8087687585096885
1461 0.8087687585096893
1462 0.8087687585096908
1463 0.8087687585096908
1464 0.8087687585096908
1465 0.8087687585096908
1466 0.8087687585096908
1467 0.8087687585096908
1468 0.8087687585096908
1469 0.8087687585096908
1470 0.8087687585096908
1471 0.8087687585096908
1472 0.8087687585096908
1473 0.8087687585096908
1474 0.8087687585096908
1475 0.8087687585096908
1476 0.8087687585096908
1477 0.8087687585096908
1478 0.8087687585096908
1479 0.8087687585096908
1480 0.8087687585096908
1481 0.8087687585096908
1482 0.8087687585096908
1483 0.8087687585096908
1484 0.8087687585096908
1485 0.8087687585096908
1486 0.8087687585096908
1487 0.8087687585096908
1488 0.8087687585096908
1489 0.808768758509692
1490 0.808768758509692
1491 0.808768758509692
1492 0.808768758509692
1493 0.808768758509692
1494 0.808768758509692
1495 0.808768758509692
1496 0.808768758509692
1497 0.808768758509692
1498 0.808768758509692
1499 0.808768758509692
