0 0.36335634789308463
1 0.5506512846234485
2 0.5670504511002802
3 0.6566080814589724
4 0.6588712721717604
5 0.6588712721717604
6 0.6588712721717604
7 0.6588712721717604
8 0.6588712721717604
9 0.6588712721717604
10 0.6588712721717604
11 0.6588712721717604
12 0.6588712721717604
13 0.6588712721717604
14 0.6588712721717604
15 0.6588712721717604
16 0.6588712721717604
17 0.6588712721717604
18 0.6588712721717604
19 0.6588712721717604
20 0.6588712721717604
21 0.6588712721717604
22 0.6588712721717604
23 0.6588712721717604
24 0.6951500247312153
25 0.6951500247312153
26 0.6951500247312153
27 0.6951500247312153
28 0.6951500247312153
29 0.6951500247312153
30 0.6951500247312153
31 0.6951500247312153
32 0.6951500247312153
33 0.6951500247312153
34 0.6951500247312153
35 0.6951500247312153
36 0.6951500247312153
37 0.6951500247312153
38 0.6951500247312153
39 0.6951500247312153
40 0.6951500247312153
41 0.6951500247312153
42 0.6951500247312153
43 0.6951500247312153
44 0.6951500247312153
45 0.6951500247312153
46 0.6951500247312153
47 0.6951500247312153
48 0.6951500247312153
49 0.6951500247312153
50 0.6951500247312153
51 0.6951500247312153
52 0.6951500247312153
53 0.6951500247312153
54 0.6951500247312153
55 0.6951500247312153
56 0.6951500247312153
57 0.6951500247312153
58 0.6951500247312153
59 0.6951500247312153
60 0.6951500247312153
61 0.6951500247312153
62 0.6951500247312153
63 0.6951500247312153
64 0.6951500247312153
65 0.6951500247312153
66 0.6951500247312153
67 0.6951500247312153
68 0.6951500247312153
69 0.6951500247312153
70 0.6951500247312153
71 0.6951500247312153
72 0.6951500247312153
73 0.6951500247312153
74 0.6951500247312153
75 0.6951500247312153
76 0.6951500247312153
77 0.6951500247312153
78 0.6951500247312153
79 0.6951500247312153
80 0.6951500247312153
81 0.6951500247312153
82 0.6951500247312153
83 0.6951500247312153
84 0.6951500247312153
85 0.6951500247312153
86 0.6951500247312153
87 0.6951500247312153
88 0.6951500247312153
89 0.6951500247312153
90 0.6951500247312153
91 0.6951500247312153
92 0.6951500247312153
93 0.6951500247312153
94 0.6951500247312153
95 0.6951500247312153
96 0.6951500247312153
97 0.6951500247312153
98 0.6951500247312153
99 0.6951500247312153
100 0.6951500247312153
101 0.6951500247312153
102 0.6951500247312153
103 0.6951500247312153
104 0.6951500247312153
105 0.6951500247312153
106 0.6951500247312153
107 0.6951500247312153
108 0.6951500247312153
109 0.6951500247312153
110 0.6951500247312153
111 0.6951500247312153
112 0.6951500247312153
113 0.6951500247312153
114 0.6951500247312153
115 0.6951500247312153
116 0.6951500247312153
117 0.6951500247312153
118 0.6951500247312153
119 0.6951500247312153
120 0.6951500247312153
121 0.6951500247312153
122 0.6951500247312153
123 0.6951500247312153
124 0.6951500247312153
125 0.6951500247312153
126 0.6951500247312153
127 0.6951500247312153
128 0.6951500247312153
129 0.6951500247312153
130 0.6951500247312153
131 0.6951500247312153
132 0.6951500247312153
133 0.6951500247312153
134 0.6951500247312153
135 0.6951500247312153
136 0.6951500247312153
137 0.6951500247312153
138 0.6951500247312153
139 0.6951500247312153
140 0.6951500247312153
141 0.6951500247312153
142 0.6951500247312153
143 0.6951500247312153
144 0.6951500247312153
145 0.6951500247312153
146 0.6951500247312153
147 0.6951500247312153
148 0.6951500247312153
149 0.6951500247312153
150 0.6951500247312153
151 0.6951500247312153
152 0.6951500247312153
153 0.6951500247312153
154 0.6951500247312153
155 0.6951500247312153
156 0.6951500247312153
157 0.6951500247312153
158 0.6951500247312153
159 0.6951500247312153
160 0.6951500247312153
161 0.6951500247312153
162 0.6951500247312153
163 0.6951500247312153
164 0.6951500247312153
165 0.6951500247312153
166 0.6951500247312153
167 0.6951500247312153
168 0.6951500247312153
169 0.6951500247312153
170 0.6951500247312153
171 0.6951500247312153
172 0.6951500247312153
173 0.6951500247312153
174 0.6951500247312153
175 0.6951500247312153
176 0.6951500247312153
177 0.6951500247312153
178 0.6951500247312153
179 0.6951500247312153
180 0.6951500247312153
181 0.6951500247312153
182 0.6951500247312153
183 0.6951500247312153
184 0.6951500247312153
185 0.6951500247312153
186 0.6951500247312153
187 0.6951500247312153
188 0.6951500247312153
189 0.6951500247312153
190 0.6951500247312153
191 0.6951500247312153
192 0.6951500247312153
193 0.6951500247312153
194 0.6951500247312153
195 0.6951500247312153
196 0.6951500247312153
197 0.6951500247312153
198 0.6951500247312153
199 0.6951500247312153
200 0.6951500247312153
201 0.6951500247312153
202 0.6951500247312153
203 0.6951500247312153
204 0.6951500247312153
205 0.6951500247312153
206 0.6951500247312153
207 0.6951500247312153
208 0.6951500247312153
209 0.6951500247312153
210 0.6951500247312153
211 0.6951500247312153
212 0.6951500247312153
213 0.6951500247312153
214 0.6951500247312153
215 0.6951500247312153
216 0.6951500247312153
217 0.6951500247312153
218 0.6951500247312153
219 0.6951500247312153
220 0.6951500247312153
221 0.6951500247312153
222 0.6951500247312153
223 0.6951500247312153
224 0.6951500247312153
225 0.6951500247312153
226 0.6951500247312153
227 0.6951500247312153
228 0.6951500247312153
229 0.6951500247312153
230 0.6951500247312153
231 0.6951500247312153
232 0.6951500247312153
233 0.6951500247312153
234 0.6951500247312153
235 0.6951500247312153
236 0.6951500247312153
237 0.6951500247312153
238 0.6951500247312153
239 0.6951500247312153
240 0.6951500247312153
241 0.6951500247312153
242 0.6951500247312153
243 0.6951500247312153
244 0.6951500247312153
245 0.6951500247312153
246 0.6951500247312153
247 0.6951500247312153
248 0.6951500247312153
249 0.6951500247312153
250 0.6951500247312153
251 0.6951500247312153
252 0.6951500247312153
253 0.6951500247312153
254 0.6951500247312153
255 0.6951500247312153
256 0.6951500247312153
257 0.6951500247312153
258 0.6951500247312153
259 0.6951500247312153
260 0.6951500247312153
261 0.6951500247312153
262 0.6951500247312153
263 0.6951500247312153
264 0.6951500247312153
265 0.6951500247312153
266 0.6951500247312153
267 0.6951500247312153
268 0.6951500247312153
269 0.6951500247312153
270 0.6951500247312153
271 0.6951500247312153
272 0.6951500247312153
273 0.6951500247312153
274 0.6951500247312153
275 0.6951500247312153
276 0.6951500247312153
277 0.6951500247312153
278 0.6951500247312153
279 0.6951500247312153
280 0.6951500247312153
281 0.6951500247312153
282 0.6951500247312153
283 0.6951500247312153
284 0.6951500247312153
285 0.6951500247312153
286 0.6951500247312153
287 0.6951500247312153
288 0.6951500247312153
289 0.6951500247312153
290 0.6951500247312153
291 0.6951500247312153
292 0.6951500247312153
293 0.6951500247312153
294 0.6951500247312153
295 0.6951500247312153
296 0.6951500247312153
297 0.6951500247312153
298 0.6951500247312153
299 0.6951500247312153
300 0.6951500247312153
301 0.6951500247312153
302 0.6951500247312153
303 0.6951500247312153
304 0.6951500247312153
305 0.6951500247312153
306 0.6951500247312153
307 0.6990825558128152
308 0.6990825558128152
309 0.6990825558128152
310 0.6990825558128152
311 0.6990825558128152
312 0.6990825558128152
313 0.6990825558128152
314 0.6990825558128152
315 0.6990825558128152
316 0.6990825558128152
317 0.6990825558128152
318 0.6990825558128152
319 0.6990825558128152
320 0.6990825558128152
321 0.6990825558128152
322 0.6990825558128152
323 0.6990825558128152
324 0.6990825558128152
325 0.6990825558128152
326 0.6990825558128152
327 0.6990825558128152
328 0.6990825558128152
329 0.6990825558128152
330 0.6990825558128152
331 0.6990825558128152
332 0.6990825558128152
333 0.6990825558128152
334 0.6990825558128152
335 0.6990825558128152
336 0.6990825558128152
337 0.6990825558128152
338 0.6990825558128152
339 0.6990825558128152
340 0.6990825558128152
341 0.6990825558128152
342 0.6990825558128152
343 0.6990825558128152
344 0.6990825558128152
345 0.6990825558128152
346 0.6990825558128152
347 0.6990825558128152
348 0.6990825558128152
349 0.6990825558128152
350 0.6990825558128152
351 0.6990825558128152
352 0.6990825558128152
353 0.6990825558128152
354 0.6990825558128152
355 0.6990825558128152
356 0.6990825558128152
357 0.6990825558128152
358 0.6990825558128152
359 0.6990825558128152
360 0.6990825558128152
361 0.6990825558128152
362 0.6990825558128152
363 0.6990825558128152
364 0.6990825558128152
365 0.6990825558128152
366 0.6990825558128152
367 0.6990825558128152
368 0.6990825558128152
369 0.6990825558128152
370 0.6990825558128152
371 0.6990825558128152
372 0.6990825558128152
373 0.6990825558128152
374 0.6990825558128152
375 0.6990825558128152
376 0.6990825558128152
377 0.6990825558128152
378 0.6990825558128152
379 0.6990825558128152
380 0.6990825558128152
381 0.6990825558128152
382 0.6990825558128152
383 0.6990825558128152
384 0.6990825558128152
385 0.6990825558128152
386 0.6990825558128152
387 0.6990825558128152
388 0.6990825558128152
389 0.6990825558128152
390 0.6990825558128152
391 0.6990825558128152
392 0.6990825558128152
393 0.6990825558128152
394 0.6990825558128152
395 0.6990825558128152
396 0.6990825558128152
397 0.6990825558128152
398 0.6990825558128152
399 0.6990825558128152
400 0.6990825558128152
401 0.6990825558128152
402 0.6990825558128152
403 0.6990825558128152
404 0.6990825558128152
405 0.6990825558128152
406 0.6990825558128152
407 0.6990825558128152
408 0.6990825558128152
409 0.6990825558128152
410 0.6990825558128152
411 0.6990825558128152
412 0.6990825558128152
413 0.6990825558128152
414 0.6990825558128152
415 0.6990825558128152
416 0.6990825558128152
417 0.6990825558128152
418 0.6990825558128152
419 0.6990825558128152
420 0.6990825558128152
421 0.6990825558128152
422 0.6990825558128152
423 0.6990825558128152
424 0.6990825558128152
425 0.6990825558128152
426 0.6990825558128152
427 0.6990825558128152
428 0.6990825558128152
429 0.6990825558128152
430 0.6990825558128152
431 0.6990825558128152
432 0.6990825558128152
433 0.6990825558128152
434 0.6990825558128152
435 0.6990825558128152
436 0.6990825558128152
437 0.6990825558128152
438 0.6990825558128152
439 0.6990825558128152
440 0.6990825558128152
441 0.6990825558128152
442 0.6990825558128152
443 0.6990825558128152
444 0.6990825558128152
445 0.6990825558128152
446 0.6990825558128152
447 0.6990825558128152
448 0.6990825558128152
449 0.6990825558128152
450 0.6990825558128152
451 0.6990825558128152
452 0.6990825558128152
453 0.6990825558128152
454 0.6990825558128152
455 0.6990825558128152
456 0.6990825558128152
457 0.6990825558128152
458 0.6990825558128152
459 0.6990825558128152
460 0.6990825558128152
461 0.6990825558128152
462 0.6990825558128152
463 0.6990825558128152
464 0.6990825558128152
465 0.6990825558128152
466 0.6990825558128152
467 0.6990825558128152
468 0.6990825558128152
469 0.6990825558128152
470 0.6990825558128152
471 0.6990825558128152
472 0.6990825558128152
473 0.6990825558128152
474 0.6990825558128152
475 0.6990825558128152
476 0.6990825558128152
477 0.6990825558128152
478 0.6990825558128152
479 0.6990825558128152
480 0.6990825558128152
481 0.6990825558128152
482 0.6990825558128152
483 0.6990825558128152
484 0.6990825558128152
485 0.6990825558128152
486 0.6990825558128152
487 0.6990825558128152
488 0.6990825558128152
489 0.6990825558128152
490 0.6990825558128152
491 0.6990825558128152
492 0.6990825558128152
493 0.6990825558128152
494 0.6990825558128152
495 0.6990825558128152
496 0.6990825558128152
497 0.6990825558128152
498 0.6990825558128152
499 0.6990825558128152
500 0.6990825558128152
501 0.6990825558128152
502 0.6990825558128152
503 0.6990825558128152
504 0.6990825558128152
505 0.6990825558128152
506 0.6990825558128152
507 0.6990825558128152
508 0.6990825558128152
509 0.6990825558128152
510 0.6990825558128152
511 0.6990825558128152
512 0.6990825558128152
513 0.6990825558128152
514 0.6990825558128152
515 0.6990825558128152
516 0.6990825558128152
517 0.6990825558128152
518 0.6990825558128152
519 0.6990825558128152
520 0.6990825558128152
521 0.6990825558128152
522 0.6990825558128152
523 0.6990825558128152
524 0.6990825558128152
525 0.6990825558128152
526 0.7950305557976748
527 0.7950305557976748
528 0.7950305557976748
529 0.7950305557976748
530 0.7950305557976748
531 0.7950305557976748
532 0.7950305557976748
533 0.7950305557976748
534 0.7950305557976748
535 0.7950305557976748
536 0.7950305557976748
537 0.7950305557976748
538 0.7950305557976748
539 0.7950305557976748
540 0.7950305557976748
541 0.7950305557976748
542 0.7950305557976748
543 0.7950305557976748
544 0.7950305557976748
545 0.7950305557976748
546 0.7950305557976748
547 0.7950305557976748
548 0.7950305557976748
549 0.7950305557976748
550 0.7950305557976748
551 0.7950305557976748
552 0.7950305557976748
553 0.7950305557976748
554 0.7950305557976748
555 0.7950305557976748
556 0.7950305557976748
557 0.7950305557976748
558 0.7950305557976748
559 0.7950305557976748
560 0.7950305557976748
561 0.7950305557976748
562 0.7950305557976748
563 0.7950305557976748
564 0.7950305557976748
565 0.7950305557976748
566 0.7950305557976748
567 0.7950305557976748
568 0.7950305557976748
569 0.7950305557976748
570 0.7950305557976748
571 0.8149005857334359
572 0.8149005857334359
573 0.8149005857334359
574 0.8149005857334359
575 0.8149005857334359
576 0.8149005857334359
577 0.8149005857334359
578 0.8149005857334359
579 0.8149005857334359
580 0.8149005857334359
581 0.8149005857334359
582 0.8149005857334359
583 0.8149005857334359
584 0.8149005857334359
585 0.8149005857334359
586 0.8149005857334359
587 0.8149005857334359
588 0.8149005857334359
589 0.8149005857334359
590 0.8149005857334359
591 0.8149005857334359
592 0.8149005857334359
593 0.8149005857334359
594 0.8149005857334359
595 0.8149005857334359
596 0.8149005857334359
597 0.8149005857334359
598 0.8149005857334359
599 0.8149005857334359
600 0.8149005857334359
601 0.8149005857334359
602 0.8149005857334359
603 0.8149005857334359
604 0.8149005857334359
605 0.8149005857334359
606 0.8149005857334359
607 0.8149005857334359
608 0.8149005857334359
609 0.8149005857334359
610 0.8149005857334359
611 0.8149005857334359
612 0.8149005857334359
613 0.8149005857334359
614 0.8149005857334359
615 0.8149005857334359
616 0.8149005857334359
617 0.8149005857334359
618 0.8149005857334359
619 0.8149005857334359
620 0.8149005857334359
621 0.8149005857334359
622 0.8149005857334359
623 0.8149005857334359
624 0.8149005857334359
625 0.8149005857334359
626 0.8149005857334359
627 0.8149005857334359
628 0.8149005857334359
629 0.8149005857334359
630 0.8149005857334359
631 0.8149005857334359
632 0.8149005857334359
633 0.8149005857334359
634 0.8149005857334359
635 0.8149005857334359
636 0.8149005857334359
637 0.8149005857334359
638 0.8149005857334359
639 0.8149005857334359
640 0.8149005857334359
641 0.8149005857334359
642 0.8149005857334359
643 0.8149005857334359
644 0.8149005857334359
645 0.8149005857334359
646 0.8149005857334359
647 0.8149005857334359
648 0.8149005857334359
649 0.8149005857334359
650 0.8149005857334359
651 0.8149005857334359
652 0.8149005857334359
653 0.8149005857334359
654 0.8149005857334359
655 0.8149005857334359
656 0.8149005857334359
657 0.8149005857334359
658 0.8149005857334359
659 0.8149005857334359
660 0.8149005857334359
661 0.8149005857334359
662 0.8149005857334359
663 0.8149005857334359
664 0.8149005857334359
665 0.8149005857334359
666 0.8149005857334359
667 0.8149005857334359
668 0.8149005857334359
669 0.8149005857334359
670 0.8149005857334359
671 0.8149005857334359
672 0.8149005857334359
673 0.8149005857334359
674 0.8149005857334359
675 0.8149005857334359
676 0.8149005857334359
677 0.8149005857334359
678 0.8149005857334359
679 0.8149005857334359
680 0.8149005857334359
681 0.8149005857334359
682 0.8149005857334359
683 0.8149005857334359
684 0.8149005857334359
685 0.8149005857334359
686 0.8149005857334359
687 0.8149005857334359
688 0.8149005857334359
689 0.8149005857334359
690 0.8149005857334359
691 0.8149005857334359
692 0.8149005857334359
693 0.8149005857334359
694 0.8149005857334359
695 0.8149005857334359
696 0.8149005857334359
697 0.8149005857334359
698 0.8149005857334359
699 0.8149005857334359
700 0.8149005857334359
701 0.8149005857334359
702 0.8149005857334359
703 0.8149005857334359
704 0.8149005857334359
705 0.8149005857334359
706 0.8149005857334359
707 0.8149005857334359
708 0.8149005857334359
709 0.8149005857334359
710 0.8149005857334359
711 0.8149005857334359
712 0.8149005857334359
713 0.8149005857334359
714 0.8149005857334359
715 0.8149005857334359
716 0.8149005857334359
717 0.8149005857334359
718 0.8149005857334359
719 0.8149005857334359
720 0.8149005857334359
721 0.8149005857334359
722 0.8149005857334359
723 0.8149005857334359
724 0.8149005857334359
725 0.8149005857334359
726 0.8149005857334359
727 0.8149005857334359
728 0.8149005857334359
729 0.8149005857334359
730 0.8149005857334359
731 0.8149005857334359
732 0.8149005857334359
733 0.8149005857334359
734 0.8149005857334359
735 0.8149005857334359
736 0.8149005857334359
737 0.8149005857334359
738 0.8149005857334359
739 0.8149005857334359
740 0.8149005857334359
741 0.8149005857334359
742 0.8149005857334359
743 0.8149005857334359
744 0.8149005857334359
745 0.8149005857334359
746 0.8149005857334359
747 0.8149005857334359
748 0.8149005857334359
749 0.8149005857334359
750 0.8149005857334359
751 0.8149005857334359
752 0.8149005857334359
753 0.8149005857334359
754 0.8149005857334359
755 0.8149005857334359
756 0.8149005857334359
757 0.8149005857334359
758 0.8149005857334359
759 0.8149005857334359
760 0.8149005857334359
761 0.8149005857334359
762 0.8149005857334359
763 0.8149005857334359
764 0.8149005857334359
765 0.8149005857334359
766 0.8149005857334359
767 0.8149005857334359
768 0.8149005857334359
769 0.8149005857334359
770 0.8149005857334359
771 0.8149005857334359
772 0.8149005857334359
773 0.8149005857334359
774 0.8149005857334359
775 0.8149005857334359
776 0.8149005857334359
777 0.8149005857334359
778 0.8149005857334359
779 0.8149005857334359
780 0.8149005857334359
781 0.8149005857334359
782 0.8149005857334359
783 0.8149005857334359
784 0.8149005857334359
785 0.8149005857334359
786 0.8149005857334359
787 0.8149005857334359
788 0.8149005857334359
789 0.8149005857334359
790 0.8149005857334359
791 0.8149005857334359
792 0.8149005857334359
793 0.8149005857334359
794 0.8149005857334359
795 0.8149005857334359
796 0.8149005857334359
797 0.8149005857334359
798 0.8149005857334359
799 0.8149005857334359
800 0.8149005857334359
801 0.8149005857334359
802 0.8149005857334359
803 0.8149005857334359
804 0.8149005857334359
805 0.8149005857334359
806 0.8149005857334359
807 0.8149005857334359
808 0.8149005857334359
809 0.8149005857334359
810 0.8149005857334359
811 0.8149005857334359
812 0.8149005857334359
813 0.8149005857334359
814 0.8149005857334359
815 0.8149005857334359
816 0.8149005857334359
817 0.8149005857334359
818 0.8149005857334359
819 0.8149005857334359
820 0.8149005857334359
821 0.8149005857334359
822 0.8149005857334359
823 0.8149005857334359
824 0.8149005857334359
825 0.8149005857334359
826 0.8149005857334359
827 0.8149005857334359
828 0.8149005857334359
829 0.8149005857334359
830 0.8149005857334359
831 0.8149005857334359
832 0.8149005857334359
833 0.8149005857334359
834 0.8149005857334359
835 0.8149005857334359
836 0.8149005857334359
837 0.8149005857334359
838 0.8149005857334359
839 0.8149005857334359
840 0.8149005857334359
841 0.8149005857334359
842 0.8149005857334359
843 0.8149005857334359
844 0.8149005857334359
845 0.8149005857334359
846 0.8149005857334359
847 0.8149005857334359
848 0.8149005857334359
849 0.8149005857334359
850 0.8149005857334359
851 0.8149005857334359
852 0.8149005857334359
853 0.8149005857334359
854 0.8149005857334359
855 0.8149005857334359
856 0.8149005857334359
857 0.8149005857334359
858 0.8149005857334359
859 0.8149005857334359
860 0.8149005857334359
861 0.8149005857334359
862 0.8149005857334359
863 0.8149005857334359
864 0.8149005857334359
865 0.8149005857334359
866 0.8149005857334359
867 0.8149005857334359
868 0.8149005857334359
869 0.8149005857334359
870 0.8149005857334359
871 0.8149005857334359
872 0.8149005857334359
873 0.8149005857334359
874 0.8149005857334359
875 0.8149005857334359
876 0.8149005857334359
877 0.8149005857334359
878 0.8149005857334359
879 0.8149005857334359
880 0.8149005857334359
881 0.8149005857334359
882 0.8149005857334359
883 0.8149005857334359
884 0.8149005857334359
885 0.8149005857334359
886 0.8149005857334359
887 0.8149005857334359
888 0.8149005857334359
889 0.8149005857334359
890 0.8149005857334359
891 0.8149005857334359
892 0.8149005857334359
893 0.8149005857334359
894 0.8149005857334359
895 0.8149005857334359
896 0.8149005857334359
897 0.8149005857334359
898 0.8149005857334359
899 0.8149005857334359
900 0.8149005857334359
901 0.8149005857334359
902 0.8149005857334359
903 0.8149005857334359
904 0.8149005857334359
905 0.8149005857334359
906 0.8149005857334359
907 0.8149005857334359
908 0.8149005857334359
909 0.8149005857334359
910 0.8149005857334359
911 0.8149005857334359
912 0.8149005857334359
913 0.8149005857334359
914 0.8149005857334359
915 0.8149005857334359
916 0.8149005857334359
917 0.8149005857334359
918 0.8149005857334359
919 0.8149005857334359
920 0.8149005857334359
921 0.8149005857334359
922 0.8149005857334359
923 0.8149005857334359
924 0.8149005857334359
925 0.8149005857334359
926 0.8149005857334359
927 0.8149005857334359
928 0.8149005857334359
929 0.8149005857334359
930 0.8149005857334359
931 0.8149005857334359
932 0.8149005857334359
933 0.8149005857334359
934 0.8149005857334359
935 0.8149005857334359
936 0.8149005857334359
937 0.8149005857334359
938 0.8149005857334359
939 0.8149005857334359
940 0.8149005857334359
941 0.8149005857334359
942 0.8149005857334359
943 0.8149005857334359
944 0.8149005857334359
945 0.8149005857334359
946 0.8149005857334359
947 0.8149005857334359
948 0.8149005857334359
949 0.8149005857334359
950 0.8149005857334359
951 0.8149005857334359
952 0.8149005857334359
953 0.8149005857334359
954 0.8149005857334359
955 0.8149005857334359
956 0.8149005857334359
957 0.8149005857334359
958 0.8149005857334359
959 0.8149005857334359
960 0.8149005857334359
961 0.8149005857334359
962 0.8149005857334359
963 0.8149005857334359
964 0.8149005857334359
965 0.8149005857334359
966 0.8149005857334359
967 0.8149005857334359
968 0.8149005857334359
969 0.8149005857334359
970 0.8149005857334359
971 0.8149005857334359
972 0.8149005857334359
973 0.8149005857334359
974 0.8149005857334359
975 0.8149005857334359
976 0.8149005857334359
977 0.8149005857334359
978 0.8149005857334359
979 0.8149005857334359
980 0.8149005857334359
981 0.8149005857334359
982 0.8149005857334359
983 0.8149005857334359
984 0.8149005857334359
985 0.8149005857334359
986 0.8149005857334359
987 0.8149005857334359
988 0.8149005857334359
989 0.8149005857334359
990 0.8149005857334359
991 0.8149005857334359
992 0.8149005857334359
993 0.8149005857334359
994 0.8149005857334359
995 0.8149005857334359
996 0.8149005857334359
997 0.8149005857334359
998 0.8149005857334359
999 0.8149005857334359
