0 0.6333333333333333
1 0.9666666666666667
2 0.9666666666666667
3 0.9666666666666667
4 1.2666666666666666
5 1.2666666666666666
6 1.2666666666666666
7 1.2666666666666666
8 1.3333333333333333
9 1.5
10 1.5
11 1.5
12 1.5
13 1.5333333333333334
14 1.5333333333333334
15 1.8333333333333333
16 1.8333333333333333
17 1.9333333333333333
18 2.1666666666666665
19 2.1666666666666665
20 2.1666666666666665
21 2.1666666666666665
22 2.1666666666666665
23 2.566666666666667
24 2.566666666666667
25 2.6666666666666665
26 2.6666666666666665
27 2.6666666666666665
28 2.6666666666666665
29 2.6666666666666665
30 2.6666666666666665
31 2.6666666666666665
32 2.6666666666666665
33 2.6666666666666665
34 2.7333333333333334
35 2.7333333333333334
36 2.7333333333333334
37 2.7333333333333334
38 2.7333333333333334
39 2.7333333333333334
40 2.7666666666666666
41 2.7666666666666666
42 2.8333333333333335
43 3.066666666666667
44 3.066666666666667
45 3.066666666666667
46 3.066666666666667
47 3.066666666666667
48 3.066666666666667
49 3.066666666666667
50 3.066666666666667
51 3.066666666666667
52 3.066666666666667
53 3.066666666666667
54 3.066666666666667
55 3.1666666666666665
56 3.1666666666666665
57 3.1666666666666665
58 3.1666666666666665
59 3.1666666666666665
60 3.1666666666666665
61 3.1666666666666665
62 3.1666666666666665
63 3.1666666666666665
64 3.1666666666666665
65 3.1666666666666665
66 3.1666666666666665
67 3.2333333333333334
68 3.2333333333333334
69 3.3666666666666667
70 3.3666666666666667
71 3.3666666666666667
72 3.3666666666666667
73 3.3666666666666667
74 3.3666666666666667
75 3.3666666666666667
76 3.3666666666666667
77 3.3666666666666667
78 3.3666666666666667
79 3.4
80 3.4
81 3.4
82 3.4
83 3.433333333333333
84 3.433333333333333
85 3.5
86 3.5
87 3.5
88 3.5
89 3.5
90 3.5
91 3.5
92 3.5
93 3.5
94 3.5
95 3.5
96 3.5
97 3.5
98 3.5
99 3.566666666666667
100 3.566666666666667
101 3.566666666666667
102 3.566666666666667
103 3.566666666666667
104 3.566666666666667
105 3.566666666666667
106 3.566666666666667
107 3.566666666666667
108 3.566666666666667
109 3.566666666666667
110 3.566666666666667
111 3.566666666666667
112 3.566666666666667
113 3.566666666666667
114 3.566666666666667
115 3.566666666666667
116 3.6333333333333333
117 3.6333333333333333
118 3.6666666666666665
119 3.6666666666666665
120 3.6666666666666665
121 3.6666666666666665
122 3.6666666666666665
123 3.6666666666666665
124 3.6666666666666665
125 3.6666666666666665
126 3.8
127 3.8
128 3.8
129 3.8
130 3.8
131 3.8
132 3.8
133 3.8
134 3.8
135 3.8
136 3.8
137 3.8
138 3.8
139 3.8
140 3.8
141 3.8
142 3.8
143 3.8
144 3.8
145 3.8
146 3.8
147 3.8
148 3.8
149 3.8
150 3.8
151 3.8
152 3.8
153 3.8
154 3.8
155 3.8
156 3.8
157 3.8
158 3.8
159 3.8
160 3.8666666666666667
161 3.8666666666666667
162 3.8666666666666667
163 3.8666666666666667
164 3.8666666666666667
165 3.8666666666666667
166 3.8666666666666667
167 3.8666666666666667
168 3.8666666666666667
169 3.8666666666666667
170 3.933333333333333
171 3.933333333333333
172 3.933333333333333
173 4.0
174 4.0
175 4.0
176 4.0
177 4.0
178 4.066666666666666
179 4.066666666666666
180 4.066666666666666
181 4.066666666666666
182 4.066666666666666
183 4.066666666666666
184 4.066666666666666
185 4.066666666666666
186 4.066666666666666
187 4.066666666666666
188 4.066666666666666
189 4.066666666666666
190 4.066666666666666
191 4.066666666666666
192 4.066666666666666
193 4.066666666666666
194 4.066666666666666
195 4.066666666666666
196 4.066666666666666
197 4.1
198 4.1
199 4.1
200 4.1
201 4.1
202 4.1
203 4.1
204 4.1
205 4.1
206 4.1
207 4.1
208 4.1
209 4.1
210 4.1
211 4.1
212 4.1
213 4.1
214 4.1
215 4.1
216 4.1
217 4.1
218 4.1
219 4.1
220 4.1
221 4.1
222 4.1
223 4.166666666666667
224 4.166666666666667
225 4.166666666666667
226 4.166666666666667
227 4.166666666666667
228 4.166666666666667
229 4.166666666666667
230 4.166666666666667
231 4.166666666666667
232 4.166666666666667
233 4.166666666666667
234 4.166666666666667
235 4.166666666666667
236 4.166666666666667
237 4.166666666666667
238 4.166666666666667
239 4.166666666666667
240 4.166666666666667
241 4.166666666666667
242 4.166666666666667
243 4.166666666666667
244 4.166666666666667
245 4.166666666666667
246 4.166666666666667
247 4.166666666666667
248 4.166666666666667
249 4.166666666666667
250 4.166666666666667
251 4.166666666666667
252 4.166666666666667
253 4.166666666666667
254 4.166666666666667
255 4.166666666666667
256 4.166666666666667
257 4.166666666666667
258 4.166666666666667
259 4.166666666666667
260 4.166666666666667
261 4.233333333333333
262 4.233333333333333
263 4.233333333333333
264 4.233333333333333
265 4.233333333333333
266 4.233333333333333
267 4.233333333333333
268 4.233333333333333
269 4.233333333333333
270 4.233333333333333
271 4.233333333333333
272 4.233333333333333
273 4.233333333333333
274 4.233333333333333
275 4.233333333333333
276 4.233333333333333
277 4.233333333333333
278 4.233333333333333
279 4.233333333333333
280 4.233333333333333
281 4.233333333333333
282 4.233333333333333
283 4.233333333333333
284 4.233333333333333
285 4.233333333333333
286 4.233333333333333
287 4.233333333333333
288 4.233333333333333
289 4.266666666666667
290 4.266666666666667
291 4.266666666666667
292 4.266666666666667
293 4.266666666666667
294 4.266666666666667
295 4.266666666666667
296 4.266666666666667
297 4.266666666666667
298 4.266666666666667
299 4.266666666666667
300 4.266666666666667
301 4.266666666666667
302 4.266666666666667
303 4.266666666666667
304 4.266666666666667
305 4.266666666666667
306 4.266666666666667
307 4.266666666666667
308 4.266666666666667
309 4.333333333333333
310 4.333333333333333
311 4.366666666666666
312 4.366666666666666
313 4.366666666666666
314 4.366666666666666
315 4.366666666666666
316 4.366666666666666
317 4.366666666666666
318 4.366666666666666
319 4.366666666666666
320 4.366666666666666
321 4.366666666666666
322 4.366666666666666
323 4.366666666666666
324 4.366666666666666
325 4.366666666666666
326 4.366666666666666
327 4.366666666666666
328 4.366666666666666
329 4.366666666666666
330 4.366666666666666
331 4.366666666666666
332 4.366666666666666
333 4.366666666666666
334 4.366666666666666
335 4.366666666666666
336 4.366666666666666
337 4.366666666666666
338 4.366666666666666
339 4.366666666666666
340 4.366666666666666
341 4.366666666666666
342 4.366666666666666
343 4.366666666666666
344 4.366666666666666
345 4.366666666666666
346 4.366666666666666
347 4.366666666666666
348 4.366666666666666
349 4.366666666666666
350 4.366666666666666
351 4.366666666666666
352 4.366666666666666
353 4.366666666666666
354 4.366666666666666
355 4.366666666666666
356 4.366666666666666
357 4.366666666666666
358 4.366666666666666
359 4.366666666666666
360 4.366666666666666
361 4.366666666666666
362 4.366666666666666
363 4.366666666666666
364 4.366666666666666
365 4.366666666666666
366 4.366666666666666
367 4.4
368 4.4
369 4.4
370 4.4
371 4.4
372 4.4
373 4.4
374 4.4
375 4.4
376 4.4
377 4.4
378 4.4
379 4.4
380 4.4
381 4.4
382 4.4
383 4.4
384 4.4
385 4.4
386 4.4
387 4.4
388 4.4
389 4.4
390 4.4
391 4.4
392 4.4
393 4.4
394 4.4
395 4.4
396 4.4
397 4.4
398 4.4
399 4.4
400 4.433333333333334
401 4.433333333333334
402 4.433333333333334
403 4.433333333333334
404 4.433333333333334
405 4.433333333333334
406 4.433333333333334
407 4.433333333333334
408 4.433333333333334
409 4.433333333333334
410 4.433333333333334
411 4.433333333333334
412 4.433333333333334
413 4.433333333333334
414 4.433333333333334
415 4.433333333333334
416 4.433333333333334
417 4.433333333333334
418 4.433333333333334
419 4.433333333333334
420 4.433333333333334
421 4.433333333333334
422 4.433333333333334
423 4.433333333333334
424 4.5
425 4.5
426 4.5
427 4.5
428 4.5
429 4.5
430 4.5
431 4.5
432 4.5
433 4.5
434 4.5
435 4.5
436 4.5
437 4.5
438 4.533333333333333
439 4.533333333333333
440 4.533333333333333
441 4.533333333333333
442 4.533333333333333
443 4.533333333333333
444 4.533333333333333
445 4.533333333333333
446 4.533333333333333
447 4.533333333333333
448 4.533333333333333
449 4.533333333333333
450 4.533333333333333
451 4.566666666666666
452 4.566666666666666
453 4.566666666666666
454 4.566666666666666
455 4.566666666666666
456 4.566666666666666
457 4.566666666666666
458 4.566666666666666
459 4.566666666666666
460 4.566666666666666
461 4.566666666666666
462 4.566666666666666
463 4.566666666666666
464 4.6
465 4.6
466 4.6
467 4.6
468 4.6
469 4.6
470 4.6
471 4.6
472 4.6
473 4.6
474 4.6
475 4.6
476 4.6
477 4.6
478 4.6
479 4.6
480 4.6
481 4.6
482 4.6
483 4.6
484 4.6
485 4.6
486 4.6
487 4.6
488 4.6
489 4.6
490 4.6
491 4.6
492 4.6
493 4.6
494 4.6
495 4.6
496 4.633333333333334
497 4.633333333333334
498 4.633333333333334
499 4.633333333333334
500 4.633333333333334
501 4.633333333333334
502 4.633333333333334
503 4.633333333333334
504 4.666666666666667
505 4.7
506 4.7
507 4.7
508 4.7
509 4.7
510 4.7
511 4.7
512 4.7
513 4.7
514 4.7
515 4.7
516 4.7
517 4.7
518 4.7
519 4.7
520 4.766666666666667
521 4.766666666666667
522 4.766666666666667
523 4.766666666666667
524 4.766666666666667
525 4.766666666666667
526 4.766666666666667
527 4.766666666666667
528 4.766666666666667
529 4.766666666666667
530 4.766666666666667
531 4.766666666666667
532 4.766666666666667
533 4.766666666666667
534 4.766666666666667
535 4.766666666666667
536 4.766666666666667
537 4.766666666666667
538 4.766666666666667
539 4.766666666666667
540 4.766666666666667
541 4.766666666666667
542 4.766666666666667
543 4.766666666666667
544 4.766666666666667
545 4.766666666666667
546 4.766666666666667
547 4.766666666666667
548 4.766666666666667
549 4.766666666666667
550 4.766666666666667
551 4.766666666666667
552 4.766666666666667
553 4.766666666666667
554 4.766666666666667
555 4.766666666666667
556 4.766666666666667
557 4.766666666666667
558 4.766666666666667
559 4.766666666666667
560 4.766666666666667
561 4.766666666666667
562 4.766666666666667
563 4.766666666666667
564 4.766666666666667
565 4.766666666666667
566 4.766666666666667
567 4.766666666666667
568 4.766666666666667
569 4.766666666666667
570 4.8
571 4.8
572 4.8
573 4.8
574 4.8
575 4.8
576 4.8
577 4.8
578 4.8
579 4.8
580 4.8
581 4.8
582 4.8
583 4.8
584 4.8
585 4.8
586 4.8
587 4.8
588 4.8
589 4.8
590 4.8
591 4.8
592 4.8
593 4.8
594 4.8
595 4.8
596 4.8
597 4.8
598 4.8
599 4.8
600 4.8
601 4.8
602 4.8
603 4.833333333333333
604 4.833333333333333
605 4.833333333333333
606 4.833333333333333
607 4.833333333333333
608 4.833333333333333
609 4.833333333333333
610 4.833333333333333
611 4.833333333333333
612 4.833333333333333
613 4.833333333333333
614 4.833333333333333
615 4.833333333333333
616 4.833333333333333
617 4.833333333333333
618 4.833333333333333
619 4.833333333333333
620 4.833333333333333
621 4.833333333333333
622 4.833333333333333
623 4.833333333333333
624 4.833333333333333
625 4.833333333333333
626 4.866666666666666
627 4.866666666666666
628 4.866666666666666
629 4.866666666666666
630 4.866666666666666
631 4.866666666666666
632 4.866666666666666
633 4.866666666666666
634 4.866666666666666
635 4.866666666666666
636 4.866666666666666
637 4.866666666666666
638 4.866666666666666
639 4.866666666666666
640 4.866666666666666
641 4.866666666666666
642 4.866666666666666
643 4.866666666666666
644 4.866666666666666
645 4.866666666666666
646 4.866666666666666
647 4.866666666666666
648 4.866666666666666
649 4.866666666666666
650 4.866666666666666
651 4.866666666666666
652 4.866666666666666
653 4.866666666666666
654 4.866666666666666
655 4.866666666666666
656 4.866666666666666
657 4.866666666666666
658 4.866666666666666
659 4.866666666666666
660 4.866666666666666
661 4.866666666666666
662 4.866666666666666
663 4.866666666666666
664 4.866666666666666
665 4.866666666666666
666 4.866666666666666
667 4.866666666666666
668 4.933333333333334
669 4.933333333333334
670 4.933333333333334
671 4.933333333333334
672 4.933333333333334
673 4.933333333333334
674 4.933333333333334
675 4.933333333333334
676 4.933333333333334
677 4.933333333333334
678 4.933333333333334
679 4.933333333333334
680 4.933333333333334
681 4.933333333333334
682 4.933333333333334
683 4.933333333333334
684 4.933333333333334
685 4.933333333333334
686 4.933333333333334
687 4.933333333333334
688 4.933333333333334
689 4.933333333333334
690 4.933333333333334
691 4.933333333333334
692 4.933333333333334
693 4.933333333333334
694 4.933333333333334
695 4.933333333333334
696 4.933333333333334
697 4.933333333333334
698 4.933333333333334
699 4.933333333333334
700 4.933333333333334
701 4.933333333333334
702 4.933333333333334
703 4.933333333333334
704 4.933333333333334
705 4.933333333333334
706 4.933333333333334
707 4.933333333333334
708 4.933333333333334
709 4.933333333333334
710 4.933333333333334
711 4.933333333333334
712 4.933333333333334
713 4.933333333333334
714 4.933333333333334
715 4.933333333333334
716 4.933333333333334
717 4.933333333333334
718 4.933333333333334
719 4.933333333333334
720 4.933333333333334
721 4.933333333333334
722 4.933333333333334
723 4.933333333333334
724 4.933333333333334
725 4.933333333333334
726 4.933333333333334
727 4.933333333333334
728 4.933333333333334
729 4.933333333333334
730 4.933333333333334
731 4.933333333333334
732 4.966666666666667
733 4.966666666666667
734 4.966666666666667
735 4.966666666666667
736 4.966666666666667
737 4.966666666666667
738 4.966666666666667
739 4.966666666666667
740 4.966666666666667
741 4.966666666666667
742 4.966666666666667
743 4.966666666666667
744 4.966666666666667
745 4.966666666666667
746 4.966666666666667
747 4.966666666666667
748 4.966666666666667
749 4.966666666666667
750 4.966666666666667
751 4.966666666666667
752 4.966666666666667
753 4.966666666666667
754 4.966666666666667
755 4.966666666666667
756 4.966666666666667
757 4.966666666666667
758 4.966666666666667
759 4.966666666666667
760 4.966666666666667
761 4.966666666666667
762 4.966666666666667
763 4.966666666666667
764 4.966666666666667
765 4.966666666666667
766 4.966666666666667
767 4.966666666666667
768 4.966666666666667
769 4.966666666666667
770 4.966666666666667
771 4.966666666666667
772 4.966666666666667
773 4.966666666666667
774 4.966666666666667
775 4.966666666666667
776 4.966666666666667
777 4.966666666666667
778 4.966666666666667
779 4.966666666666667
780 4.966666666666667
781 4.966666666666667
782 4.966666666666667
783 4.966666666666667
784 4.966666666666667
785 4.966666666666667
786 4.966666666666667
787 4.966666666666667
788 4.966666666666667
789 4.966666666666667
790 4.966666666666667
791 4.966666666666667
792 4.966666666666667
793 4.966666666666667
794 4.966666666666667
795 4.966666666666667
796 4.966666666666667
797 4.966666666666667
798 4.966666666666667
799 4.966666666666667
800 4.966666666666667
801 4.966666666666667
802 4.966666666666667
803 4.966666666666667
804 4.966666666666667
805 4.966666666666667
806 4.966666666666667
807 4.966666666666667
808 4.966666666666667
809 4.966666666666667
810 4.966666666666667
811 4.966666666666667
812 4.966666666666667
813 4.966666666666667
814 4.966666666666667
815 4.966666666666667
816 4.966666666666667
817 4.966666666666667
818 4.966666666666667
819 4.966666666666667
820 4.966666666666667
821 4.966666666666667
822 4.966666666666667
823 4.966666666666667
824 4.966666666666667
825 4.966666666666667
826 4.966666666666667
827 4.966666666666667
828 4.966666666666667
829 4.966666666666667
830 4.966666666666667
831 4.966666666666667
832 4.966666666666667
833 4.966666666666667
834 4.966666666666667
835 4.966666666666667
836 4.966666666666667
837 4.966666666666667
838 4.966666666666667
839 4.966666666666667
840 4.966666666666667
841 4.966666666666667
842 4.966666666666667
843 4.966666666666667
844 4.966666666666667
845 4.966666666666667
846 4.966666666666667
847 4.966666666666667
848 4.966666666666667
849 4.966666666666667
850 4.966666666666667
851 4.966666666666667
852 4.966666666666667
853 4.966666666666667
854 4.966666666666667
855 4.966666666666667
856 4.966666666666667
857 4.966666666666667
858 4.966666666666667
859 4.966666666666667
860 4.966666666666667
861 4.966666666666667
862 4.966666666666667
863 4.966666666666667
864 4.966666666666667
865 4.966666666666667
866 4.966666666666667
867 4.966666666666667
868 4.966666666666667
869 4.966666666666667
870 4.966666666666667
871 4.966666666666667
872 4.966666666666667
873 4.966666666666667
874 4.966666666666667
875 4.966666666666667
876 4.966666666666667
877 4.966666666666667
878 4.966666666666667
879 4.966666666666667
880 4.966666666666667
881 4.966666666666667
882 4.966666666666667
883 4.966666666666667
884 4.966666666666667
885 4.966666666666667
886 4.966666666666667
887 4.966666666666667
888 4.966666666666667
889 4.966666666666667
890 4.966666666666667
891 4.966666666666667
892 4.966666666666667
893 4.966666666666667
894 4.966666666666667
895 4.966666666666667
896 4.966666666666667
897 4.966666666666667
898 4.966666666666667
899 4.966666666666667
900 4.966666666666667
901 4.966666666666667
902 4.966666666666667
903 4.966666666666667
904 4.966666666666667
905 4.966666666666667
906 4.966666666666667
907 4.966666666666667
908 4.966666666666667
909 4.966666666666667
910 4.966666666666667
911 4.966666666666667
912 4.966666666666667
913 4.966666666666667
914 4.966666666666667
915 4.966666666666667
916 4.966666666666667
917 4.966666666666667
918 4.966666666666667
919 4.966666666666667
920 4.966666666666667
921 4.966666666666667
922 4.966666666666667
923 4.966666666666667
924 4.966666666666667
925 4.966666666666667
926 4.966666666666667
927 4.966666666666667
928 4.966666666666667
929 4.966666666666667
930 4.966666666666667
931 4.966666666666667
932 4.966666666666667
933 4.966666666666667
934 4.966666666666667
935 4.966666666666667
936 4.966666666666667
937 4.966666666666667
938 4.966666666666667
939 5.033333333333333
940 5.033333333333333
941 5.033333333333333
942 5.033333333333333
943 5.033333333333333
944 5.033333333333333
945 5.033333333333333
946 5.033333333333333
947 5.033333333333333
948 5.033333333333333
949 5.033333333333333
950 5.033333333333333
951 5.033333333333333
952 5.033333333333333
953 5.033333333333333
954 5.033333333333333
955 5.033333333333333
956 5.033333333333333
957 5.033333333333333
958 5.033333333333333
959 5.033333333333333
960 5.033333333333333
961 5.033333333333333
962 5.033333333333333
963 5.033333333333333
964 5.033333333333333
965 5.033333333333333
966 5.033333333333333
967 5.033333333333333
968 5.033333333333333
969 5.033333333333333
970 5.033333333333333
971 5.033333333333333
972 5.033333333333333
973 5.033333333333333
974 5.033333333333333
975 5.033333333333333
976 5.033333333333333
977 5.033333333333333
978 5.033333333333333
979 5.033333333333333
980 5.033333333333333
981 5.033333333333333
982 5.033333333333333
983 5.033333333333333
984 5.033333333333333
985 5.033333333333333
986 5.033333333333333
987 5.033333333333333
988 5.033333333333333
989 5.033333333333333
990 5.033333333333333
991 5.033333333333333
992 5.033333333333333
993 5.033333333333333
994 5.033333333333333
995 5.033333333333333
996 5.033333333333333
997 5.033333333333333
998 5.033333333333333
999 5.033333333333333
1000 5.033333333333333
1001 5.033333333333333
1002 5.033333333333333
1003 5.033333333333333
1004 5.033333333333333
1005 5.033333333333333
1006 5.033333333333333
1007 5.033333333333333
1008 5.033333333333333
1009 5.033333333333333
1010 5.033333333333333
1011 5.033333333333333
1012 5.033333333333333
1013 5.033333333333333
1014 5.033333333333333
1015 5.033333333333333
1016 5.033333333333333
1017 5.033333333333333
1018 5.033333333333333
1019 5.033333333333333
1020 5.033333333333333
1021 5.033333333333333
1022 5.033333333333333
1023 5.033333333333333
1024 5.033333333333333
1025 5.033333333333333
1026 5.033333333333333
1027 5.033333333333333
1028 5.033333333333333
1029 5.033333333333333
1030 5.033333333333333
1031 5.033333333333333
1032 5.033333333333333
1033 5.033333333333333
1034 5.033333333333333
1035 5.033333333333333
1036 5.033333333333333
1037 5.033333333333333
1038 5.033333333333333
1039 5.033333333333333
1040 5.033333333333333
1041 5.033333333333333
1042 5.033333333333333
1043 5.033333333333333
1044 5.033333333333333
1045 5.033333333333333
1046 5.033333333333333
1047 5.033333333333333
1048 5.033333333333333
1049 5.033333333333333
1050 5.033333333333333
1051 5.033333333333333
1052 5.033333333333333
1053 5.033333333333333
1054 5.033333333333333
1055 5.033333333333333
1056 5.033333333333333
1057 5.033333333333333
1058 5.033333333333333
1059 5.033333333333333
1060 5.033333333333333
1061 5.033333333333333
1062 5.033333333333333
1063 5.033333333333333
1064 5.033333333333333
1065 5.033333333333333
1066 5.033333333333333
1067 5.033333333333333
1068 5.033333333333333
1069 5.033333333333333
1070 5.033333333333333
1071 5.033333333333333
1072 5.033333333333333
1073 5.033333333333333
1074 5.033333333333333
1075 5.033333333333333
1076 5.033333333333333
1077 5.033333333333333
1078 5.033333333333333
1079 5.033333333333333
1080 5.033333333333333
1081 5.033333333333333
1082 5.033333333333333
1083 5.033333333333333
1084 5.033333333333333
1085 5.033333333333333
1086 5.033333333333333
1087 5.033333333333333
1088 5.033333333333333
1089 5.033333333333333
1090 5.033333333333333
1091 5.033333333333333
1092 5.033333333333333
1093 5.033333333333333
1094 5.033333333333333
1095 5.033333333333333
1096 5.033333333333333
1097 5.033333333333333
1098 5.033333333333333
1099 5.033333333333333
1100 5.033333333333333
1101 5.033333333333333
1102 5.033333333333333
1103 5.033333333333333
1104 5.033333333333333
1105 5.033333333333333
1106 5.033333333333333
1107 5.033333333333333
1108 5.033333333333333
1109 5.033333333333333
1110 5.033333333333333
1111 5.033333333333333
1112 5.033333333333333
1113 5.033333333333333
1114 5.033333333333333
1115 5.033333333333333
1116 5.033333333333333
1117 5.033333333333333
1118 5.033333333333333
1119 5.033333333333333
1120 5.033333333333333
1121 5.033333333333333
1122 5.033333333333333
1123 5.033333333333333
1124 5.033333333333333
1125 5.033333333333333
1126 5.033333333333333
1127 5.033333333333333
1128 5.033333333333333
1129 5.033333333333333
1130 5.033333333333333
1131 5.033333333333333
1132 5.033333333333333
1133 5.033333333333333
1134 5.033333333333333
1135 5.033333333333333
1136 5.033333333333333
1137 5.033333333333333
1138 5.033333333333333
1139 5.033333333333333
1140 5.033333333333333
1141 5.033333333333333
1142 5.033333333333333
1143 5.033333333333333
1144 5.033333333333333
1145 5.033333333333333
1146 5.033333333333333
1147 5.033333333333333
1148 5.033333333333333
1149 5.033333333333333
1150 5.033333333333333
1151 5.033333333333333
1152 5.033333333333333
1153 5.033333333333333
1154 5.033333333333333
1155 5.033333333333333
1156 5.066666666666666
1157 5.066666666666666
1158 5.066666666666666
1159 5.066666666666666
1160 5.066666666666666
1161 5.066666666666666
1162 5.066666666666666
1163 5.066666666666666
1164 5.066666666666666
1165 5.066666666666666
1166 5.066666666666666
1167 5.066666666666666
1168 5.066666666666666
1169 5.066666666666666
1170 5.066666666666666
1171 5.066666666666666
1172 5.066666666666666
1173 5.066666666666666
1174 5.066666666666666
1175 5.066666666666666
1176 5.066666666666666
1177 5.066666666666666
1178 5.066666666666666
1179 5.066666666666666
1180 5.066666666666666
1181 5.066666666666666
1182 5.066666666666666
1183 5.066666666666666
1184 5.066666666666666
1185 5.066666666666666
1186 5.066666666666666
1187 5.066666666666666
1188 5.066666666666666
1189 5.066666666666666
1190 5.066666666666666
1191 5.066666666666666
1192 5.066666666666666
1193 5.066666666666666
1194 5.066666666666666
1195 5.066666666666666
1196 5.066666666666666
1197 5.066666666666666
1198 5.066666666666666
1199 5.066666666666666
1200 5.066666666666666
1201 5.066666666666666
1202 5.066666666666666
1203 5.066666666666666
1204 5.066666666666666
1205 5.066666666666666
1206 5.066666666666666
1207 5.066666666666666
1208 5.066666666666666
1209 5.066666666666666
1210 5.066666666666666
1211 5.066666666666666
1212 5.066666666666666
1213 5.066666666666666
1214 5.066666666666666
1215 5.066666666666666
1216 5.066666666666666
1217 5.066666666666666
1218 5.066666666666666
1219 5.066666666666666
1220 5.066666666666666
1221 5.066666666666666
1222 5.066666666666666
1223 5.066666666666666
1224 5.066666666666666
1225 5.066666666666666
1226 5.066666666666666
1227 5.066666666666666
1228 5.066666666666666
1229 5.066666666666666
1230 5.066666666666666
1231 5.066666666666666
1232 5.066666666666666
1233 5.066666666666666
1234 5.066666666666666
1235 5.066666666666666
1236 5.066666666666666
1237 5.066666666666666
1238 5.066666666666666
1239 5.066666666666666
1240 5.066666666666666
1241 5.066666666666666
1242 5.066666666666666
1243 5.066666666666666
1244 5.066666666666666
1245 5.066666666666666
1246 5.066666666666666
1247 5.066666666666666
1248 5.066666666666666
1249 5.066666666666666
1250 5.066666666666666
1251 5.066666666666666
1252 5.066666666666666
1253 5.066666666666666
1254 5.066666666666666
1255 5.066666666666666
1256 5.066666666666666
1257 5.066666666666666
1258 5.066666666666666
1259 5.066666666666666
1260 5.066666666666666
1261 5.066666666666666
1262 5.066666666666666
1263 5.066666666666666
1264 5.066666666666666
1265 5.066666666666666
1266 5.066666666666666
1267 5.066666666666666
1268 5.066666666666666
1269 5.066666666666666
1270 5.066666666666666
1271 5.066666666666666
1272 5.066666666666666
1273 5.066666666666666
1274 5.066666666666666
1275 5.066666666666666
1276 5.066666666666666
1277 5.066666666666666
1278 5.066666666666666
1279 5.066666666666666
1280 5.066666666666666
1281 5.066666666666666
1282 5.066666666666666
1283 5.066666666666666
1284 5.066666666666666
1285 5.066666666666666
1286 5.066666666666666
1287 5.066666666666666
1288 5.066666666666666
1289 5.066666666666666
1290 5.066666666666666
1291 5.066666666666666
1292 5.066666666666666
1293 5.066666666666666
1294 5.066666666666666
1295 5.066666666666666
1296 5.066666666666666
1297 5.066666666666666
1298 5.066666666666666
1299 5.066666666666666
1300 5.066666666666666
1301 5.066666666666666
1302 5.066666666666666
1303 5.066666666666666
1304 5.066666666666666
1305 5.066666666666666
1306 5.066666666666666
1307 5.066666666666666
1308 5.066666666666666
1309 5.066666666666666
1310 5.066666666666666
1311 5.066666666666666
1312 5.066666666666666
1313 5.066666666666666
1314 5.066666666666666
1315 5.066666666666666
1316 5.066666666666666
1317 5.066666666666666
1318 5.066666666666666
1319 5.066666666666666
1320 5.066666666666666
1321 5.066666666666666
1322 5.066666666666666
1323 5.066666666666666
1324 5.066666666666666
1325 5.066666666666666
1326 5.066666666666666
1327 5.066666666666666
1328 5.066666666666666
1329 5.066666666666666
1330 5.066666666666666
1331 5.066666666666666
1332 5.066666666666666
1333 5.066666666666666
1334 5.066666666666666
1335 5.066666666666666
1336 5.066666666666666
1337 5.066666666666666
1338 5.066666666666666
1339 5.066666666666666
1340 5.066666666666666
1341 5.066666666666666
1342 5.066666666666666
1343 5.066666666666666
1344 5.066666666666666
1345 5.066666666666666
1346 5.066666666666666
1347 5.066666666666666
1348 5.066666666666666
1349 5.066666666666666
1350 5.066666666666666
1351 5.066666666666666
1352 5.066666666666666
1353 5.066666666666666
1354 5.066666666666666
1355 5.066666666666666
1356 5.066666666666666
1357 5.066666666666666
1358 5.066666666666666
1359 5.066666666666666
1360 5.066666666666666
1361 5.066666666666666
1362 5.066666666666666
1363 5.066666666666666
1364 5.066666666666666
1365 5.066666666666666
1366 5.066666666666666
1367 5.066666666666666
1368 5.066666666666666
1369 5.066666666666666
1370 5.066666666666666
1371 5.066666666666666
1372 5.066666666666666
1373 5.066666666666666
1374 5.066666666666666
1375 5.066666666666666
1376 5.066666666666666
1377 5.066666666666666
1378 5.066666666666666
1379 5.066666666666666
1380 5.066666666666666
1381 5.066666666666666
1382 5.066666666666666
1383 5.066666666666666
1384 5.066666666666666
1385 5.066666666666666
1386 5.066666666666666
1387 5.066666666666666
1388 5.066666666666666
1389 5.066666666666666
1390 5.066666666666666
1391 5.066666666666666
1392 5.066666666666666
1393 5.066666666666666
1394 5.066666666666666
1395 5.066666666666666
1396 5.066666666666666
1397 5.066666666666666
1398 5.066666666666666
1399 5.066666666666666
1400 5.066666666666666
1401 5.066666666666666
1402 5.066666666666666
1403 5.066666666666666
1404 5.066666666666666
1405 5.066666666666666
1406 5.066666666666666
1407 5.066666666666666
1408 5.066666666666666
1409 5.066666666666666
1410 5.066666666666666
1411 5.066666666666666
1412 5.066666666666666
1413 5.066666666666666
1414 5.066666666666666
1415 5.066666666666666
1416 5.066666666666666
1417 5.066666666666666
1418 5.066666666666666
1419 5.066666666666666
1420 5.066666666666666
1421 5.066666666666666
1422 5.066666666666666
1423 5.066666666666666
1424 5.066666666666666
1425 5.066666666666666
1426 5.066666666666666
1427 5.066666666666666
1428 5.066666666666666
1429 5.066666666666666
1430 5.066666666666666
1431 5.066666666666666
1432 5.066666666666666
1433 5.066666666666666
1434 5.066666666666666
1435 5.066666666666666
1436 5.066666666666666
1437 5.066666666666666
1438 5.066666666666666
1439 5.066666666666666
1440 5.066666666666666
1441 5.066666666666666
1442 5.066666666666666
1443 5.066666666666666
1444 5.066666666666666
1445 5.066666666666666
1446 5.066666666666666
1447 5.066666666666666
1448 5.066666666666666
1449 5.066666666666666
1450 5.066666666666666
1451 5.066666666666666
1452 5.1
1453 5.1
1454 5.1
1455 5.1
1456 5.1
1457 5.1
1458 5.1
1459 5.1
1460 5.1
1461 5.1
1462 5.1
1463 5.1
1464 5.1
1465 5.1
1466 5.1
1467 5.1
1468 5.1
1469 5.1
1470 5.1
1471 5.1
1472 5.1
1473 5.1
1474 5.1
1475 5.1
1476 5.1
1477 5.1
1478 5.1
1479 5.1
1480 5.1
1481 5.1
1482 5.1
1483 5.1
1484 5.1
1485 5.1
1486 5.1
1487 5.1
1488 5.1
1489 5.1
1490 5.1
1491 5.1
1492 5.1
1493 5.1
1494 5.1
1495 5.1
1496 5.1
1497 5.1
1498 5.1
1499 5.1
