0 0.6843816574335219
1 0.6843816574335219
2 0.6843816574335219
3 0.6843816574335219
4 0.6843817196278149
5 0.6843817196278149
6 0.6872911087896035
7 0.6895943498140739
8 0.6895943498140739
9 0.6918849023282453
10 0.6918849023282453
11 0.6918849023282453
12 0.6918849023282453
13 0.6918849023282453
14 0.6918849023282453
15 0.6934686371271878
16 0.6934686371271878
17 0.6934686371271878
18 0.6934686371271878
19 0.6934686371271878
20 0.722458981532852
21 0.722458981532852
22 0.722458981532852
23 0.722458981532852
24 0.722458981532852
25 0.722458981532852
26 0.722458981532852
27 0.722458981532907
28 0.722458981532907
29 0.722458981532907
30 0.7224589815329414
31 0.7224924382735642
32 0.7224924382735642
33 0.7224924382735642
34 0.7224924382735642
35 0.7224927139370012
36 0.7224928190984643
37 0.7224928222991591
38 0.7224928222991591
39 0.7224928222991591
40 0.7224928229413153
41 0.7224928229413153
42 0.7232892365194988
43 0.7232892365194988
44 0.7232892365194988
45 0.7232892365194988
46 0.7232892365194988
47 0.7232892365194988
48 0.7232892365194988
49 0.769981933870439
50 0.769981933870439
51 0.769981933870439
52 0.769981933870439
53 0.769981933870439
54 0.769981933870439
55 0.769981933870439
56 0.769981933870439
57 0.769981933870439
58 0.769981933870439
59 0.769981933870439
60 0.769981933870439
61 0.7699932654769224
62 0.7699983257497096
63 0.7699983257497096
64 0.7699983257497096
65 0.7699983257497096
66 0.7699983257497096
67 0.7699983257497096
68 0.770003499871169
69 0.7700035275058728
70 0.7700035275058728
71 0.7700192860954133
72 0.7700192860954133
73 0.7700192860954133
74 0.7700192860954133
75 0.7700192860954133
76 0.7700192860954133
77 0.7700192860954133
78 0.7740487855880275
79 0.7740487855880275
80 0.7740487855880275
81 0.7740487855880275
82 0.7740487855880275
83 0.7740487855880275
84 0.7740487855880275
85 0.7740487855880275
86 0.8740793648958036
87 0.8740793648958036
88 0.8740793648958036
89 0.8740795155614792
90 0.8740795155614792
91 0.8740795155614792
92 0.8740795155614792
93 0.8801176700713673
94 0.8801176700713673
95 0.8801176700713673
96 0.8801176700713673
97 0.8813668576922598
98 0.8813668576922598
99 0.8813668576922598
100 0.8813668576922598
101 0.8870067073711159
102 0.8870067073711159
103 0.8870067073711159
104 0.8870067073711159
105 0.8870067073711159
106 0.8870067073711159
107 0.8870067073711159
108 0.8870067073711159
109 0.8884411953661312
110 0.8884411953661312
111 0.8884411953661312
112 0.8884411953661312
113 0.8884411953661312
114 0.8884411953661312
115 0.8898439395701432
116 0.8898439395701432
117 0.8898439395701432
118 0.8898439395701432
119 0.8898439395701432
120 0.8898439395701432
121 0.8898439395701432
122 0.8898439395701432
123 0.8898439395701432
124 0.8898439395701432
125 0.8898439395701432
126 0.8898439395701432
127 0.8898444952083009
128 0.8898444952083009
129 0.8898444952083009
130 0.8898444952083009
131 0.8898444952083009
132 0.8898444952083009
133 0.8898444952083009
134 0.8898444952083009
135 0.8898444952083009
136 0.8898448714482665
137 0.8898448958717726
138 0.8898449236438881
139 0.889862158196374
140 0.8898625591839175
141 0.8898625591839175
142 0.8898625591839175
143 0.8898625591839175
144 0.8898625591839175
145 0.8898625591839175
146 0.8898625591839175
147 0.8898931795069228
148 0.8898931795069228
149 0.8898931795069228
150 0.8898931795069228
151 0.8898931795069228
152 0.8898931795069228
153 0.8898931795069228
154 0.8898931795069228
155 0.8898931795069228
156 0.8898931795069228
157 0.8898931795069228
158 0.8898931795069228
159 0.8898932100045762
160 0.8898932100045762
161 0.8898932100045762
162 0.8898932100045762
163 0.8898932100045762
164 0.8898932100045762
165 0.8898932100045762
166 0.8898932100045762
167 0.8898932100045762
168 0.8898932100045762
169 0.8898932100045762
170 0.8898935366265839
171 0.8898935366265839
172 0.8898935366265839
173 0.8898935366265839
174 0.8898935366265839
175 0.8898935366265839
176 0.8898935970295472
177 0.8898935970295472
178 0.8898935970295472
179 0.8898935970295472
180 0.8898935970295472
181 0.8898935970295472
182 0.8898935970295472
183 0.8898935970295472
184 0.8898935970295472
185 0.8898935970295472
186 0.8898935970295472
187 0.8898935970295472
188 0.8898935970295472
189 0.8898935970295472
190 0.8898935970295472
191 0.8899105318160712
192 0.8899105318160712
193 0.8899105318160712
194 0.8899105318160712
195 0.8899105318160712
196 0.8899105318160712
197 0.8899105318160712
198 0.8899105318160712
199 0.8899105318160712
200 0.8899105318160712
201 0.8899105318160712
202 0.8899105318160712
203 0.8899105318160712
204 0.8899105318160712
205 0.8899105318160712
206 0.8899105318160712
207 0.8899105318160712
208 0.8899105318160712
209 0.8899105318160712
210 0.8899105318160712
211 0.8899105557799559
212 0.8899105557799559
213 0.8899105557799559
214 0.8899105557799559
215 0.8899105557799559
216 0.8899105678550594
217 0.8899105678550594
218 0.8899105678550594
219 0.8899105678550594
220 0.8899105678550594
221 0.8899105678550594
222 0.8899105678550594
223 0.8899105678550594
224 0.8899105678550594
225 0.8899105678550594
226 0.8899105678550594
227 0.8899105678550594
228 0.8899105678550594
229 0.8899105678550594
230 0.8899105678550594
231 0.8899105880328906
232 0.8899105880328906
233 0.8899105880328906
234 0.8899105880328906
235 0.8899105880328906
236 0.8899105880328906
237 0.8899105880328906
238 0.8899105880328906
239 0.8899105880328906
240 0.8899105880328906
241 0.8899105971765627
242 0.8899105971765627
243 0.8899105971765627
244 0.8899105971765627
245 0.8899105971765627
246 0.8899105972743971
247 0.8899105972743971
248 0.8899105972743971
249 0.8899105972743971
250 0.8899105974425531
251 0.8899105974425531
252 0.8899105974425531
253 0.8899105974425531
254 0.8899105974425531
255 0.8899105974425531
256 0.8899105974425531
257 0.8899105974425531
258 0.8899105974425531
259 0.8899105974425531
260 0.8899108716234009
261 0.8899108716234009
262 0.8899108716234009
263 0.8899108716234009
264 0.8899108716234009
265 0.8899108716234009
266 0.8899108716234009
267 0.8899108716234009
268 0.8899108716234009
269 0.8899108716234009
270 0.8899108716234009
271 0.889913043881966
272 0.8899137409637813
273 0.8899137409637813
274 0.8899137409637813
275 0.8899137409637813
276 0.8899137409637813
277 0.8899137409637813
278 0.8899144605846293
279 0.8899144605846293
280 0.8899144605846293
281 0.8899144605846293
282 0.8899144605846293
283 0.8899144605846293
284 0.8899144605846293
285 0.8899144605846293
286 0.8899144605846293
287 0.8899144605846293
288 0.8899171145856462
289 0.8899171145856462
290 0.8899171145856462
291 0.8899171145856462
292 0.8899171145856462
293 0.8899171145856462
294 0.8899171145856462
295 0.8899171145856462
296 0.8899171145856462
297 0.8899171145856462
298 0.8899171145856462
299 0.8899171145856462
300 0.8899171145856462
301 0.8899175938273995
302 0.8899175938273995
303 0.8899175938273995
304 0.8899175938273995
305 0.8899175938273995
306 0.8899175938273995
307 0.8899178016480652
308 0.8899178016480652
309 0.8899178016480652
310 0.8899178016480652
311 0.8899178016480652
312 0.8899178016480652
313 0.889918517720939
314 0.8900704286065454
315 0.8900704286065454
316 0.8900704286065454
317 0.8900704286065454
318 0.8900704286065454
319 0.8900704286065454
320 0.8900704286065454
321 0.8900704286065454
322 0.8900704286065454
323 0.8900704286065454
324 0.8900704286065454
325 0.8900704286065454
326 0.8900704286065454
327 0.8900704286065454
328 0.8900704286387559
329 0.8900704286387559
330 0.8900704286387559
331 0.8900704286387559
332 0.8900704286387559
333 0.8900704286387559
334 0.8900704286387559
335 0.8900704286387559
336 0.8900704286387559
337 0.8900704286387559
338 0.8900704286387559
339 0.8900704286387559
340 0.8900704286387559
341 0.8900704488330847
342 0.8900704488330847
343 0.8900704488330847
344 0.8900704488330847
345 0.8900704883857266
346 0.8900704883857266
347 0.8900704883857266
348 0.8900704883857266
349 0.8900707748520483
350 0.8900707748520483
351 0.8900707748520483
352 0.8900707748520483
353 0.8900707748520483
354 0.890070922371223
355 0.890070922371223
356 0.890070922371223
357 0.890070922371223
358 0.890070922371223
359 0.890070922371223
360 0.890070922371223
361 0.890070922371223
362 0.890070922371223
363 0.890070922371223
364 0.890070922371223
365 0.890070922371223
366 0.890070922371223
367 0.890070922371223
368 0.890070922371223
369 0.890070922371223
370 0.890070922371223
371 0.8900709421783748
372 0.8900709421783748
373 0.8900709421783748
374 0.8900709421783748
375 0.8900709421783748
376 0.8900709421783748
377 0.8900709422804839
378 0.8900709422804839
379 0.8900709422804839
380 0.8900709422804839
381 0.8900709422804839
382 0.8900709423398095
383 0.8900709423398095
384 0.8900709423398095
385 0.8900709423398095
386 0.8900709423398095
387 0.8900709423398095
388 0.8900709938363324
389 0.8900709938363324
390 0.8900709938363324
391 0.8900709938363324
392 0.8900709938363324
393 0.8900709938363324
394 0.8900709938363341
395 0.8900709938363341
396 0.8900709938363341
397 0.8900709938363341
398 0.8900709938363341
399 0.8900709938363341
400 0.8900709938363341
401 0.8900709938363341
402 0.8900709938363341
403 0.8900709938363341
404 0.8900709938363341
405 0.8900709938363341
406 0.8900709938547154
407 0.8900709938547154
408 0.8900709938547154
409 0.8900709938547154
410 0.8900709938547182
411 0.8900709938547242
412 0.8900709938547242
413 0.8900709938547242
414 0.8900709938547242
415 0.8900709938547242
416 0.8900709938950235
417 0.8900709938950235
418 0.8900709938950235
419 0.8900709938950296
420 0.8900709938950296
421 0.8900709938950296
422 0.8900709938950296
423 0.8900709938950296
424 0.8900709938950296
425 0.8900709938950296
426 0.8900709938950296
427 0.8900709938950296
428 0.8900709938950296
429 0.8900709938950296
430 0.8900709938963569
431 0.8900709938963569
432 0.8900709938963569
433 0.8900709938963569
434 0.8900709938963569
435 0.8900709938966272
436 0.8900709938966272
437 0.8900709938966272
438 0.8900709938966272
439 0.8900709938966272
440 0.8900709938966272
441 0.8900709938966272
442 0.8900709938966272
443 0.8900709938966272
444 0.8900709938966272
445 0.8900709938966272
446 0.8900709938966272
447 0.8900709938966272
448 0.8900709938966272
449 0.8900709938966272
450 0.8900709938966354
451 0.8900709938966354
452 0.8900709938966354
453 0.8900709938966354
454 0.8900709938966354
455 0.8900709938966354
456 0.8900709938966354
457 0.8900709938966354
458 0.8900709938966354
459 0.8900709938966354
460 0.8900709938966354
461 0.8900709938966354
462 0.8900709938966354
463 0.8900709938966354
464 0.8900709938966354
465 0.8900709938966354
466 0.8900709938966354
467 0.8900709938966354
468 0.8900709938966354
469 0.8900709938966354
470 0.8900709938966354
471 0.8900709938966354
472 0.8900709938966354
473 0.8900709938966354
474 0.8900709938966354
475 0.8900709938966354
476 0.8900709938966354
477 0.8900709938966354
478 0.8900709938966354
479 0.8900709938966354
480 0.8900709938966354
481 0.8900709938966354
482 0.8900709938966354
483 0.8900709938966354
484 0.8900709938966354
485 0.8900709938966354
486 0.8900709938966354
487 0.8900709980706993
488 0.8900709980706993
489 0.8900709980706993
490 0.8900709980706993
491 0.8900709980706993
492 0.8900709980706993
493 0.8900709980706993
494 0.8900709980706993
495 0.8900709980706993
496 0.8900709980706993
497 0.8900709980706993
498 0.8900709980706993
499 0.8900709980706993
500 0.8900709980706993
501 0.890070998070893
502 0.890070998070893
503 0.890070998070893
504 0.890070998070893
505 0.890070998070893
506 0.890070998070893
507 0.890070998070893
508 0.890070998070893
509 0.890070998070893
510 0.890070998070893
511 0.890070998070893
512 0.890070998070893
513 0.8900709980709115
514 0.8900709980709115
515 0.8900709980709115
516 0.8900709980709115
517 0.8900709980709115
518 0.8900709980709115
519 0.8900709980709115
520 0.8900709980709115
521 0.8900709980709115
522 0.8900709980709115
523 0.8900709980709115
524 0.8900709980709115
525 0.8900709980709115
526 0.8900709980709284
527 0.8900709980709284
528 0.8900709980709284
529 0.890071000335472
530 0.890071000335472
531 0.890071000335472
532 0.890071000335472
533 0.8900710109959972
534 0.8900710109959972
535 0.8900710109959972
536 0.8900710109959972
537 0.8900710109959972
538 0.8900710109959972
539 0.8900710109959972
540 0.8900710109959972
541 0.8900710109959972
542 0.8900710109959972
543 0.8900710109959972
544 0.8900710109959972
545 0.8900710109959972
546 0.8900710109959972
547 0.8900710109959972
548 0.8900710109959972
549 0.8900710109959972
550 0.8900710109959972
551 0.8900710109959972
552 0.8900710109959972
553 0.8900710109959972
554 0.8900710109959972
555 0.8900710109959972
556 0.8900710109959972
557 0.8900710109959972
558 0.8900710109959972
559 0.8900710109960243
560 0.8900710109960243
561 0.8900710109960243
562 0.8900710109960243
563 0.8900710109960243
564 0.8900710109960243
565 0.8900710109960353
566 0.8900710109960353
567 0.8900710109960353
568 0.8900710109960353
569 0.8900710109960353
570 0.8900710109960353
571 0.8900710109960353
572 0.8900710109960353
573 0.8900710109960353
574 0.8900710109960353
575 0.8900710109960353
576 0.8900710109960353
577 0.8900710109960353
578 0.8900710109960353
579 0.8900710109960353
580 0.8900710109960353
581 0.8900710109960353
582 0.8900710109960353
583 0.8900710109960353
584 0.8900710109960353
585 0.8900710109960353
586 0.8900710109960353
587 0.8900710109960353
588 0.8900710109960353
589 0.8900710109960353
590 0.8900710109960353
591 0.8900710109960353
592 0.8900710109960353
593 0.8900710109960353
594 0.8900710109960353
595 0.8900710109960353
596 0.8900710109960353
597 0.8900710109960353
598 0.8900710109960353
599 0.8900710109960353
600 0.8900710109960353
601 0.8900710109960353
602 0.8900710109960353
603 0.8900710109960353
604 0.8900710109960353
605 0.8900710109960353
606 0.8900710109960353
607 0.8900710109960353
608 0.8900710109960353
609 0.8900710109960353
610 0.8900710109960353
611 0.8900710109960353
612 0.8900710109960353
613 0.8900710109960353
614 0.8900710109960353
615 0.8900710109960353
616 0.8900710109960353
617 0.8900710109960353
618 0.8900710109960353
619 0.8900710109960353
620 0.8900710109960353
621 0.8900710109960353
622 0.8900710109960353
623 0.8900710109960353
624 0.8900710109961821
625 0.8900710109961821
626 0.8900710109961821
627 0.8924973742258709
628 0.8924973743023636
629 0.892497383360861
630 0.892497383360861
631 0.892497383360861
632 0.892497383360861
633 0.8924973883110854
634 0.962635526332663
635 0.962635526332663
636 0.962635526332663
637 0.962635526332663
638 0.962635526332663
639 0.962642744219782
640 0.962642744219782
641 0.962642744219782
642 1.0
643 1.0
644 1.0
645 1.0
646 1.0
647 1.0
648 1.0
649 1.0
650 1.0
651 1.0
652 1.0
653 1.0
654 1.0
655 1.0
656 1.0
657 1.0
658 1.0
659 1.0
660 1.0
661 1.0
662 1.0
663 1.0
664 1.0
665 1.0
666 1.0
667 1.0
668 1.0
669 1.0
670 1.0
671 1.0
672 1.0
673 1.0
674 1.0
675 1.0
676 1.0
677 1.0
678 1.0
679 1.0
680 1.0
681 1.0
682 1.0
683 1.0
684 1.0
685 1.0
686 1.0
687 1.0
688 1.0
689 1.0
690 1.0
691 1.0
692 1.0
693 1.0
694 1.0
695 1.0
696 1.0
697 1.0
698 1.0
699 1.0
700 1.0
701 1.0
702 1.0
703 1.0
704 1.0
705 1.0
706 1.0
707 1.0
708 1.0
709 1.0
710 1.0
711 1.0
712 1.0
713 1.0
714 1.0
715 1.0
716 1.0
717 1.0
718 1.0
719 1.0
720 1.0
721 1.0
722 1.0
723 1.0
724 1.0
725 1.0
726 1.0
727 1.0
728 1.0
729 1.0
730 1.0
731 1.0
732 1.0
733 1.0
734 1.0
735 1.0
736 1.0
737 1.0
738 1.0
739 1.0
740 1.0
741 1.0
742 1.0
743 1.0
744 1.0
745 1.0
746 1.0
747 1.0
748 1.0
749 1.0
750 1.0
751 1.0
752 1.0
753 1.0
754 1.0
755 1.0
756 1.0
757 1.0
758 1.0
759 1.0
760 1.0
761 1.0
762 1.0
763 1.0
764 1.0
765 1.0
766 1.0
767 1.0
768 1.0
769 1.0
770 1.0
771 1.0
772 1.0
773 1.0
774 1.0
775 1.0
776 1.0
777 1.0
778 1.0
779 1.0
780 1.0
781 1.0
782 1.0
783 1.0
784 1.0
785 1.0
786 1.0
787 1.0
788 1.0
789 1.0
790 1.0
791 1.0
792 1.0
793 1.0
794 1.0
795 1.0
796 1.0
797 1.0
798 1.0
799 1.0
800 1.0
801 1.0
802 1.0
803 1.0
804 1.0
805 1.0
806 1.0
807 1.0
808 1.0
809 1.0
810 1.0
811 1.0
812 1.0
813 1.0
814 1.0
815 1.0
816 1.0
817 1.0
818 1.0
819 1.0
820 1.0
821 1.0
822 1.0
823 1.0
824 1.0
825 1.0
826 1.0
827 1.0
828 1.0
829 1.0
830 1.0
831 1.0
832 1.0
833 1.0
834 1.0
835 1.0
836 1.0
837 1.0
838 1.0
839 1.0
840 1.0
841 1.0
842 1.0
843 1.0
844 1.0
845 1.0
846 1.0
847 1.0
848 1.0
849 1.0
850 1.0
851 1.0
852 1.0
853 1.0
854 1.0
855 1.0
856 1.0
857 1.0
858 1.0
859 1.0
860 1.0
861 1.0
862 1.0
863 1.0
864 1.0
865 1.0
866 1.0
867 1.0
868 1.0
869 1.0
870 1.0
871 1.0
872 1.0
873 1.0
874 1.0
875 1.0
876 1.0
877 1.0
878 1.0
879 1.0
880 1.0
881 1.0
882 1.0
883 1.0
884 1.0
885 1.0
886 1.0
887 1.0
888 1.0
889 1.0
890 1.0
891 1.0
892 1.0
893 1.0
894 1.0
895 1.0
896 1.0
897 1.0
898 1.0
899 1.0
900 1.0
901 1.0
902 1.0
903 1.0
904 1.0
905 1.0
906 1.0
907 1.0
908 1.0
909 1.0
910 1.0
911 1.0
912 1.0
913 1.0
914 1.0
915 1.0
916 1.0
917 1.0
918 1.0
919 1.0
920 1.0
921 1.0
922 1.0
923 1.0
924 1.0
925 1.0
926 1.0
927 1.0
928 1.0
929 1.0
930 1.0
931 1.0
932 1.0
933 1.0
934 1.0
935 1.0
936 1.0
937 1.0
938 1.0
939 1.0
940 1.0
941 1.0
942 1.0
943 1.0
944 1.0
945 1.0
946 1.0
947 1.0
948 1.0
949 1.0
950 1.0
951 1.0
952 1.0
953 1.0
954 1.0
955 1.0
956 1.0
957 1.0
958 1.0
959 1.0
960 1.0
961 1.0
962 1.0
963 1.0
964 1.0
965 1.0
966 1.0
967 1.0
968 1.0
969 1.0
970 1.0
971 1.0
972 1.0
973 1.0
974 1.0
975 1.0
976 1.0
977 1.0
978 1.0
979 1.0
980 1.0
981 1.0
982 1.0
983 1.0
984 1.0
985 1.0
986 1.0
987 1.0
988 1.0
989 1.0
990 1.0
991 1.0
992 1.0
993 1.0
994 1.0
995 1.0
996 1.0
997 1.0
998 1.0
999 1.0
1000 1.0
1001 1.0
1002 1.0
1003 1.0
1004 1.0
1005 1.0
1006 1.0
1007 1.0
1008 1.0
1009 1.0
1010 1.0
1011 1.0
1012 1.0
1013 1.0
1014 1.0
1015 1.0
1016 1.0
1017 1.0
1018 1.0
1019 1.0
1020 1.0
1021 1.0
1022 1.0
1023 1.0
1024 1.0
1025 1.0
1026 1.0
1027 1.0
1028 1.0
1029 1.0
1030 1.0
1031 1.0
1032 1.0
1033 1.0
1034 1.0
1035 1.0
1036 1.0
1037 1.0
1038 1.0
1039 1.0
1040 1.0
1041 1.0
1042 1.0
1043 1.0
1044 1.0
1045 1.0
1046 1.0
1047 1.0
1048 1.0
1049 1.0
1050 1.0
1051 1.0
1052 1.0
1053 1.0
1054 1.0
1055 1.0
1056 1.0
1057 1.0
1058 1.0
1059 1.0
1060 1.0
1061 1.0
1062 1.0
1063 1.0
1064 1.0
1065 1.0
1066 1.0
1067 1.0
1068 1.0
1069 1.0
1070 1.0
1071 1.0
1072 1.0
1073 1.0
1074 1.0
1075 1.0
1076 1.0
1077 1.0
1078 1.0
1079 1.0
1080 1.0
1081 1.0
1082 1.0
1083 1.0
1084 1.0
1085 1.0
1086 1.0
1087 1.0
1088 1.0
1089 1.0
1090 1.0
1091 1.0
1092 1.0
1093 1.0
1094 1.0
1095 1.0
1096 1.0
1097 1.0
1098 1.0
1099 1.0
1100 1.0
1101 1.0
1102 1.0
1103 1.0
1104 1.0
1105 1.0
1106 1.0
1107 1.0
1108 1.0
1109 1.0
1110 1.0
1111 1.0
1112 1.0
1113 1.0
1114 1.0
1115 1.0
1116 1.0
1117 1.0
1118 1.0
1119 1.0
1120 1.0
1121 1.0
1122 1.0
1123 1.0
1124 1.0
1125 1.0
1126 1.0
1127 1.0
1128 1.0
1129 1.0
1130 1.0
1131 1.0
1132 1.0
1133 1.0
1134 1.0
1135 1.0
1136 1.0
1137 1.0
1138 1.0
1139 1.0
1140 1.0
1141 1.0
1142 1.0
1143 1.0
1144 1.0
1145 1.0
1146 1.0
1147 1.0
1148 1.0
1149 1.0
1150 1.0
1151 1.0
1152 1.0
1153 1.0
1154 1.0
1155 1.0
1156 1.0
1157 1.0
1158 1.0
1159 1.0
1160 1.0
1161 1.0
1162 1.0
1163 1.0
1164 1.0
1165 1.0
1166 1.0
1167 1.0
1168 1.0
1169 1.0
1170 1.0
1171 1.0
1172 1.0
1173 1.0
1174 1.0
1175 1.0
1176 1.0
1177 1.0
1178 1.0
1179 1.0
1180 1.0
1181 1.0
1182 1.0
1183 1.0
1184 1.0
1185 1.0
1186 1.0
1187 1.0
1188 1.0
1189 1.0
1190 1.0
1191 1.0
1192 1.0
1193 1.0
1194 1.0
1195 1.0
1196 1.0
1197 1.0
1198 1.0
1199 1.0
1200 1.0
1201 1.0
1202 1.0
1203 1.0
1204 1.0
1205 1.0
1206 1.0
1207 1.0
1208 1.0
1209 1.0
1210 1.0
1211 1.0
1212 1.0
1213 1.0
1214 1.0
1215 1.0
1216 1.0
1217 1.0
1218 1.0
1219 1.0
1220 1.0
1221 1.0
1222 1.0
1223 1.0
1224 1.0
1225 1.0
1226 1.0
1227 1.0
1228 1.0
1229 1.0
1230 1.0
1231 1.0
1232 1.0
1233 1.0
1234 1.0
1235 1.0
1236 1.0
1237 1.0
1238 1.0
1239 1.0
1240 1.0
1241 1.0
1242 1.0
1243 1.0
1244 1.0
1245 1.0
1246 1.0
1247 1.0
1248 1.0
1249 1.0
1250 1.0
1251 1.0
1252 1.0
1253 1.0
1254 1.0
1255 1.0
1256 1.0
1257 1.0
1258 1.0
1259 1.0
1260 1.0
1261 1.0
1262 1.0
1263 1.0
1264 1.0
1265 1.0
1266 1.0
1267 1.0
1268 1.0
1269 1.0
1270 1.0
1271 1.0
1272 1.0
1273 1.0
1274 1.0
1275 1.0
1276 1.0
1277 1.0
1278 1.0
1279 1.0
1280 1.0
1281 1.0
1282 1.0
1283 1.0
1284 1.0
1285 1.0
1286 1.0
1287 1.0
1288 1.0
1289 1.0
1290 1.0
1291 1.0
1292 1.0
1293 1.0
1294 1.0
1295 1.0
1296 1.0
1297 1.0
1298 1.0
1299 1.0
1300 1.0
1301 1.0
1302 1.0
1303 1.0
1304 1.0
1305 1.0
1306 1.0
1307 1.0
1308 1.0
1309 1.0
1310 1.0
1311 1.0
1312 1.0
1313 1.0
1314 1.0
1315 1.0
1316 1.0
1317 1.0
1318 1.0
1319 1.0
1320 1.0
1321 1.0
1322 1.0
1323 1.0
1324 1.0
1325 1.0
1326 1.0
1327 1.0
1328 1.0
1329 1.0
1330 1.0
1331 1.0
1332 1.0
1333 1.0
1334 1.0
1335 1.0
1336 1.0
1337 1.0
1338 1.0
1339 1.0
1340 1.0
1341 1.0
1342 1.0
1343 1.0
1344 1.0
1345 1.0
1346 1.0
1347 1.0
1348 1.0
1349 1.0
1350 1.0
1351 1.0
1352 1.0
1353 1.0
1354 1.0
1355 1.0
1356 1.0
1357 1.0
1358 1.0
1359 1.0
1360 1.0
1361 1.0
1362 1.0
1363 1.0
1364 1.0
1365 1.0
1366 1.0
1367 1.0
1368 1.0
1369 1.0
1370 1.0
1371 1.0
1372 1.0
1373 1.0
1374 1.0
1375 1.0
1376 1.0
1377 1.0
1378 1.0
1379 1.0
1380 1.0
1381 1.0
1382 1.0
1383 1.0
1384 1.0
1385 1.0
1386 1.0
1387 1.0
1388 1.0
1389 1.0
1390 1.0
1391 1.0
1392 1.0
1393 1.0
1394 1.0
1395 1.0
1396 1.0
1397 1.0
1398 1.0
1399 1.0
1400 1.0
1401 1.0
1402 1.0
1403 1.0
1404 1.0
1405 1.0
1406 1.0
1407 1.0
1408 1.0
1409 1.0
1410 1.0
1411 1.0
1412 1.0
1413 1.0
1414 1.0
1415 1.0
1416 1.0
1417 1.0
1418 1.0
1419 1.0
1420 1.0
1421 1.0
1422 1.0
1423 1.0
1424 1.0
1425 1.0
1426 1.0
1427 1.0
1428 1.0
1429 1.0
1430 1.0
1431 1.0
1432 1.0
1433 1.0
1434 1.0
1435 1.0
1436 1.0
1437 1.0
1438 1.0
1439 1.0
1440 1.0
1441 1.0
1442 1.0
1443 1.0
1444 1.0
1445 1.0
1446 1.0
1447 1.0
1448 1.0
1449 1.0
1450 1.0
1451 1.0
1452 1.0
1453 1.0
1454 1.0
1455 1.0
1456 1.0
1457 1.0
1458 1.0
1459 1.0
1460 1.0
1461 1.0
1462 1.0
1463 1.0
1464 1.0
1465 1.0
1466 1.0
1467 1.0
1468 1.0
1469 1.0
1470 1.0
1471 1.0
1472 1.0
1473 1.0
1474 1.0
1475 1.0
1476 1.0
1477 1.0
1478 1.0
1479 1.0
1480 1.0
1481 1.0
1482 1.0
1483 1.0
1484 1.0
1485 1.0
1486 1.0
1487 1.0
1488 1.0
1489 1.0
1490 1.0
1491 1.0
1492 1.0
1493 1.0
1494 1.0
1495 1.0
1496 1.0
1497 1.0
1498 1.0
1499 1.0
