0 0.6911423715140125
1 0.6911423715140125
2 0.7592545101593746
3 0.7626508598918559
4 0.7626508598918559
5 0.7626508598918559
6 0.7626508598918559
7 0.7626508598918559
8 0.7626508598918559
9 0.7626508598918559
10 0.7626508598918559
11 0.7626508598918559
12 0.7626508598918559
13 0.7626508598918559
14 0.7626508598918559
15 0.7626508598918559
16 0.7626508598918559
17 0.7626508598918559
18 0.7626508598918559
19 0.7626508598918559
20 0.7626508598918559
21 0.7626508598918559
22 0.7626508598918559
23 0.7626508598918559
24 0.7626508598918559
25 0.7626508598918559
26 0.7626508598918559
27 0.7626508598918559
28 0.7626508598918559
29 0.7626508598918559
30 0.7626508598918559
31 0.7626508598918559
32 0.7626508598918559
33 0.7626508598918559
34 0.7626508598918559
35 0.7626508598918559
36 0.7626508598918559
37 0.7626508598918559
38 0.7626508598918559
39 0.7626508598918559
40 0.7626508598918559
41 0.7626508598918559
42 0.7626508598918559
43 0.7626508598918559
44 0.7626508598918559
45 0.7626508598918559
46 0.7626508598918559
47 0.7626508598918559
48 0.7626508598918559
49 0.7626508598918559
50 0.7626508598918559
51 0.7626508598918559
52 0.7626508598918559
53 0.7626508598918559
54 0.7626508598918559
55 0.7626508598918559
56 0.7626508598918559
57 0.7626508598918559
58 0.7626508598918559
59 0.7626508598918559
60 0.7626508598918559
61 0.7626508598918559
62 0.7626508598918559
63 0.7626508598918559
64 0.7626508598918559
65 0.7626508598918559
66 0.7626508598918559
67 0.7626508598918559
68 0.7626508598918559
69 0.7626508598918559
70 0.7626508598918559
71 0.7626508598918559
72 0.7626508598918559
73 0.7626508598918559
74 0.7626508598918559
75 0.7626508598918559
76 0.7626508598918559
77 0.762820536316504
78 0.762820536316504
79 0.762820536316504
80 0.762820536316504
81 0.762820536316504
82 0.762820536316504
83 0.762820536316504
84 0.762820536316504
85 0.762820536316504
86 0.762820536316504
87 0.762820536316504
88 0.762820536316504
89 0.762820536316504
90 0.762820536316504
91 0.762820536316504
92 0.762820536316504
93 0.762820536316504
94 0.762820536316504
95 0.762820536316504
96 0.762820536316504
97 0.762820536316504
98 0.762820536316504
99 0.762820536316504
100 0.762820536316504
101 0.762820536316504
102 0.762820536316504
103 0.762820536316504
104 0.762820536316504
105 0.762820536316504
106 0.762820536316504
107 0.762820536316504
108 0.762820536316504
109 0.762820536316504
110 0.762820536316504
111 0.762820536316504
112 0.762820536316504
113 0.762820536316504
114 0.762820536316504
115 0.762820536316504
116 0.762820536316504
117 0.762820536316504
118 0.762820536316504
119 0.762820536316504
120 0.762820536316504
121 0.762820536316504
122 0.762820536316504
123 0.762820536316504
124 0.762820536316504
125 0.762820536316504
126 0.762820536316504
127 0.762820536316504
128 0.762820536316504
129 0.762820536316504
130 0.762820536316504
131 0.762820536316504
132 0.7628205363180224
133 0.7628205363180224
134 0.7628205363180224
135 0.7628205363180224
136 0.7628205363180224
137 0.7628205363180224
138 0.7628205363180224
139 0.7628205363180224
140 0.7628205363180224
141 0.7628205363180224
142 0.7628205363180224
143 0.7628205363180224
144 0.7628205363180224
145 0.7628205363180224
146 0.7628205363180224
147 0.7628205363180224
148 0.7628205363180224
149 0.7628205363180224
150 0.7628205363180224
151 0.7628205363180224
152 0.7628205363180224
153 0.7628205363180224
154 0.7628205363180224
155 0.7628205363180224
156 0.7628205363180224
157 0.7628205363180224
158 0.7628205363180224
159 0.7628205363180224
160 0.7628205363180224
161 0.7628205363180224
162 0.7628205363180224
163 0.7628205363180224
164 0.7628205363180224
165 0.7628205363180224
166 0.7628205363180224
167 0.7628205363180224
168 0.7628205363180224
169 0.7628205363180224
170 0.7628205363180224
171 0.7628205363180224
172 0.7628205363180224
173 0.7628205363180224
174 0.7628205363180224
175 0.7628205363180224
176 0.7628205364203413
177 0.7628205364203413
178 0.7628205364203413
179 0.7628205364203413
180 0.7628205364203413
181 0.7628205364203413
182 0.7628205364203413
183 0.7628205364203413
184 0.7628205364203413
185 0.7628205364203413
186 0.7628205364203413
187 0.7628205364203413
188 0.7628205364203413
189 0.7628205364203413
190 0.7628363860441709
191 0.7628363860441709
192 0.7628363860441709
193 0.7628363860441709
194 0.7628363860441709
195 0.7628363860441709
196 0.7628363860441709
197 0.7628363860441709
198 0.7628363860441709
199 0.7628363860441709
200 0.7628363860441709
201 0.7628363860441709
202 0.7628363860441709
203 0.7628363860441709
204 0.7628363860441709
205 0.7628363860441709
206 0.7628363860441709
207 0.7628363860441709
208 0.7628363860441709
209 0.7628363860441709
210 0.7628363860441709
211 0.7628363860441709
212 0.7628363860441709
213 0.7628363860441709
214 0.7628363860441709
215 0.7628363860441709
216 0.7628363860441709
217 0.7628363860441709
218 0.7628363860441709
219 0.7628363860441709
220 0.7628363860441709
221 0.7628363860441709
222 0.7628363860441709
223 0.7628363860441709
224 0.7628363860441709
225 0.7628363860441709
226 0.7628363860441709
227 0.7628368256853665
228 0.7628368256853665
229 0.7628368256853665
230 0.7628368256853665
231 0.7628368256853665
232 0.7628368256853665
233 0.7628368256853665
234 0.7628368256853665
235 0.7628368256853665
236 0.7628368256853665
237 0.7628368256853665
238 0.7628368256853665
239 0.7628368256853665
240 0.7628368256853665
241 0.7628368256853665
242 0.7628368256853665
243 0.7628368256853665
244 0.7628368256853665
245 0.7628368256853665
246 0.7628368256853665
247 0.7628368256853665
248 0.7628368256853665
249 0.7628368256853665
250 0.7628368256853665
251 0.7628368256853665
252 0.7628368256853665
253 0.7628368256853665
254 0.7628368256853665
255 0.7628368256853665
256 0.7628368256853665
257 0.7628368256853665
258 0.7628368256853665
259 0.7628368256853665
260 0.7628368256853665
261 0.7628368256853665
262 0.7628368256853665
263 0.7628368256853665
264 0.7628368256853665
265 0.7628368256853665
266 0.7628368256853665
267 0.7628368256853665
268 0.7628368256853665
269 0.7628368256853665
270 0.7628368256853665
271 0.7628368256853665
272 0.7628368256853665
273 0.7628368256853665
274 0.7628368256853665
275 0.7628368256853665
276 0.7628368256853665
277 0.7628368256853665
278 0.7628368256853665
279 0.7628368256853665
280 0.7628368256853665
281 0.7628368256853665
282 0.7628368256853665
283 0.7628368256853665
284 0.7628368256853665
285 0.7628400975836046
286 0.7628400975836046
287 0.7628400975836046
288 0.7628400975836046
289 0.7628400975836046
290 0.7628400975836046
291 0.7628400975836046
292 0.7628400975836046
293 0.7628400975836046
294 0.7628400975836046
295 0.7628400975836046
296 0.7628400975836046
297 0.7628400975836046
298 0.7628400975836046
299 0.7628400975836046
300 0.7628400975836046
301 0.7628400975836046
302 0.7628400975836046
303 0.7628400975836046
304 0.7628400975836046
305 0.7628400975836046
306 0.7628400975836046
307 0.7628400975836046
308 0.7628400975836046
309 0.7628400975836046
310 0.7628400975836046
311 0.7628400975836046
312 0.7628400975836046
313 0.7628400975836046
314 0.7628400975836046
315 0.7628400975836046
316 0.7628400975836046
317 0.7628400975836046
318 0.7628400975836046
319 0.7628400975836046
320 0.7628400975836046
321 0.7628400975836046
322 0.7628400975836046
323 0.7628400975836046
324 0.7628400975836046
325 0.7628400975836046
326 0.7628400975836046
327 0.7628400975836046
328 0.7628400975836046
329 0.7628534578791483
330 0.7628534578791483
331 0.7628534578791483
332 0.7628534578791483
333 0.7628534578791483
334 0.7628534578791483
335 0.7628534578791483
336 0.7628534578791483
337 0.7628534578791483
338 0.7628534578791483
339 0.7628534578791483
340 0.7628534578791483
341 0.7628534578791483
342 0.7628534578791483
343 0.7628534578791483
344 0.7628534578791483
345 0.7628534578791483
346 0.7628534578791483
347 0.7628534578791483
348 0.7628534578791483
349 0.7628534578791483
350 0.7628534578791483
351 0.7628534578791483
352 0.7628534578791483
353 0.7628534578791483
354 0.7628534578791483
355 0.7628534578791483
356 0.7628534578791483
357 0.7628534578791483
358 0.7628534578791483
359 0.7628534578791483
360 0.7628534578791483
361 0.7628534578791483
362 0.7628534578791483
363 0.7628534578791483
364 0.7628534578791483
365 0.7628534578791483
366 0.7628534583498242
367 0.7628534583498242
368 0.7628534583498242
369 0.7628534583498242
370 0.7628534583498242
371 0.7628534583498242
372 0.7628534583498242
373 0.7628534583498242
374 0.7628534583498242
375 0.7628534583498242
376 0.7628534583498242
377 0.7628534583498242
378 0.7628534583498242
379 0.7628534583498242
380 0.7628534583498242
381 0.7628534583498242
382 0.7628534583498242
383 0.7628534583498242
384 0.7628534583498242
385 0.7628534583498242
386 0.7628534583498242
387 0.7628534583498242
388 0.7628534583498242
389 0.7628534583498242
390 0.7628534583498242
391 0.7628534583498242
392 0.7628534583498242
393 0.7628534583498242
394 0.7628534583498242
395 0.7628534583498242
396 0.7628534583498242
397 0.7628534583498242
398 0.7628534583498242
399 0.7628534583498242
400 0.7628534583498242
401 0.7628534583498242
402 0.7628534583498242
403 0.7628591972565124
404 0.7628591972565124
405 0.7628591972565124
406 0.7628591972565124
407 0.7628591972565124
408 0.7628591972565124
409 0.7628591972565124
410 0.7628591972565124
411 0.7628591972565124
412 0.7628591972565124
413 0.7628591972565124
414 0.7628591972565124
415 0.7628591972565124
416 0.7628591972565124
417 0.7628591972565124
418 0.7628591972565124
419 0.7628591972565124
420 0.7628591972565124
421 0.7628591972565124
422 0.7628591972565124
423 0.7628591972565124
424 0.7628591972565124
425 0.7628591972565124
426 0.7628591972565124
427 0.7628591972565124
428 0.7628591972565124
429 0.7628591972565124
430 0.7628591972565124
431 0.7628591972565124
432 0.7628591972565124
433 0.7628591972565124
434 0.7628591972565124
435 0.7628591972565124
436 0.7628591972565124
437 0.7628591972565124
438 0.7628591972565124
439 0.7628591972565124
440 0.7628591972565124
441 0.7628591972565124
442 0.7628591972565124
443 0.7628591972565124
444 0.7628591972565124
445 0.7628591972565124
446 0.7628591972565124
447 0.7628591972565124
448 0.7628591972565124
449 0.7628591972565124
450 0.7628591972565124
451 0.7628591972565124
452 0.7628591972565124
453 0.7628591972565124
454 0.7628591972565124
455 0.7628591972565124
456 0.7628591972565124
457 0.7628591972565124
458 0.7628591972565124
459 0.7628591972565124
460 0.7628591972565124
461 0.7628591972565124
462 0.7628591972565124
463 0.7628591972565124
464 0.7628591972565124
465 0.7628591972565124
466 0.7628591972565124
467 0.7628591972565124
468 0.7628591972565124
469 0.7628591972565124
470 0.7628591972565124
471 0.7628591972565124
472 0.7628591972565124
473 0.7628591972565124
474 0.7628591972565124
475 0.7628591972565124
476 0.7628591972565124
477 0.7628591972565124
478 0.7628591972565124
479 0.7628591972565124
480 0.7628591972565124
481 0.7628591972565124
482 0.7628591972565124
483 0.7628591972565124
484 0.7628591972565124
485 0.7628592180850887
486 0.7628592180850887
487 0.7628592180850887
488 0.7628592180850887
489 0.7628592180850887
490 0.7628592180850887
491 0.7628592180850887
492 0.7628592180850887
493 0.7628592180850887
494 0.7628607971989194
495 0.7628607971989194
496 0.7628607971989194
497 0.7628607971989194
498 0.7628607971989194
499 0.7628607971989194
500 0.7628607971989194
501 0.7628607971989194
502 0.7628607971989194
503 0.7628607971989194
504 0.7628607971989194
505 0.7628607971989194
506 0.7628607971989194
507 0.7628607971989194
508 0.7628607971989194
509 0.7628607971989194
510 0.7628607971989194
511 0.7628607971989194
512 0.7628607971989194
513 0.7628607971989194
514 0.7628607971989194
515 0.7628607971989194
516 0.7628607971989194
517 0.7628607971989194
518 0.7628607971989194
519 0.7628607971989194
520 0.7628607971989194
521 0.7628607971989194
522 0.7628607971989194
523 0.7628607971989194
524 0.7628607971989194
525 0.7628607971989194
526 0.7628607971989194
527 0.7628607971989194
528 0.7628607971989194
529 0.7628607971989194
530 0.7628607971989194
531 0.7628607971989194
532 0.7628607971989194
533 0.7628607971989194
534 0.7628607971989194
535 0.7628607971989194
536 0.7628607971989194
537 0.7628607971989194
538 0.7628607971989194
539 0.7628607971989194
540 0.7628607971989194
541 0.7628607971989194
542 0.7628607971989194
543 0.7628607971989194
544 0.7628607971989194
545 0.7628607971989194
546 0.7628607971989194
547 0.7628607971989194
548 0.7628607971989194
549 0.7628607971989194
550 0.7628607971989194
551 0.7628607971989194
552 0.7628607971989194
553 0.7628607971989194
554 0.7628607971989194
555 0.7628607971989194
556 0.7628607971989194
557 0.7628607971989194
558 0.7628607971989194
559 0.7628607971989194
560 0.7628607971989194
561 0.7628607971989194
562 0.7628607971989194
563 0.7628607971989194
564 0.7628607971989194
565 0.7628607971989194
566 0.7628607971989194
567 0.7628607971989194
568 0.7628607971989194
569 0.7628607971989194
570 0.7628607971989194
571 0.7628607971989194
572 0.7628607971989194
573 0.7628607971989194
574 0.7628607971989194
575 0.7628607971989194
576 0.7628607971989194
577 0.7628608746910757
578 0.7628608746910757
579 0.7628608746910757
580 0.7628608746910757
581 0.7628608746910757
582 0.7628608746910757
583 0.7628608746910757
584 0.7628608746910757
585 0.7628608746910757
586 0.7628608746910757
587 0.7628608746910757
588 0.7628608746910757
589 0.7628608746910757
590 0.7628608746910757
591 0.7628608746910757
592 0.7628608746910757
593 0.7628608746910757
594 0.7628608746910757
595 0.7628608746910757
596 0.7628608746910757
597 0.7628611053958351
598 0.7628611053958351
599 0.7628611053958351
600 0.7628611053958351
601 0.7628611053958351
602 0.7628611053958351
603 0.7628611053958351
604 0.7628611053958351
605 0.7628611053958351
606 0.7628611053958351
607 0.7628611053958351
608 0.7628611053958351
609 0.7628611053958351
610 0.7628611053958351
611 0.7628611053958351
612 0.7628611053958351
613 0.7628611053958351
614 0.7628611053958351
615 0.7628611053958351
616 0.7628611053958351
617 0.7628611053958351
618 0.7628611053958351
619 0.7628611053958351
620 0.7628611053958351
621 0.7628611053958351
622 0.7628611053958351
623 0.7628611053958351
624 0.7628611053958351
625 0.7628611053958351
626 0.7628611053958351
627 0.7628611053958351
628 0.7628611053958351
629 0.7628611053958351
630 0.7628611053958351
631 0.7628611053958351
632 0.7628611053958351
633 0.7628611053958351
634 0.7628611053958351
635 0.7628611053958351
636 0.7628611053958351
637 0.7628611053958351
638 0.7628611053958351
639 0.7628611053958351
640 0.7628611053958351
641 0.7628611053958351
642 0.7628611053958351
643 0.7628611053958351
644 0.7628611053958351
645 0.7628611053958351
646 0.7628611053958351
647 0.7628611053958351
648 0.7628611053958351
649 0.7628611053958351
650 0.7628611053958351
651 0.7628611053958351
652 0.7628611053958351
653 0.7628611053958351
654 0.7628611053958351
655 0.7628611053958351
656 0.7628611053958351
657 0.7628611053958351
658 0.7628611053958351
659 0.7628611053958351
660 0.7628611053958351
661 0.7628611053958351
662 0.7628611073637227
663 0.7628611073637227
664 0.7628611073637227
665 0.7628611073637227
666 0.7628611073637227
667 0.7628611073637227
668 0.7628611073637227
669 0.7628611073637227
670 0.7628611073637227
671 0.7628611073637227
672 0.7628611073637227
673 0.7628611073637227
674 0.7628611073637227
675 0.7628611073637227
676 0.7628611073637227
677 0.7628611073637227
678 0.7628611073637227
679 0.7628611073637227
680 0.7628611073637227
681 0.7628611073637227
682 0.7628611073637227
683 0.7628611073637227
684 0.7628611073637227
685 0.7628611073637227
686 0.7628611073637227
687 0.7628611088423101
688 0.7628611088423101
689 0.7628611088423101
690 0.7628611088423101
691 0.7628611088423101
692 0.7628611088423101
693 0.7628611088423101
694 0.7628611088423101
695 0.7628611088423101
696 0.7628611088423101
697 0.7628611088423101
698 0.7628611088423101
699 0.7628611088423101
700 0.7628611088423101
701 0.7628611088423101
702 0.7628611088423101
703 0.7628611088423101
704 0.7628611088423101
705 0.7628611088423101
706 0.7628611088423101
707 0.7628611088423101
708 0.7628611088423101
709 0.7628611088423101
710 0.7628611088423101
711 0.7628611088423101
712 0.7628611088423101
713 0.7628611088423101
714 0.7628611088423101
715 0.7628611088423101
716 0.7628611088423101
717 0.7628611088423101
718 0.7628611088423101
719 0.7628611088423101
720 0.7628611088423101
721 0.7628611088423101
722 0.7628611088423101
723 0.7628611088423101
724 0.7628611088423101
725 0.7628611088423101
726 0.7628611088423101
727 0.7628611088423101
728 0.7628611088423101
729 0.7628611088423101
730 0.7628611088423101
731 0.7628611088423101
732 0.7628611088423101
733 0.7628611088423101
734 0.7628611088423101
735 0.7628611088423101
736 0.7628611088423101
737 0.7628611088423101
738 0.7628611088423101
739 0.7628611088423101
740 0.7628611088423101
741 0.7628611088423101
742 0.7628611088423101
743 0.7628611088423101
744 0.7628611088423101
745 0.7628611088423101
746 0.7628611088423101
747 0.7628611088423101
748 0.7628611088423101
749 0.7628611088423101
750 0.7628611088423101
751 0.7628611088423101
752 0.7628611088423101
753 0.7628611088423101
754 0.7628611088423101
755 0.7628611088423101
756 0.7628611088423101
757 0.7628611088423101
758 0.7628611088423101
759 0.7628611088423101
760 0.7628611088423101
761 0.7628611088423101
762 0.7628611088423101
763 0.7628611088423101
764 0.7628611088423101
765 0.7628611088423101
766 0.7628611088423101
767 0.7628611088423101
768 0.7628611088423101
769 0.7628611088423101
770 0.7628611088423101
771 0.7628611088423101
772 0.7628611088423101
773 0.7628611088423101
774 0.7628611088423101
775 0.7628611088423101
776 0.7628611088423101
777 0.7628611088423101
778 0.7628611088423101
779 0.7628611088423101
780 0.7628611088423101
781 0.7628611088423101
782 0.7628611088423101
783 0.7628611088423101
784 0.7628611088423101
785 0.7628611088423101
786 0.7628611088423101
787 0.7628611088423101
788 0.7628611088423101
789 0.7628611088423101
790 0.7628611088423101
791 0.7628611088423101
792 0.7628611088423101
793 0.7628611088423101
794 0.7628611088423101
795 0.7628611088423101
796 0.7628611088423101
797 0.7628611088423101
798 0.7628611088423101
799 0.7628611088423101
800 0.7628611088423101
801 0.7628611088423101
802 0.7628611088423101
803 0.7628611088423101
804 0.7628611088423101
805 0.7628611088423101
806 0.7628611088423101
807 0.7628611088423101
808 0.7628611088423101
809 0.7628611088423101
810 0.7628611088423101
811 0.7628611088423101
812 0.7628611088423101
813 0.7628611088423101
814 0.7628611088423101
815 0.7628611088423101
816 0.7628611088423101
817 0.7628611088423101
818 0.7628611088423101
819 0.7628611088423101
820 0.7628611088423101
821 0.7628611088423101
822 0.7628611088423101
823 0.7628611088423101
824 0.7628611088423101
825 0.7628611088423101
826 0.7628611088423101
827 0.7628611088423101
828 0.7628611088423101
829 0.7628611088423101
830 0.7628611088423101
831 0.7628611088423101
832 0.7628611088423101
833 0.7628611088423101
834 0.7628611088423101
835 0.7628611088423101
836 0.7628611088423101
837 0.7628611088423101
838 0.7628611088423101
839 0.7628611088423101
840 0.7628611088423101
841 0.7628611088423101
842 0.7628611088423101
843 0.7628611088423101
844 0.7628611088423101
845 0.7628611088423101
846 0.7628611088423101
847 0.7628611088423101
848 0.7628611088423101
849 0.7628611088423101
850 0.7628611088423101
851 0.7628611088423101
852 0.7628611088423101
853 0.7628611088423101
854 0.7628611088423101
855 0.7628611088423101
856 0.7628611088423101
857 0.7628611088423101
858 0.7628611088423101
859 0.7628611088423101
860 0.7628611088423101
861 0.7628611088423101
862 0.7628611088423101
863 0.7628611088423101
864 0.7628611088423101
865 0.7628611088423101
866 0.7628611088423101
867 0.7628611088423101
868 0.7628611088423101
869 0.7628611088423101
870 0.7628611088423101
871 0.7628611088423101
872 0.7628611088423101
873 0.7628611088423101
874 0.7628611088423101
875 0.7628611088423101
876 0.7628611088423101
877 0.7628611088423101
878 0.7628611088423101
879 0.7628611088423101
880 0.7628611088423101
881 0.7628611088423101
882 0.7628611088423101
883 0.7628611088423101
884 0.7628611088423101
885 0.7628611088423101
886 0.7628611088423101
887 0.7628611088423101
888 0.7628611088423101
889 0.7628611088423101
890 0.7628611088423101
891 0.7628611088423101
892 0.7628611088423101
893 0.7628611088423101
894 0.7628611088423101
895 0.7628611088423101
896 0.7628611088423101
897 0.7628611088423101
898 0.7628611088423101
899 0.7628611088423101
900 0.7628611088423101
901 0.7628611088423101
902 0.7628611088423101
903 0.7628611088423101
904 0.7628611088423101
905 0.7628611088423101
906 0.7628611088423101
907 0.7628611088423101
908 0.7628611088423101
909 0.7628611088423101
910 0.7628611088423101
911 0.7628611088423101
912 0.7628611088423101
913 0.7628611088423101
914 0.7628611088423101
915 0.7628611088423101
916 0.7628611088423101
917 0.7628611088423101
918 0.7628611088423101
919 0.7628611088423101
920 0.7628611088423101
921 0.7628611088423101
922 0.7628611088423101
923 0.7628611088423101
924 0.7628611088423101
925 0.7628611088423101
926 0.7628611088423101
927 0.7628611088423101
928 0.7628611088423101
929 0.7628611088423101
930 0.7628611088423101
931 0.7628611088423101
932 0.7628611088423101
933 0.7628611088423101
934 0.7628611088423101
935 0.7628611088423101
936 0.7628611088423101
937 0.7628611088423101
938 0.7628611088423101
939 0.7628611088423101
940 0.7628611088423101
941 0.7628611088423101
942 0.7628611088423101
943 0.7628611088423101
944 0.7628611088423101
945 0.7628611088423101
946 0.7628611088423101
947 0.7628611088423101
948 0.7628611088423101
949 0.7628611088423101
950 0.7628611088423101
951 0.7628611088423101
952 0.7628611088423101
953 0.7628611088423101
954 0.7628611088423101
955 0.7628611088423101
956 0.7628611088423101
957 0.7628611088423101
958 0.7628611088423101
959 0.7628611088423101
960 0.7628611088423101
961 0.7628611088423101
962 0.7628611088423101
963 0.7628611088423101
964 0.7628611088423101
965 0.7628611088423101
966 0.7628611088423101
967 0.7628611088423101
968 0.7628611088423101
969 0.7628611088423101
970 0.7628611088423101
971 0.7628611088423101
972 0.7628611088423101
973 0.7628611088423101
974 0.7628611088423101
975 0.7628611088423101
976 0.7628611088423101
977 0.7628611088423101
978 0.7628611088423101
979 0.7628611088423101
980 0.7628611088423101
981 0.7628611088423101
982 0.7628611088423101
983 0.7628611088423101
984 0.7628611088423101
985 0.7628611088423101
986 0.7628611088423101
987 0.7628611088423101
988 0.7628611088423101
989 0.7628611088423101
990 0.7628611088423101
991 0.7628611088423101
992 0.7628611088423101
993 0.7628611088423101
994 0.7628611088423101
995 0.7628611088423101
996 0.7628611088423101
997 0.7628611088423101
998 0.7628611088423101
999 0.7628611088423101
1000 0.7628611088423101
1001 0.7628611088423101
1002 0.7628611088423101
1003 0.7628611088423101
1004 0.7628611088423101
1005 0.7628611088423101
1006 0.7628611088423101
1007 0.7628611088423101
1008 0.7628611088423101
1009 0.7628611088423101
1010 0.7628611088423101
1011 0.7628611088423101
1012 0.7628611088423101
1013 0.7628611088423101
1014 0.7628611088423101
1015 0.7628611088423101
1016 0.7628611088423101
1017 0.7628611088423101
1018 0.7628611088423101
1019 0.7628611088423101
1020 0.7628611088423101
1021 0.7628611088423101
1022 0.7628611088423101
1023 0.7628611088423101
1024 0.7628611088423101
1025 0.7628611088423101
1026 0.7628611088423101
1027 0.7628611088423101
1028 0.7628611088423101
1029 0.7628611088423101
1030 0.7628611088423101
1031 0.7628611088423101
1032 0.7628611088423101
1033 0.7628611088423101
1034 0.7628611088423101
1035 0.7628611088423101
1036 0.7628611088423101
1037 0.7628611088423101
1038 0.7628611088423101
1039 0.7628611088423101
1040 0.7628611088423101
1041 0.7628611088423101
1042 0.7628611088423101
1043 0.7628611088423101
1044 0.7628611088423101
1045 0.7628611088423101
1046 0.7628611088423101
1047 0.7628611088423101
1048 0.7628611088423101
1049 0.7628611088423101
1050 0.7628611088423101
1051 0.7628611088423101
1052 0.7628611088423101
1053 0.7628611088423101
1054 0.7628611088423101
1055 0.7628611088423101
1056 0.7628611088423101
1057 0.7628611088423101
1058 0.7628611088423101
1059 0.7628611088423101
1060 0.7628611088423101
1061 0.7628611088423101
1062 0.7628611088423101
1063 0.7628611088423101
1064 0.7628611088423101
1065 0.7628611088423101
1066 0.7628611088423101
1067 0.7628611088423101
1068 0.7628611088423101
1069 0.7628611088423101
1070 0.7628611088423101
1071 0.7628611088423101
1072 0.7628611088423101
1073 0.7628611088423101
1074 0.7628611088423101
1075 0.7628611088423101
1076 0.7628611088423101
1077 0.7628611088423101
1078 0.7628611088423101
1079 0.7628611088423101
1080 0.7628611088423101
1081 0.7628611088423101
1082 0.7628611088423101
1083 0.7628611088423101
1084 0.7628611088423101
1085 0.7628611088423101
1086 0.7628611088423101
1087 0.7628611088423101
1088 0.7628611088423101
1089 0.7628611088423101
1090 0.7628611088423101
1091 0.7628611088423101
1092 0.7628611088423101
1093 0.7628611088423101
1094 0.7628611088423101
1095 0.7628611088423101
1096 0.7628611088423101
1097 0.7628611088423101
1098 0.7628611088423101
1099 0.7628611088423101
1100 0.7628611088423101
1101 0.7628611088423101
1102 0.7628611088423101
1103 0.7628611088423101
1104 0.7628611088423101
1105 0.7628611088423101
1106 0.7628611088423101
1107 0.7628611088423101
1108 0.7628611088423101
1109 0.7628611088423101
1110 0.7628611088423101
1111 0.7628611088423101
1112 0.7628611088423101
1113 0.7628611088423101
1114 0.7628611088423101
1115 0.7628611088423101
1116 0.7628611088423101
1117 0.7628611088423101
1118 0.7628611088423101
1119 0.7628611088423101
1120 0.7628611088423101
1121 0.7628611088423101
1122 0.7628611088423101
1123 0.7628611088423101
1124 0.7628611088423101
1125 0.7628611088423101
1126 0.7628611088423101
1127 0.7628611088423101
1128 0.7628611088423101
1129 0.7628611088423101
1130 0.7628611088423101
1131 0.7628611088423101
1132 0.7628611088423101
1133 0.7628611088423101
1134 0.7628611088423101
1135 0.7628611088423101
1136 0.7628611088423101
1137 0.7628611088423101
1138 0.7628611088423101
1139 0.7628611088423101
1140 0.7628611088423101
1141 0.7628611088423101
1142 0.7628611088423101
1143 0.7628611088423101
1144 0.7628611088423101
1145 0.7628611088423101
1146 0.7628611088423101
1147 0.7628611088423101
1148 0.7628611088423101
1149 0.7628611088423101
1150 0.7628611088423101
1151 0.7628611088423101
1152 0.7628611088423101
1153 0.7628611088423101
1154 0.7628611088423101
1155 0.7628611088423101
1156 0.7628611088423101
1157 0.7628611088423101
1158 0.7628611088423101
1159 0.7628611088423101
1160 0.7628611088423101
1161 0.7628611088423101
1162 0.7628611088423101
1163 0.7628611088423101
1164 0.7628611088423101
1165 0.7628611088423101
1166 0.7628611088423101
1167 0.7628611088423101
1168 0.7628611088423101
1169 0.7628611088423101
1170 0.7628611088423101
1171 0.7628611088423101
1172 0.7628611088423101
1173 0.7628611088423101
1174 0.7628611088423101
1175 0.7628611088423101
1176 0.7628611088423101
1177 0.7628611088423101
1178 0.7628611088423101
1179 0.7628611088423101
1180 0.7628611088423101
1181 0.7628611088423101
1182 0.7628611088423101
1183 0.7628611088423101
1184 0.7628611088423101
1185 0.7628611088423101
1186 0.7628611088423101
1187 0.7628611088423101
1188 0.7628611088423101
1189 0.7628611088423101
1190 0.7628611088423101
1191 0.7628611093059595
1192 0.7628611093059595
1193 0.7628611093059595
1194 0.7628611093059595
1195 0.7628611093059595
1196 0.7628611093059595
1197 0.7628611093059595
1198 0.7628611093059595
1199 0.7628611093059595
1200 0.7628611093059595
1201 0.7628611093059595
1202 0.7628611093059595
1203 0.7628611093059595
1204 0.7628611093059595
1205 0.7628611093059595
1206 0.7628611093059595
1207 0.7628611093059595
1208 0.7628611093059595
1209 0.7628611093059595
1210 0.7628611093059595
1211 0.7628611093059595
1212 0.7628611093059595
1213 0.7628611093059595
1214 0.7628611093059595
1215 0.7628611093059595
1216 0.7628611093059595
1217 0.7628611093059595
1218 0.7628611093059595
1219 0.7628611093059595
1220 0.7628611093059595
1221 0.7628611093059595
1222 0.7628611093059595
1223 0.7628611093059595
1224 0.7628611093059595
1225 0.7628611093059595
1226 0.7628611093059595
1227 0.7628611093059595
1228 0.7628611093059595
1229 0.7628611093059595
1230 0.7628611093059595
1231 0.7628611093059595
1232 0.7628611093059595
1233 0.7628611093059595
1234 0.7628611093059595
1235 0.7628611093059595
1236 0.7628611093059595
1237 0.7628611093059595
1238 0.7628611093059595
1239 0.7628611093059595
1240 0.7628611093059595
1241 0.7628611093059595
1242 0.7628611093059595
1243 0.7628611093059595
1244 0.7628611093059595
1245 0.7628611093059595
1246 0.7628611093059595
1247 0.7628611093059595
1248 0.7628611093059595
1249 0.7628611093059595
1250 0.7628611093059595
1251 0.7628611093059595
1252 0.7628611093059595
1253 0.7628611093059595
1254 0.7628611093059595
1255 0.7628611093059595
1256 0.7628611093059595
1257 0.7628611093059595
1258 0.7628611095251674
1259 0.7628611095251674
1260 0.7628611095251674
1261 0.7628611095251674
1262 0.7628611095251674
1263 0.7628611095251674
1264 0.7628611095251674
1265 0.7628611095251674
1266 0.7628611095251674
1267 0.7628611095251674
1268 0.7628611095251674
1269 0.7628611095251674
1270 0.7628611095251674
1271 0.7628611095251674
1272 0.7628611095251674
1273 0.7628611095251674
1274 0.7628611095251674
1275 0.7628611095251674
1276 0.7628611095251674
1277 0.7628611095251674
1278 0.7628611095251674
1279 0.7628611095251674
1280 0.7628611095251674
1281 0.7628611095251674
1282 0.7628611095251674
1283 0.7628611095251674
1284 0.7628611095251674
1285 0.7628611095603797
1286 0.7628611095603797
1287 0.7628611095603797
1288 0.7628611095603797
1289 0.7628611095603797
1290 0.7628611095603797
1291 0.7628611095603797
1292 0.7628611095603797
1293 0.7628611095603797
1294 0.7628611095603797
1295 0.7628611095603797
1296 0.7628611095603797
1297 0.762861110268595
1298 0.762861110268595
1299 0.762861110268595
1300 0.762861110268595
1301 0.762861110268595
1302 0.762861110268595
1303 0.762861110268595
1304 0.762861110268595
1305 0.762861110268595
1306 0.762861110268595
1307 0.762861110268595
1308 0.762861110268595
1309 0.762861110268595
1310 0.762861110268595
1311 0.762861110268595
1312 0.762861110268595
1313 0.762861110268595
1314 0.762861110268595
1315 0.762861110268595
1316 0.762861110268595
1317 0.762861110268595
1318 0.762861110268595
1319 0.762861110268595
1320 0.762861110268595
1321 0.762861110268595
1322 0.762861110268595
1323 0.762861110268595
1324 0.762861110268595
1325 0.762861110268595
1326 0.762861110268595
1327 0.762861110268595
1328 0.762861110268595
1329 0.762861110268595
1330 0.762861110268595
1331 0.762861110268595
1332 0.762861110268595
1333 0.762861110268595
1334 0.762861110268595
1335 0.762861110268595
1336 0.762861110268595
1337 0.762861110268595
1338 0.762861110268595
1339 0.762861110268595
1340 0.762861110268595
1341 0.762861110268595
1342 0.762861110268595
1343 0.762861110268595
1344 0.762861110268595
1345 0.762861110268595
1346 0.762861110268595
1347 0.762861110268595
1348 0.762861110268595
1349 0.762861110268595
1350 0.762861110268595
1351 0.762861110268595
1352 0.762861110268595
1353 0.762861110268595
1354 0.762861110268595
1355 0.762861110268595
1356 0.762861110268595
1357 0.762861110268595
1358 0.762861110268595
1359 0.762861110268595
1360 0.762861110268595
1361 0.762861110268595
1362 0.762861110268595
1363 0.762861110268595
1364 0.762861110268595
1365 0.762861110268595
1366 0.762861110268595
1367 0.762861110268595
1368 0.762861110268595
1369 0.762861110268595
1370 0.762861110268595
1371 0.762861110268595
1372 0.762861110268595
1373 0.762861110268595
1374 0.762861110268595
1375 0.762861110268595
1376 0.762861110268595
1377 0.762861110268595
1378 0.762861110268595
1379 0.762861110268595
1380 0.762861110268595
1381 0.762861110268595
1382 0.762861110268595
1383 0.762861110268595
1384 0.762861110268595
1385 0.762861110268595
1386 0.762861110268595
1387 0.762861110268595
1388 0.762861110268595
1389 0.762861110268595
1390 0.762861110268595
1391 0.762861110268595
1392 0.762861110268595
1393 0.762861110268595
1394 0.762861110268595
1395 0.762861110268595
1396 0.762861110268595
1397 0.762861110268595
1398 0.762861110268595
1399 0.762861110268595
1400 0.762861110268595
1401 0.762861110268595
1402 0.762861110268595
1403 0.762861110268595
1404 0.762861110268595
1405 0.762861110268595
1406 0.762861110268595
1407 0.762861110268595
1408 0.762861110268595
1409 0.762861110268595
1410 0.762861110268595
1411 0.762861110268595
1412 0.762861110268595
1413 0.762861110268595
1414 0.762861110268595
1415 0.762861110268595
1416 0.762861110268595
1417 0.762861110268595
1418 0.762861110268595
1419 0.762861110268595
1420 0.762861110268595
1421 0.762861110268595
1422 0.762861110268595
1423 0.762861110268595
1424 0.762861110268595
1425 0.762861110268595
1426 0.762861110268595
1427 0.762861110268595
1428 0.762861110268595
1429 0.762861110268595
1430 0.762861110268595
1431 0.762861110268595
1432 0.762861110268595
1433 0.762861110268595
1434 0.762861110268595
1435 0.762861110268595
1436 0.762861110268595
1437 0.762861110268595
1438 0.762861110268595
1439 0.762861110268595
1440 0.762861110268595
1441 0.762861110268595
1442 0.762861110268595
1443 0.762861110268595
1444 0.762861110268595
1445 0.762861110268595
1446 0.762861110268595
1447 0.762861110268595
1448 0.762861110268595
1449 0.762861110268595
1450 0.762861110268595
1451 0.762861110268595
1452 0.762861110268595
1453 0.762861110268595
1454 0.762861110268595
1455 0.762861110268595
1456 0.762861110268595
1457 0.762861110268595
1458 0.762861110268595
1459 0.762861110268595
1460 0.762861110268595
1461 0.762861110268595
1462 0.762861110268595
1463 0.762861110268595
1464 0.762861110268595
1465 0.762861110268595
1466 0.762861110268595
1467 0.762861110268595
1468 0.762861110268595
1469 0.762861110268595
1470 0.762861110268595
1471 0.762861110268595
1472 0.762861110268595
1473 0.762861110268595
1474 0.762861110268595
1475 0.762861110268595
1476 0.762861110268595
1477 0.762861110268595
1478 0.762861110268595
1479 0.762861110268595
1480 0.762861110268595
1481 0.762861110268595
1482 0.762861110268595
1483 0.762861110268595
1484 0.762861110268595
1485 0.762861110268595
1486 0.762861110268595
1487 0.762861110268595
1488 0.762861110268595
1489 0.762861110268595
1490 0.762861110268595
1491 0.762861110268595
1492 0.762861110268595
1493 0.762861110268595
1494 0.762861110268595
1495 0.762861110268595
1496 0.762861110268595
1497 0.762861110268595
1498 0.762861110268595
1499 0.762861110268595
1500 0.762861110268595
1501 0.762861110268595
1502 0.762861110268595
1503 0.762861110268595
1504 0.762861110268595
1505 0.762861110268595
1506 0.762861110268595
1507 0.762861110268595
1508 0.762861110268595
1509 0.762861110268595
1510 0.762861110268595
1511 0.762861110268595
1512 0.762861110268595
1513 0.762861110268595
1514 0.762861110268595
1515 0.762861110268595
1516 0.762861110268595
1517 0.762861110268595
1518 0.762861110268595
1519 0.762861110268595
1520 0.762861110268595
1521 0.762861110268595
1522 0.7628611104537603
1523 0.7628611104537603
1524 0.7628611104537603
1525 0.7628611104537603
1526 0.7628611104537603
1527 0.7628611104537603
1528 0.7628611104537603
1529 0.7628611104537603
1530 0.7628611104537603
1531 0.7628611104537603
1532 0.7628611104537603
1533 0.7628611104537603
1534 0.7628611104537603
1535 0.7628611104537603
1536 0.7628611104537603
1537 0.7628611104537603
1538 0.7628611104537603
1539 0.7628611104537603
1540 0.7628611104537603
1541 0.7628611104537603
1542 0.7628611104537603
1543 0.7628611104537603
1544 0.7628611104537603
1545 0.7628611104537603
1546 0.7628611104537603
1547 0.7628611104537603
1548 0.7628611104537603
1549 0.7628611104537603
1550 0.7628611104537603
1551 0.7628611104537603
1552 0.7628611104537603
1553 0.7628611104537603
1554 0.7628611104537603
1555 0.7628611104537603
1556 0.7628611104537603
1557 0.7628611104537603
1558 0.7628611104537603
1559 0.7628611104537603
1560 0.7628611104537603
1561 0.7628611104537603
1562 0.7628611104537603
1563 0.7628611104537603
1564 0.7628611104537603
1565 0.7628611104537603
1566 0.7628611104537603
1567 0.7628611104537603
1568 0.7628611104537603
1569 0.7628611104537603
1570 0.7628611104537603
1571 0.7628611104537603
1572 0.7628611104537603
1573 0.7628611104537603
1574 0.7628611104537603
1575 0.7628611104537603
1576 0.7628611104537603
1577 0.7628611104537603
1578 0.7628611104537603
1579 0.7628611104537603
1580 0.7628611104537603
1581 0.7628611104537603
1582 0.7628611104537603
1583 0.7628611104537603
1584 0.7628611104537603
1585 0.7628611104537603
1586 0.7628611104537603
1587 0.7628611104537603
1588 0.7628611104537603
1589 0.7628611104537603
1590 0.7628611104537603
1591 0.7628611104543829
1592 0.7628611104543829
1593 0.7628611104543829
1594 0.7628611104543829
1595 0.7628611104543829
1596 0.7628611104543829
1597 0.7628611104543829
1598 0.7628611104543829
1599 0.7628611104543829
1600 0.7628611104543829
1601 0.7628611104543829
1602 0.7628611104717831
1603 0.7628611104717831
1604 0.7628611104717831
1605 0.7628611104717831
1606 0.7628611104717831
1607 0.7628611104717831
1608 0.7628611104717831
1609 0.7628611104717831
1610 0.7628611104717831
1611 0.7628611104717831
1612 0.7628611104717831
1613 0.7628611104717831
1614 0.7628611104717831
1615 0.7628611104717831
1616 0.7628611104717831
1617 0.7628611104717831
1618 0.7628611104717831
1619 0.7628611104717831
1620 0.7628611104717831
1621 0.7628611104717831
1622 0.7628611104717831
1623 0.7628611104717831
1624 0.7628611104717831
1625 0.7628611104717831
1626 0.7628611104717831
1627 0.7628611104717831
1628 0.7628611104717831
1629 0.7628611104717831
1630 0.7628611104717831
1631 0.7628611104717831
1632 0.7628611104717831
1633 0.7628611104717831
1634 0.7628611104717831
1635 0.7628611104717831
1636 0.7628611104717831
1637 0.7628611104717831
1638 0.7628611104717831
1639 0.7628611104717831
1640 0.7628611104717831
1641 0.7628611104717831
1642 0.7628611104717831
1643 0.7628611104717831
1644 0.7628611104717831
1645 0.7628611104717831
1646 0.7628611104717831
1647 0.7628611104717831
1648 0.7628611104717831
1649 0.7628611104913741
1650 0.7628611104913741
1651 0.7628611104913741
1652 0.7628611104913741
1653 0.7628611104913741
1654 0.7628611104913741
1655 0.7628611105003523
1656 0.7628611105003523
1657 0.7628611105003523
1658 0.7628611105003523
1659 0.7628611105003523
1660 0.7628611105129545
1661 0.7628611105129545
1662 0.7628611105129545
1663 0.7628611105129545
1664 0.7628611105129545
1665 0.7628611105179751
1666 0.7628611105179751
1667 0.7628611105179751
1668 0.7628611105179751
1669 0.7628611105179751
1670 0.7628611105179751
1671 0.7628611105179751
1672 0.7628611105179751
1673 0.7628611105179751
1674 0.7628611105179751
1675 0.7628611105179751
1676 0.7628611105179751
1677 0.7628611105179751
1678 0.7628611105179751
1679 0.7628611105179751
1680 0.7628611105179751
1681 0.7628611105179864
1682 0.7628611105179864
1683 0.7628611105179864
1684 0.7628611105179864
1685 0.7628611105179864
1686 0.7628611105179864
1687 0.7628611105179864
1688 0.7628611105179864
1689 0.7628611105179864
1690 0.7628611105179864
1691 0.7628611105179864
1692 0.7628611105179864
1693 0.7628611105179864
1694 0.7628611105179864
1695 0.7628611105179864
1696 0.7628611105179864
1697 0.7628611105179864
1698 0.7628611105179864
1699 0.7628611105179864
1700 0.7628611105179864
1701 0.7628611105179864
1702 0.7628611105179864
1703 0.7628611105179864
1704 0.7628611105179864
1705 0.7628611105179864
1706 0.7628611105179864
1707 0.7628611105179864
1708 0.7628611105179864
1709 0.7628611105179864
1710 0.7628611105179864
1711 0.7628611105179864
1712 0.7628611105179864
1713 0.7628611105179864
1714 0.7628611105179864
1715 0.7628611105179864
1716 0.7628611105179864
1717 0.7628611105179864
1718 0.7628611105179864
1719 0.7628611105179864
1720 0.7628611105179864
1721 0.7628611105179864
1722 0.7628611105179864
1723 0.7628611105180206
1724 0.7628611105180206
1725 0.7628611105180206
1726 0.7628611105180206
1727 0.762861126795441
1728 0.762861126795441
1729 0.762861126795441
1730 0.762861126795441
1731 0.7628613224958659
1732 0.7628613224958659
1733 0.7628613229715879
1734 0.7628613229715879
1735 0.7628613229715879
1736 0.7628613229715879
1737 0.7628613229715879
1738 0.7628613229715879
1739 0.7628613229715879
1740 0.7628613229715879
1741 0.7628613229727279
1742 0.7628613229727279
1743 0.7628613229727279
1744 0.7628613229727279
1745 0.7628613229727279
1746 0.7628613229727279
1747 0.7628613229727279
1748 0.7628613229727279
1749 0.7628613229727279
1750 0.7628613230142293
1751 0.7628613230142293
1752 0.7628613712836321
1753 0.7628613712836321
1754 0.7628613712836321
1755 0.7628613712836321
1756 0.7628613712836321
1757 0.7628613712836321
1758 0.7628613712836321
1759 0.7628613712836321
1760 0.7628613712836321
1761 0.7628613713018042
1762 0.7628613713018042
1763 0.7628613713018042
1764 0.7628613713018042
1765 0.7628613713018042
1766 0.7628613713018042
1767 0.7628613713018042
1768 0.7628613713018042
1769 0.7628613713018042
1770 0.7628613713018042
1771 0.7628613713018042
1772 0.7628613713018042
1773 0.7628613713018042
1774 0.7628613713018042
1775 0.7628613713018042
1776 0.7628613713018042
1777 0.7628613713018042
1778 0.7628613713018042
1779 0.7628613713018042
1780 0.7628613713018042
1781 0.7628613713019898
1782 0.7628613713019898
1783 0.7628613713019898
1784 0.7628613713019898
1785 0.7628613713019898
1786 0.7628613713022021
1787 0.7628613713022021
1788 0.7628613713022021
1789 0.7628613713022021
1790 0.7628613713036949
1791 0.7628613713036949
1792 0.7628613713036949
1793 0.7628613713036949
1794 0.7628613713036949
1795 0.7628613713036949
1796 0.7628613713036949
1797 0.7628613713036949
1798 0.7628613713036949
1799 0.7628613713036949
1800 0.7628613713254879
1801 0.7628613713254879
1802 0.7628613713254879
1803 0.7628613713254879
1804 0.7628613713254879
1805 0.7628613713254879
1806 0.7628613713254879
1807 0.7628613713254879
1808 0.7628613713254879
1809 0.7628613713254879
1810 0.7628613713254879
1811 0.7628613713254879
1812 0.7628613713254879
1813 0.7628613713254879
1814 0.7628613713254879
1815 0.7628613713254879
1816 0.7628613713254879
1817 0.7628613713254879
1818 0.7628613713254879
1819 0.7628613713254879
1820 0.7628613713254879
1821 0.7628613713254879
1822 0.7628613713254879
1823 0.7628613713254879
1824 0.7628613713254879
1825 0.7628613713254879
1826 0.7628613713255357
1827 0.7628613713255357
1828 0.7628613713255357
1829 0.7628613713255357
1830 0.7628613713255357
1831 0.7628613713255357
1832 0.7628613713255357
1833 0.7628613713255357
1834 0.7628613713255357
1835 0.7628613713255357
1836 0.7628613713255357
1837 0.7628613713255357
1838 0.7628613713255357
1839 0.7628613713255357
1840 0.7628613713255357
1841 0.7628613713255357
1842 0.7628613713255357
1843 0.7628613713255357
1844 0.7628613713255357
1845 0.7628613713255357
1846 0.7628613713255357
1847 0.7628613713255357
1848 0.7628613713255357
1849 0.7628613713255357
1850 0.7628613713255357
1851 0.7628613713255357
1852 0.7628613713255357
1853 0.7628613713255357
1854 0.7628613713255357
1855 0.7628613713255357
1856 0.7628613713255357
1857 0.7628613713255357
1858 0.7628613713255357
1859 0.7628613713255357
1860 0.7628613713255357
1861 0.7628613713255357
1862 0.7628613713255357
1863 0.7628613713255357
1864 0.7628613713255357
1865 0.7628613713255357
1866 0.7628613713255357
1867 0.7628613713255357
1868 0.7628613713255357
1869 0.7628613713255357
1870 0.7628613713255357
1871 0.7628613713255357
1872 0.7628613713255357
1873 0.7628613713255357
1874 0.7628613713255357
1875 0.7628613713255357
1876 0.7628613713255357
1877 0.7628613713255357
1878 0.7628613713255357
1879 0.7628613713255357
1880 0.7628613713255357
1881 0.7628613713255357
1882 0.7628613713255357
1883 0.7628613713255357
1884 0.7628613713255357
1885 0.7628613713255357
1886 0.7628613713255357
1887 0.7628613713255357
1888 0.7628613713255357
1889 0.7628613713255357
1890 0.7628613713255357
1891 0.7628613713255357
1892 0.7628613713255357
1893 0.7628613713255357
1894 0.7628613713255357
1895 0.7628613713255357
1896 0.7628613713255357
1897 0.7628613713255357
1898 0.7628613713255357
1899 0.7628613713255357
1900 0.7628613713255357
1901 0.7628613713255357
1902 0.7628613713255357
1903 0.7628613713255357
1904 0.7628613713255357
1905 0.7628613713255357
1906 0.7628613713255357
1907 0.7628613713255357
1908 0.7628613713255357
1909 0.7628613713255357
1910 0.7628613713255357
1911 0.7628613713255357
1912 0.7628613713255357
1913 0.7628613713255357
1914 0.7628613713255357
1915 0.7628613713255357
1916 0.7628613713255357
1917 0.7628613713255357
1918 0.7628613713255357
1919 0.7628613713255357
1920 0.7628613713255357
1921 0.7628613713255357
1922 0.7628613713255357
1923 0.7628613713255357
1924 0.7628613713255357
1925 0.7628613713255357
1926 0.7628613713255357
1927 0.7628613713255357
1928 0.7628613713255357
1929 0.7628613713255357
1930 0.7628613713255357
1931 0.7628613713255357
1932 0.7628613713255357
1933 0.7628613713255357
1934 0.7628613713255357
1935 0.7628613713255357
1936 0.7628613713255357
1937 0.7628613713255357
1938 0.7628613713255357
1939 0.7628613713255357
1940 0.7628613713255357
1941 0.7628613713255357
1942 0.7628613713255357
1943 0.7628613713255357
1944 0.7628613713255357
1945 0.7628613713255357
1946 0.7628613713255357
1947 0.7628613713255357
1948 0.7628613713255357
1949 0.7628613713255357
1950 0.7628613713255357
1951 0.7628613713255357
1952 0.7628613713255357
1953 0.7628613713255357
1954 0.7628613713255357
1955 0.7628613713255357
1956 0.7628613713255357
1957 0.7628613713255357
1958 0.7628613713255357
1959 0.7628613713255357
1960 0.7628613713255357
1961 0.7628613713255357
1962 0.7628613713255357
1963 0.7628613713255357
1964 0.7628613713255357
1965 0.7628613713255357
1966 0.7628613713255357
1967 0.7628613713255357
1968 0.7628613713255357
1969 0.7628613713255357
1970 0.7628613713255357
1971 0.7628613713255357
1972 0.7628613713255357
1973 0.7628613713255357
1974 0.7628613713255357
1975 0.7628613713255357
1976 0.7628613713255357
1977 0.7628613713255357
1978 0.7628613713255357
1979 0.7628613713255357
1980 0.7628613713255357
1981 0.7628613713255357
1982 0.7628613713255357
1983 0.7628613713255357
1984 0.7628614197877571
1985 0.7628614197877571
1986 0.7628614197877571
1987 0.7628614197877571
1988 0.7628614197877571
1989 0.76286150897621
1990 0.76286150897621
1991 0.76286150897621
1992 0.76286150897621
1993 0.76286150897621
1994 0.76286150897621
1995 0.76286150897621
1996 0.76286150897621
1997 0.76286150897621
1998 0.76286150897621
1999 0.76286150897621
