0 0.5385802469135803
1 0.5385802469135803
2 0.5385802469135803
3 0.5385802469135803
4 0.5385802469135803
5 0.5486111111111112
6 0.5486111111111112
7 0.5570987654320987
8 0.5570987654320987
9 0.558641975308642
10 0.558641975308642
11 0.5841049382716049
12 0.5841049382716049
13 0.5841049382716049
14 0.5841049382716049
15 0.6041666666666667
16 0.6041666666666667
17 0.6041666666666667
18 0.6041666666666667
19 0.6041666666666667
20 0.6041666666666667
21 0.6057098765432098
22 0.6057098765432098
23 0.6057098765432098
24 0.6057098765432098
25 0.6057098765432098
26 0.6188271604938271
27 0.6188271604938271
28 0.6188271604938271
29 0.6234567901234568
30 0.6342592592592593
31 0.6342592592592593
32 0.6342592592592593
33 0.6342592592592593
34 0.6466049382716049
35 0.6466049382716049
36 0.6466049382716049
37 0.6520061728395061
38 0.6520061728395061
39 0.6520061728395061
40 0.6520061728395061
41 0.6604938271604939
42 0.6604938271604939
43 0.6604938271604939
44 0.6604938271604939
45 0.6705246913580247
46 0.6705246913580247
47 0.6705246913580247
48 0.6705246913580247
49 0.6705246913580247
50 0.6705246913580247
51 0.6705246913580247
52 0.6705246913580247
53 0.683641975308642
54 0.683641975308642
55 0.683641975308642
56 0.683641975308642
57 0.683641975308642
58 0.683641975308642
59 0.683641975308642
60 0.683641975308642
61 0.683641975308642
62 0.683641975308642
63 0.6851851851851851
64 0.6867283950617284
65 0.6867283950617284
66 0.6867283950617284
67 0.6867283950617284
68 0.6867283950617284
69 0.6867283950617284
70 0.6867283950617284
71 0.6867283950617284
72 0.6867283950617284
73 0.695216049382716
74 0.7152777777777778
75 0.7152777777777778
76 0.7152777777777778
77 0.7152777777777778
78 0.7152777777777778
79 0.7152777777777778
80 0.7152777777777778
81 0.7152777777777778
82 0.7152777777777778
83 0.7152777777777778
84 0.7152777777777778
85 0.7152777777777778
86 0.7152777777777778
87 0.7152777777777778
88 0.7152777777777778
89 0.7152777777777778
90 0.716820987654321
91 0.716820987654321
92 0.716820987654321
93 0.716820987654321
94 0.716820987654321
95 0.716820987654321
96 0.716820987654321
97 0.716820987654321
98 0.716820987654321
99 0.716820987654321
100 0.716820987654321
101 0.716820987654321
102 0.7237654320987654
103 0.7237654320987654
104 0.7237654320987654
105 0.7237654320987654
106 0.7237654320987654
107 0.7237654320987654
108 0.7237654320987654
109 0.7237654320987654
110 0.7237654320987654
111 0.7237654320987654
112 0.7237654320987654
113 0.7237654320987654
114 0.7237654320987654
115 0.7237654320987654
116 0.7237654320987654
117 0.7237654320987654
118 0.7237654320987654
119 0.7237654320987654
120 0.7237654320987654
121 0.7237654320987654
122 0.7237654320987654
123 0.7314814814814814
124 0.7314814814814814
125 0.7453703703703703
126 0.7453703703703703
127 0.7453703703703703
128 0.7453703703703703
129 0.7453703703703703
130 0.7453703703703703
131 0.7453703703703703
132 0.7453703703703703
133 0.7453703703703703
134 0.7453703703703703
135 0.7453703703703703
136 0.7453703703703703
137 0.7453703703703703
138 0.7453703703703703
139 0.7453703703703703
140 0.7453703703703703
141 0.7453703703703703
142 0.7453703703703703
143 0.7453703703703703
144 0.7453703703703703
145 0.7453703703703703
146 0.7453703703703703
147 0.7453703703703703
148 0.7453703703703703
149 0.7453703703703703
150 0.7453703703703703
151 0.7453703703703703
152 0.7453703703703703
153 0.7685185185185185
154 0.7685185185185185
155 0.7685185185185185
156 0.7685185185185185
157 0.7685185185185185
158 0.7685185185185185
159 0.7685185185185185
160 0.7685185185185185
161 0.7685185185185185
162 0.7685185185185185
163 0.7685185185185185
164 0.7685185185185185
165 0.7739197530864197
166 0.7739197530864197
167 0.7739197530864197
168 0.7739197530864197
169 0.7739197530864197
170 0.7739197530864197
171 0.7739197530864197
172 0.7739197530864197
173 0.7739197530864197
174 0.7739197530864197
175 0.7739197530864197
176 0.7739197530864197
177 0.7739197530864197
178 0.7739197530864197
179 0.7739197530864197
180 0.8009259259259259
181 0.8009259259259259
182 0.8009259259259259
183 0.8009259259259259
184 0.8009259259259259
185 0.8009259259259259
186 0.8009259259259259
187 0.8009259259259259
188 0.8009259259259259
189 0.8009259259259259
190 0.8009259259259259
191 0.8009259259259259
192 0.8009259259259259
193 0.8009259259259259
194 0.8009259259259259
195 0.8009259259259259
196 0.8009259259259259
197 0.8009259259259259
198 0.8009259259259259
199 0.8009259259259259
200 0.8009259259259259
201 0.8009259259259259
202 0.8009259259259259
203 0.8009259259259259
204 0.8009259259259259
205 0.8009259259259259
206 0.8009259259259259
207 0.8009259259259259
208 0.8009259259259259
209 0.8009259259259259
210 0.8009259259259259
211 0.8009259259259259
212 0.8009259259259259
213 0.8009259259259259
214 0.8009259259259259
215 0.8009259259259259
216 0.8009259259259259
217 0.8009259259259259
218 0.8009259259259259
219 0.8009259259259259
220 0.8009259259259259
221 0.8009259259259259
222 0.8009259259259259
223 0.8009259259259259
224 0.8009259259259259
225 0.8009259259259259
226 0.8009259259259259
227 0.8009259259259259
228 0.8009259259259259
229 0.8009259259259259
230 0.8009259259259259
231 0.8009259259259259
232 0.8009259259259259
233 0.8009259259259259
234 0.8009259259259259
235 0.8009259259259259
236 0.8009259259259259
237 0.8009259259259259
238 0.8009259259259259
239 0.8009259259259259
240 0.8009259259259259
241 0.8009259259259259
242 0.8009259259259259
243 0.8009259259259259
244 0.8009259259259259
245 0.8009259259259259
246 0.8009259259259259
247 0.8009259259259259
248 0.8009259259259259
249 0.8009259259259259
250 0.8009259259259259
251 0.8009259259259259
252 0.8009259259259259
253 0.8009259259259259
254 0.8009259259259259
255 0.8009259259259259
256 0.8009259259259259
257 0.8009259259259259
258 0.8009259259259259
259 0.8009259259259259
260 0.8009259259259259
261 0.8009259259259259
262 0.8009259259259259
263 0.8009259259259259
264 0.8009259259259259
265 0.8009259259259259
266 0.8009259259259259
267 0.8009259259259259
268 0.8009259259259259
269 0.8009259259259259
270 0.8009259259259259
271 0.8009259259259259
272 0.8009259259259259
273 0.8009259259259259
274 0.8009259259259259
275 0.8009259259259259
276 0.8009259259259259
277 0.8009259259259259
278 0.8009259259259259
279 0.8009259259259259
280 0.8009259259259259
281 0.8009259259259259
282 0.8009259259259259
283 0.8009259259259259
284 0.8009259259259259
285 0.8009259259259259
286 0.8024691358024691
287 0.8024691358024691
288 0.8024691358024691
289 0.8024691358024691
290 0.8024691358024691
291 0.8024691358024691
292 0.8024691358024691
293 0.8024691358024691
294 0.8024691358024691
295 0.8024691358024691
296 0.8024691358024691
297 0.8024691358024691
298 0.8024691358024691
299 0.8024691358024691
300 0.8024691358024691
301 0.8024691358024691
302 0.8024691358024691
303 0.8132716049382716
304 0.8132716049382716
305 0.8132716049382716
306 0.8132716049382716
307 0.8132716049382716
308 0.8132716049382716
309 0.8132716049382716
310 0.8132716049382716
311 0.8132716049382716
312 0.8132716049382716
313 0.8132716049382716
314 0.8132716049382716
315 0.8132716049382716
316 0.8132716049382716
317 0.8132716049382716
318 0.8132716049382716
319 0.8132716049382716
320 0.8132716049382716
321 0.8132716049382716
322 0.8132716049382716
323 0.8132716049382716
324 0.8132716049382716
325 0.8132716049382716
326 0.8132716049382716
327 0.8132716049382716
328 0.8132716049382716
329 0.8132716049382716
330 0.8132716049382716
331 0.8132716049382716
332 0.8132716049382716
333 0.8132716049382716
334 0.8132716049382716
335 0.8132716049382716
336 0.8132716049382716
337 0.8132716049382716
338 0.8132716049382716
339 0.8132716049382716
340 0.8132716049382716
341 0.8186728395061729
342 0.8186728395061729
343 0.8186728395061729
344 0.8186728395061729
345 0.8186728395061729
346 0.8186728395061729
347 0.8186728395061729
348 0.8186728395061729
349 0.8186728395061729
350 0.8186728395061729
351 0.8186728395061729
352 0.8186728395061729
353 0.8186728395061729
354 0.8186728395061729
355 0.8186728395061729
356 0.8186728395061729
357 0.8186728395061729
358 0.8186728395061729
359 0.8186728395061729
360 0.8186728395061729
361 0.8186728395061729
362 0.8186728395061729
363 0.8186728395061729
364 0.8186728395061729
365 0.8186728395061729
366 0.8186728395061729
367 0.8186728395061729
368 0.8186728395061729
369 0.8186728395061729
370 0.8186728395061729
371 0.8186728395061729
372 0.8186728395061729
373 0.8186728395061729
374 0.8186728395061729
375 0.8186728395061729
376 0.8186728395061729
377 0.8186728395061729
378 0.8186728395061729
379 0.8186728395061729
380 0.8186728395061729
381 0.8186728395061729
382 0.8186728395061729
383 0.8186728395061729
384 0.8186728395061729
385 0.8186728395061729
386 0.8186728395061729
387 0.8186728395061729
388 0.8186728395061729
389 0.8186728395061729
390 0.8186728395061729
391 0.8186728395061729
392 0.8186728395061729
393 0.8186728395061729
394 0.8186728395061729
395 0.8186728395061729
396 0.8186728395061729
397 0.8186728395061729
398 0.8186728395061729
399 0.8186728395061729
400 0.8186728395061729
401 0.8186728395061729
402 0.8186728395061729
403 0.8186728395061729
404 0.8186728395061729
405 0.8186728395061729
406 0.8186728395061729
407 0.8186728395061729
408 0.8186728395061729
409 0.8186728395061729
410 0.8186728395061729
411 0.8186728395061729
412 0.8186728395061729
413 0.8186728395061729
414 0.8186728395061729
415 0.8186728395061729
416 0.8186728395061729
417 0.8186728395061729
418 0.8186728395061729
419 0.8186728395061729
420 0.8248456790123457
421 0.8248456790123457
422 0.8248456790123457
423 0.8248456790123457
424 0.8248456790123457
425 0.8248456790123457
426 0.8248456790123457
427 0.8248456790123457
428 0.8371913580246914
429 0.8371913580246914
430 0.8371913580246914
431 0.8371913580246914
432 0.8371913580246914
433 0.8371913580246914
434 0.8371913580246914
435 0.8371913580246914
436 0.8371913580246914
437 0.8371913580246914
438 0.8371913580246914
439 0.8371913580246914
440 0.8371913580246914
441 0.8371913580246914
442 0.8371913580246914
443 0.8371913580246914
444 0.8371913580246914
445 0.8371913580246914
446 0.8371913580246914
447 0.8371913580246914
448 0.8371913580246914
449 0.8371913580246914
450 0.8371913580246914
451 0.8371913580246914
452 0.8371913580246914
453 0.8371913580246914
454 0.8371913580246914
455 0.8371913580246914
456 0.8371913580246914
457 0.8371913580246914
458 0.8371913580246914
459 0.8371913580246914
460 0.8371913580246914
461 0.8371913580246914
462 0.8371913580246914
463 0.8371913580246914
464 0.8371913580246914
465 0.8371913580246914
466 0.8371913580246914
467 0.8371913580246914
468 0.8371913580246914
469 0.8371913580246914
470 0.8371913580246914
471 0.8371913580246914
472 0.8371913580246914
473 0.8371913580246914
474 0.8371913580246914
475 0.8371913580246914
476 0.8371913580246914
477 0.8371913580246914
478 0.8371913580246914
479 0.8371913580246914
480 0.8371913580246914
481 0.8371913580246914
482 0.8371913580246914
483 0.8371913580246914
484 0.8371913580246914
485 0.8371913580246914
486 0.8371913580246914
487 0.8371913580246914
488 0.8371913580246914
489 0.8371913580246914
490 0.8371913580246914
491 0.8371913580246914
492 0.8371913580246914
493 0.8371913580246914
494 0.8371913580246914
495 0.8371913580246914
496 0.8371913580246914
497 0.8371913580246914
498 0.8371913580246914
499 0.8371913580246914
500 0.8371913580246914
501 0.8371913580246914
502 0.8371913580246914
503 0.8371913580246914
504 0.8371913580246914
505 0.8371913580246914
506 0.8371913580246914
507 0.8371913580246914
508 0.8371913580246914
509 0.8371913580246914
510 0.8371913580246914
511 0.8371913580246914
512 0.8371913580246914
513 0.8371913580246914
514 0.8371913580246914
515 0.8371913580246914
516 0.8371913580246914
517 0.8371913580246914
518 0.8371913580246914
519 0.8371913580246914
520 0.8371913580246914
521 0.8371913580246914
522 0.8371913580246914
523 0.8371913580246914
524 0.8371913580246914
525 0.8371913580246914
526 0.8371913580246914
527 0.8371913580246914
528 0.8371913580246914
529 0.8371913580246914
530 0.8371913580246914
531 0.8371913580246914
532 0.8371913580246914
533 0.8371913580246914
534 0.8371913580246914
535 0.8371913580246914
536 0.8371913580246914
537 0.8371913580246914
538 0.8371913580246914
539 0.8371913580246914
540 0.8371913580246914
541 0.8371913580246914
542 0.8371913580246914
543 0.8371913580246914
544 0.8371913580246914
545 0.8371913580246914
546 0.8371913580246914
547 0.8371913580246914
548 0.8371913580246914
549 0.8371913580246914
550 0.8371913580246914
551 0.8371913580246914
552 0.8371913580246914
553 0.8371913580246914
554 0.8371913580246914
555 0.8371913580246914
556 0.8371913580246914
557 0.8371913580246914
558 0.8371913580246914
559 0.8371913580246914
560 0.8371913580246914
561 0.8371913580246914
562 0.8371913580246914
563 0.8371913580246914
564 0.8371913580246914
565 0.8371913580246914
566 0.8371913580246914
567 0.8371913580246914
568 0.8371913580246914
569 0.8371913580246914
570 0.8371913580246914
571 0.8371913580246914
572 0.8371913580246914
573 0.8371913580246914
574 0.8371913580246914
575 0.8371913580246914
576 0.8371913580246914
577 0.8371913580246914
578 0.8371913580246914
579 0.8371913580246914
580 0.8371913580246914
581 0.8371913580246914
582 0.8371913580246914
583 0.8371913580246914
584 0.8371913580246914
585 0.8371913580246914
586 0.8371913580246914
587 0.8371913580246914
588 0.8371913580246914
589 0.8371913580246914
590 0.8371913580246914
591 0.8371913580246914
592 0.8371913580246914
593 0.8371913580246914
594 0.8371913580246914
595 0.8371913580246914
596 0.8371913580246914
597 0.8371913580246914
598 0.8371913580246914
599 0.8371913580246914
600 0.8371913580246914
601 0.8371913580246914
602 0.8371913580246914
603 0.8371913580246914
604 0.8371913580246914
605 0.8371913580246914
606 0.8371913580246914
607 0.8371913580246914
608 0.8371913580246914
609 0.8371913580246914
610 0.8371913580246914
611 0.8371913580246914
612 0.8371913580246914
613 0.8371913580246914
614 0.8371913580246914
615 0.8371913580246914
616 0.8371913580246914
617 0.8371913580246914
618 0.8371913580246914
619 0.8371913580246914
620 0.8371913580246914
621 0.8371913580246914
622 0.8371913580246914
623 0.8371913580246914
624 0.8371913580246914
625 0.8371913580246914
626 0.8371913580246914
627 0.8371913580246914
628 0.8371913580246914
629 0.8371913580246914
630 0.8371913580246914
631 0.8371913580246914
632 0.8371913580246914
633 0.8371913580246914
634 0.8371913580246914
635 0.8371913580246914
636 0.8371913580246914
637 0.8371913580246914
638 0.8371913580246914
639 0.8371913580246914
640 0.8371913580246914
641 0.8371913580246914
642 0.8371913580246914
643 0.8371913580246914
644 0.8371913580246914
645 0.8371913580246914
646 0.8371913580246914
647 0.8371913580246914
648 0.8371913580246914
649 0.8371913580246914
650 0.8371913580246914
651 0.8371913580246914
652 0.8371913580246914
653 0.8371913580246914
654 0.8371913580246914
655 0.8371913580246914
656 0.8371913580246914
657 0.8371913580246914
658 0.8371913580246914
659 0.8371913580246914
660 0.8371913580246914
661 0.8371913580246914
662 0.8371913580246914
663 0.8371913580246914
664 0.8371913580246914
665 0.8371913580246914
666 0.8371913580246914
667 0.8371913580246914
668 0.8371913580246914
669 0.8371913580246914
670 0.8371913580246914
671 0.8371913580246914
672 0.8371913580246914
673 0.8371913580246914
674 0.8371913580246914
675 0.8371913580246914
676 0.8371913580246914
677 0.8371913580246914
678 0.8371913580246914
679 0.8371913580246914
680 0.8371913580246914
681 0.8371913580246914
682 0.8371913580246914
683 0.8371913580246914
684 0.8371913580246914
685 0.8371913580246914
686 0.8371913580246914
687 0.8371913580246914
688 0.8371913580246914
689 0.8371913580246914
690 0.8371913580246914
691 0.8371913580246914
692 0.8371913580246914
693 0.8371913580246914
694 0.8371913580246914
695 0.8371913580246914
696 0.8371913580246914
697 0.8371913580246914
698 0.8371913580246914
699 0.8371913580246914
700 0.8371913580246914
701 0.8371913580246914
702 0.8371913580246914
703 0.8371913580246914
704 0.8371913580246914
705 0.8371913580246914
706 0.8371913580246914
707 0.8371913580246914
708 0.8371913580246914
709 0.8371913580246914
710 0.8371913580246914
711 0.8371913580246914
712 0.8371913580246914
713 0.8371913580246914
714 0.8371913580246914
715 0.8395061728395061
716 0.8395061728395061
717 0.8395061728395061
718 0.8395061728395061
719 0.8395061728395061
720 0.8395061728395061
721 0.8395061728395061
722 0.8395061728395061
723 0.8395061728395061
724 0.8395061728395061
725 0.8395061728395061
726 0.8395061728395061
727 0.8395061728395061
728 0.8395061728395061
729 0.8395061728395061
730 0.8395061728395061
731 0.8395061728395061
732 0.8395061728395061
733 0.8395061728395061
734 0.8395061728395061
735 0.8395061728395061
736 0.8395061728395061
737 0.8395061728395061
738 0.8395061728395061
739 0.8395061728395061
740 0.8395061728395061
741 0.8395061728395061
742 0.8395061728395061
743 0.8395061728395061
744 0.8395061728395061
745 0.8395061728395061
746 0.8395061728395061
747 0.8395061728395061
748 0.8395061728395061
749 0.8395061728395061
750 0.8395061728395061
751 0.8395061728395061
752 0.8395061728395061
753 0.8395061728395061
754 0.8395061728395061
755 0.8395061728395061
756 0.8395061728395061
757 0.8395061728395061
758 0.8395061728395061
759 0.8395061728395061
760 0.8395061728395061
761 0.8395061728395061
762 0.8395061728395061
763 0.8395061728395061
764 0.8395061728395061
765 0.8395061728395061
766 0.8395061728395061
767 0.8395061728395061
768 0.8395061728395061
769 0.8395061728395061
770 0.8395061728395061
771 0.8395061728395061
772 0.8395061728395061
773 0.8395061728395061
774 0.8395061728395061
775 0.8395061728395061
776 0.8395061728395061
777 0.8395061728395061
778 0.8395061728395061
779 0.8395061728395061
780 0.8395061728395061
781 0.8395061728395061
782 0.8395061728395061
783 0.8395061728395061
784 0.8395061728395061
785 0.8395061728395061
786 0.8395061728395061
787 0.8395061728395061
788 0.8395061728395061
789 0.8395061728395061
790 0.8395061728395061
791 0.8395061728395061
792 0.8395061728395061
793 0.8395061728395061
794 0.8395061728395061
795 0.8395061728395061
796 0.8395061728395061
797 0.8395061728395061
798 0.8395061728395061
799 0.8395061728395061
800 0.8395061728395061
801 0.8395061728395061
802 0.8395061728395061
803 0.8395061728395061
804 0.8395061728395061
805 0.8395061728395061
806 0.8395061728395061
807 0.8395061728395061
808 0.8395061728395061
809 0.8395061728395061
810 0.8395061728395061
811 0.8395061728395061
812 0.8395061728395061
813 0.8395061728395061
814 0.8395061728395061
815 0.8395061728395061
816 0.8395061728395061
817 0.8395061728395061
818 0.8395061728395061
819 0.8395061728395061
820 0.8395061728395061
821 0.8395061728395061
822 0.8395061728395061
823 0.8395061728395061
824 0.8395061728395061
825 0.8395061728395061
826 0.8395061728395061
827 0.8395061728395061
828 0.8395061728395061
829 0.8395061728395061
830 0.8395061728395061
831 0.8395061728395061
832 0.8395061728395061
833 0.8395061728395061
834 0.8395061728395061
835 0.8395061728395061
836 0.8395061728395061
837 0.8402777777777778
838 0.8402777777777778
839 0.8402777777777778
840 0.8402777777777778
841 0.8402777777777778
842 0.8402777777777778
843 0.8402777777777778
844 0.8402777777777778
845 0.8402777777777778
846 0.8402777777777778
847 0.8402777777777778
848 0.8402777777777778
849 0.8402777777777778
850 0.8402777777777778
851 0.8402777777777778
852 0.8402777777777778
853 0.8402777777777778
854 0.8402777777777778
855 0.8402777777777778
856 0.8402777777777778
857 0.8402777777777778
858 0.8402777777777778
859 0.8402777777777778
860 0.8402777777777778
861 0.8402777777777778
862 0.8402777777777778
863 0.8402777777777778
864 0.8402777777777778
865 0.8402777777777778
866 0.8402777777777778
867 0.8402777777777778
868 0.8402777777777778
869 0.8402777777777778
870 0.8402777777777778
871 0.8402777777777778
872 0.8402777777777778
873 0.8402777777777778
874 0.8402777777777778
875 0.8402777777777778
876 0.8402777777777778
877 0.8402777777777778
878 0.8402777777777778
879 0.8402777777777778
880 0.8402777777777778
881 0.8402777777777778
882 0.8402777777777778
883 0.8402777777777778
884 0.8402777777777778
885 0.8402777777777778
886 0.8402777777777778
887 0.8402777777777778
888 0.8402777777777778
889 0.8402777777777778
890 0.8402777777777778
891 0.8402777777777778
892 0.8402777777777778
893 0.8402777777777778
894 0.8402777777777778
895 0.8402777777777778
896 0.8402777777777778
897 0.8402777777777778
898 0.8402777777777778
899 0.8402777777777778
900 0.8402777777777778
901 0.8402777777777778
902 0.8402777777777778
903 0.8402777777777778
904 0.8402777777777778
905 0.8402777777777778
906 0.8402777777777778
907 0.8402777777777778
908 0.8402777777777778
909 0.8402777777777778
910 0.8402777777777778
911 0.8402777777777778
912 0.8402777777777778
913 0.8402777777777778
914 0.8402777777777778
915 0.8402777777777778
916 0.8402777777777778
917 0.8402777777777778
918 0.8402777777777778
919 0.8402777777777778
920 0.8402777777777778
921 0.8402777777777778
922 0.8402777777777778
923 0.8402777777777778
924 0.8402777777777778
925 0.8402777777777778
926 0.8402777777777778
927 0.8402777777777778
928 0.8402777777777778
929 0.8402777777777778
930 0.8402777777777778
931 0.8402777777777778
932 0.8402777777777778
933 0.8402777777777778
934 0.8402777777777778
935 0.8402777777777778
936 0.8402777777777778
937 0.8402777777777778
938 0.8402777777777778
939 0.8402777777777778
940 0.8402777777777778
941 0.8402777777777778
942 0.8402777777777778
943 0.8402777777777778
944 0.8402777777777778
945 0.8402777777777778
946 0.8402777777777778
947 0.8402777777777778
948 0.8402777777777778
949 0.8402777777777778
950 0.8402777777777778
951 0.8402777777777778
952 0.8402777777777778
953 0.8402777777777778
954 0.8402777777777778
955 0.8402777777777778
956 0.8402777777777778
957 0.8402777777777778
958 0.8402777777777778
959 0.8402777777777778
960 0.8402777777777778
961 0.8402777777777778
962 0.8402777777777778
963 0.8402777777777778
964 0.8402777777777778
965 0.8402777777777778
966 0.8402777777777778
967 0.8402777777777778
968 0.8402777777777778
969 0.8402777777777778
970 0.8402777777777778
971 0.8402777777777778
972 0.8402777777777778
973 0.8402777777777778
974 0.8402777777777778
975 0.8402777777777778
976 0.8402777777777778
977 0.8402777777777778
978 0.8402777777777778
979 0.8402777777777778
980 0.8402777777777778
981 0.8402777777777778
982 0.8402777777777778
983 0.8402777777777778
984 0.8402777777777778
985 0.8402777777777778
986 0.8402777777777778
987 0.8402777777777778
988 0.8402777777777778
989 0.8402777777777778
990 0.8402777777777778
991 0.8402777777777778
992 0.8402777777777778
993 0.8402777777777778
994 0.8402777777777778
995 0.8402777777777778
996 0.8402777777777778
997 0.8402777777777778
998 0.8402777777777778
999 0.8402777777777778
