0 0.9
1 0.9
2 0.9666666666666667
3 0.9666666666666667
4 2.0
5 2.0
6 2.0
7 2.0
8 2.0
9 2.0
10 2.0
11 2.0
12 2.0
13 2.0
14 2.0
15 2.2
16 2.3333333333333335
17 2.3333333333333335
18 2.566666666666667
19 2.566666666666667
20 2.566666666666667
21 2.6
22 2.7333333333333334
23 2.966666666666667
24 2.966666666666667
25 2.966666666666667
26 3.066666666666667
27 3.066666666666667
28 3.2
29 3.2
30 3.3333333333333335
31 3.3333333333333335
32 3.3333333333333335
33 3.3333333333333335
34 3.3333333333333335
35 3.3333333333333335
36 3.3333333333333335
37 3.966666666666667
38 4.066666666666666
39 4.066666666666666
40 4.066666666666666
41 4.066666666666666
42 4.066666666666666
43 4.066666666666666
44 4.066666666666666
45 4.133333333333334
46 4.133333333333334
47 4.2
48 4.2
49 4.233333333333333
50 4.233333333333333
51 4.233333333333333
52 4.233333333333333
53 4.4
54 4.4
55 4.4
56 4.4
57 4.4
58 4.4
59 4.5
60 4.5
61 4.5
62 4.5
63 4.5
64 4.5
65 4.5
66 4.533333333333333
67 4.533333333333333
68 4.533333333333333
69 4.533333333333333
70 4.666666666666667
71 4.666666666666667
72 4.666666666666667
73 4.8
74 4.8
75 4.8
76 4.8
77 4.9
78 4.9
79 4.9
80 5.1
81 5.1
82 5.1
83 5.1
84 5.1
85 5.1
86 5.1
87 5.1
88 5.1
89 5.1
90 5.1
91 5.1
92 5.1
93 5.1
94 5.133333333333334
95 5.133333333333334
96 5.133333333333334
97 5.133333333333334
98 5.166666666666667
99 5.433333333333334
100 5.433333333333334
101 5.433333333333334
102 5.433333333333334
103 5.433333333333334
104 5.433333333333334
105 5.433333333333334
106 5.433333333333334
107 5.433333333333334
108 5.433333333333334
109 5.433333333333334
110 5.433333333333334
111 5.433333333333334
112 5.433333333333334
113 5.433333333333334
114 5.433333333333334
115 5.433333333333334
116 5.433333333333334
117 5.433333333333334
118 5.433333333333334
119 5.433333333333334
120 5.433333333333334
121 5.433333333333334
122 5.433333333333334
123 5.433333333333334
124 5.433333333333334
125 5.433333333333334
126 5.433333333333334
127 5.433333333333334
128 5.433333333333334
129 5.433333333333334
130 5.433333333333334
131 5.433333333333334
132 5.433333333333334
133 5.433333333333334
134 5.433333333333334
135 5.433333333333334
136 5.433333333333334
137 5.433333333333334
138 5.433333333333334
139 5.433333333333334
140 5.433333333333334
141 5.433333333333334
142 5.533333333333333
143 5.533333333333333
144 5.533333333333333
145 5.533333333333333
146 5.533333333333333
147 5.533333333333333
148 5.533333333333333
149 5.533333333333333
150 5.533333333333333
151 5.533333333333333
152 5.533333333333333
153 5.533333333333333
154 5.533333333333333
155 5.533333333333333
156 5.533333333333333
157 5.533333333333333
158 5.533333333333333
159 5.533333333333333
160 5.533333333333333
161 5.533333333333333
162 5.533333333333333
163 5.533333333333333
164 5.533333333333333
165 5.533333333333333
166 5.533333333333333
167 5.533333333333333
168 5.533333333333333
169 5.533333333333333
170 5.533333333333333
171 5.533333333333333
172 5.566666666666666
173 5.566666666666666
174 5.566666666666666
175 5.566666666666666
176 5.566666666666666
177 5.566666666666666
178 5.566666666666666
179 5.566666666666666
180 5.566666666666666
181 5.566666666666666
182 5.566666666666666
183 5.566666666666666
184 5.566666666666666
185 5.566666666666666
186 5.566666666666666
187 5.566666666666666
188 5.566666666666666
189 5.566666666666666
190 5.566666666666666
191 5.566666666666666
192 5.566666666666666
193 5.566666666666666
194 5.566666666666666
195 5.566666666666666
196 5.566666666666666
197 5.566666666666666
198 5.566666666666666
199 5.566666666666666
200 5.566666666666666
201 5.566666666666666
202 5.566666666666666
203 5.566666666666666
204 5.566666666666666
205 5.566666666666666
206 5.566666666666666
207 5.566666666666666
208 5.566666666666666
209 5.566666666666666
210 5.566666666666666
211 5.566666666666666
212 5.566666666666666
213 5.566666666666666
214 5.566666666666666
215 5.566666666666666
216 5.566666666666666
217 5.566666666666666
218 5.566666666666666
219 5.566666666666666
220 5.566666666666666
221 5.566666666666666
222 5.566666666666666
223 5.566666666666666
224 5.566666666666666
225 5.566666666666666
226 5.566666666666666
227 5.566666666666666
228 5.566666666666666
229 5.566666666666666
230 5.566666666666666
231 5.566666666666666
232 5.566666666666666
233 5.566666666666666
234 5.566666666666666
235 5.566666666666666
236 5.566666666666666
237 5.566666666666666
238 5.566666666666666
239 5.566666666666666
240 5.566666666666666
241 5.566666666666666
242 5.566666666666666
243 5.566666666666666
244 5.566666666666666
245 5.566666666666666
246 5.566666666666666
247 5.566666666666666
248 5.566666666666666
249 5.566666666666666
250 5.566666666666666
251 5.566666666666666
252 5.566666666666666
253 5.566666666666666
254 5.566666666666666
255 5.566666666666666
256 5.566666666666666
257 5.6
258 5.6
259 5.6
260 5.6
261 5.6
262 5.6
263 5.6
264 5.6
265 5.6
266 5.6
267 5.6
268 5.6
269 5.6
270 5.6
271 5.6
272 5.6
273 5.6
274 5.6
275 5.6
276 5.6
277 5.6
278 5.6
279 5.6
280 5.6
281 5.6
282 5.6
283 5.6
284 5.6
285 5.6
286 5.6
287 5.6
288 5.6
289 5.6
290 5.6
291 5.6
292 5.6
293 5.633333333333334
294 5.633333333333334
295 5.633333333333334
296 5.633333333333334
297 5.633333333333334
298 5.633333333333334
299 5.633333333333334
300 5.633333333333334
301 5.633333333333334
302 5.633333333333334
303 5.633333333333334
304 5.633333333333334
305 5.633333333333334
306 5.633333333333334
307 5.633333333333334
308 5.633333333333334
309 5.633333333333334
310 5.633333333333334
311 5.633333333333334
312 5.633333333333334
313 5.633333333333334
314 5.633333333333334
315 5.633333333333334
316 5.633333333333334
317 5.633333333333334
318 5.633333333333334
319 5.633333333333334
320 5.633333333333334
321 5.633333333333334
322 5.633333333333334
323 5.633333333333334
324 5.633333333333334
325 5.633333333333334
326 5.633333333333334
327 5.633333333333334
328 5.633333333333334
329 5.633333333333334
330 5.633333333333334
331 5.633333333333334
332 5.633333333333334
333 5.633333333333334
334 5.633333333333334
335 5.633333333333334
336 5.633333333333334
337 5.633333333333334
338 5.633333333333334
339 5.633333333333334
340 5.633333333333334
341 5.633333333333334
342 5.633333333333334
343 5.633333333333334
344 5.633333333333334
345 5.633333333333334
346 5.633333333333334
347 5.633333333333334
348 5.633333333333334
349 5.633333333333334
350 5.633333333333334
351 5.633333333333334
352 5.633333333333334
353 5.633333333333334
354 5.633333333333334
355 5.633333333333334
356 5.633333333333334
357 5.633333333333334
358 5.633333333333334
359 5.633333333333334
360 5.633333333333334
361 5.633333333333334
362 5.633333333333334
363 5.633333333333334
364 5.633333333333334
365 5.633333333333334
366 5.633333333333334
367 5.633333333333334
368 5.633333333333334
369 5.633333333333334
370 5.633333333333334
371 5.633333333333334
372 5.633333333333334
373 5.633333333333334
374 5.633333333333334
375 5.633333333333334
376 5.633333333333334
377 5.633333333333334
378 5.633333333333334
379 5.633333333333334
380 5.633333333333334
381 5.633333333333334
382 5.633333333333334
383 5.633333333333334
384 5.633333333333334
385 5.633333333333334
386 5.633333333333334
387 5.633333333333334
388 5.633333333333334
389 5.633333333333334
390 5.633333333333334
391 5.633333333333334
392 5.633333333333334
393 5.633333333333334
394 5.633333333333334
395 5.633333333333334
396 5.633333333333334
397 5.633333333333334
398 5.633333333333334
399 5.633333333333334
400 5.633333333333334
401 5.633333333333334
402 5.633333333333334
403 5.633333333333334
404 5.633333333333334
405 5.633333333333334
406 5.633333333333334
407 5.633333333333334
408 5.633333333333334
409 5.633333333333334
410 5.633333333333334
411 5.633333333333334
412 5.633333333333334
413 5.633333333333334
414 5.633333333333334
415 5.633333333333334
416 5.633333333333334
417 5.633333333333334
418 5.633333333333334
419 5.633333333333334
420 5.633333333333334
421 5.633333333333334
422 5.633333333333334
423 5.633333333333334
424 5.633333333333334
425 5.633333333333334
426 5.633333333333334
427 5.633333333333334
428 5.633333333333334
429 5.633333333333334
430 5.633333333333334
431 5.633333333333334
432 5.633333333333334
433 5.633333333333334
434 5.633333333333334
435 5.633333333333334
436 5.633333333333334
437 5.633333333333334
438 5.633333333333334
439 5.633333333333334
440 5.633333333333334
441 5.633333333333334
442 5.633333333333334
443 5.633333333333334
444 5.633333333333334
445 5.633333333333334
446 5.633333333333334
447 5.633333333333334
448 5.633333333333334
449 5.633333333333334
450 5.633333333333334
451 5.633333333333334
452 5.633333333333334
453 5.633333333333334
454 5.633333333333334
455 5.633333333333334
456 5.633333333333334
457 5.633333333333334
458 5.633333333333334
459 5.633333333333334
460 5.633333333333334
461 5.633333333333334
462 5.633333333333334
463 5.633333333333334
464 5.633333333333334
465 5.633333333333334
466 5.633333333333334
467 5.633333333333334
468 5.633333333333334
469 5.633333333333334
470 5.633333333333334
471 5.633333333333334
472 5.633333333333334
473 5.633333333333334
474 5.666666666666667
475 5.7
476 5.7
477 5.7
478 5.7
479 5.7
480 5.7
481 5.7
482 5.7
483 5.7
484 5.7
485 5.7
486 5.7
487 5.7
488 5.7
489 5.7
490 5.7
491 5.7
492 5.7
493 5.7
494 5.7
495 5.7
496 5.7
497 5.7
498 5.7
499 5.7
500 5.7
501 5.7
502 5.7
503 5.7
504 5.7
505 5.7
506 5.7
507 5.7
508 5.7
509 5.7
510 5.7
511 5.7
512 5.7
513 5.7
514 5.7
515 5.7
516 5.733333333333333
517 5.733333333333333
518 5.733333333333333
519 5.766666666666667
520 5.766666666666667
521 5.766666666666667
522 5.766666666666667
523 5.766666666666667
524 5.766666666666667
525 5.766666666666667
526 5.766666666666667
527 5.766666666666667
528 5.766666666666667
529 5.766666666666667
530 5.766666666666667
531 5.766666666666667
532 5.766666666666667
533 5.766666666666667
534 5.766666666666667
535 5.766666666666667
536 5.766666666666667
537 5.766666666666667
538 5.766666666666667
539 5.766666666666667
540 5.766666666666667
541 5.766666666666667
542 5.766666666666667
543 5.766666666666667
544 5.766666666666667
545 5.766666666666667
546 5.766666666666667
547 5.766666666666667
548 5.766666666666667
549 5.766666666666667
550 5.766666666666667
551 5.766666666666667
552 5.766666666666667
553 5.766666666666667
554 5.766666666666667
555 5.766666666666667
556 5.766666666666667
557 5.766666666666667
558 5.766666666666667
559 5.766666666666667
560 5.766666666666667
561 5.766666666666667
562 5.766666666666667
563 5.766666666666667
564 5.766666666666667
565 5.766666666666667
566 5.766666666666667
567 5.766666666666667
568 5.766666666666667
569 5.766666666666667
570 5.766666666666667
571 5.766666666666667
572 5.766666666666667
573 5.766666666666667
574 5.766666666666667
575 5.766666666666667
576 5.766666666666667
577 5.766666666666667
578 5.766666666666667
579 5.766666666666667
580 5.766666666666667
581 5.766666666666667
582 5.766666666666667
583 5.8
584 5.8
585 5.8
586 5.8
587 5.8
588 5.8
589 5.8
590 5.8
591 5.8
592 5.8
593 5.8
594 5.8
595 5.8
596 5.8
597 5.8
598 5.8
599 5.8
600 5.8
601 5.8
602 5.8
603 5.8
604 5.8
605 5.8
606 5.8
607 5.8
608 5.8
609 5.8
610 5.8
611 5.8
612 5.8
613 5.8
614 5.8
615 5.8
616 5.8
617 5.8
618 5.8
619 5.8
620 5.8
621 5.8
622 5.8
623 5.8
624 5.8
625 5.8
626 5.8
627 5.8
628 5.8
629 5.8
630 5.8
631 5.8
632 5.8
633 5.8
634 5.8
635 5.8
636 5.8
637 5.8
638 5.8
639 5.8
640 5.8
641 5.8
642 5.8
643 5.8
644 5.8
645 5.8
646 5.8
647 5.8
648 5.8
649 5.8
650 5.8
651 5.8
652 5.8
653 5.8
654 5.8
655 5.8
656 5.8
657 5.8
658 5.8
659 5.8
660 5.8
661 5.8
662 5.8
663 5.8
664 5.8
665 5.8
666 5.8
667 5.8
668 5.8
669 5.8
670 5.8
671 5.8
672 5.8
673 5.8
674 5.8
675 5.8
676 5.8
677 5.8
678 5.8
679 5.8
680 5.8
681 5.833333333333333
682 5.833333333333333
683 5.833333333333333
684 5.833333333333333
685 5.833333333333333
686 5.833333333333333
687 5.833333333333333
688 5.833333333333333
689 5.833333333333333
690 5.833333333333333
691 5.833333333333333
692 5.833333333333333
693 5.833333333333333
694 5.833333333333333
695 5.833333333333333
696 5.833333333333333
697 5.833333333333333
698 5.833333333333333
699 5.833333333333333
700 5.833333333333333
701 5.866666666666666
702 5.866666666666666
703 5.866666666666666
704 5.866666666666666
705 5.866666666666666
706 5.866666666666666
707 5.866666666666666
708 5.866666666666666
709 5.866666666666666
710 5.866666666666666
711 5.866666666666666
712 5.866666666666666
713 5.866666666666666
714 5.866666666666666
715 5.866666666666666
716 5.866666666666666
717 5.866666666666666
718 5.866666666666666
719 5.866666666666666
720 5.866666666666666
721 5.866666666666666
722 5.866666666666666
723 5.866666666666666
724 5.866666666666666
725 5.866666666666666
726 5.866666666666666
727 5.866666666666666
728 5.866666666666666
729 5.866666666666666
730 5.866666666666666
731 5.866666666666666
732 5.866666666666666
733 5.866666666666666
734 5.866666666666666
735 5.866666666666666
736 5.866666666666666
737 5.866666666666666
738 5.866666666666666
739 5.866666666666666
740 5.866666666666666
741 5.866666666666666
742 5.866666666666666
743 5.866666666666666
744 5.866666666666666
745 5.866666666666666
746 5.866666666666666
747 5.866666666666666
748 5.866666666666666
749 5.866666666666666
750 5.866666666666666
751 5.866666666666666
752 5.866666666666666
753 5.866666666666666
754 5.866666666666666
755 5.866666666666666
756 5.866666666666666
757 5.866666666666666
758 5.866666666666666
759 5.866666666666666
760 5.866666666666666
761 5.866666666666666
762 5.866666666666666
763 5.866666666666666
764 5.866666666666666
765 5.866666666666666
766 5.866666666666666
767 5.866666666666666
768 5.866666666666666
769 5.9
770 5.9
771 5.9
772 5.9
773 5.9
774 5.9
775 5.9
776 5.9
777 5.9
778 5.9
779 5.9
780 5.9
781 5.9
782 5.9
783 5.9
784 5.9
785 5.9
786 5.9
787 5.9
788 5.9
789 5.9
790 5.9
791 5.9
792 5.9
793 5.9
794 5.9
795 5.9
796 5.9
797 5.9
798 5.9
799 5.9
800 5.9
801 5.9
802 5.9
803 5.9
804 5.9
805 5.9
806 5.9
807 5.9
808 5.9
809 5.9
810 5.9
811 5.9
812 5.9
813 5.9
814 5.9
815 5.9
816 5.9
817 5.9
818 5.9
819 5.9
820 5.9
821 5.9
822 5.9
823 5.9
824 5.9
825 5.9
826 5.9
827 5.9
828 5.9
829 5.9
830 5.9
831 5.9
832 5.9
833 5.9
834 5.9
835 5.9
836 5.9
837 5.9
838 5.9
839 5.9
840 5.9
841 5.9
842 5.9
843 5.9
844 5.9
845 5.9
846 5.9
847 5.9
848 5.9
849 5.9
850 5.9
851 5.9
852 5.9
853 5.9
854 5.9
855 5.9
856 5.9
857 5.9
858 5.9
859 5.9
860 5.9
861 5.9
862 5.9
863 5.9
864 5.9
865 5.9
866 5.9
867 5.9
868 5.9
869 5.9
870 5.9
871 5.9
872 5.9
873 5.9
874 5.9
875 5.9
876 5.9
877 5.9
878 5.9
879 5.9
880 5.9
881 5.9
882 5.9
883 5.9
884 5.9
885 5.9
886 5.9
887 5.9
888 5.9
889 5.9
890 5.9
891 5.9
892 5.9
893 5.9
894 5.9
895 5.9
896 5.9
897 5.9
898 5.9
899 5.9
900 5.9
901 5.9
902 5.9
903 5.9
904 5.9
905 5.9
906 5.9
907 5.9
908 5.9
909 5.9
910 5.9
911 5.9
912 5.9
913 5.9
914 5.9
915 5.9
916 5.9
917 5.9
918 5.9
919 5.9
920 5.9
921 5.9
922 5.9
923 5.9
924 5.9
925 5.9
926 5.9
927 5.9
928 5.9
929 5.9
930 5.9
931 5.9
932 5.9
933 5.9
934 5.9
935 5.9
936 5.9
937 5.9
938 5.9
939 5.9
940 5.9
941 5.9
942 5.9
943 5.9
944 5.9
945 5.9
946 5.9
947 5.9
948 5.9
949 5.9
950 5.9
951 5.9
952 5.9
953 5.9
954 5.9
955 5.9
956 5.9
957 5.9
958 5.9
959 5.9
960 5.9
961 5.9
962 5.9
963 5.9
964 5.9
965 5.9
966 5.9
967 5.9
968 5.9
969 5.9
970 5.9
971 5.9
972 5.9
973 5.9
974 5.9
975 5.9
976 5.9
977 5.9
978 5.9
979 5.9
980 5.9
981 5.9
982 5.9
983 5.9
984 5.9
985 5.9
986 5.9
987 5.9
988 5.9
989 5.9
990 5.9
991 5.9
992 5.9
993 5.9
994 5.9
995 5.9
996 5.9
997 5.9
998 5.9
999 5.9
1000 5.9
1001 5.9
1002 5.9
1003 5.9
1004 5.9
1005 5.9
1006 5.9
1007 5.9
1008 5.9
1009 5.9
1010 5.9
1011 5.9
1012 5.9
1013 5.9
1014 5.9
1015 5.9
1016 5.9
1017 5.9
1018 5.9
1019 5.9
1020 5.9
1021 5.9
1022 5.9
1023 5.9
1024 5.9
1025 5.9
1026 5.9
1027 5.9
1028 5.9
1029 5.9
1030 5.9
1031 5.9
1032 5.9
1033 5.9
1034 5.9
1035 5.9
1036 5.9
1037 5.9
1038 5.9
1039 5.9
1040 5.9
1041 5.9
1042 5.9
1043 5.9
1044 5.9
1045 5.9
1046 5.9
1047 5.9
1048 5.9
1049 5.9
1050 5.9
1051 5.9
1052 5.9
1053 5.9
1054 5.9
1055 5.9
1056 5.9
1057 5.9
1058 5.9
1059 5.9
1060 5.9
1061 5.9
1062 5.9
1063 5.9
1064 5.9
1065 5.9
1066 5.9
1067 5.9
1068 5.9
1069 5.9
1070 5.9
1071 5.9
1072 5.9
1073 5.9
1074 5.9
1075 5.9
1076 5.9
1077 5.9
1078 5.9
1079 5.9
1080 5.9
1081 5.9
1082 5.9
1083 5.9
1084 5.9
1085 5.9
1086 5.9
1087 5.9
1088 5.9
1089 5.9
1090 5.9
1091 5.9
1092 5.9
1093 5.9
1094 5.9
1095 5.9
1096 5.9
1097 5.9
1098 5.9
1099 5.9
1100 5.9
1101 5.9
1102 5.9
1103 5.9
1104 5.9
1105 5.9
1106 5.9
1107 5.9
1108 5.9
1109 5.9
1110 5.9
1111 5.9
1112 5.9
1113 5.9
1114 5.9
1115 5.9
1116 5.9
1117 5.9
1118 5.9
1119 5.9
1120 5.9
1121 5.9
1122 5.9
1123 5.9
1124 5.9
1125 5.9
1126 5.9
1127 5.9
1128 5.9
1129 5.9
1130 5.9
1131 5.9
1132 5.9
1133 5.9
1134 5.9
1135 5.9
1136 5.9
1137 5.9
1138 5.9
1139 5.9
1140 5.9
1141 5.9
1142 5.9
1143 5.9
1144 5.9
1145 5.9
1146 5.9
1147 5.9
1148 5.9
1149 5.9
1150 5.9
1151 5.9
1152 5.9
1153 5.9
1154 5.9
1155 5.9
1156 5.9
1157 5.9
1158 5.9
1159 5.9
1160 5.9
1161 5.9
1162 5.9
1163 5.9
1164 5.9
1165 5.9
1166 5.9
1167 5.9
1168 5.9
1169 5.9
1170 5.9
1171 5.9
1172 5.9
1173 5.9
1174 5.9
1175 5.9
1176 5.9
1177 5.9
1178 5.9
1179 5.9
1180 5.9
1181 5.9
1182 5.9
1183 5.9
1184 5.9
1185 5.9
1186 5.9
1187 5.9
1188 5.9
1189 5.9
1190 5.9
1191 5.9
1192 5.9
1193 5.9
1194 5.9
1195 5.9
1196 5.9
1197 5.9
1198 5.9
1199 5.9
1200 5.9
1201 5.9
1202 5.9
1203 5.9
1204 5.9
1205 5.9
1206 5.9
1207 5.9
1208 5.9
1209 5.9
1210 5.9
1211 5.9
1212 5.9
1213 5.9
1214 5.933333333333334
1215 5.933333333333334
1216 5.933333333333334
1217 5.933333333333334
1218 5.933333333333334
1219 5.933333333333334
1220 5.933333333333334
1221 5.933333333333334
1222 5.933333333333334
1223 5.933333333333334
1224 5.933333333333334
1225 5.933333333333334
1226 5.933333333333334
1227 5.933333333333334
1228 5.933333333333334
1229 5.933333333333334
1230 5.933333333333334
1231 5.933333333333334
1232 5.933333333333334
1233 5.933333333333334
1234 5.933333333333334
1235 5.933333333333334
1236 5.933333333333334
1237 5.933333333333334
1238 5.933333333333334
1239 5.933333333333334
1240 5.933333333333334
1241 5.933333333333334
1242 5.933333333333334
1243 5.933333333333334
1244 5.933333333333334
1245 5.933333333333334
1246 5.933333333333334
1247 5.933333333333334
1248 5.933333333333334
1249 5.933333333333334
1250 5.933333333333334
1251 5.933333333333334
1252 5.933333333333334
1253 5.933333333333334
1254 5.933333333333334
1255 5.933333333333334
1256 5.933333333333334
1257 5.933333333333334
1258 5.933333333333334
1259 5.933333333333334
1260 5.933333333333334
1261 5.933333333333334
1262 5.933333333333334
1263 5.933333333333334
1264 5.933333333333334
1265 5.933333333333334
1266 5.933333333333334
1267 5.933333333333334
1268 5.933333333333334
1269 5.933333333333334
1270 5.933333333333334
1271 5.933333333333334
1272 5.933333333333334
1273 5.933333333333334
1274 5.933333333333334
1275 5.933333333333334
1276 5.933333333333334
1277 5.933333333333334
1278 5.933333333333334
1279 5.933333333333334
1280 5.933333333333334
1281 5.933333333333334
1282 5.933333333333334
1283 5.933333333333334
1284 5.933333333333334
1285 5.933333333333334
1286 5.933333333333334
1287 5.933333333333334
1288 5.933333333333334
1289 5.933333333333334
1290 5.933333333333334
1291 5.933333333333334
1292 5.933333333333334
1293 5.933333333333334
1294 5.933333333333334
1295 5.933333333333334
1296 5.933333333333334
1297 5.933333333333334
1298 5.933333333333334
1299 5.933333333333334
1300 5.933333333333334
1301 5.933333333333334
1302 5.933333333333334
1303 5.933333333333334
1304 5.933333333333334
1305 5.933333333333334
1306 5.933333333333334
1307 5.933333333333334
1308 5.933333333333334
1309 5.933333333333334
1310 5.933333333333334
1311 5.933333333333334
1312 5.933333333333334
1313 5.933333333333334
1314 5.933333333333334
1315 5.933333333333334
1316 5.933333333333334
1317 5.933333333333334
1318 5.933333333333334
1319 5.933333333333334
1320 5.933333333333334
1321 5.933333333333334
1322 5.933333333333334
1323 5.933333333333334
1324 5.933333333333334
1325 5.933333333333334
1326 5.933333333333334
1327 5.933333333333334
1328 5.933333333333334
1329 5.933333333333334
1330 5.933333333333334
1331 5.933333333333334
1332 5.933333333333334
1333 5.933333333333334
1334 5.933333333333334
1335 5.933333333333334
1336 5.933333333333334
1337 5.933333333333334
1338 5.933333333333334
1339 5.933333333333334
1340 5.933333333333334
1341 5.933333333333334
1342 5.933333333333334
1343 5.933333333333334
1344 5.933333333333334
1345 5.933333333333334
1346 5.933333333333334
1347 5.933333333333334
1348 5.933333333333334
1349 5.933333333333334
1350 5.933333333333334
1351 5.933333333333334
1352 5.933333333333334
1353 5.933333333333334
1354 5.933333333333334
1355 5.933333333333334
1356 5.933333333333334
1357 5.933333333333334
1358 5.933333333333334
1359 5.933333333333334
1360 5.933333333333334
1361 5.933333333333334
1362 5.933333333333334
1363 5.933333333333334
1364 5.933333333333334
1365 5.933333333333334
1366 5.933333333333334
1367 5.933333333333334
1368 5.933333333333334
1369 5.933333333333334
1370 5.933333333333334
1371 5.933333333333334
1372 5.933333333333334
1373 5.933333333333334
1374 5.933333333333334
1375 5.933333333333334
1376 5.933333333333334
1377 5.933333333333334
1378 5.933333333333334
1379 5.933333333333334
1380 5.933333333333334
1381 5.933333333333334
1382 5.933333333333334
1383 5.933333333333334
1384 5.933333333333334
1385 5.933333333333334
1386 5.933333333333334
1387 5.933333333333334
1388 5.933333333333334
1389 5.933333333333334
1390 5.933333333333334
1391 5.933333333333334
1392 5.933333333333334
1393 5.933333333333334
1394 5.933333333333334
1395 5.933333333333334
1396 5.933333333333334
1397 5.933333333333334
1398 5.933333333333334
1399 5.933333333333334
1400 5.933333333333334
1401 5.933333333333334
1402 5.933333333333334
1403 5.933333333333334
1404 5.933333333333334
1405 5.933333333333334
1406 5.933333333333334
1407 5.933333333333334
1408 5.933333333333334
1409 5.933333333333334
1410 5.933333333333334
1411 5.933333333333334
1412 5.933333333333334
1413 5.933333333333334
1414 5.933333333333334
1415 5.933333333333334
1416 5.933333333333334
1417 5.933333333333334
1418 5.933333333333334
1419 5.933333333333334
1420 5.933333333333334
1421 5.933333333333334
1422 5.933333333333334
1423 5.933333333333334
1424 5.933333333333334
1425 5.933333333333334
1426 5.933333333333334
1427 5.933333333333334
1428 5.933333333333334
1429 5.933333333333334
1430 5.933333333333334
1431 5.933333333333334
1432 5.933333333333334
1433 5.933333333333334
1434 5.933333333333334
1435 5.933333333333334
1436 5.933333333333334
1437 5.933333333333334
1438 5.933333333333334
1439 5.933333333333334
1440 5.933333333333334
1441 5.933333333333334
1442 5.933333333333334
1443 5.933333333333334
1444 5.933333333333334
1445 5.933333333333334
1446 5.933333333333334
1447 5.933333333333334
1448 5.933333333333334
1449 5.933333333333334
1450 5.933333333333334
1451 5.933333333333334
1452 5.933333333333334
1453 5.933333333333334
1454 5.933333333333334
1455 5.933333333333334
1456 5.933333333333334
1457 5.933333333333334
1458 5.933333333333334
1459 5.933333333333334
1460 5.933333333333334
1461 5.933333333333334
1462 5.933333333333334
1463 5.933333333333334
1464 5.933333333333334
1465 5.933333333333334
1466 5.933333333333334
1467 5.933333333333334
1468 5.933333333333334
1469 5.933333333333334
1470 5.933333333333334
1471 5.933333333333334
1472 5.933333333333334
1473 5.933333333333334
1474 5.933333333333334
1475 5.933333333333334
1476 5.933333333333334
1477 5.933333333333334
1478 5.933333333333334
1479 5.933333333333334
1480 5.933333333333334
1481 5.933333333333334
1482 5.933333333333334
1483 5.933333333333334
1484 5.966666666666667
1485 5.966666666666667
1486 5.966666666666667
1487 5.966666666666667
1488 5.966666666666667
1489 5.966666666666667
1490 5.966666666666667
1491 5.966666666666667
1492 5.966666666666667
1493 5.966666666666667
1494 5.966666666666667
1495 5.966666666666667
1496 5.966666666666667
1497 5.966666666666667
1498 5.966666666666667
1499 5.966666666666667
