0 0.018072916666666668
1 0.22434895833333332
2 0.36921875
3 0.42986979166666667
4 0.48463541666666665
5 0.4923958333333333
6 0.4633072916666667
7 0.46796875
8 0.5168229166666667
9 0.5558333333333333
10 0.5691927083333334
11 0.5739322916666667
12 0.584765625
13 0.6390364583333333
14 0.6429427083333333
15 0.6535416666666667
16 0.6663802083333333
17 0.6698177083333333
18 0.6690885416666666
19 0.675
20 0.67421875
21 0.6758854166666667
22 0.674765625
23 0.674296875
24 0.6760677083333333
25 0.6761979166666666
26 0.6787239583333333
27 0.679921875
28 0.6785416666666667
29 0.6819270833333333
30 0.6844010416666667
31 0.6848177083333333
32 0.6874479166666667
33 0.6883854166666666
34 0.687890625
35 0.6940104166666666
36 0.6940625
37 0.6919270833333333
38 0.6929427083333334
39 0.69390625
40 0.6930729166666667
41 0.694765625
42 0.68671875
43 0.6928385416666667
44 0.6997395833333333
45 0.6988541666666667
46 0.700234375
47 0.700234375
48 0.700078125
49 0.7001822916666667
50 0.700078125
51 0.7004166666666667
52 0.7026302083333333
53 0.7034635416666667
54 0.7047135416666667
55 0.7073697916666667
56 0.7102604166666666
57 0.7123958333333333
58 0.7175
59 0.7196354166666666
60 0.7259114583333334
61 0.7276822916666666
62 0.7276822916666666
63 0.7292447916666667
64 0.7292447916666667
65 0.7309375
66 0.7309375
67 0.7315625
68 0.7310677083333333
69 0.7329166666666667
70 0.7339583333333334
71 0.7346354166666667
72 0.7353645833333333
73 0.739609375
74 0.7390104166666667
75 0.7376822916666667
76 0.7364583333333333
77 0.7365364583333334
78 0.7377083333333333
79 0.7377083333333333
80 0.7386458333333333
81 0.7386458333333333
82 0.7386979166666666
83 0.7391666666666666
84 0.7394270833333333
85 0.73984375
86 0.740625
87 0.74171875
88 0.7423177083333333
89 0.7440885416666667
90 0.75
91 0.750078125
92 0.7501302083333333
93 0.7495572916666666
94 0.7508072916666667
95 0.7508072916666667
96 0.750546875
97 0.750546875
98 0.7494010416666667
99 0.7512760416666666
100 0.7512760416666666
101 0.751171875
102 0.751171875
103 0.75
104 0.7485416666666667
105 0.7498177083333334
106 0.7510416666666667
107 0.7514322916666667
108 0.7516927083333333
109 0.7517708333333334
110 0.75328125
111 0.7525260416666667
112 0.7525260416666667
113 0.7526822916666667
114 0.7526822916666667
115 0.75640625
116 0.7560416666666666
117 0.7571614583333334
118 0.7571614583333334
119 0.7571614583333334
120 0.7623177083333333
121 0.7623177083333333
122 0.7623177083333333
123 0.7623958333333334
124 0.761171875
125 0.761171875
126 0.7612760416666666
127 0.7612760416666666
128 0.7612760416666666
129 0.7612760416666666
130 0.7612760416666666
131 0.7633854166666667
132 0.7633854166666667
133 0.7633854166666667
134 0.7633854166666667
135 0.7697135416666666
136 0.7697395833333334
137 0.7671875
138 0.7671875
139 0.7671875
140 0.7672395833333333
141 0.7666145833333333
142 0.7666145833333333
143 0.7670833333333333
144 0.7660677083333334
145 0.7659895833333333
146 0.7666145833333333
147 0.771640625
148 0.771640625
149 0.771640625
150 0.771640625
151 0.77109375
152 0.77109375
153 0.77234375
154 0.7728125
155 0.7727083333333333
156 0.7727083333333333
157 0.7685416666666667
158 0.7685416666666667
159 0.7751041666666667
160 0.7747395833333334
161 0.7747395833333334
162 0.7747395833333334
163 0.7744270833333333
164 0.7744270833333333
165 0.7744270833333333
166 0.7744270833333333
167 0.7744270833333333
168 0.7746875
169 0.7747916666666667
170 0.7747916666666667
171 0.773515625
172 0.77453125
173 0.7745833333333333
174 0.7745833333333333
175 0.7746354166666667
176 0.7746354166666667
177 0.7746354166666667
178 0.7746354166666667
179 0.7746354166666667
180 0.77453125
181 0.7747916666666667
182 0.77625
183 0.7697395833333334
184 0.7755729166666666
185 0.7741666666666667
186 0.7741666666666667
187 0.775625
188 0.7769270833333334
189 0.7769270833333334
190 0.7769270833333334
191 0.7769270833333334
192 0.778203125
193 0.7773697916666666
194 0.7773697916666666
195 0.7762760416666666
196 0.7762760416666666
197 0.7762760416666666
198 0.7762760416666666
199 0.7762760416666666
