0 0.12853730667489682
1 0.13331414012222131
2 0.15242490235454748
3 0.1567959557140718
4 0.16440722787212586
5 0.17301446024538872
6 0.17846584452385308
7 0.1782046525084495
8 0.18422303592194184
9 0.19137872881780965
10 0.1922879715238973
11 0.19654891876094988
12 0.20188400531165285
13 0.20897304839414732
14 0.21437762085252898
15 0.21707815379838183
16 0.21850979981192187
17 0.22565944781374142
18 0.23382248010896214
19 0.23632911485699154
20 0.23972054146347327
21 0.24063621934370882
22 0.24063621934370882
23 0.24766339654277914
24 0.2483371355640424
25 0.24978284917776442
26 0.24991666821398087
27 0.25237287119957785
28 0.25369574687264884
29 0.25689936524639817
30 0.258124264758775
31 0.2585357431129786
32 0.2603976054253298
33 0.2600163065931553
34 0.26055066479708755
35 0.26138803246102216
36 0.2626611001855662
37 0.26290905896967326
38 0.2631484699658407
39 0.2642094000773428
40 0.265359007636191
41 0.267355236840596
42 0.26777047529763087
43 0.26780385120863537
44 0.26785309013869146
45 0.26943685540080947
46 0.2721340208793533
47 0.2731909992481674
48 0.274717322558385
49 0.277266732214926
50 0.27732739812085466
51 0.27732739812085466
52 0.2783983964271291
53 0.27976768223774295
54 0.2800035528133576
55 0.2809754152973931
56 0.28070336974827
57 0.28213371758377215
58 0.2824790443834556
59 0.2824790443834556
60 0.2828741927324702
61 0.28409453518406086
62 0.2842616291337263
63 0.2852073267165029
64 0.2855284974367353
65 0.28664925108637895
66 0.28664925108637895
67 0.28664925108637895
68 0.28664925108637895
69 0.28664925108637895
70 0.2889333040357089
71 0.2896291955905779
72 0.2896291955905779
73 0.2901044516214703
74 0.2914127810082568
75 0.29239642516229647
76 0.29246972240003355
77 0.29311592592379954
78 0.29439000425083584
79 0.29472924191184574
80 0.2954454156012496
81 0.2959230568493993
82 0.2959230568493993
83 0.2957233708267843
84 0.2957233708267843
85 0.2956787149906945
86 0.29640659171999734
87 0.29640659171999734
88 0.29640659171999734
89 0.2970712185618013
90 0.2970712185618013
91 0.29731126640227307
92 0.29731126640227307
93 0.29731126640227307
94 0.2977886304615391
95 0.2977886304615391
96 0.2980238893906021
97 0.2980238893906021
98 0.2980238893906021
99 0.2980936573817895
100 0.29792647946466744
101 0.29826330986935806
102 0.29826330986935806
103 0.29864993957841424
104 0.2989927376885182
105 0.29911940999461006
106 0.2994101481202383
107 0.2999272273031286
108 0.3013630227036993
109 0.3013630227036993
110 0.3013630227036993
111 0.3013630227036993
112 0.30170783903786
113 0.3019117692539541
114 0.3019117692539541
115 0.30240208280986774
116 0.30227454749189303
117 0.30227454749189303
118 0.30243710785843025
119 0.30243710785843025
120 0.30243710785843025
121 0.30243710785843025
122 0.30268071260619644
123 0.30268071260619644
124 0.30268071260619644
125 0.30268071260619644
126 0.30268071260619644
127 0.30268071260619644
128 0.30268071260619644
129 0.30268071260619644
130 0.303322530702692
131 0.3007642464101994
132 0.30085201278476553
133 0.30085201278476553
134 0.30085201278476553
135 0.3010280790017837
136 0.3010280790017837
137 0.3010280790017837
138 0.30097042993055495
139 0.30097042993055495
140 0.30097042993055495
141 0.30097042993055495
142 0.30097042993055495
143 0.30097042993055495
144 0.30097042993055495
145 0.30097042993055495
146 0.3011794627810005
147 0.30126881108788667
148 0.30126881108788667
149 0.30126881108788667
150 0.30126881108788667
151 0.30136720096082814
152 0.301487376162782
153 0.30155750353676974
154 0.30155750353676974
155 0.30155750353676974
156 0.30155750353676974
157 0.3021396986227713
158 0.3021396986227713
159 0.3021396986227713
160 0.30236997116549486
161 0.3023738599445667
162 0.3023738599445667
163 0.30259357273749543
164 0.3026920449560754
165 0.3026920449560754
166 0.3026920449560754
167 0.30274555567605227
168 0.30274555567605227
169 0.30274555567605227
170 0.30274555567605227
171 0.30274555567605227
172 0.30274555567605227
173 0.30274555567605227
174 0.30274555567605227
175 0.30274555567605227
176 0.30274555567605227
177 0.30274555567605227
178 0.30274555567605227
179 0.30274555567605227
180 0.30274555567605227
181 0.3027700875146692
182 0.3027700875146692
183 0.3027700875146692
184 0.30323878678961386
185 0.30323878678961386
186 0.30323878678961386
187 0.30323878678961386
188 0.3035498096522945
189 0.3035498096522945
190 0.3035498096522945
191 0.3035812394375711
192 0.3035537344315075
193 0.3035537344315075
194 0.3035537344315075
195 0.3035537344315075
196 0.3035537344315075
197 0.3035537344315075
198 0.3035537344315075
199 0.3035537344315075
200 0.3035537344315075
201 0.3035537344315075
202 0.3035537344315075
203 0.3035537344315075
204 0.3035537344315075
205 0.3035537344315075
206 0.3035537344315075
207 0.3035537344315075
208 0.3035418201451869
209 0.3035418201451869
210 0.3035418201451869
211 0.30369756528072006
212 0.30369756528072006
213 0.30369756528072006
214 0.30406647353562416
215 0.30406647353562416
216 0.30406647353562416
217 0.30406647353562416
218 0.30406647353562416
219 0.30406647353562416
220 0.30406647353562416
221 0.30406647353562416
222 0.3012038574022102
223 0.30152751104185116
224 0.30152751104185116
225 0.30152751104185116
226 0.30152751104185116
227 0.30152751104185116
228 0.30152751104185116
229 0.3016644991968277
230 0.3016644991968277
231 0.3016644991968277
232 0.3016644991968277
233 0.30174169535420237
234 0.3017972432063416
235 0.3017972432063416
236 0.3017548941200059
237 0.3017548941200059
238 0.3017548941200059
239 0.3017548941200059
240 0.3017548941200059
241 0.3017548941200059
242 0.3017548941200059
243 0.3017548941200059
244 0.3017548941200059
245 0.3017548941200059
246 0.3018814005137499
247 0.30147253523204465
248 0.3014405864963127
249 0.30180908985777294
250 0.30180908985777294
251 0.30180908985777294
252 0.30180908985777294
253 0.30206072617852636
254 0.30206072617852636
255 0.30206072617852636
256 0.30206072617852636
257 0.30206072617852636
258 0.30206072617852636
259 0.30206072617852636
260 0.30206072617852636
261 0.30206072617852636
262 0.30206072617852636
263 0.30206072617852636
264 0.30206072617852636
265 0.30206072617852636
266 0.30206602777659985
267 0.30206602777659985
268 0.30206602777659985
269 0.30206602777659985
270 0.30206602777659985
271 0.30206602777659985
272 0.30206602777659985
273 0.30206602777659985
274 0.3024812954894118
275 0.3024812954894118
276 0.3024812954894118
277 0.3024812954894118
278 0.3024812954894118
279 0.3024812954894118
280 0.3024812954894118
281 0.3024812954894118
282 0.3024812954894118
283 0.3024812954894118
284 0.3024812954894118
285 0.3024812954894118
286 0.3024812954894118
287 0.3024812954894118
288 0.3024812954894118
289 0.3024812954894118
290 0.3024812954894118
291 0.3024812954894118
292 0.3024812954894118
293 0.3024812954894118
294 0.3024812954894118
295 0.3024812954894118
296 0.3035944367105625
297 0.3035944367105625
298 0.3035944367105625
299 0.3035944367105625
300 0.3035944367105625
301 0.3035944367105625
302 0.3035944367105625
303 0.3035944367105625
304 0.3035944367105625
305 0.3035944367105625
306 0.3035944367105625
307 0.3034206260750859
308 0.3034206260750859
309 0.3034206260750859
310 0.3034206260750859
311 0.30346387034478944
312 0.30342600148124316
313 0.30342600148124316
314 0.30342600148124316
315 0.30342600148124316
316 0.30342600148124316
317 0.3034561155162177
318 0.3034561155162177
319 0.3029918208763011
320 0.3029662055917718
321 0.3029662055917718
322 0.3029662055917718
323 0.3029662055917718
324 0.3029662055917718
325 0.3029662055917718
326 0.3029662055917718
327 0.3029662055917718
328 0.3029662055917718
329 0.3029662055917718
330 0.3029662055917718
331 0.3029662055917718
332 0.3029662055917718
333 0.3029175498246621
334 0.3029175498246621
335 0.3029175498246621
336 0.3029175498246621
337 0.3029175498246621
338 0.3029175498246621
339 0.3029175498246621
340 0.3029175498246621
341 0.3029175498246621
342 0.30293365399455585
343 0.30293365399455585
344 0.30309209224076344
345 0.30309209224076344
346 0.302609196951427
347 0.302609196951427
348 0.3026143071446448
349 0.3026143071446448
350 0.3026143071446448
351 0.3027312508563464
352 0.3027312508563464
353 0.3027312508563464
354 0.3025065278615702
355 0.3022271792799199
356 0.3022271792799199
357 0.3022271792799199
358 0.3022271792799199
359 0.301895734542806
360 0.301895734542806
361 0.301895734542806
362 0.301895734542806
363 0.301895734542806
364 0.301895734542806
365 0.301895734542806
366 0.3018384064999622
367 0.3021238638560593
368 0.3021238638560593
369 0.3021238638560593
370 0.3021238638560593
371 0.3021238638560593
372 0.3021238638560593
373 0.3021409104428495
374 0.3032684755452003
375 0.3032684755452003
376 0.3032684755452003
377 0.3032684755452003
378 0.3032684755452003
379 0.3032684755452003
380 0.303262851256073
381 0.303262851256073
382 0.303262851256073
383 0.303262851256073
384 0.303262851256073
385 0.303262851256073
386 0.303262851256073
387 0.303262851256073
388 0.30280927733133467
389 0.30280927733133467
390 0.30280927733133467
391 0.30280927733133467
392 0.30280927733133467
393 0.3028738789145392
394 0.3028738789145392
395 0.3028738789145392
396 0.3028738789145392
397 0.3028738789145392
398 0.3029254605485171
399 0.3029254605485171
400 0.3043004059549691
401 0.3043004059549691
402 0.3043004059549691
403 0.3043004059549691
404 0.30432542189604067
405 0.30508998791830905
406 0.30508998791830905
407 0.30508998791830905
408 0.30508998791830905
409 0.30508998791830905
410 0.30508998791830905
411 0.305899254817824
412 0.305899254817824
413 0.305899254817824
414 0.305899254817824
415 0.305899254817824
416 0.305899254817824
417 0.305899254817824
418 0.30560555965962877
419 0.30560555965962877
420 0.30560555965962877
421 0.30529895729628703
422 0.30529895729628703
423 0.30529895729628703
424 0.30529895729628703
425 0.30529895729628703
426 0.30529895729628703
427 0.30529895729628703
428 0.30529895729628703
429 0.30529895729628703
430 0.30529895729628703
431 0.30529895729628703
432 0.30529895729628703
433 0.30529895729628703
434 0.30529895729628703
435 0.30529895729628703
436 0.30529895729628703
437 0.30529895729628703
438 0.30529895729628703
439 0.30529895729628703
440 0.30529895729628703
441 0.30529895729628703
442 0.3054325522313828
443 0.30562407346392495
444 0.30562407346392495
445 0.30656632032211856
446 0.30656632032211856
447 0.30656632032211856
448 0.30656632032211856
449 0.30656632032211856
450 0.30656632032211856
451 0.30656632032211856
452 0.30656632032211856
453 0.30656632032211856
454 0.30656632032211856
455 0.30656632032211856
456 0.30656632032211856
457 0.30656632032211856
458 0.30656632032211856
459 0.30656632032211856
460 0.30656632032211856
461 0.30656632032211856
462 0.30656632032211856
463 0.30656632032211856
464 0.30656632032211856
465 0.30656888805271837
466 0.30656888805271837
467 0.30656888805271837
468 0.30656888805271837
469 0.30656888805271837
470 0.30656888805271837
471 0.30656888805271837
472 0.30656888805271837
473 0.30656888805271837
474 0.30656888805271837
475 0.30656888805271837
476 0.30656888805271837
477 0.30656888805271837
478 0.30656888805271837
479 0.30656888805271837
480 0.30656888805271837
481 0.30656888805271837
482 0.30656888805271837
483 0.30656888805271837
484 0.30656888805271837
485 0.30656888805271837
486 0.3063040125311085
487 0.3063040125311085
488 0.3063040125311085
489 0.3063040125311085
490 0.3063040125311085
491 0.3063662738496629
492 0.3063662738496629
493 0.3063662738496629
494 0.3063662738496629
495 0.3063662738496629
496 0.3063662738496629
497 0.3076770603128414
498 0.3076770603128414
499 0.3076770603128414
500 0.3076770603128414
501 0.3076770603128414
502 0.3076770603128414
503 0.3076770603128414
504 0.3076770603128414
505 0.3076770603128414
506 0.3076770603128414
507 0.3076770603128414
508 0.3076770603128414
509 0.3076770603128414
510 0.3076770603128414
511 0.3076770603128414
512 0.3076770603128414
513 0.3076770603128414
514 0.3076770603128414
515 0.3076770603128414
516 0.3076770603128414
517 0.3076770603128414
518 0.3076770603128414
519 0.3076770603128414
520 0.3076770603128414
521 0.3076770603128414
522 0.3076770603128414
523 0.3076770603128414
524 0.3076770603128414
525 0.3076770603128414
526 0.3076770603128414
527 0.3076770603128414
528 0.3076770603128414
529 0.3076770603128414
530 0.3076770603128414
531 0.3076770603128414
532 0.3076770603128414
533 0.3076770603128414
534 0.3076770603128414
535 0.3076770603128414
536 0.3076770603128414
537 0.3076770603128414
538 0.3076770603128414
539 0.30802368709768396
540 0.30802368709768396
541 0.30802368709768396
542 0.30802368709768396
543 0.30802368709768396
544 0.30802368709768396
545 0.30802368709768396
546 0.30802368709768396
547 0.30802368709768396
548 0.30802368709768396
549 0.30802368709768396
550 0.30802368709768396
551 0.30802368709768396
552 0.30802368709768396
553 0.30802368709768396
554 0.30802368709768396
555 0.30802368709768396
556 0.30802368709768396
557 0.30802368709768396
558 0.30802368709768396
559 0.30802368709768396
560 0.30802368709768396
561 0.30802368709768396
562 0.30802368709768396
563 0.30802368709768396
564 0.30802368709768396
565 0.30802368709768396
566 0.30802368709768396
567 0.30802368709768396
568 0.30802368709768396
569 0.30802368709768396
570 0.30802368709768396
571 0.30802368709768396
572 0.30802609463896186
573 0.30802609463896186
574 0.30802609463896186
575 0.30802609463896186
576 0.30802609463896186
577 0.30802609463896186
578 0.30802609463896186
579 0.30802609463896186
580 0.30802609463896186
581 0.30802609463896186
582 0.30802609463896186
583 0.30802609463896186
584 0.30802609463896186
585 0.30802609463896186
586 0.30802609463896186
587 0.30802609463896186
588 0.30802609463896186
589 0.30802609463896186
590 0.30802609463896186
591 0.30802609463896186
592 0.30802609463896186
593 0.30802609463896186
594 0.30802609463896186
595 0.3094003472986859
596 0.3094003472986859
597 0.3094003472986859
598 0.3094003472986859
599 0.3094003472986859
600 0.3094003472986859
601 0.3094003472986859
602 0.3094003472986859
603 0.3094003472986859
604 0.3094003472986859
605 0.3094003472986859
606 0.3094003472986859
607 0.3094003472986859
608 0.3094003472986859
609 0.3094003472986859
610 0.3094003472986859
611 0.3094003472986859
612 0.3094003472986859
613 0.3094003472986859
614 0.3094003472986859
615 0.3094003472986859
616 0.3094003472986859
617 0.3094003472986859
618 0.3094003472986859
619 0.3094003472986859
620 0.3094003472986859
621 0.3090559403536039
622 0.3090559403536039
623 0.3090559403536039
624 0.3090559403536039
625 0.3090559403536039
626 0.3090559403536039
627 0.3090559403536039
628 0.3090559403536039
629 0.3090559403536039
630 0.3090559403536039
631 0.3090559403536039
632 0.3090559403536039
633 0.3090559403536039
634 0.3090559403536039
635 0.3090559403536039
636 0.3090559403536039
637 0.3090559403536039
638 0.3090559403536039
639 0.3090559403536039
640 0.3090559403536039
641 0.3090559403536039
642 0.3090559403536039
643 0.3090559403536039
644 0.3090559403536039
645 0.3090559403536039
646 0.3090559403536039
647 0.3090559403536039
648 0.3090559403536039
649 0.3090559403536039
650 0.3090559403536039
651 0.3090559403536039
652 0.3090559403536039
653 0.3090559403536039
654 0.3090559403536039
655 0.3090559403536039
656 0.3090559403536039
657 0.3090559403536039
658 0.3090559403536039
659 0.3090559403536039
660 0.3090559403536039
661 0.3090559403536039
662 0.3090559403536039
663 0.3090559403536039
664 0.3090559403536039
665 0.3090559403536039
666 0.3090559403536039
667 0.3090559403536039
668 0.3090559403536039
669 0.3090559403536039
670 0.3090559403536039
671 0.3090559403536039
672 0.3090559403536039
673 0.3090559403536039
674 0.3090559403536039
675 0.3090559403536039
676 0.3090559403536039
677 0.3090559403536039
678 0.3090559403536039
679 0.3090559403536039
680 0.3090559403536039
681 0.3090559403536039
682 0.3053461786896285
683 0.3053461786896285
684 0.3053461786896285
685 0.3053461786896285
686 0.3053461786896285
687 0.3053461786896285
688 0.3053461786896285
689 0.3053461786896285
690 0.3053461786896285
691 0.3053461786896285
692 0.3053461786896285
693 0.3053461786896285
694 0.3053461786896285
695 0.3053461786896285
696 0.3053461786896285
697 0.3053461786896285
698 0.3053461786896285
699 0.3053461786896285
700 0.3053461786896285
701 0.3053461786896285
702 0.3053461786896285
703 0.3053461786896285
704 0.3053461786896285
705 0.3053461786896285
706 0.3053461786896285
707 0.3053461786896285
708 0.3053461786896285
709 0.3053461786896285
710 0.3053461786896285
711 0.3053461786896285
712 0.3053461786896285
713 0.3053461786896285
714 0.3053461786896285
715 0.3053461786896285
716 0.3053461786896285
717 0.3053461786896285
718 0.3053461786896285
719 0.3053461786896285
720 0.30043448031168285
721 0.30043448031168285
722 0.30043448031168285
723 0.30043448031168285
724 0.30043448031168285
725 0.30043448031168285
726 0.30043448031168285
727 0.30043448031168285
728 0.30043448031168285
729 0.30097042677547675
730 0.30097042677547675
731 0.30097042677547675
732 0.30097042677547675
733 0.30097042677547675
734 0.30097042677547675
735 0.30097042677547675
736 0.30097042677547675
737 0.30097042677547675
738 0.30097042677547675
739 0.30097042677547675
740 0.3011088344984125
741 0.3011088344984125
742 0.3011088344984125
743 0.3011088344984125
744 0.3011088344984125
745 0.3011088344984125
746 0.3011088344984125
747 0.3011088344984125
748 0.3011088344984125
749 0.3011088344984125
750 0.3011088344984125
751 0.3011088344984125
752 0.3011088344984125
753 0.3011088344984125
754 0.3011088344984125
755 0.3011088344984125
756 0.3011088344984125
757 0.3011088344984125
758 0.3011088344984125
759 0.3011088344984125
760 0.3011088344984125
761 0.3011088344984125
762 0.3011088344984125
763 0.3011088344984125
764 0.3011088344984125
765 0.3011088344984125
766 0.3011088344984125
767 0.3011088344984125
768 0.3011088344984125
769 0.3011088344984125
770 0.3011088344984125
771 0.3011088344984125
772 0.3011088344984125
773 0.3011088344984125
774 0.3011088344984125
775 0.3011088344984125
776 0.3011088344984125
777 0.3011088344984125
778 0.3011088344984125
779 0.3011088344984125
780 0.3011088344984125
781 0.3011088344984125
782 0.3011088344984125
783 0.3011088344984125
784 0.3011088344984125
785 0.3011088344984125
786 0.3011088344984125
787 0.3011088344984125
788 0.3011088344984125
789 0.3011088344984125
790 0.3011088344984125
791 0.3011088344984125
792 0.3011088344984125
793 0.3011088344984125
794 0.3011088344984125
795 0.3011088344984125
796 0.3011088344984125
797 0.3011088344984125
798 0.3011088344984125
799 0.3011088344984125
800 0.3011088344984125
801 0.3011088344984125
802 0.3011088344984125
803 0.3011088344984125
804 0.3011088344984125
805 0.3011088344984125
806 0.3011088344984125
807 0.3011088344984125
808 0.3011088344984125
809 0.3011088344984125
810 0.3011088344984125
811 0.3011088344984125
812 0.3011088344984125
813 0.3011088344984125
814 0.3011088344984125
815 0.3011088344984125
816 0.3011088344984125
817 0.3011088344984125
818 0.3011088344984125
819 0.3011088344984125
820 0.3011088344984125
821 0.3011088344984125
822 0.3011088344984125
823 0.3011088344984125
824 0.3011088344984125
825 0.3011088344984125
826 0.3011088344984125
827 0.3011088344984125
828 0.3011088344984125
829 0.3011088344984125
830 0.3011088344984125
831 0.3011088344984125
832 0.3011088344984125
833 0.3011088344984125
834 0.3011088344984125
835 0.3011088344984125
836 0.3011088344984125
837 0.3011088344984125
838 0.3011088344984125
839 0.3011088344984125
840 0.3011088344984125
841 0.3011088344984125
842 0.3011088344984125
843 0.3011088344984125
844 0.3011088344984125
845 0.3011088344984125
846 0.3011088344984125
847 0.3011088344984125
848 0.3011088344984125
849 0.3011088344984125
850 0.3011088344984125
851 0.3011088344984125
852 0.3011088344984125
853 0.3011088344984125
854 0.3011088344984125
855 0.3011088344984125
856 0.3011088344984125
857 0.3011088344984125
858 0.3011088344984125
859 0.3011088344984125
860 0.3011088344984125
861 0.3011088344984125
862 0.3011088344984125
863 0.3011088344984125
864 0.3011088344984125
865 0.3011088344984125
866 0.3011088344984125
867 0.3011088344984125
868 0.3011088344984125
869 0.3011088344984125
870 0.3011088344984125
871 0.3011088344984125
872 0.3011088344984125
873 0.3011088344984125
874 0.3011088344984125
875 0.3011088344984125
876 0.3011088344984125
877 0.3011088344984125
878 0.3011088344984125
879 0.3011088344984125
880 0.3011088344984125
881 0.3011088344984125
882 0.30205352308244554
883 0.30205352308244554
884 0.30205352308244554
885 0.30205352308244554
886 0.30205352308244554
887 0.30205352308244554
888 0.30205352308244554
889 0.30205352308244554
890 0.30205352308244554
891 0.30205352308244554
892 0.30205352308244554
893 0.30205352308244554
894 0.30205352308244554
895 0.30205352308244554
896 0.30205352308244554
897 0.30205352308244554
898 0.30205352308244554
899 0.30205352308244554
900 0.30205352308244554
901 0.30205352308244554
902 0.30205352308244554
903 0.30205352308244554
904 0.30205352308244554
905 0.30205352308244554
906 0.30205352308244554
907 0.30205352308244554
908 0.3025810133800666
909 0.3025810133800666
910 0.3025810133800666
911 0.3025810133800666
912 0.3025810133800666
913 0.3025810133800666
914 0.3025810133800666
915 0.3025810133800666
916 0.3025810133800666
917 0.3025810133800666
918 0.3025810133800666
919 0.3025810133800666
920 0.3025810133800666
921 0.3025810133800666
922 0.3025810133800666
923 0.3025810133800666
924 0.3025810133800666
925 0.3025810133800666
926 0.3025810133800666
927 0.3025810133800666
928 0.3025810133800666
929 0.3025810133800666
930 0.3025810133800666
931 0.3025810133800666
932 0.3025810133800666
933 0.3025810133800666
934 0.3025810133800666
935 0.3025810133800666
936 0.3025810133800666
937 0.3025810133800666
938 0.3025810133800666
939 0.3025810133800666
940 0.3025810133800666
941 0.3025810133800666
942 0.3025810133800666
943 0.3025810133800666
944 0.3025810133800666
945 0.3025810133800666
946 0.3025810133800666
947 0.3025810133800666
948 0.3025810133800666
949 0.3025810133800666
950 0.3025810133800666
951 0.3025810133800666
952 0.3025810133800666
953 0.3025810133800666
954 0.3025810133800666
955 0.3025810133800666
956 0.3025810133800666
957 0.3025810133800666
958 0.3025810133800666
959 0.3025810133800666
960 0.3025810133800666
961 0.3025810133800666
962 0.3025810133800666
963 0.3025810133800666
964 0.3025810133800666
965 0.3025810133800666
966 0.3025810133800666
967 0.3025810133800666
968 0.3025810133800666
969 0.3025810133800666
970 0.3025810133800666
971 0.3025810133800666
972 0.3025810133800666
973 0.3025810133800666
974 0.3025810133800666
975 0.3025810133800666
976 0.3025810133800666
977 0.3025810133800666
978 0.3025810133800666
979 0.3025810133800666
980 0.3025810133800666
981 0.3025810133800666
982 0.3025810133800666
983 0.3025810133800666
984 0.3025810133800666
985 0.3025810133800666
986 0.3025810133800666
987 0.3025810133800666
988 0.3025810133800666
989 0.3025810133800666
990 0.3025810133800666
991 0.3025810133800666
992 0.3025810133800666
993 0.3025810133800666
994 0.3025810133800666
995 0.3025810133800666
996 0.3025810133800666
997 0.3025810133800666
998 0.3025810133800666
999 0.3025810133800666
