0 0.42846179735570694
1 0.42846179735570694
2 0.6151151171835995
3 0.6151151171835995
4 0.6151151171835995
5 0.6151151171835995
6 0.6151151171835995
7 0.6581702354774014
8 0.6581702354774014
9 0.6581702354774014
10 0.6581702354774014
11 0.6581702354774014
12 0.6581702354774014
13 0.6581702354774014
14 0.6581702354774014
15 0.6581702354774014
16 0.6581702354774014
17 0.6581702354774014
18 0.684147115248792
19 0.684147115248792
20 0.684147115248792
21 0.684147115248792
22 0.684147115248792
23 0.684147115248792
24 0.684147115248792
25 0.684147115248792
26 0.684147115248792
27 0.684147115248792
28 0.684147115248792
29 0.684147115248792
30 0.6886898915116132
31 0.6886898915116132
32 0.6886898915116132
33 0.6886898915116132
34 0.6886898915116132
35 0.6886898915116132
36 0.6886898915116132
37 0.6886898915116132
38 0.6886898915116132
39 0.6886898915116132
40 0.6886898915116132
41 0.6886898915116132
42 0.6886898915116132
43 0.6886898915116132
44 0.6886898915116132
45 0.6886898915116132
46 0.6886898915116132
47 0.6886898915116132
48 0.6886898915116132
49 0.6886898915116132
50 0.6894932794921413
51 0.6894932794921413
52 0.6894932794921413
53 0.6894932794921413
54 0.6894932794921413
55 0.6894932794921413
56 0.6894932794921413
57 0.6899468053215031
58 0.6920288175217761
59 0.6920288175217761
60 0.6920288175217761
61 0.6920288175217761
62 0.6920288175217761
63 0.6920288175217761
64 0.6920288175217761
65 0.6920288175217761
66 0.6920288175217761
67 0.6920288175217761
68 0.6920288175217761
69 0.6920288175217761
70 0.6920288175217761
71 0.6924540753266724
72 0.6924540753266724
73 0.6924540753266724
74 0.6924540753266724
75 0.6924540753266724
76 0.6924540753266724
77 0.6924540753266724
78 0.6924540753266724
79 0.6924540753266724
80 0.6924540753266724
81 0.6924540753266724
82 0.6924540753266724
83 0.6924540753266724
84 0.6924540753266724
85 0.6924540753266724
86 0.6924540753266724
87 0.6924540753266724
88 0.6924540753266724
89 0.6924540753266724
90 0.6924540753266724
91 0.6924540753266724
92 0.6924540753266724
93 0.6924540753266724
94 0.6924540753266724
95 0.6924540753266724
96 0.6924540753266724
97 0.6928088978118656
98 0.6928088978118656
99 0.6928088978118656
100 0.6928088978118656
101 0.6928088978118656
102 0.6928088978118656
103 0.6928088978118656
104 0.6928088978118656
105 0.6928088978118656
106 0.6928088978118656
107 0.6928088978118656
108 0.6928088978118656
109 0.6928088978118656
110 0.6928088978118656
111 0.6928088978118656
112 0.6928088978118656
113 0.6928088978118656
114 0.6928088978118656
115 0.6928088978118656
116 0.6928088978118656
117 0.6928088978118656
118 0.6928088978118656
119 0.6928088978118656
120 0.6928088978118656
121 0.6928088978118656
122 0.6928088978118656
123 0.6928088978118656
124 0.6928088978118656
125 0.6928088978118656
126 0.6928088978118656
127 0.6928088978118656
128 0.6928088978118656
129 0.6928088978118656
130 0.6933878922242783
131 0.6933878922242783
132 0.6933878922242783
133 0.6933878922242783
134 0.6933878922242783
135 0.6933878922242783
136 0.6933878922242783
137 0.6933878922242783
138 0.6933878922242783
139 0.6933878922242783
140 0.6933878922242783
141 0.6933878922242783
142 0.6933878922242783
143 0.6933878922242783
144 0.6933878922242783
145 0.6933878922242783
146 0.6933878922242783
147 0.6933878922242783
148 0.6933878922242783
149 0.6933878922242783
150 0.6933878922242783
151 0.6933878922242783
152 0.6933878922242783
153 0.6933878922242783
154 0.6933878922242783
155 0.6933878922242783
156 0.6933878922242783
157 0.6933878922242783
158 0.6933878922242783
159 0.6933878922242783
160 0.6933878922242783
161 0.6933878922242783
162 0.6933878922242783
163 0.6933878922242783
164 0.6933878922242783
165 0.6933878922242783
166 0.6933878922242783
167 0.6933878922242783
168 0.6933878922242783
169 0.6933878922242783
170 0.6933878922242783
171 0.6933878922242783
172 0.6933878922242783
173 0.6933878922242783
174 0.6933878922242783
175 0.6933878922242783
176 0.6933878922242783
177 0.6933878922242783
178 0.6933878922242783
179 0.6933878922242783
180 0.6933878922242783
181 0.6933878922242783
182 0.6933878922242783
183 0.6933878922242783
184 0.6933878922242783
185 0.6933878922242783
186 0.6933878922242783
187 0.6933878922242783
188 0.6933878922242783
189 0.6933878922242783
190 0.6933878922242783
191 0.6933878922242783
192 0.6933878922242783
193 0.6933878922242783
194 0.6933878922242783
195 0.6933878922242783
196 0.6933878922242783
197 0.6933878922242783
198 0.6933878922242783
199 0.6933878922242783
200 0.6933878922242783
201 0.6933878922242783
202 0.6933878922242783
203 0.6933878922242783
204 0.6933878922242783
205 0.6933878922242783
206 0.6933878922242783
207 0.6933878922242783
208 0.6933878922242783
209 0.6933878922242783
210 0.6933878922242783
211 0.6933878922242783
212 0.6933878922242783
213 0.6933878922242783
214 0.6933878922242783
215 0.6933878922242783
216 0.6933878922242783
217 0.6933878922242783
218 0.6933878922242783
219 0.6933878922242783
220 0.6933878922242783
221 0.6933878922242783
222 0.6933878922242783
223 0.6933878922242783
224 0.6933878922242783
225 0.6933878922242783
226 0.6933878922242783
227 0.6933878922242783
228 0.6933878922242783
229 0.6933878922242783
230 0.6933878922242783
231 0.6933878922242783
232 0.6933878922242783
233 0.6933878922242783
234 0.6933878922242783
235 0.6933878922242783
236 0.6933878922242783
237 0.6933878922242783
238 0.6933878922242783
239 0.6933878922242783
240 0.6933878922242783
241 0.6933878922242783
242 0.6933878922242783
243 0.6933878922242783
244 0.6933878922242783
245 0.6933878922242783
246 0.6933878922242783
247 0.6933878922242783
248 0.6937219755028022
249 0.6937219755028022
250 0.6937219755028022
251 0.6937219755028022
252 0.6937219755028022
253 0.6937219755028022
254 0.6937219755028022
255 0.6937219755028022
256 0.6937219755028022
257 0.6937219755028022
258 0.6937219755028022
259 0.6937219755028022
260 0.6937219755028022
261 0.6937219755028022
262 0.6937219755028022
263 0.6937219755028022
264 0.6937219755028022
265 0.6937219755028022
266 0.6937219755028022
267 0.6937219755028022
268 0.6937219755028022
269 0.6937219755028022
270 0.6937219755028022
271 0.6937219755028022
272 0.6937219755028022
273 0.6937219755028022
274 0.6937219755028022
275 0.6937219755028022
276 0.6937219755028022
277 0.6937219755028022
278 0.6937219755028022
279 0.6937219755028022
280 0.6937219755028022
281 0.6937219755028022
282 0.6937219755028022
283 0.6937219755028022
284 0.6937219755028022
285 0.6937219755028022
286 0.6937219755028022
287 0.6937219755028022
288 0.6937219755028022
289 0.6937219755028022
290 0.6937219755028022
291 0.6937219755028022
292 0.6937219755028022
293 0.6937219755028022
294 0.6937219755028022
295 0.6937219755028022
296 0.6937219755028022
297 0.6937219755028022
298 0.6937219755028022
299 0.6937219755028022
300 0.6937219755028022
301 0.6937219755028022
302 0.6937219755028022
303 0.6937219755028022
304 0.6937219755028022
305 0.6937219755028022
306 0.6937219755028022
307 0.6937219755028022
308 0.6937219755028022
309 0.6937219755028022
310 0.6937219755028022
311 0.6937219755028022
312 0.6937219755028022
313 0.6937219755028022
314 0.6937219755028022
315 0.6937219755028022
316 0.6937219755028022
317 0.6937219755028022
318 0.6937219755028022
319 0.6937219755028022
320 0.6937219755028022
321 0.6937219755028022
322 0.6937219755028022
323 0.6937219755028022
324 0.6937219755028022
325 0.6937219755028022
326 0.6937219755028022
327 0.6937219755028022
328 0.6937219755028022
329 0.6937219755028022
330 0.6937219755028022
331 0.6937219755028022
332 0.6937219755028022
333 0.6937219755028022
334 0.6937219755028022
335 0.6937219755028022
336 0.6937219755028022
337 0.6937219755028022
338 0.6937219755028022
339 0.6937219755028022
340 0.6937219755028022
341 0.6937219755028022
342 0.6937219755028022
343 0.6937219755028022
344 0.7364892535690313
345 0.7364892535690313
346 0.7364892535690313
347 0.7364892535690313
348 0.7364892535690313
349 0.7364892535690313
350 0.7364892535690313
351 0.7364892535690313
352 0.7364892535690313
353 0.7364892535690313
354 0.7364892535690313
355 0.7364892535690313
356 0.7364892535690313
357 0.7364892535690313
358 0.7364892535690313
359 0.7364892535690313
360 0.7364892535690313
361 0.7364892535690313
362 0.7364892535690313
363 0.7364892535690313
364 0.7364892535690313
365 0.7364892535690313
366 0.7364892535690313
367 0.7364892535690313
368 0.7364892535690313
369 0.7364892535690313
370 0.7364892535690313
371 0.7364892535690313
372 0.7364892535690313
373 0.7364892535690313
374 0.7364892535690313
375 0.7364892535690313
376 0.7364892535690313
377 0.7364892535690313
378 0.7364892535690313
379 0.7364892535690313
380 0.7364892535690313
381 0.7364892535690313
382 0.7364892535690313
383 0.7364892535690313
384 0.7364892535690313
385 0.7364892535690313
386 0.7364892535690313
387 0.7364892535690313
388 0.7364892535690313
389 0.7364892535690313
390 0.7364892535690313
391 0.7364892535690313
392 0.7364892535690313
393 0.7364892535690313
394 0.7364892535690313
395 0.7364892535690313
396 0.7364892535690313
397 0.7364892535690313
398 0.7364892535690313
399 0.7364892535690313
400 0.7364892535690313
401 0.7364892535690313
402 0.7364892535690313
403 0.7364892535690313
404 0.7364892535690313
405 0.7364892535690313
406 0.7364892535690313
407 0.7364892535690313
408 0.7364892535690313
409 0.7364892535690313
410 0.7364892535690313
411 0.7364892535690313
412 0.7364892535690313
413 0.7364892535690313
414 0.7364892535690313
415 0.7364892535690313
416 0.7364892535690313
417 0.7364892535690313
418 0.7364892535690313
419 0.7364892535690313
420 0.7364892535690313
421 0.7364892535690313
422 0.7364892535690313
423 0.7364892535690313
424 0.7364892535690313
425 0.7364892535690313
426 0.7364892535690313
427 0.7364892535690313
428 0.7364892535690313
429 0.7364892535690313
430 0.7364892535690313
431 0.7364892535690313
432 0.7364892535690313
433 0.7364892535690313
434 0.7364892535690313
435 0.7364892535690313
436 0.7364892535690313
437 0.7364892535690313
438 0.7364892535690313
439 0.7364892535690313
440 0.7364892535690313
441 0.7364892535690313
442 0.7364892535690313
443 0.7364892535690313
444 0.7364892535690313
445 0.7364892535690313
446 0.7364892535690313
447 0.7364892535690313
448 0.7364892535690313
449 0.7364892535690313
450 0.7364892535690313
451 0.7364892535690313
452 0.7364892535690313
453 0.7364892535690313
454 0.7364892535690313
455 0.7364892535690313
456 0.7364892535690313
457 0.7364892535690313
458 0.7364892535690313
459 0.7364892535690313
460 0.7364892535690313
461 0.7364892535690313
462 0.7364892535690313
463 0.7364892535690313
464 0.7364892535690313
465 0.7364892535690313
466 0.7364892535690313
467 0.7364892535690313
468 0.7364892535690313
469 0.7364892535690313
470 0.7364892535690313
471 0.7364892535690313
472 0.7364892535690313
473 0.7364892535690313
474 0.7364892535690313
475 0.7364892535690313
476 0.7364892535690313
477 0.7364892535690313
478 0.7364892535690313
479 0.7364892535690313
480 0.7364892535690313
481 0.7364892535690313
482 0.7364892535690313
483 0.7364892535690313
484 0.7364892535690313
485 0.7364892535690313
486 0.7364892535690313
487 0.7364892535690313
488 0.7364892535690313
489 0.7364892535690313
490 0.7364892535690313
491 0.7364892535690313
492 0.7364892535690313
493 0.7364892535690313
494 0.7364892535690313
495 0.7364892535690313
496 0.7364892535690313
497 0.7364892535690313
498 0.7364892535690313
499 0.7364892535690313
500 0.7364892535690313
501 0.7364892535690313
502 0.7364892535690313
503 0.7364892535690313
504 0.7364892535690313
505 0.7364892535690313
506 0.7364892535690313
507 0.7364892535690313
508 0.7364892535690313
509 0.7364892535690313
510 0.7364892535690313
511 0.7364892535690313
512 0.7364892535690313
513 0.7364892535690313
514 0.7364892535690313
515 0.7364892535690313
516 0.7364892535690313
517 0.7364892535690313
518 0.7364892535690313
519 0.7364892535690313
520 0.7364892535690313
521 0.7364892535690313
522 0.7364892535690313
523 0.7364892535690313
524 0.7364892535690313
525 0.7364892535690313
526 0.7364892535690313
527 0.7364892535690313
528 0.7364892535690313
529 0.7364892535690313
530 0.7364892535690313
531 0.7364892535690313
532 0.7364892535690313
533 0.7364892535690313
534 0.7364892535690313
535 0.7364892535690313
536 0.7364892535690313
537 0.7364892535690313
538 0.7364892535690313
539 0.7364892535690313
540 0.7364892535690313
541 0.7364892535690313
542 0.7364892535690313
543 0.7364892535690313
544 0.7364892535690313
545 0.7364892535690313
546 0.7364892535690313
547 0.7364892535690313
548 0.7364892535690313
549 0.7364892535690313
550 0.7364892535690313
551 0.7364892535690313
552 0.7364892535690313
553 0.7364892535690313
554 0.7364892535690313
555 0.7364892535690313
556 0.7364892535690313
557 0.7364892535690313
558 0.7364892535690313
559 0.7364892535690313
560 0.7364892535690313
561 0.7364892535690313
562 0.7364892535690313
563 0.7364892535690313
564 0.7364892535690313
565 0.7364892535690313
566 0.7364892535690313
567 0.7364892535690313
568 0.7364892535690313
569 0.7364892535690313
570 0.7364892535690313
571 0.7364892535690313
572 0.7364892535690313
573 0.7364892535690313
574 0.7364892535690313
575 0.7364892535690313
576 0.7364892535690313
577 0.7364892535690313
578 0.7364892535690313
579 0.7364892535690313
580 0.7364892535690313
581 0.7364892535690313
582 0.7364892535690313
583 0.7364892535690313
584 0.7364892535690313
585 0.7364892535690313
586 0.7364892535690313
587 0.7364892535690313
588 0.7364892535690313
589 0.7364892535690313
590 0.7364892535690313
591 0.7364892535690313
592 0.7364892535690313
593 0.7364892535690313
594 0.7364892535690313
595 0.7364892535690313
596 0.7364892535690313
597 0.7364892535690313
598 0.7364892535690313
599 0.7364892535690313
600 0.7364892535690313
601 0.7364892535690313
602 0.7364892535690313
603 0.7364892535690313
604 0.7364892535690313
605 0.7364892535690313
606 0.7364892535690313
607 0.7364892535690313
608 0.7364892535690313
609 0.7364892535690313
610 0.7364892535690313
611 0.7364892535690313
612 0.7364892535690313
613 0.7364892535690313
614 0.7364892535690313
615 0.7364892535690313
616 0.7364892535690313
617 0.7364892535690313
618 0.7364892535690313
619 0.7364892535690313
620 0.7364892535690313
621 0.7364892535690313
622 0.7364892535690313
623 0.7364892535690313
624 0.7364892535690313
625 0.7364892535690313
626 0.7364892535690313
627 0.7364892535690313
628 0.7364892535690313
629 0.7364892535690313
630 0.7364892535690313
631 0.7364892535690313
632 0.7364892535690313
633 0.7364892535690313
634 0.7364892535690313
635 0.7364892535690313
636 0.7364892535690313
637 0.7364892535690313
638 0.7364892535690313
639 0.7364892535690313
640 0.7364892535690313
641 0.7364892535690313
642 0.7364892535690313
643 0.7364892535690313
644 0.7364892535690313
645 0.7364892535690313
646 0.7364892535690313
647 0.7364892535690313
648 0.7364892535690313
649 0.7364892535690313
650 0.7364892535690313
651 0.7364892535690313
652 0.7364892535690313
653 0.7364892535690313
654 0.7364892535690313
655 0.7364892535690313
656 0.7649584516841457
657 0.7649584516841457
658 0.7649584516841457
659 0.7649584516841457
660 0.7649584516841457
661 0.7649584516841457
662 0.7649584516841457
663 0.7649584516841457
664 0.7649584516841457
665 0.7649584516841457
666 0.7649584516841457
667 0.7649584516841457
668 0.7649584516841457
669 0.7649584516841457
670 0.7649584516841457
671 0.7649584516841457
672 0.7649584516841457
673 0.7649584516841457
674 0.7649584516841457
675 0.7649584516841457
676 0.7649584516841457
677 0.7649584516841457
678 0.7649584516841457
679 0.7649584516841457
680 0.7649584516841457
681 0.7649584516841457
682 0.7649584516841457
683 0.7649584516841457
684 0.7649584516841457
685 0.7649584516841457
686 0.7649584516841457
687 0.7649584516841457
688 0.7649584516841457
689 0.7649584516841457
690 0.7649584516841457
691 0.7649584516841457
692 0.7649584516841457
693 0.7649584516841457
694 0.7649584516841457
695 0.7649584516841457
696 0.7649584516841457
697 0.7649584516841457
698 0.7649584516841457
699 0.7649584516841457
700 0.7649584516841457
701 0.7649584516841457
702 0.7649584516841457
703 0.7649584516841457
704 0.7649584516841457
705 0.7649584516841457
706 0.7649584516841457
707 0.7649584516841457
708 0.7649584516841457
709 0.7649584516841457
710 0.7649584516841457
711 0.7649584516841457
712 0.7649584516841457
713 0.7649584516841457
714 0.7649584516841457
715 0.7649584516841457
716 0.7649584516841457
717 0.7649584516841457
718 0.7649584516841457
719 0.7649584516841457
720 0.7649584516841457
721 0.7649584516841457
722 0.7649584516841457
723 0.7649584516841457
724 0.7649584516841457
725 0.7649584516841457
726 0.7649584516841457
727 0.7649584516841457
728 0.7649584516841457
729 0.7649584516841457
730 0.7649584516841457
731 0.7649584516841457
732 0.7649584516841457
733 0.7649584516841457
734 0.7649584516841457
735 0.7649584516841457
736 0.7649584516841457
737 0.7649584516841457
738 0.7649584516841457
739 0.7649584516841457
740 0.7649584516841457
741 0.7649584516841457
742 0.7649584516841457
743 0.7649584516841457
744 0.7649584516841457
745 0.7649584516841457
746 0.7649584516841457
747 0.7649584516841457
748 0.7649584516841457
749 0.7649584516841457
750 0.7649584516841457
751 0.7649584516841457
752 0.7649584516841457
753 0.7649584516841457
754 0.7649584516841457
755 0.7649584516841457
756 0.7649584516841457
757 0.7649584516841457
758 0.7649584516841457
759 0.7649584516841457
760 0.7649584516841457
761 0.7649584516841457
762 0.7649584516841457
763 0.7649584516841457
764 0.7649584516841457
765 0.7649584516841457
766 0.7649584516841457
767 0.7649584516841457
768 0.7649584516841457
769 0.7649584516841457
770 0.7649584516841457
771 0.7649584516841457
772 0.7649584516841457
773 0.7649584516841457
774 0.7649584516841457
775 0.7649584516841457
776 0.7649584516841457
777 0.7649584516841457
778 0.7649584516841457
779 0.7649584516841457
780 0.7649584516841457
781 0.7649584516841457
782 0.7649584516841457
783 0.7649584516841457
784 0.7649584516841457
785 0.7649584516841457
786 0.7649584516841457
787 0.7649584516841457
788 0.7649584516841457
789 0.7649584516841457
790 0.7649584516841457
791 0.7649584516841457
792 0.7649584516841457
793 0.7649584516841457
794 0.7649584516841457
795 0.7649584516841457
796 0.7649584516841457
797 0.7649584516841457
798 0.7649584516841457
799 0.7649584516841457
800 0.7649584516841457
801 0.7649584516841457
802 0.7649584516841457
803 0.7649584516841457
804 0.7649584516841457
805 0.7649584516841457
806 0.7649584516841457
807 0.7649584516841457
808 0.7649584516841457
809 0.7649584516841457
810 0.7649584516841457
811 0.7649584516841457
812 0.7649584516841457
813 0.7649584516841457
814 0.7649584516841457
815 0.7649584516841457
816 0.7649584516841457
817 0.7649584516841457
818 0.7649584516841457
819 0.7649584516841457
820 0.7649584516841457
821 0.7649584516841457
822 0.7649584516841457
823 0.7649584516841457
824 0.7649584516841457
825 0.7649584516841457
826 0.7649584516841457
827 0.7649584516841457
828 0.7649584516841457
829 0.7649584516841457
830 0.7649584516841457
831 0.7649584516841457
832 0.7649584516841457
833 0.7649584516841457
834 0.7678939122022198
835 0.7678939122022198
836 0.7678939122022198
837 0.7678939122022198
838 0.7678939122022198
839 0.7678939122022198
840 0.7678939122022198
841 0.7678939122022198
842 0.7678939122022198
843 0.7678939122022198
844 0.7678939122022198
845 0.7678939122022198
846 0.7678939122022198
847 0.7678939122022198
848 0.7678939122022198
849 0.7678939122022198
850 0.7678939122022198
851 0.7678939122022198
852 0.7678939122022198
853 0.7678939122022198
854 0.7678939122022198
855 0.7678939122022198
856 0.7678939122022198
857 0.7678939122022198
858 0.7678939122022198
859 0.7678939122022198
860 0.7678939122022198
861 0.7678939122022198
862 0.7678939122022198
863 0.7678939122022198
864 0.7678939122022198
865 0.7678939122022198
866 0.7678939122022198
867 0.7678939122022198
868 0.7678939122022198
869 0.7678939122022198
870 0.7678939122022198
871 0.7678939122022198
872 0.7678939122022198
873 0.7678939122022198
874 0.7678939122022198
875 0.7678939122022198
876 0.7678939122022198
877 0.7678939122022198
878 0.7678939122022198
879 0.7678939122022198
880 0.7678939122022198
881 0.7678939122022198
882 0.7678939122022198
883 0.7678939122022198
884 0.7678939122022198
885 0.7678939122022198
886 0.7678939122022198
887 0.7678939122022198
888 0.7678939122022198
889 0.7678939122022198
890 0.7678939122022198
891 0.7678939122022198
892 0.7678939122022198
893 0.7678939122022198
894 0.7678939122022198
895 0.7678939122022198
896 0.7678939122022198
897 0.7678939122022198
898 0.7678939122022198
899 0.7678939122022198
900 0.7678939122022198
901 0.7678939122022198
902 0.7678939122022198
903 0.7678939122022198
904 0.7678939122022198
905 0.7678939122022198
906 0.7678939122022198
907 0.7678939122022198
908 0.7678939122022198
909 0.7678939122022198
910 0.7678939122022198
911 0.7678939122022198
912 0.7678939122022198
913 0.7678939122022198
914 0.7678939122022198
915 0.7678939122022198
916 0.7678939122022198
917 0.7678939122022198
918 0.7678939122022198
919 0.7678939122022198
920 0.7678939122022198
921 0.7678939122022198
922 0.7678939122022198
923 0.7678939122022198
924 0.7678939122022198
925 0.7678939122022198
926 0.7678939122022198
927 0.7678939122022198
928 0.7678939122022198
929 0.7678939122022198
930 0.7678939122022198
931 0.7678939122022198
932 0.7678939122022198
933 0.7678939122022198
934 0.7678939122022198
935 0.7678939122022198
936 0.7678939122022198
937 0.7678939122022198
938 0.7678939122022198
939 0.7678939122022198
940 0.7678939122022198
941 0.7678939122022198
942 0.7678939122022198
943 0.7678939122022198
944 0.7678939122022198
945 0.7678939122022198
946 0.7678939122022198
947 0.7678939122022198
948 0.7678939122022198
949 0.7678939122022198
950 0.7678939122022198
951 0.7678939122022198
952 0.7678939122022198
953 0.7678939122022198
954 0.7678939122022198
955 0.7678939122022198
956 0.7678939122022198
957 0.7678939122022198
958 0.7678939122022198
959 0.7678939122022198
960 0.7678939122022198
961 0.7678939122022198
962 0.7678939122022198
963 0.7678939122022198
964 0.7678939122022198
965 0.7678939122022198
966 0.7678939122022198
967 0.7678939122022198
968 0.7678939122022198
969 0.7678939122022198
970 0.7678939122022198
971 0.7678939122022198
972 0.7678939122022198
973 0.7678939122022198
974 0.7678939122022198
975 0.7678939122022198
976 0.7678939122022198
977 0.7678939122022198
978 0.7678939122022198
979 0.7678939122022198
980 0.7678939122022198
981 0.7678939122022198
982 0.7678939122022198
983 0.7678939122022198
984 0.7678939122022198
985 0.7678939122022198
986 0.7678939122022198
987 0.7678939122022198
988 0.7678939122022198
989 0.7678939122022198
990 0.7678939122022198
991 0.7678939122022198
992 0.7678939122022198
993 0.7678939122022198
994 0.7678939122022198
995 0.8612176427488505
996 0.8612176427488505
997 0.8612176427488505
998 0.8612176427488505
999 0.8612176427488505
