0 0.3542957009939863
1 0.46948656473961675
2 0.5802891273479286
3 0.5825152703076164
4 0.5825152703076164
5 0.6561292808935063
6 0.6561292808935063
7 0.6561292808935063
8 0.6561292808935063
9 0.6561292808935063
10 0.6873551372445367
11 0.6873551372445367
12 0.6873551372445367
13 0.6873551372445367
14 0.6873551372445367
15 0.6873551372445367
16 0.6873551372445367
17 0.6873551372445367
18 0.6873551372445367
19 0.6873551372445367
20 0.6873551372445367
21 0.6873551372445367
22 0.6873551372445367
23 0.6873551372445367
24 0.6873551372445367
25 0.6873551372445367
26 0.6873551372445367
27 0.691109723715805
28 0.691109723715805
29 0.691109723715805
30 0.691109723715805
31 0.691109723715805
32 0.691109723715805
33 0.691109723715805
34 0.691109723715805
35 0.691109723715805
36 0.691109723715805
37 0.691109723715805
38 0.691109723715805
39 0.6919424222113548
40 0.6919424222113548
41 0.6919424222113548
42 0.6919424222113548
43 0.6919424222113548
44 0.6919424222113548
45 0.6919424222113548
46 0.6919424222113548
47 0.6919424222113548
48 0.6919424222113548
49 0.6919424222113548
50 0.6919424222113548
51 0.6919424222113548
52 0.6919424222113548
53 0.6919424222113548
54 0.6919424222113548
55 0.6919424222113548
56 0.6919424222113548
57 0.6919424222113548
58 0.6919424222113548
59 0.6919424222113548
60 0.6919424222113548
61 0.6919424222113548
62 0.6919424222113548
63 0.6919424222113548
64 0.6919424222113548
65 0.6919424222113548
66 0.6919424222113548
67 0.6919424222113548
68 0.6919424222113548
69 0.6919424222113548
70 0.6919424222113548
71 0.6919424222113548
72 0.6919424222113548
73 0.6919424222113548
74 0.6919424222113548
75 0.6919424222113548
76 0.6919424222113548
77 0.6919424222113548
78 0.6919424222113548
79 0.6919424222113548
80 0.6919424222113548
81 0.6919424222113548
82 0.6919424222113548
83 0.6919424222113548
84 0.6919424222113548
85 0.6919424222113548
86 0.6919424222113548
87 0.6919424222113548
88 0.6919424222113548
89 0.6919424222113548
90 0.6919424222113548
91 0.6919424222113548
92 0.6919424222113548
93 0.6919424222113548
94 0.6919424222113548
95 0.6919424222113548
96 0.6919424222113548
97 0.6919424222113548
98 0.6919424222113548
99 0.6919424222113548
100 0.6919424222113548
101 0.6919424222113548
102 0.6919424222113548
103 0.6919424222113548
104 0.6919424222113548
105 0.6919424222113548
106 0.6919424222113548
107 0.6919424222113548
108 0.6919424222113548
109 0.6919424222113548
110 0.6919424222113548
111 0.6919424222113548
112 0.6919424222113548
113 0.6919424222113548
114 0.6919424222113548
115 0.6919424222113548
116 0.6919424222113548
117 0.6919424222113548
118 0.6919424222113548
119 0.6919424222113548
120 0.6919424222113548
121 0.6919424222113548
122 0.6919424222113548
123 0.6919424222113548
124 0.6919424222113548
125 0.6919424222113548
126 0.6919424222113548
127 0.6919424222113548
128 0.6919424222113548
129 0.6919424222113548
130 0.6919424222113548
131 0.6919424222113548
132 0.6919424222113548
133 0.6919424222113548
134 0.6919424222113548
135 0.6919424222113548
136 0.6919424222113548
137 0.6919424222113548
138 0.6919424222113548
139 0.6919424222113548
140 0.6919424222113548
141 0.6919424222113548
142 0.6919424222113548
143 0.6919424222113548
144 0.6919424222113548
145 0.6919424222113548
146 0.6919424222113548
147 0.6919424222113548
148 0.6919424222113548
149 0.6919424222113548
150 0.6919424222113548
151 0.6919424222113548
152 0.6919424222113548
153 0.6919424222113548
154 0.6919424222113548
155 0.6919424222113548
156 0.6919424222113548
157 0.6919424222113548
158 0.6919424222113548
159 0.6919424222113548
160 0.6919424222113548
161 0.6919424222113548
162 0.6919424222113548
163 0.6919424222113548
164 0.6919424222113548
165 0.6919424222113548
166 0.6919424222113548
167 0.6919424222113548
168 0.6919424222113548
169 0.6919424222113548
170 0.6919424222113548
171 0.6919424222113548
172 0.6919424222113548
173 0.6919424222113548
174 0.6919424222113548
175 0.6919424222113548
176 0.6919424222113548
177 0.6919424222113548
178 0.6919424222113548
179 0.6919424222113548
180 0.6919424222113548
181 0.6919424222113548
182 0.6919424222113548
183 0.6919424222113548
184 0.6919424222113548
185 0.6919424222113548
186 0.6919424222113548
187 0.6919424222113548
188 0.6919424222113548
189 0.6919424222113548
190 0.6919424222113548
191 0.6919424222113548
192 0.6919424222113548
193 0.6919424222113548
194 0.6919424222113548
195 0.6919424222113548
196 0.6919424222113548
197 0.6919424222113548
198 0.6919424222113548
199 0.6919424222113548
200 0.6919424222113548
201 0.6919424222113548
202 0.6919424222113548
203 0.6919424222113548
204 0.6919424222113548
205 0.6919424222113548
206 0.6925469794471479
207 0.6925469794471479
208 0.6925469794471479
209 0.6925469794471479
210 0.6925469794471479
211 0.6925469794471479
212 0.6925469794471479
213 0.6925469794471479
214 0.6925469794471479
215 0.6925469794471479
216 0.6925469794471479
217 0.6925469794471479
218 0.6925469794471479
219 0.6925469794471479
220 0.6925469794471479
221 0.6925469794471479
222 0.6925469794471479
223 0.6925469794471479
224 0.6925469794471479
225 0.6925469794471479
226 0.6925469794471479
227 0.6925469794471479
228 0.6925469794471479
229 0.6925469794471479
230 0.6925469794471479
231 0.6925469794471479
232 0.6925469794471479
233 0.6925469794471479
234 0.6925469794471479
235 0.6925469794471479
236 0.6925469794471479
237 0.6930632250620895
238 0.6930632250620895
239 0.6930632250620895
240 0.6930632250620895
241 0.6930632250620895
242 0.6930632250620895
243 0.6930632250620895
244 0.6930632250620895
245 0.6930632250620895
246 0.6930632250620895
247 0.6930632250620895
248 0.6930632250620895
249 0.6930632250620895
250 0.6930632250620895
251 0.6930632250620895
252 0.6930632250620895
253 0.6930632250620895
254 0.6930632250620895
255 0.6930632250620895
256 0.6930632250620895
257 0.6930632250620895
258 0.6930632250620895
259 0.6930632250620895
260 0.6930632250620895
261 0.6930632250620895
262 0.6930632250620895
263 0.6930632250620895
264 0.6930632250620895
265 0.6930632250620895
266 0.6930632250620895
267 0.6930632250620895
268 0.6930632250620895
269 0.6930632250620895
270 0.6930632250620895
271 0.6930632250620895
272 0.6930632250620895
273 0.6930632250620895
274 0.6930632250620895
275 0.6930632250620895
276 0.6930632250620895
277 0.6930632250620895
278 0.6930632250620895
279 0.6930632250620895
280 0.6930632250620895
281 0.6930632250620895
282 0.6930632250620895
283 0.6930632250620895
284 0.6930632250620895
285 0.8614049957477877
286 0.8614049957477877
287 0.8614049957477877
288 0.8614049957477877
289 0.8614049957477877
290 0.8614049957477877
291 0.8614049957477877
292 0.8614049957477877
293 0.8614049957477877
294 0.8614049957477877
295 0.8614049957477877
296 0.8614049957477877
297 0.8614049957477877
298 0.8614049957477877
299 0.8614049957477877
300 0.8614049957477877
301 0.8614049957477877
302 0.8614049957477877
303 0.8614049957477877
304 0.8614049957477877
305 0.8614049957477877
306 0.8614049957477877
307 0.8614049957477877
308 0.8614049957477877
309 0.8614049957477877
310 0.8614049957477877
311 0.8614049957477877
312 0.8614049957477877
313 0.8614049957477877
314 0.8614049957477877
315 0.8614049957477877
316 0.8614049957477877
317 0.8614049957477877
318 0.8614049957477877
319 0.8614049957477877
320 0.8614049957477877
321 0.8614049957477877
322 0.8614049957477877
323 0.8614049957477877
324 0.8614049957477877
325 0.8614049957477877
326 0.8614049957477877
327 0.8614049957477877
328 0.8614049957477877
329 0.8614049957477877
330 0.8614049957477877
331 0.8614049957477877
332 0.8614049957477877
333 0.8614049957477877
334 0.8614049957477877
335 0.8614049957477877
336 0.8614049957477877
337 0.8614049957477877
338 0.8614049957477877
339 0.8614049957477877
340 0.8614049957477877
341 0.8614049957477877
342 0.8614049957477877
343 0.8614049957477877
344 0.8614049957477877
345 0.8614049957477877
346 0.8614049957477877
347 0.8614049957477877
348 0.8614049957477877
349 0.8614049957477877
350 0.8614049957477877
351 0.8614049957477877
352 0.8614049957477877
353 0.8614049957477877
354 0.8614049957477877
355 0.8614049957477877
356 0.8614049957477877
357 0.8614049957477877
358 0.8614049957477877
359 0.8614049957477877
360 0.8614049957477877
361 0.8614049957477877
362 0.8614049957477877
363 0.8614049957477877
364 0.8614049957477877
365 0.8614049957477877
366 0.8614049957477877
367 0.8614049957477877
368 0.8614049957477877
369 0.8614049957477877
370 0.8614049957477877
371 0.8614049957477877
372 0.8614049957477877
373 0.8614049957477877
374 0.8614049957477877
375 0.8614049957477877
376 0.8614049957477877
377 0.8614049957477877
378 0.8614049957477877
379 0.8614049957477877
380 0.8614049957477877
381 0.8614049957477877
382 0.8614049957477877
383 0.8614049957477877
384 0.8614049957477877
385 0.8614049957477877
386 0.8614049957477877
387 0.8614049957477877
388 0.8614049957477877
389 0.8614049957477877
390 0.8614049957477877
391 0.8614049957477877
392 0.8614049957477877
393 0.8614049957477877
394 0.8614049957477877
395 0.8614049957477877
396 0.8614049957477877
397 0.8614049957477877
398 0.8614049957477877
399 0.8614049957477877
400 0.8614049957477877
401 0.8614049957477877
402 0.8614049957477877
403 0.8614049957477877
404 0.8614049957477877
405 0.8614049957477877
406 0.8614049957477877
407 0.8614049957477877
408 0.8614049957477877
409 0.8614049957477877
410 0.8614049957477877
411 0.8614049957477877
412 0.8614049957477877
413 0.8614049957477877
414 0.8614049957477877
415 0.8614049957477877
416 0.8614049957477877
417 0.8614049957477877
418 0.8614049957477877
419 0.8614049957477877
420 0.8614049957477877
421 0.8614049957477877
422 0.8614049957477877
423 0.8614049957477877
424 0.8614049957477877
425 0.8614049957477877
426 0.8614049957477877
427 0.8614049957477877
428 0.8614049957477877
429 0.8614049957477877
430 0.8905042244106509
431 0.8905042244106509
432 0.8905042244106509
433 0.8905042244106509
434 0.8905042244106509
435 0.8905042244106509
436 0.8905042244106509
437 0.8905042244106509
438 0.8905042244106509
439 0.8905042244106509
440 0.8905042244106509
441 0.8905042244106509
442 0.8905042244106509
443 0.8905042244106509
444 0.8905042244106509
445 0.8905042244106509
446 0.8905042244106509
447 0.8905042244106509
448 0.8905042244106509
449 0.8905042244106509
450 0.8905042244106509
451 0.8905042244106509
452 0.8905042244106509
453 0.8905042244106509
454 0.8905042244106509
455 0.8905042244106509
456 0.8905042244106509
457 0.8905042244106509
458 0.8905042244106509
459 0.8905042244106509
460 0.8905042244106509
461 0.8905042244106509
462 0.8905042244106509
463 0.8905042244106509
464 0.8905042244106509
465 0.8905042244106509
466 0.8905042244106509
467 0.8905042244106509
468 0.8905042244106509
469 0.8905042244106509
470 0.8905042244106509
471 0.8905042244106509
472 0.8905042244106509
473 0.8905042244106509
474 0.8905042244106509
475 0.8905042244106509
476 0.8905042244106509
477 0.8905042244106509
478 0.8905042244106509
479 0.8905042244106509
480 0.8905042244106509
481 0.8905042244106509
482 0.8905042244106509
483 0.8905042244106509
484 0.8905042244106509
485 0.8905042244106509
486 0.8905042244106509
487 0.8905042244106509
488 0.8905042244106509
489 0.8905042244106509
490 0.8905042244106509
491 0.8905042244106509
492 0.8905042244106509
493 0.8905042244106509
494 0.8905042244106509
495 0.8905042244106509
496 0.8905042244106509
497 0.8905042244106509
498 0.8905042244106509
499 0.8905042244106509
500 0.8905042244106509
501 0.8905042244106509
502 0.8905042244106509
503 0.8905042244106509
504 0.8905042244106509
505 0.8905042244106509
506 0.8905042244106509
507 0.8905042244106509
508 0.8905042244106509
509 0.8905042244106509
510 0.8905042244106509
511 0.8905042244106509
512 0.8905042244106509
513 0.8905042244106509
514 0.8905042244106509
515 0.8905042244106509
516 0.8905042244106509
517 0.8905042244106509
518 0.8905042244106509
519 0.8905042244106509
520 0.8905042244106509
521 0.8905042244106509
522 0.8905042244106509
523 0.8905042244106509
524 0.8905042244106509
525 0.8905042244106509
526 0.8905042244106509
527 0.8905042244106509
528 0.8905042244106509
529 0.8905042244106509
530 0.8905042244106509
531 0.8905042244106509
532 0.8905042244106509
533 0.8905042244106509
534 0.8905042244106509
535 0.8905042244106509
536 0.8905042244106509
537 0.8905042244106509
538 0.8905042244106509
539 0.8905042244106509
540 0.8905042244106509
541 0.8905042244106509
542 0.8905042244106509
543 0.8905042244106509
544 0.8905042244106509
545 0.8905042244106509
546 0.8905042244106509
547 0.8905042244106509
548 0.8905042244106509
549 0.8905042244106509
550 0.8905042244106509
551 0.8905042244106509
552 0.8905042244106509
553 0.8905042244106509
554 0.8905042244106509
555 0.8905042244106509
556 0.8905042244106509
557 0.8905042244106509
558 0.8905042244106509
559 0.8905042244106509
560 0.8905042244106509
561 0.8905042244106509
562 0.8905042244106509
563 0.8905042244106509
564 0.8905042244106509
565 0.8905042244106509
566 0.8905042244106509
567 0.8905042244106509
568 0.8905042244106509
569 0.8905042244106509
570 0.8905042244106509
571 0.8905042244106509
572 0.8905042244106509
573 0.8905042244106509
574 0.8905042244106509
575 0.8905042244106509
576 0.8905042244106509
577 0.8905042244106509
578 0.8905042244106509
579 0.8905042244106509
580 0.8905042244106509
581 0.8905042244106509
582 0.8905042244106509
583 0.8905042244106509
584 0.8905042244106509
585 0.8905042244106509
586 0.8905042244106509
587 0.8905042244106509
588 0.8905042244106509
589 0.8905042244106509
590 0.8905042244106509
591 0.8905042244106509
592 0.8905042244106509
593 0.8905042244106509
594 0.8905042244106509
595 0.8905042244106509
596 0.8905042244106509
597 0.8905042244106509
598 0.8905042244106509
599 0.8905042244106509
600 0.8905042244106509
601 0.8905042244106509
602 0.8905042244106509
603 0.8905042244106509
604 0.8905042244106509
605 0.8905042244106509
606 0.8905042244106509
607 0.8905042244106509
608 0.8905042244106509
609 0.8905042244106509
610 0.8905042244106509
611 0.8905042244106509
612 0.8905042244106509
613 0.8905042244106509
614 0.8905042244106509
615 0.8905042244106509
616 0.8905042244106509
617 0.8905042244106509
618 0.8905042244106509
619 0.8905042244106509
620 0.8905042244106509
621 0.8905042244106509
622 0.8905042244106509
623 0.8905042244106509
624 0.8905042244106509
625 0.8905042244106509
626 0.8905042244106509
627 0.8905042244106509
628 0.8905042244106509
629 0.8905042244106509
630 0.8905042244106509
631 0.8905042244106509
632 0.8905042244106509
633 0.8905042244106509
634 0.8905042244106509
635 0.8905042244106509
636 0.8905042244106509
637 0.8905042244106509
638 0.8905042244106509
639 0.8905042244106509
640 0.8905042244106509
641 0.8905042244106509
642 0.8905042244106509
643 0.8905042244106509
644 0.8905042244106509
645 0.8905042244106509
646 0.8905042244106509
647 0.8905042244106509
648 0.8905042244106509
649 0.8905042244106509
650 0.8905042244106509
651 0.8905042244106509
652 0.8905042244106509
653 0.8905042244106509
654 0.8905042244106509
655 0.8905042244106509
656 0.8905042244106509
657 0.8905042244106509
658 0.8905042244106509
659 0.8905042244106509
660 0.8905042244106509
661 0.8905042244106509
662 0.8905042244106509
663 0.8905042244106509
664 0.8905042244106509
665 0.8905042244106509
666 0.8905042244106509
667 0.8905042244106509
668 0.8905042244106509
669 0.8905042244106509
670 0.8905042244106509
671 0.8905042244106509
672 0.8905042244106509
673 0.8905042244106509
674 0.8905042244106509
675 0.8905042244106509
676 0.8905042244106509
677 0.8905042244106509
678 0.8905042244106509
679 0.8905042244106509
680 0.8905042244106509
681 0.8905042244106509
682 0.8905042244106509
683 0.8905042244106509
684 0.8905042244106509
685 0.8905042244106509
686 0.8905042244106509
687 0.8905042244106509
688 0.8905042244106509
689 0.8905042244106509
690 0.8905042244106509
691 0.8905042244106509
692 0.8905042244106509
693 0.8905042244106509
694 0.8905042244106509
695 0.8905042244106509
696 0.8905042244106509
697 0.8905042244106509
698 0.8905042244106509
699 0.8905042244106509
700 0.8905042244106509
701 0.8905042244106509
702 0.8905042244106509
703 0.8905042244106509
704 0.8905042244106509
705 0.8905042244106509
706 0.8905042244106509
707 0.8905042244106509
708 0.8905042244106509
709 0.8905042244106509
710 0.8905042244106509
711 0.8905042244106509
712 0.8905042244106509
713 0.8905042244106509
714 0.8905042244106509
715 0.8905042244106509
716 0.8905042244106509
717 0.8905042244106509
718 0.8905042244106509
719 0.8905042244106509
720 0.8905042244106509
721 0.8905042244106509
722 0.8905042244106509
723 0.8905042244106509
724 0.8905042244106509
725 0.8905042244106509
726 0.8905042244106509
727 0.8905042244106509
728 0.8905042244106509
729 0.8905042244106509
730 0.8905042244106509
731 0.8905042244106509
732 0.8905042244106509
733 0.8905042244106509
734 0.8905042244106509
735 0.8905042244106509
736 0.8905042244106509
737 0.8905042244106509
738 0.8905042244106509
739 0.8905042244106509
740 0.8905042244106509
741 0.8905042244106509
742 0.8905042244106509
743 0.8905042244106509
744 0.8905042244106509
745 0.8905042244106509
746 0.8905042244106509
747 0.8905042244106509
748 0.8905042244106509
749 0.8905042244106509
750 0.8905042244106509
751 0.8905042244106509
752 0.8905042244106509
753 0.8905042244106509
754 0.8905042244106509
755 0.8905042244106509
756 0.8905042244106509
757 0.8905042244106509
758 0.8905042244106509
759 0.8905042244106509
760 0.8905042244106509
761 0.8905042244106509
762 0.8905042244106509
763 0.8905042244106509
764 0.8905042244106509
765 0.8905042244106509
766 0.8905042244106509
767 0.8905042244106509
768 0.8905042244106509
769 0.8905042244106509
770 0.8905042244106509
771 0.8905042244106509
772 0.8905042244106509
773 0.8905042244106509
774 0.8905042244106509
775 0.8905042244106509
776 0.8905042244106509
777 0.8905042244106509
778 0.8905042244106509
779 0.8905042244106509
780 0.8905042244106509
781 0.8905042244106509
782 0.8905042244106509
783 0.8905042244106509
784 0.8905042244106509
785 0.8905042244106509
786 0.8905042244106509
787 0.8905042244106509
788 0.8905042244106509
789 0.8905042244106509
790 0.8905042244106509
791 0.8905042244106509
792 0.8905042244106509
793 0.8905042244106509
794 0.8905042244106509
795 0.8905042244106509
796 0.8905042244106509
797 0.8905042244106509
798 0.8905042244106509
799 0.8905042244106509
800 0.8905042244106509
801 0.8905042244106509
802 0.8905042244106509
803 0.8905042244106509
804 0.8905042244106509
805 0.8905042244106509
806 0.8905042244106509
807 0.8905042244106509
808 0.8905042244106509
809 0.8905042244106509
810 0.8905042244106509
811 0.8905042244106509
812 0.8905042244106509
813 0.8905042244106509
814 0.8905042244106509
815 0.8905042244106509
816 0.8905042244106509
817 0.8905042244106509
818 0.8905042244106509
819 0.8905042244106509
820 0.8905042244106509
821 0.8905042244106509
822 0.8905042244106509
823 0.8905042244106509
824 0.8905042244106509
825 0.8905042244106509
826 0.8905042244106509
827 0.8905042244106509
828 0.8905042244106509
829 0.8905042244106509
830 0.8905042244106509
831 0.8905042244106509
832 0.8905042244106509
833 0.8905042244106509
834 0.8905042244106509
835 0.8905042244106509
836 0.8905042244106509
837 0.8905042244106509
838 0.8905042244106509
839 0.8905042244106509
840 0.8905042244106509
841 0.8905042244106509
842 0.8905042244106509
843 0.8905042244106509
844 0.8905042244106509
845 0.8905042244106509
846 0.8905042244106509
847 0.8905042244106509
848 0.8905042244106509
849 0.8905042244106509
850 0.8905042244106509
851 0.8905042244106509
852 0.8905042244106509
853 0.8905042244106509
854 0.8905042244106509
855 0.8905042244106509
856 0.8905042244106509
857 0.8905042244106509
858 0.8905042244106509
859 0.8905042244106509
860 0.8905042244106509
861 0.8905042244106509
862 0.8905042244106509
863 0.8905042244106509
864 0.8905042244106509
865 0.8905042244106509
866 0.8905042244106509
867 0.8905042244106509
868 0.8905042244106509
869 0.8905042244106509
870 0.8905042244106509
871 0.8905042244106509
872 0.8905042244106509
873 0.8905042244106509
874 0.8905042244106509
875 0.8905042244106509
876 0.8905042244106509
877 0.8905042244106509
878 0.8905042244106509
879 0.8905042244106509
880 0.8905042244106509
881 0.8905042244106509
882 0.8905042244106509
883 0.8905042244106509
884 0.8905042244106509
885 0.8905042244106509
886 0.8905042244106509
887 0.8905042244106509
888 0.8905042244106509
889 0.8905042244106509
890 0.8905042244106509
891 0.8905042244106509
892 0.8905042244106509
893 0.8905042244106509
894 0.8905042244106509
895 0.8905042244106509
896 0.8905042244106509
897 0.8905042244106509
898 0.8905042244106509
899 0.8905042244106509
900 0.8905042244106509
901 0.8905042244106509
902 0.8905042244106509
903 0.8905042244106509
904 0.8905042244106509
905 0.8905042244106509
906 0.8905042244106509
907 0.8905042244106509
908 0.8905042244106509
909 0.8905042244106509
910 0.8905042244106509
911 0.8905042244106509
912 0.8905042244106509
913 0.8905042244106509
914 0.8905042244106509
915 0.8905042244106509
916 0.8905042244106509
917 0.8905042244106509
918 0.8905042244106509
919 0.8905042244106509
920 0.8905042244106509
921 0.8905042244106509
922 0.8905042244106509
923 0.8905042244106509
924 0.8905042244106509
925 0.8905042244106509
926 0.8905042244106509
927 0.8905042244106509
928 0.8905042244106509
929 0.8905042244106509
930 0.8905042244106509
931 0.8905042244106509
932 0.8905042244106509
933 0.8905042244106509
934 0.8905042244106509
935 0.8905042244106509
936 0.8905042244106509
937 0.8905042244106509
938 0.8905042244106509
939 0.8905042244106509
940 0.8905042244106509
941 0.8905042244106509
942 0.8905042244106509
943 0.8905042244106509
944 0.8905042244106509
945 0.8905042244106509
946 0.8905042244106509
947 0.8905042244106509
948 0.8905042244106509
949 0.8905042244106509
950 0.8905042244106509
951 0.8905042244106509
952 0.8905042244106509
953 0.8905042244106509
954 0.8905042244106509
955 0.8905042244106509
956 0.8905042244106509
957 0.8905042244106509
958 0.8905042244106509
959 0.8905042244106509
960 0.8905042244106509
961 0.8905042244106509
962 0.8905042244106509
963 0.8905042244106509
964 0.8905042244106509
965 0.8905042244106509
966 0.8905042244106509
967 0.8905042244106509
968 0.8905042244106509
969 0.8905042244106509
970 0.8905042244106509
971 0.8905042244106509
972 0.8905042244106509
973 0.8905042244106509
974 0.8905042244106509
975 0.8905042244106509
976 0.8905042244106509
977 0.8905042244106509
978 0.8905042244106509
979 0.8905042244106509
980 0.8905042244106509
981 0.8905042244106509
982 0.8905042244106509
983 0.8905042244106509
984 0.8905042244106509
985 0.8905042244106509
986 0.8905042244106509
987 0.8905042244106509
988 0.8905042244106509
989 0.8905042244106509
990 0.8905042244106509
991 0.8905042244106509
992 0.8905042244106509
993 0.8905042244106509
994 0.8905042244106509
995 0.8905042244106509
996 0.8905042244106509
997 0.8905042244106509
998 0.8905042244106509
999 0.8905042244106509
