0 0.06269399766404485
1 0.14999914741357306
2 0.16305446623399145
3 0.1769179053129255
4 0.1944606414994696
5 0.21537272935299004
6 0.23071983386561995
7 0.23053623720815733
8 0.21987584514316436
9 0.23088022942938813
10 0.24129493477971667
11 0.246198755386003
12 0.25306260179157075
13 0.2680040158011867
14 0.2785307024960281
15 0.2867919333521634
16 0.28299685258440005
17 0.2961798418032837
18 0.2950295552078929
19 0.3111848053542648
20 0.3245495995939288
21 0.3502741780974358
22 0.36983054560374307
23 0.3798654207315781
24 0.38050872445338024
25 0.38146106579809436
26 0.3924368239176902
27 0.4095532333505761
28 0.4036593990788168
29 0.40833412629832166
30 0.4115762989458151
31 0.4076143368185274
32 0.423387450528678
33 0.42131695985799283
34 0.4189285362329636
35 0.425114481743501
36 0.4238982193658666
37 0.4236898143399396
38 0.4153408369706838
39 0.4228053068111912
40 0.4273910800214093
41 0.4289161562902333
42 0.42847414379785187
43 0.42462197507711336
44 0.4247008327290864
45 0.4249796403003213
46 0.419656615001002
47 0.4197272750946962
48 0.42022513432789543
49 0.4001791237353236
50 0.4046634590846866
51 0.40045988951237244
52 0.4068305418193897
53 0.40638604836352804
54 0.40773079516892513
55 0.4228969531936786
56 0.4229162209565301
57 0.4197405991874551
58 0.42498780350787513
59 0.42053337738994157
60 0.4140825340850614
61 0.4140825340850614
62 0.40610125044068984
63 0.406304462484358
64 0.39934685989175756
65 0.40187411214111457
66 0.4033944498650055
67 0.39945940439200106
68 0.3994616367724612
69 0.3995513928072538
70 0.3993498685358779
71 0.4007193681171807
72 0.40577708551022484
73 0.40577708551022484
74 0.40560554580424624
75 0.41015158506245436
76 0.4104373310759005
77 0.41054225256285337
78 0.4122098553966921
79 0.410168039894384
80 0.410168039894384
81 0.40293230184935597
82 0.40293230184935597
83 0.40293230184935597
84 0.40293230184935597
85 0.40293230184935597
86 0.40293230184935597
87 0.40300113020587025
88 0.4010639033844518
89 0.4049658860521456
90 0.4049658860521456
91 0.40536820447155414
92 0.41019107148282175
93 0.41019107148282175
94 0.41024583291792255
95 0.40997183029914536
96 0.40552340306153895
97 0.4103024260329819
98 0.4092265709788572
99 0.4092629070994356
100 0.4092629070994356
101 0.4092629070994356
102 0.4092629070994356
103 0.4131622332722626
104 0.41452021438642594
105 0.41456033409209314
106 0.41925616998553117
107 0.41925616998553117
108 0.41925616998553117
109 0.41925616998553117
110 0.42376493530288856
111 0.42749140408194997
112 0.42767930859775477
113 0.42767930859775477
114 0.42767930859775477
115 0.4228613319742989
116 0.42675268575565434
117 0.43328654029169406
118 0.4286572301106928
119 0.4261810231592014
120 0.4339425873867815
121 0.44256671067891395
122 0.44256671067891395
123 0.44554005966946053
124 0.44554005966946053
125 0.44558919188681345
126 0.4468003548453206
127 0.4469502872922411
128 0.4470283494736189
129 0.45619820499374775
130 0.45092844081878347
131 0.45141097661392476
132 0.45141097661392476
133 0.45141097661392476
134 0.45141097661392476
135 0.4567311964959115
136 0.45698061470862705
137 0.4570660445553628
138 0.45751626897988273
139 0.4478294243586405
140 0.44806294636438926
141 0.44806294636438926
142 0.44806294636438926
143 0.44806294636438926
144 0.45294815380604087
145 0.45294815380604087
146 0.45294815380604087
147 0.448405389460206
148 0.448405389460206
149 0.448405389460206
150 0.4485483575595336
151 0.4483604259707156
152 0.44665906290817425
153 0.44685855752544124
154 0.4490420049222779
155 0.4490420049222779
156 0.43912558536720064
157 0.4393485794840646
158 0.4394321744629978
159 0.4394321744629978
160 0.4394321744629978
161 0.4394321744629978
162 0.4394321744629978
163 0.4395996399342281
164 0.4395996399342281
165 0.4395996399342281
166 0.4395996399342281
167 0.43969152554439106
168 0.43969152554439106
169 0.439807768790072
170 0.4398655305280599
171 0.43987986992664474
172 0.43987986992664474
173 0.43987986992664474
174 0.436863653745547
175 0.4479105929296157
176 0.4479105929296157
177 0.44957397385169023
178 0.44460685546832807
179 0.44582445922831654
180 0.44582445922831654
181 0.4410749080290934
182 0.4410749080290934
183 0.4340410314158302
184 0.4345285915311809
185 0.4345285915311809
186 0.4417288891846604
187 0.4417288891846604
188 0.4417288891846604
189 0.43529688306619574
190 0.43529688306619574
191 0.43529688306619574
192 0.43529688306619574
193 0.43529688306619574
194 0.43529688306619574
195 0.4396026127770062
196 0.4396026127770062
197 0.4396026127770062
198 0.4396026127770062
199 0.4396026127770062
200 0.43961493263961676
201 0.43965626737524766
202 0.4396786595150731
203 0.4396786595150731
204 0.4397062144646092
205 0.4397062144646092
206 0.44458063516644836
207 0.444672496433074
208 0.4451580601982832
209 0.44526136721346776
210 0.44526136721346776
211 0.4480111600654267
212 0.4480111600654267
213 0.4480111600654267
214 0.4480111600654267
215 0.4480111600654267
216 0.4480111600654267
217 0.4527261335104409
218 0.4527261335104409
219 0.4528531099162913
220 0.45042472929150457
221 0.45042472929150457
222 0.450431990863228
223 0.450431990863228
224 0.450431990863228
225 0.4550856328312104
226 0.4550856328312104
227 0.4550856328312104
228 0.45989415726079175
229 0.45989415726079175
230 0.45989415726079175
231 0.4619936844754203
232 0.4619936844754203
233 0.4619936844754203
234 0.4619936844754203
235 0.4619936844754203
236 0.4615656346699765
237 0.46159880291873845
238 0.46159880291873845
239 0.46159880291873845
240 0.46159880291873845
241 0.46159880291873845
242 0.46159880291873845
243 0.46159880291873845
244 0.45190959651109275
245 0.45226599761756797
246 0.45226599761756797
247 0.45226599761756797
248 0.45717866873870855
249 0.45717866873870855
250 0.45840054363757754
251 0.45840054363757754
252 0.45840054363757754
253 0.45840054363757754
254 0.45840054363757754
255 0.45840054363757754
256 0.45415681387299744
257 0.45415681387299744
258 0.45415681387299744
259 0.45575001052923225
260 0.45575001052923225
261 0.45575001052923225
262 0.4511756125042291
263 0.45381808989654976
264 0.4550340205092128
265 0.4550340205092128
266 0.45505277793448856
267 0.44866633808668893
268 0.4414851775804019
269 0.4414851775804019
270 0.4414851775804019
271 0.44924441400859627
272 0.44924441400859627
273 0.44924441400859627
274 0.44924441400859627
275 0.44924441400859627
276 0.450809839354647
277 0.4553105099243453
278 0.4553105099243453
279 0.4553105099243453
280 0.45047710876230584
281 0.45047710876230584
282 0.4547671202744176
283 0.4547937855816905
284 0.4553126208000803
285 0.457041404892127
286 0.457041404892127
287 0.457041404892127
288 0.45714356542471135
289 0.45714356542471135
290 0.45714356542471135
291 0.45714356542471135
292 0.45714356542471135
293 0.45714356542471135
294 0.4571553846116463
295 0.4571553846116463
296 0.4571553846116463
297 0.4571553846116463
298 0.4571553846116463
299 0.4571553846116463
300 0.4571553846116463
301 0.4530313787158893
302 0.4532011906837034
303 0.4541439314447554
304 0.4541439314447554
305 0.4541439314447554
306 0.4541439314447554
307 0.4541439314447554
308 0.4541439314447554
309 0.4541439314447554
310 0.4541439314447554
311 0.4541439314447554
312 0.4541439314447554
313 0.4541439314447554
314 0.4541439314447554
315 0.4541439314447554
316 0.4541439314447554
317 0.4541439314447554
318 0.4541439314447554
319 0.4541439314447554
320 0.4541439314447554
321 0.4541439314447554
322 0.4541439314447554
323 0.4541439314447554
324 0.454373526042747
325 0.454373526042747
326 0.454373526042747
327 0.4499695295977558
328 0.4499695295977558
329 0.4499841055119116
330 0.4499841055119116
331 0.4499841055119116
332 0.45458321730572043
333 0.4507680406776633
334 0.4507680406776633
335 0.4540577507122481
336 0.4540577507122481
337 0.4540577507122481
338 0.4540577507122481
339 0.4577860663569058
340 0.4577860663569058
341 0.4577860663569058
342 0.4577860663569058
343 0.4577860663569058
344 0.4577860663569058
345 0.4577860663569058
346 0.4577860663569058
347 0.45886100572890465
348 0.45886100572890465
349 0.45886100572890465
350 0.45886100572890465
351 0.45886100572890465
352 0.45886100572890465
353 0.45886100572890465
354 0.45886100572890465
355 0.45886100572890465
356 0.45886100572890465
357 0.45886100572890465
358 0.45886100572890465
359 0.45886100572890465
360 0.4588687698126996
361 0.4588687698126996
362 0.4588687698126996
363 0.4588687698126996
364 0.46090555276841516
365 0.46090555276841516
366 0.46090555276841516
367 0.46090555276841516
368 0.46090555276841516
369 0.4594166315849072
370 0.4594166315849072
371 0.4594278732817631
372 0.4594278732817631
373 0.46421537033650084
374 0.4642951587750559
375 0.46878342708607174
376 0.4689450122727969
377 0.4689450122727969
378 0.4689450122727969
379 0.4689450122727969
380 0.4689450122727969
381 0.46914382428231316
382 0.47273887814802934
383 0.47273887814802934
384 0.4735364591069547
385 0.47345810202010014
386 0.47345810202010014
387 0.47345810202010014
388 0.4833366984322762
389 0.4833366984322762
390 0.4833366984322762
391 0.4833366984322762
392 0.4833366984322762
393 0.4835180876838565
394 0.4835180876838565
395 0.4835180876838565
396 0.48839017718774874
397 0.48839017718774874
398 0.48839017718774874
399 0.48839017718774874
400 0.48839017718774874
401 0.48839017718774874
402 0.48839017718774874
403 0.4884498360703908
404 0.4884498360703908
405 0.4884498360703908
406 0.4884498360703908
407 0.4884498360703908
408 0.4884498360703908
409 0.4884498360703908
410 0.4884498360703908
411 0.48996773071024763
412 0.48996773071024763
413 0.48996773071024763
414 0.48996773071024763
415 0.48996773071024763
416 0.4927232389798721
417 0.4980833191456538
418 0.4980833191456538
419 0.49811554691897814
420 0.49811554691897814
421 0.49811554691897814
422 0.49811554691897814
423 0.49330386515834773
424 0.49330386515834773
425 0.49330386515834773
426 0.49330386515834773
427 0.49330386515834773
428 0.49330386515834773
429 0.49330386515834773
430 0.4953132208750031
431 0.4953366712994404
432 0.4953366712994404
433 0.4953366712994404
434 0.4953366712994404
435 0.4953366712994404
436 0.4953366712994404
437 0.4953366712994404
438 0.4953366712994404
439 0.4953366712994404
440 0.4953366712994404
441 0.4953366712994404
442 0.4953366712994404
443 0.4953366712994404
444 0.4953366712994404
445 0.4953366712994404
446 0.4953366712994404
447 0.4953366712994404
448 0.4953366712994404
449 0.4953366712994404
450 0.4953366712994404
451 0.4953366712994404
452 0.4953366712994404
453 0.49534818999090946
454 0.49534818999090946
455 0.49534818999090946
456 0.49534818999090946
457 0.49534818999090946
458 0.49534818999090946
459 0.49534818999090946
460 0.49557098766448193
461 0.49557098766448193
462 0.49557098766448193
463 0.49557098766448193
464 0.49557098766448193
465 0.49557098766448193
466 0.49557098766448193
467 0.49557098766448193
468 0.49557098766448193
469 0.49557098766448193
470 0.4955765081082888
471 0.4955765081082888
472 0.4955765081082888
473 0.4955765081082888
474 0.4955765081082888
475 0.49558086199900786
476 0.49558086199900786
477 0.49558086199900786
478 0.49558086199900786
479 0.49558086199900786
480 0.49558086199900786
481 0.49558086199900786
482 0.49558086199900786
483 0.49558086199900786
484 0.49558086199900786
485 0.4957257588909764
486 0.4957257588909764
487 0.4957257588909764
488 0.4957257588909764
489 0.4957257588909764
490 0.4957257588909764
491 0.4957257588909764
492 0.4957257588909764
493 0.4957257588909764
494 0.4957257588909764
495 0.4957257588909764
496 0.4971174940007288
497 0.4971174940007288
498 0.4971174940007288
499 0.4971174940007288
500 0.4971174940007288
501 0.4971174940007288
502 0.4971174940007288
503 0.4971174940007288
504 0.4971174940007288
505 0.4971174940007288
506 0.4971174940007288
507 0.49713287312152343
508 0.49713287312152343
509 0.49713287312152343
510 0.492352786537847
511 0.492352786537847
512 0.492352786537847
513 0.492352786537847
514 0.492352786537847
515 0.492352786537847
516 0.492352786537847
517 0.492352786537847
518 0.492352786537847
519 0.492352786537847
520 0.492352786537847
521 0.492352786537847
522 0.492352786537847
523 0.492352786537847
524 0.492352786537847
525 0.492352786537847
526 0.492352786537847
527 0.492352786537847
528 0.492352786537847
529 0.492352786537847
530 0.4972543674414077
531 0.4972543674414077
532 0.4972543674414077
533 0.4972543674414077
534 0.5021590178085902
535 0.5021590178085902
536 0.5021626673057333
537 0.5021938129811343
538 0.5021938129811343
539 0.5021938129811343
540 0.5021938129811343
541 0.5021938129811343
542 0.4992027253515196
543 0.4992027253515196
544 0.4992027253515196
545 0.4992027253515196
546 0.4992027253515196
547 0.5039976491431752
548 0.5039976491431752
549 0.5039976491431752
550 0.5039976491431752
551 0.5039976491431752
552 0.5039976491431752
553 0.5039976491431752
554 0.5039976491431752
555 0.5040101317136837
556 0.5040101317136837
557 0.5040101317136837
558 0.5040101317136837
559 0.5040101317136837
560 0.5040101317136837
561 0.5039958191194576
562 0.5039958191194576
563 0.504013283759264
564 0.504013283759264
565 0.504013283759264
566 0.504034032409169
567 0.504034032409169
568 0.504034032409169
569 0.504034032409169
570 0.504034032409169
571 0.504034032409169
572 0.5088574665003051
573 0.5088574665003051
574 0.5088574665003051
575 0.5137190762317436
576 0.5137190762317436
577 0.5137190762317436
578 0.5137190762317436
579 0.5137190762317436
580 0.5185711227517289
581 0.5185711227517289
582 0.5185711227517289
583 0.5185711227517289
584 0.5185711227517289
585 0.5185711227517289
586 0.5185711227517289
587 0.5234258856292856
588 0.5182593706956545
589 0.5188415536842678
590 0.5277319063484537
591 0.528096887820482
592 0.5281014093180504
593 0.5281014093180504
594 0.528128460234913
595 0.5280477075213824
596 0.5280593753750804
597 0.5313140549821379
598 0.5313140549821379
599 0.5313140549821379
600 0.5313140549821379
601 0.5313140549821379
602 0.5313140549821379
603 0.5313140549821379
604 0.5313140549821379
605 0.5313185796052671
606 0.5313185796052671
607 0.5313185796052671
608 0.5313185796052671
609 0.5313185796052671
610 0.5313185796052671
611 0.5313185796052671
612 0.5313185796052671
613 0.5313185796052671
614 0.5313185796052671
615 0.5313185796052671
616 0.5313185796052671
617 0.5313185796052671
618 0.5313185796052671
619 0.5313185796052671
620 0.5313185796052671
621 0.5313185796052671
622 0.5313185796052671
623 0.5313185796052671
624 0.5313185796052671
625 0.5313185796052671
626 0.5313185796052671
627 0.5313185796052671
628 0.5313185796052671
629 0.5313185796052671
630 0.5315032674931284
631 0.5315032674931284
632 0.5315032674931284
633 0.5315032674931284
634 0.5315032674931284
635 0.5269171999808526
636 0.5269171999808526
637 0.5269171999808526
638 0.5269171999808526
639 0.5269171999808526
640 0.5269171999808526
641 0.5269171999808526
642 0.5269171999808526
643 0.5269171999808526
644 0.5269171999808526
645 0.5269171999808526
646 0.5318218494677329
647 0.5318218494677329
648 0.5318218494677329
649 0.5318218494677329
650 0.5318218494677329
651 0.5318218494677329
652 0.5318946179051717
653 0.5318946179051717
654 0.5318946179051717
655 0.5318946179051717
656 0.5318946179051717
657 0.5318946179051717
658 0.5318946179051717
659 0.5318946179051717
660 0.5318946179051717
661 0.5318946179051717
662 0.5318946179051717
663 0.5318946179051717
664 0.5318946179051717
665 0.5318946179051717
666 0.5318946179051717
667 0.5318946179051717
668 0.5318946179051717
669 0.5318946179051717
670 0.5318946179051717
671 0.5318946179051717
672 0.5318946179051717
673 0.5318946179051717
674 0.5318946179051717
675 0.5318946179051717
676 0.5318946179051717
677 0.5318946179051717
678 0.5318946179051717
679 0.5318946179051717
680 0.5318946179051717
681 0.5318946179051717
682 0.5318946179051717
683 0.5318946179051717
684 0.5318946179051717
685 0.5318946179051717
686 0.5318946179051717
687 0.5373387360273475
688 0.5373387360273475
689 0.5421461836288688
690 0.5421461836288688
691 0.5421461836288688
692 0.5421461836288688
693 0.5421461836288688
694 0.5421461836288688
695 0.5421461836288688
696 0.5421461836288688
697 0.5421464281199845
698 0.5421464281199845
699 0.5421464281199845
700 0.5421991282404256
701 0.5421991282404256
702 0.5421991282404256
703 0.5421991282404256
704 0.5421991282404256
705 0.5421991282404256
706 0.5421991282404256
707 0.5421976266527646
708 0.5421976266527646
709 0.5421976266527646
710 0.5421976266527646
711 0.5421976266527646
712 0.5421976266527646
713 0.5421976266527646
714 0.5421976266527646
715 0.5421976266527646
716 0.5421976266527646
717 0.5421976266527646
718 0.5421976266527646
719 0.5421976266527646
720 0.5421976266527646
721 0.5471420437965197
722 0.5471420437965197
723 0.5471420437965197
724 0.5471420437965197
725 0.5471420437965197
726 0.5471420437965197
727 0.5471420437965197
728 0.5471420437965197
729 0.5471420437965197
730 0.5471420437965197
731 0.5471455184011571
732 0.5471455184011571
733 0.5471455184011571
734 0.5471467074235682
735 0.5471467074235682
736 0.5471467074235682
737 0.5471467074235682
738 0.5423597537361725
739 0.5423597537361725
740 0.5470877127776289
741 0.5471505842647043
742 0.5471666654696733
743 0.5471666654696733
744 0.5471666654696733
745 0.5471666654696733
746 0.5471666654696733
747 0.5471666654696733
748 0.5471666654696733
749 0.5471666654696733
750 0.5471666654696733
751 0.5471666654696733
752 0.5471666654696733
753 0.5471666654696733
754 0.5471667811070007
755 0.5471667811070007
756 0.5471667811070007
757 0.5471667811070007
758 0.5471667811070007
759 0.5471667811070007
760 0.5471667811070007
761 0.5471667811070007
762 0.5471667811070007
763 0.5471667811070007
764 0.5471667811070007
765 0.5471667811070007
766 0.5471667811070007
767 0.5462160509811284
768 0.5462160509811284
769 0.5462160509811284
770 0.5462160509811284
771 0.5462498681099186
772 0.5462498681099186
773 0.5462498681099186
774 0.5462498681099186
775 0.5462498681099186
776 0.5462498681099186
777 0.5462498681099186
778 0.5462498681099186
779 0.5462498681099186
780 0.5462498681099186
781 0.5462498681099186
782 0.5462498681099186
783 0.5462498681099186
784 0.5462498681099186
785 0.5462498681099186
786 0.5462498681099186
787 0.5462498681099186
788 0.5462498681099186
789 0.5462498681099186
790 0.5462498681099186
791 0.5462498681099186
792 0.5462498681099186
793 0.5462498681099186
794 0.5462498681099186
795 0.5462498681099186
796 0.5462498681099186
797 0.5462498681099186
798 0.5462498681099186
799 0.5462498681099186
800 0.5462498681099186
801 0.5462498681099186
802 0.5462498681099186
803 0.5462498681099186
804 0.5462498681099186
805 0.5462498681099186
806 0.5462498681099186
807 0.5462498681099186
808 0.5426651660387815
809 0.5426651660387815
810 0.5426651660387815
811 0.5427553512352626
812 0.5427553512352626
813 0.5427553512352626
814 0.5427553512352626
815 0.5427553512352626
816 0.5427553512352626
817 0.5427553512352626
818 0.5427553512352626
819 0.5427553512352626
820 0.5427553512352626
821 0.5427553512352626
822 0.5446484974282412
823 0.5446484974282412
824 0.5446484974282412
825 0.5446484974282412
826 0.5446484974282412
827 0.5458993640445786
828 0.5458993640445786
829 0.5458993640445786
830 0.5458993640445786
831 0.5458993640445786
832 0.5460728922237311
833 0.5460728922237311
834 0.5460728922237311
835 0.5460728922237311
836 0.5460728922237311
837 0.5460728922237311
838 0.5460728922237311
839 0.5460728922237311
840 0.546204014318742
841 0.546204014318742
842 0.546204014318742
843 0.546204014318742
844 0.546204014318742
845 0.5465708038548344
846 0.5465708038548344
847 0.5465708038548344
848 0.5465708038548344
849 0.5465708038548344
850 0.5465708038548344
851 0.5465708038548344
852 0.5465708038548344
853 0.5465708038548344
854 0.550728319629777
855 0.550728319629777
856 0.5575675156762497
857 0.5575675156762497
858 0.5575675156762497
859 0.5575675156762497
860 0.5575675156762497
861 0.5575675156762497
862 0.5575483580866681
863 0.5575483580866681
864 0.5575483580866681
865 0.5575483580866681
866 0.5575483580866681
867 0.5521963670825609
868 0.557698349599893
869 0.5509367220655578
870 0.5509367220655578
871 0.5509367220655578
872 0.5509367220655578
873 0.5509367220655578
874 0.5536267212124085
875 0.5536267212124085
876 0.5536267212124085
877 0.5536267212124085
878 0.5536267212124085
879 0.5536267212124085
880 0.5537439521661001
881 0.5537439521661001
882 0.5487323595534555
883 0.5487323595534555
884 0.5487323595534555
885 0.5487323595534555
886 0.5503451450351142
887 0.5503451450351142
888 0.5503451450351142
889 0.5503451450351142
890 0.5503451450351142
891 0.5503451450351142
892 0.5503451450351142
893 0.5503451450351142
894 0.5503451450351142
895 0.5503451450351142
896 0.5503451450351142
897 0.5503451450351142
898 0.5503451450351142
899 0.5504417198502974
900 0.5504417198502974
901 0.5504456721443145
902 0.5504456721443145
903 0.5463767126136777
904 0.5388678887523892
905 0.5357089383058011
906 0.5367659876082282
907 0.5292513872894254
908 0.5292857901135737
909 0.5292857901135737
910 0.5292857901135737
911 0.5292857901135737
912 0.5297876481629222
913 0.5297876481629222
914 0.5297876481629222
915 0.5297876481629222
916 0.5297876481629222
917 0.5297876481629222
918 0.5297876481629222
919 0.5297876481629222
920 0.5297876481629222
921 0.5297876481629222
922 0.5297876481629222
923 0.5297876481629222
924 0.5297876481629222
925 0.5297876481629222
926 0.5297876481629222
927 0.5297876481629222
928 0.5297876481629222
929 0.5297876481629222
930 0.5297876481629222
931 0.5297876481629222
932 0.5297876481629222
933 0.5297876481629222
934 0.5297876481629222
935 0.5297876481629222
936 0.5397971308592797
937 0.5397971308592797
938 0.5398110741558412
939 0.5328103401851899
940 0.5328103401851899
941 0.5328103401851899
942 0.5328103401851899
943 0.5328103401851899
944 0.5328103401851899
945 0.5328103401851899
946 0.5328103401851899
947 0.5328103401851899
948 0.5328103401851899
949 0.5328103401851899
950 0.5328103401851899
951 0.5328222781124985
952 0.5348649127753705
953 0.5348775334724771
954 0.5348775334724771
955 0.5358414989438507
956 0.5358414989438507
957 0.5358414989438507
958 0.5358414989438507
959 0.5358414989438507
960 0.5358414989438507
961 0.5358414989438507
962 0.5358414989438507
963 0.5358414989438507
964 0.5358414989438507
965 0.5358414990180385
966 0.5358414990180385
967 0.535805228304019
968 0.535805228304019
969 0.535805228304019
970 0.535805228304019
971 0.5406942340547998
972 0.5405109509092199
973 0.5405109509092199
974 0.5405109509092199
975 0.5407484284102854
976 0.5399477611798286
977 0.5399477611798286
978 0.5399477611798286
979 0.5399477611798286
980 0.5399477611798286
981 0.5399477611798286
982 0.5399477611798286
983 0.5399560932710052
984 0.5328024576086231
985 0.5328024576086231
986 0.5328024576086231
987 0.5328024576086231
988 0.5328024576086231
989 0.5328024576086231
990 0.5328024576086231
991 0.5348171990510608
992 0.5348161783365079
993 0.5348161783365079
994 0.5348161783365079
995 0.5348161783365079
996 0.5348161783365079
997 0.5348161783365079
998 0.5348161783365079
999 0.5348161783365079
