0 1.1333333333333333
1 1.1333333333333333
2 1.1666666666666667
3 1.1666666666666667
4 1.5
5 1.5
6 1.5
7 1.5
8 1.5
9 1.5
10 1.5
11 1.5666666666666667
12 1.5666666666666667
13 1.5666666666666667
14 1.5666666666666667
15 1.5666666666666667
16 1.6333333333333333
17 1.6666666666666667
18 1.6666666666666667
19 1.6666666666666667
20 1.8333333333333333
21 1.9333333333333333
22 1.9333333333333333
23 1.9333333333333333
24 2.066666666666667
25 2.2333333333333334
26 2.2333333333333334
27 2.5
28 2.5
29 2.5
30 2.5
31 2.5
32 2.566666666666667
33 2.966666666666667
34 2.966666666666667
35 2.966666666666667
36 2.966666666666667
37 2.966666666666667
38 2.966666666666667
39 2.966666666666667
40 2.966666666666667
41 2.966666666666667
42 2.966666666666667
43 2.966666666666667
44 2.966666666666667
45 2.966666666666667
46 2.966666666666667
47 3.1
48 3.4
49 3.4
50 3.4
51 3.4
52 3.4
53 3.4
54 3.4
55 3.4
56 3.5
57 3.5
58 3.9
59 3.9
60 3.9
61 3.9
62 3.9
63 3.9
64 3.9
65 3.9
66 3.9
67 3.9
68 3.9
69 3.9
70 3.966666666666667
71 3.966666666666667
72 3.966666666666667
73 3.966666666666667
74 4.166666666666667
75 4.166666666666667
76 4.166666666666667
77 4.166666666666667
78 4.166666666666667
79 4.166666666666667
80 4.166666666666667
81 4.166666666666667
82 4.166666666666667
83 4.166666666666667
84 4.166666666666667
85 4.4
86 4.4
87 4.4
88 4.4
89 4.4
90 4.4
91 4.4
92 4.4
93 4.4
94 4.4
95 4.4
96 4.4
97 4.4
98 4.4
99 4.4
100 4.4
101 4.4
102 4.566666666666666
103 4.566666666666666
104 4.566666666666666
105 4.566666666666666
106 4.566666666666666
107 4.566666666666666
108 4.6
109 4.6
110 4.6
111 4.6
112 4.6
113 4.6
114 4.6
115 4.6
116 4.6
117 4.733333333333333
118 4.733333333333333
119 4.733333333333333
120 4.8
121 4.8
122 4.8
123 4.8
124 4.8
125 4.8
126 4.8
127 4.966666666666667
128 4.966666666666667
129 4.966666666666667
130 4.966666666666667
131 4.966666666666667
132 4.966666666666667
133 4.966666666666667
134 4.966666666666667
135 4.966666666666667
136 4.966666666666667
137 4.966666666666667
138 4.966666666666667
139 4.966666666666667
140 4.966666666666667
141 4.966666666666667
142 4.966666666666667
143 4.966666666666667
144 4.966666666666667
145 4.966666666666667
146 4.966666666666667
147 4.966666666666667
148 4.966666666666667
149 4.966666666666667
150 4.966666666666667
151 4.966666666666667
152 4.966666666666667
153 4.966666666666667
154 4.966666666666667
155 4.966666666666667
156 5.033333333333333
157 5.033333333333333
158 5.033333333333333
159 5.033333333333333
160 5.033333333333333
161 5.033333333333333
162 5.033333333333333
163 5.033333333333333
164 5.033333333333333
165 5.033333333333333
166 5.033333333333333
167 5.033333333333333
168 5.033333333333333
169 5.033333333333333
170 5.033333333333333
171 5.033333333333333
172 5.033333333333333
173 5.033333333333333
174 5.033333333333333
175 5.033333333333333
176 5.033333333333333
177 5.033333333333333
178 5.033333333333333
179 5.033333333333333
180 5.033333333333333
181 5.033333333333333
182 5.033333333333333
183 5.033333333333333
184 5.033333333333333
185 5.033333333333333
186 5.033333333333333
187 5.033333333333333
188 5.033333333333333
189 5.033333333333333
190 5.033333333333333
191 5.033333333333333
192 5.033333333333333
193 5.033333333333333
194 5.033333333333333
195 5.033333333333333
196 5.033333333333333
197 5.033333333333333
198 5.033333333333333
199 5.033333333333333
200 5.033333333333333
201 5.033333333333333
202 5.033333333333333
203 5.066666666666666
204 5.066666666666666
205 5.066666666666666
206 5.066666666666666
207 5.066666666666666
208 5.066666666666666
209 5.066666666666666
210 5.066666666666666
211 5.066666666666666
212 5.066666666666666
213 5.066666666666666
214 5.066666666666666
215 5.066666666666666
216 5.066666666666666
217 5.066666666666666
218 5.066666666666666
219 5.066666666666666
220 5.066666666666666
221 5.066666666666666
222 5.1
223 5.1
224 5.233333333333333
225 5.233333333333333
226 5.233333333333333
227 5.233333333333333
228 5.233333333333333
229 5.233333333333333
230 5.233333333333333
231 5.233333333333333
232 5.233333333333333
233 5.233333333333333
234 5.233333333333333
235 5.266666666666667
236 5.266666666666667
237 5.266666666666667
238 5.266666666666667
239 5.266666666666667
240 5.266666666666667
241 5.266666666666667
242 5.266666666666667
243 5.266666666666667
244 5.266666666666667
245 5.266666666666667
246 5.266666666666667
247 5.266666666666667
248 5.266666666666667
249 5.266666666666667
250 5.266666666666667
251 5.266666666666667
252 5.266666666666667
253 5.266666666666667
254 5.266666666666667
255 5.266666666666667
256 5.266666666666667
257 5.266666666666667
258 5.266666666666667
259 5.266666666666667
260 5.266666666666667
261 5.266666666666667
262 5.266666666666667
263 5.266666666666667
264 5.266666666666667
265 5.266666666666667
266 5.266666666666667
267 5.266666666666667
268 5.266666666666667
269 5.266666666666667
270 5.266666666666667
271 5.266666666666667
272 5.266666666666667
273 5.266666666666667
274 5.266666666666667
275 5.266666666666667
276 5.266666666666667
277 5.266666666666667
278 5.266666666666667
279 5.266666666666667
280 5.266666666666667
281 5.266666666666667
282 5.266666666666667
283 5.366666666666666
284 5.366666666666666
285 5.366666666666666
286 5.366666666666666
287 5.366666666666666
288 5.366666666666666
289 5.366666666666666
290 5.366666666666666
291 5.366666666666666
292 5.366666666666666
293 5.366666666666666
294 5.366666666666666
295 5.366666666666666
296 5.366666666666666
297 5.366666666666666
298 5.366666666666666
299 5.366666666666666
300 5.366666666666666
301 5.366666666666666
302 5.366666666666666
303 5.366666666666666
304 5.366666666666666
305 5.366666666666666
306 5.366666666666666
307 5.366666666666666
308 5.366666666666666
309 5.366666666666666
310 5.366666666666666
311 5.366666666666666
312 5.366666666666666
313 5.366666666666666
314 5.366666666666666
315 5.366666666666666
316 5.366666666666666
317 5.366666666666666
318 5.366666666666666
319 5.366666666666666
320 5.366666666666666
321 5.366666666666666
322 5.366666666666666
323 5.366666666666666
324 5.366666666666666
325 5.366666666666666
326 5.366666666666666
327 5.366666666666666
328 5.366666666666666
329 5.366666666666666
330 5.366666666666666
331 5.366666666666666
332 5.366666666666666
333 5.366666666666666
334 5.366666666666666
335 5.366666666666666
336 5.366666666666666
337 5.366666666666666
338 5.366666666666666
339 5.366666666666666
340 5.366666666666666
341 5.366666666666666
342 5.366666666666666
343 5.366666666666666
344 5.366666666666666
345 5.366666666666666
346 5.366666666666666
347 5.366666666666666
348 5.366666666666666
349 5.366666666666666
350 5.366666666666666
351 5.366666666666666
352 5.366666666666666
353 5.366666666666666
354 5.366666666666666
355 5.366666666666666
356 5.366666666666666
357 5.366666666666666
358 5.366666666666666
359 5.366666666666666
360 5.366666666666666
361 5.366666666666666
362 5.366666666666666
363 5.366666666666666
364 5.366666666666666
365 5.366666666666666
366 5.366666666666666
367 5.366666666666666
368 5.366666666666666
369 5.366666666666666
370 5.366666666666666
371 5.366666666666666
372 5.366666666666666
373 5.366666666666666
374 5.366666666666666
375 5.366666666666666
376 5.366666666666666
377 5.366666666666666
378 5.366666666666666
379 5.433333333333334
380 5.433333333333334
381 5.433333333333334
382 5.433333333333334
383 5.433333333333334
384 5.433333333333334
385 5.433333333333334
386 5.433333333333334
387 5.433333333333334
388 5.433333333333334
389 5.433333333333334
390 5.433333333333334
391 5.433333333333334
392 5.433333333333334
393 5.433333333333334
394 5.433333333333334
395 5.433333333333334
396 5.433333333333334
397 5.433333333333334
398 5.5
399 5.5
400 5.5
401 5.5
402 5.5
403 5.5
404 5.5
405 5.5
406 5.5
407 5.5
408 5.5
409 5.5
410 5.5
411 5.5
412 5.5
413 5.5
414 5.5
415 5.5
416 5.5
417 5.5
418 5.5
419 5.5
420 5.5
421 5.5
422 5.5
423 5.5
424 5.5
425 5.5
426 5.5
427 5.5
428 5.5
429 5.5
430 5.5
431 5.5
432 5.5
433 5.5
434 5.5
435 5.5
436 5.5
437 5.5
438 5.5
439 5.5
440 5.5
441 5.5
442 5.5
443 5.5
444 5.5
445 5.5
446 5.5
447 5.5
448 5.5
449 5.5
450 5.5
451 5.5
452 5.5
453 5.5
454 5.5
455 5.5
456 5.5
457 5.5
458 5.5
459 5.5
460 5.5
461 5.5
462 5.5
463 5.5
464 5.5
465 5.5
466 5.5
467 5.5
468 5.5
469 5.5
470 5.5
471 5.566666666666666
472 5.566666666666666
473 5.566666666666666
474 5.566666666666666
475 5.566666666666666
476 5.566666666666666
477 5.566666666666666
478 5.566666666666666
479 5.566666666666666
480 5.566666666666666
481 5.566666666666666
482 5.566666666666666
483 5.566666666666666
484 5.566666666666666
485 5.566666666666666
486 5.566666666666666
487 5.566666666666666
488 5.566666666666666
489 5.566666666666666
490 5.566666666666666
491 5.566666666666666
492 5.566666666666666
493 5.566666666666666
494 5.566666666666666
495 5.566666666666666
496 5.566666666666666
497 5.566666666666666
498 5.566666666666666
499 5.566666666666666
500 5.566666666666666
501 5.566666666666666
502 5.566666666666666
503 5.566666666666666
504 5.566666666666666
505 5.566666666666666
506 5.566666666666666
507 5.566666666666666
508 5.566666666666666
509 5.566666666666666
510 5.566666666666666
511 5.566666666666666
512 5.566666666666666
513 5.566666666666666
514 5.566666666666666
515 5.566666666666666
516 5.566666666666666
517 5.566666666666666
518 5.566666666666666
519 5.566666666666666
520 5.566666666666666
521 5.566666666666666
522 5.566666666666666
523 5.566666666666666
524 5.566666666666666
525 5.566666666666666
526 5.566666666666666
527 5.566666666666666
528 5.566666666666666
529 5.566666666666666
530 5.566666666666666
531 5.566666666666666
532 5.566666666666666
533 5.566666666666666
534 5.566666666666666
535 5.566666666666666
536 5.566666666666666
537 5.566666666666666
538 5.566666666666666
539 5.566666666666666
540 5.566666666666666
541 5.566666666666666
542 5.566666666666666
543 5.566666666666666
544 5.566666666666666
545 5.566666666666666
546 5.566666666666666
547 5.566666666666666
548 5.566666666666666
549 5.566666666666666
550 5.566666666666666
551 5.566666666666666
552 5.566666666666666
553 5.566666666666666
554 5.566666666666666
555 5.566666666666666
556 5.566666666666666
557 5.566666666666666
558 5.566666666666666
559 5.566666666666666
560 5.566666666666666
561 5.566666666666666
562 5.566666666666666
563 5.566666666666666
564 5.566666666666666
565 5.6
566 5.6
567 5.6
568 5.6
569 5.6
570 5.6
571 5.6
572 5.6
573 5.6
574 5.6
575 5.6
576 5.6
577 5.6
578 5.6
579 5.6
580 5.6
581 5.6
582 5.6
583 5.6
584 5.6
585 5.6
586 5.6
587 5.6
588 5.6
589 5.6
590 5.6
591 5.6
592 5.6
593 5.6
594 5.6
595 5.6
596 5.6
597 5.6
598 5.6
599 5.6
600 5.6
601 5.6
602 5.6
603 5.6
604 5.6
605 5.6
606 5.6
607 5.6
608 5.6
609 5.6
610 5.6
611 5.6
612 5.6
613 5.6
614 5.6
615 5.6
616 5.6
617 5.6
618 5.6
619 5.6
620 5.6
621 5.6
622 5.6
623 5.6
624 5.6
625 5.6
626 5.6
627 5.6
628 5.6
629 5.6
630 5.6
631 5.6
632 5.6
633 5.6
634 5.6
635 5.6
636 5.6
637 5.6
638 5.6
639 5.6
640 5.6
641 5.633333333333334
642 5.633333333333334
643 5.633333333333334
644 5.633333333333334
645 5.633333333333334
646 5.633333333333334
647 5.633333333333334
648 5.633333333333334
649 5.633333333333334
650 5.633333333333334
651 5.633333333333334
652 5.633333333333334
653 5.633333333333334
654 5.633333333333334
655 5.633333333333334
656 5.633333333333334
657 5.633333333333334
658 5.633333333333334
659 5.633333333333334
660 5.633333333333334
661 5.633333333333334
662 5.633333333333334
663 5.633333333333334
664 5.633333333333334
665 5.633333333333334
666 5.633333333333334
667 5.633333333333334
668 5.633333333333334
669 5.633333333333334
670 5.633333333333334
671 5.633333333333334
672 5.633333333333334
673 5.633333333333334
674 5.633333333333334
675 5.633333333333334
676 5.633333333333334
677 5.633333333333334
678 5.633333333333334
679 5.633333333333334
680 5.633333333333334
681 5.633333333333334
682 5.633333333333334
683 5.633333333333334
684 5.633333333333334
685 5.633333333333334
686 5.633333333333334
687 5.633333333333334
688 5.633333333333334
689 5.633333333333334
690 5.633333333333334
691 5.633333333333334
692 5.633333333333334
693 5.633333333333334
694 5.633333333333334
695 5.633333333333334
696 5.633333333333334
697 5.633333333333334
698 5.633333333333334
699 5.633333333333334
700 5.633333333333334
701 5.633333333333334
702 5.633333333333334
703 5.633333333333334
704 5.633333333333334
705 5.633333333333334
706 5.633333333333334
707 5.633333333333334
708 5.633333333333334
709 5.633333333333334
710 5.633333333333334
711 5.633333333333334
712 5.633333333333334
713 5.633333333333334
714 5.633333333333334
715 5.633333333333334
716 5.633333333333334
717 5.633333333333334
718 5.633333333333334
719 5.633333333333334
720 5.633333333333334
721 5.633333333333334
722 5.633333333333334
723 5.633333333333334
724 5.633333333333334
725 5.633333333333334
726 5.633333333333334
727 5.633333333333334
728 5.633333333333334
729 5.633333333333334
730 5.633333333333334
731 5.633333333333334
732 5.633333333333334
733 5.633333333333334
734 5.633333333333334
735 5.633333333333334
736 5.633333333333334
737 5.633333333333334
738 5.633333333333334
739 5.633333333333334
740 5.633333333333334
741 5.633333333333334
742 5.633333333333334
743 5.633333333333334
744 5.633333333333334
745 5.633333333333334
746 5.633333333333334
747 5.633333333333334
748 5.633333333333334
749 5.633333333333334
750 5.633333333333334
751 5.633333333333334
752 5.633333333333334
753 5.633333333333334
754 5.633333333333334
755 5.633333333333334
756 5.633333333333334
757 5.633333333333334
758 5.633333333333334
759 5.633333333333334
760 5.633333333333334
761 5.633333333333334
762 5.633333333333334
763 5.633333333333334
764 5.633333333333334
765 5.633333333333334
766 5.633333333333334
767 5.633333333333334
768 5.633333333333334
769 5.633333333333334
770 5.633333333333334
771 5.633333333333334
772 5.633333333333334
773 5.633333333333334
774 5.633333333333334
775 5.633333333333334
776 5.633333333333334
777 5.633333333333334
778 5.633333333333334
779 5.633333333333334
780 5.633333333333334
781 5.666666666666667
782 5.666666666666667
783 5.666666666666667
784 5.666666666666667
785 5.666666666666667
786 5.666666666666667
787 5.666666666666667
788 5.666666666666667
789 5.666666666666667
790 5.666666666666667
791 5.666666666666667
792 5.666666666666667
793 5.666666666666667
794 5.666666666666667
795 5.666666666666667
796 5.666666666666667
797 5.666666666666667
798 5.666666666666667
799 5.666666666666667
800 5.666666666666667
801 5.666666666666667
802 5.666666666666667
803 5.666666666666667
804 5.666666666666667
805 5.666666666666667
806 5.666666666666667
807 5.666666666666667
808 5.666666666666667
809 5.666666666666667
810 5.666666666666667
811 5.666666666666667
812 5.666666666666667
813 5.666666666666667
814 5.666666666666667
815 5.666666666666667
816 5.666666666666667
817 5.666666666666667
818 5.666666666666667
819 5.666666666666667
820 5.666666666666667
821 5.666666666666667
822 5.666666666666667
823 5.666666666666667
824 5.666666666666667
825 5.666666666666667
826 5.666666666666667
827 5.666666666666667
828 5.666666666666667
829 5.666666666666667
830 5.666666666666667
831 5.666666666666667
832 5.666666666666667
833 5.666666666666667
834 5.666666666666667
835 5.666666666666667
836 5.666666666666667
837 5.666666666666667
838 5.666666666666667
839 5.666666666666667
840 5.666666666666667
841 5.666666666666667
842 5.666666666666667
843 5.666666666666667
844 5.666666666666667
845 5.666666666666667
846 5.666666666666667
847 5.666666666666667
848 5.666666666666667
849 5.666666666666667
850 5.666666666666667
851 5.666666666666667
852 5.666666666666667
853 5.666666666666667
854 5.666666666666667
855 5.666666666666667
856 5.666666666666667
857 5.666666666666667
858 5.666666666666667
859 5.666666666666667
860 5.666666666666667
861 5.666666666666667
862 5.666666666666667
863 5.666666666666667
864 5.666666666666667
865 5.666666666666667
866 5.666666666666667
867 5.666666666666667
868 5.666666666666667
869 5.666666666666667
870 5.666666666666667
871 5.666666666666667
872 5.666666666666667
873 5.666666666666667
874 5.666666666666667
875 5.666666666666667
876 5.666666666666667
877 5.666666666666667
878 5.666666666666667
879 5.666666666666667
880 5.666666666666667
881 5.666666666666667
882 5.666666666666667
883 5.666666666666667
884 5.666666666666667
885 5.666666666666667
886 5.666666666666667
887 5.666666666666667
888 5.666666666666667
889 5.666666666666667
890 5.666666666666667
891 5.7
892 5.7
893 5.7
894 5.7
895 5.7
896 5.7
897 5.7
898 5.7
899 5.7
900 5.7
901 5.7
902 5.7
903 5.7
904 5.7
905 5.7
906 5.7
907 5.7
908 5.7
909 5.7
910 5.7
911 5.7
912 5.7
913 5.7
914 5.7
915 5.7
916 5.7
917 5.7
918 5.7
919 5.7
920 5.7
921 5.7
922 5.7
923 5.7
924 5.7
925 5.7
926 5.7
927 5.7
928 5.7
929 5.7
930 5.7
931 5.7
932 5.7
933 5.7
934 5.7
935 5.7
936 5.7
937 5.7
938 5.7
939 5.7
940 5.7
941 5.7
942 5.7
943 5.7
944 5.7
945 5.7
946 5.7
947 5.7
948 5.7
949 5.7
950 5.7
951 5.7
952 5.7
953 5.7
954 5.7
955 5.7
956 5.7
957 5.7
958 5.7
959 5.7
960 5.7
961 5.7
962 5.7
963 5.7
964 5.7
965 5.7
966 5.7
967 5.7
968 5.7
969 5.7
970 5.7
971 5.7
972 5.7
973 5.7
974 5.7
975 5.7
976 5.7
977 5.7
978 5.7
979 5.7
980 5.7
981 5.7
982 5.7
983 5.7
984 5.7
985 5.7
986 5.7
987 5.7
988 5.7
989 5.7
990 5.7
991 5.7
992 5.7
993 5.7
994 5.7
995 5.7
996 5.7
997 5.7
998 5.7
999 5.7
1000 5.7
1001 5.7
1002 5.7
1003 5.7
1004 5.7
1005 5.7
1006 5.7
1007 5.7
1008 5.7
1009 5.7
1010 5.7
1011 5.7
1012 5.7
1013 5.733333333333333
1014 5.733333333333333
1015 5.733333333333333
1016 5.733333333333333
1017 5.733333333333333
1018 5.733333333333333
1019 5.733333333333333
1020 5.733333333333333
1021 5.733333333333333
1022 5.733333333333333
1023 5.733333333333333
1024 5.733333333333333
1025 5.733333333333333
1026 5.733333333333333
1027 5.733333333333333
1028 5.733333333333333
1029 5.733333333333333
1030 5.733333333333333
1031 5.766666666666667
1032 5.8
1033 5.8
1034 5.8
1035 5.8
1036 5.8
1037 5.8
1038 5.8
1039 5.8
1040 5.8
1041 5.8
1042 5.8
1043 5.8
1044 5.8
1045 5.8
1046 5.8
1047 5.8
1048 5.8
1049 5.8
1050 5.8
1051 5.8
1052 5.8
1053 5.8
1054 5.8
1055 5.8
1056 5.8
1057 5.8
1058 5.8
1059 5.8
1060 5.8
1061 5.8
1062 5.8
1063 5.8
1064 5.8
1065 5.8
1066 5.8
1067 5.8
1068 5.8
1069 5.8
1070 5.8
1071 5.8
1072 5.8
1073 5.8
1074 5.8
1075 5.8
1076 5.8
1077 5.8
1078 5.8
1079 5.8
1080 5.8
1081 5.8
1082 5.8
1083 5.8
1084 5.8
1085 5.8
1086 5.8
1087 5.8
1088 5.8
1089 5.8
1090 5.8
1091 5.8
1092 5.8
1093 5.8
1094 5.8
1095 5.8
1096 5.8
1097 5.8
1098 5.8
1099 5.8
1100 5.8
1101 5.8
1102 5.8
1103 5.8
1104 5.8
1105 5.8
1106 5.8
1107 5.8
1108 5.8
1109 5.8
1110 5.8
1111 5.8
1112 5.8
1113 5.8
1114 5.8
1115 5.8
1116 5.8
1117 5.8
1118 5.8
1119 5.8
1120 5.8
1121 5.8
1122 5.8
1123 5.8
1124 5.8
1125 5.8
1126 5.8
1127 5.8
1128 5.8
1129 5.8
1130 5.8
1131 5.8
1132 5.8
1133 5.8
1134 5.8
1135 5.8
1136 5.8
1137 5.8
1138 5.8
1139 5.8
1140 5.8
1141 5.8
1142 5.8
1143 5.8
1144 5.8
1145 5.8
1146 5.8
1147 5.8
1148 5.8
1149 5.8
1150 5.8
1151 5.8
1152 5.8
1153 5.8
1154 5.8
1155 5.8
1156 5.8
1157 5.8
1158 5.8
1159 5.8
1160 5.8
1161 5.8
1162 5.8
1163 5.8
1164 5.8
1165 5.8
1166 5.8
1167 5.8
1168 5.8
1169 5.8
1170 5.8
1171 5.8
1172 5.8
1173 5.8
1174 5.8
1175 5.8
1176 5.8
1177 5.8
1178 5.8
1179 5.8
1180 5.8
1181 5.8
1182 5.8
1183 5.8
1184 5.8
1185 5.8
1186 5.8
1187 5.8
1188 5.8
1189 5.8
1190 5.8
1191 5.8
1192 5.8
1193 5.8
1194 5.8
1195 5.8
1196 5.8
1197 5.8
1198 5.8
1199 5.8
1200 5.8
1201 5.8
1202 5.8
1203 5.8
1204 5.8
1205 5.8
1206 5.8
1207 5.8
1208 5.8
1209 5.8
1210 5.8
1211 5.8
1212 5.8
1213 5.8
1214 5.8
1215 5.8
1216 5.8
1217 5.8
1218 5.8
1219 5.8
1220 5.8
1221 5.8
1222 5.8
1223 5.8
1224 5.8
1225 5.8
1226 5.8
1227 5.8
1228 5.8
1229 5.833333333333333
1230 5.833333333333333
1231 5.833333333333333
1232 5.833333333333333
1233 5.833333333333333
1234 5.833333333333333
1235 5.833333333333333
1236 5.833333333333333
1237 5.833333333333333
1238 5.833333333333333
1239 5.833333333333333
1240 5.833333333333333
1241 5.833333333333333
1242 5.833333333333333
1243 5.833333333333333
1244 5.833333333333333
1245 5.833333333333333
1246 5.833333333333333
1247 5.833333333333333
1248 5.833333333333333
1249 5.833333333333333
1250 5.833333333333333
1251 5.833333333333333
1252 5.833333333333333
1253 5.833333333333333
1254 5.833333333333333
1255 5.833333333333333
1256 5.833333333333333
1257 5.833333333333333
1258 5.833333333333333
1259 5.833333333333333
1260 5.833333333333333
1261 5.833333333333333
1262 5.833333333333333
1263 5.833333333333333
1264 5.833333333333333
1265 5.833333333333333
1266 5.833333333333333
1267 5.833333333333333
1268 5.833333333333333
1269 5.833333333333333
1270 5.833333333333333
1271 5.833333333333333
1272 5.833333333333333
1273 5.833333333333333
1274 5.833333333333333
1275 5.833333333333333
1276 5.833333333333333
1277 5.833333333333333
1278 5.833333333333333
1279 5.833333333333333
1280 5.833333333333333
1281 5.833333333333333
1282 5.833333333333333
1283 5.833333333333333
1284 5.833333333333333
1285 5.833333333333333
1286 5.833333333333333
1287 5.833333333333333
1288 5.833333333333333
1289 5.833333333333333
1290 5.833333333333333
1291 5.833333333333333
1292 5.833333333333333
1293 5.833333333333333
1294 5.833333333333333
1295 5.833333333333333
1296 5.833333333333333
1297 5.833333333333333
1298 5.833333333333333
1299 5.833333333333333
1300 5.833333333333333
1301 5.833333333333333
1302 5.833333333333333
1303 5.833333333333333
1304 5.833333333333333
1305 5.833333333333333
1306 5.833333333333333
1307 5.833333333333333
1308 5.833333333333333
1309 5.833333333333333
1310 5.833333333333333
1311 5.833333333333333
1312 5.9
1313 5.9
1314 5.9
1315 5.9
1316 5.9
1317 5.9
1318 5.9
1319 5.9
1320 5.9
1321 5.9
1322 5.9
1323 5.9
1324 5.9
1325 5.9
1326 5.9
1327 5.9
1328 5.9
1329 5.9
1330 5.9
1331 5.9
1332 5.9
1333 5.9
1334 5.9
1335 5.9
1336 5.9
1337 5.9
1338 5.9
1339 5.9
1340 5.9
1341 5.9
1342 5.9
1343 5.9
1344 5.9
1345 5.9
1346 5.9
1347 5.9
1348 5.9
1349 5.9
1350 5.9
1351 5.9
1352 5.9
1353 5.9
1354 5.9
1355 5.9
1356 5.9
1357 5.9
1358 5.9
1359 5.9
1360 5.9
1361 5.9
1362 5.9
1363 5.9
1364 5.9
1365 5.9
1366 5.9
1367 5.9
1368 5.9
1369 5.9
1370 5.9
1371 5.9
1372 5.9
1373 5.9
1374 5.9
1375 5.9
1376 5.9
1377 5.9
1378 5.9
1379 5.9
1380 5.9
1381 5.9
1382 5.9
1383 5.9
1384 5.9
1385 5.9
1386 5.9
1387 5.9
1388 5.9
1389 5.9
1390 5.9
1391 5.9
1392 5.9
1393 5.9
1394 5.9
1395 5.9
1396 5.9
1397 5.9
1398 5.9
1399 5.9
1400 5.9
1401 5.9
1402 5.9
1403 5.9
1404 5.9
1405 5.9
1406 5.9
1407 5.9
1408 5.9
1409 5.9
1410 5.9
1411 5.9
1412 5.9
1413 5.9
1414 5.9
1415 5.9
1416 5.9
1417 5.9
1418 5.9
1419 5.933333333333334
1420 5.933333333333334
1421 5.933333333333334
1422 5.933333333333334
1423 5.933333333333334
1424 5.933333333333334
1425 5.933333333333334
1426 5.933333333333334
1427 5.933333333333334
1428 5.933333333333334
1429 5.933333333333334
1430 5.933333333333334
1431 5.933333333333334
1432 5.933333333333334
1433 5.933333333333334
1434 5.933333333333334
1435 5.933333333333334
1436 5.933333333333334
1437 5.933333333333334
1438 5.933333333333334
1439 5.933333333333334
1440 5.933333333333334
1441 5.933333333333334
1442 5.933333333333334
1443 5.933333333333334
1444 5.933333333333334
1445 5.933333333333334
1446 5.933333333333334
1447 5.933333333333334
1448 5.933333333333334
1449 5.933333333333334
1450 5.933333333333334
1451 5.933333333333334
1452 5.933333333333334
1453 5.933333333333334
1454 5.933333333333334
1455 5.933333333333334
1456 5.933333333333334
1457 5.933333333333334
1458 5.933333333333334
1459 5.933333333333334
1460 5.933333333333334
1461 5.933333333333334
1462 5.933333333333334
1463 5.933333333333334
1464 5.933333333333334
1465 5.933333333333334
1466 5.933333333333334
1467 5.933333333333334
1468 5.933333333333334
1469 5.933333333333334
1470 5.933333333333334
1471 5.933333333333334
1472 5.933333333333334
1473 5.933333333333334
1474 5.933333333333334
1475 5.933333333333334
1476 5.933333333333334
1477 5.933333333333334
1478 5.933333333333334
1479 5.933333333333334
1480 5.933333333333334
1481 5.933333333333334
1482 5.933333333333334
1483 5.933333333333334
1484 5.933333333333334
1485 5.933333333333334
1486 5.933333333333334
1487 5.933333333333334
1488 5.933333333333334
1489 5.933333333333334
1490 5.933333333333334
1491 5.933333333333334
1492 5.933333333333334
1493 5.933333333333334
1494 5.933333333333334
1495 5.933333333333334
1496 5.933333333333334
1497 5.933333333333334
1498 5.933333333333334
1499 5.933333333333334
