0 0.63671875
1 0.671875
2 0.671875
3 0.72265625
4 0.72265625
5 0.7265625
6 0.7265625
7 0.81640625
8 0.81640625
9 0.81640625
10 0.81640625
11 0.81640625
12 0.81640625
13 0.81640625
14 0.81640625
15 0.81640625
16 0.8359375
17 0.8359375
18 0.8359375
19 0.8359375
20 0.8359375
21 0.8359375
22 0.8359375
23 0.8359375
24 0.8359375
25 0.84375
26 0.84375
27 0.84375
28 0.84375
29 0.84375
30 0.84375
31 0.84375
32 0.9140625
33 0.9140625
34 0.9140625
35 0.9140625
36 0.9140625
37 0.9140625
38 0.9140625
39 0.9140625
40 0.9140625
41 0.9140625
42 0.9140625
43 0.9140625
44 0.9140625
45 0.9140625
46 0.9140625
47 0.9140625
48 0.9140625
49 0.9140625
50 0.9140625
51 0.9140625
52 0.9140625
53 0.9140625
54 0.9140625
55 0.9140625
56 0.9140625
57 0.9140625
58 0.9140625
59 0.9140625
60 0.9140625
61 0.9140625
62 0.9140625
63 0.9375
64 0.9375
65 0.9375
66 0.953125
67 0.953125
68 0.953125
69 0.953125
70 0.953125
71 0.953125
72 0.953125
73 0.953125
74 0.953125
75 0.953125
76 0.953125
77 0.953125
78 0.953125
79 0.953125
80 0.953125
81 0.9609375
82 0.9609375
83 0.9609375
84 0.9609375
85 0.9609375
86 0.984375
87 0.984375
88 0.984375
89 0.984375
90 0.984375
91 0.984375
92 0.984375
93 0.984375
94 0.984375
95 0.984375
96 1.0
97 1.0
98 1.0
99 1.0
100 1.0
101 1.0
102 1.0
103 1.0
104 1.0
105 1.0
106 1.0
107 1.0
108 1.0
109 1.0
110 1.0
111 1.0
112 1.0
113 1.0
114 1.0
115 1.0
116 1.0
117 1.0
118 1.0
119 1.0
120 1.0
121 1.0
122 1.0
123 1.0
124 1.0
125 1.0
126 1.0
127 1.0
128 1.0
129 1.0
130 1.0
131 1.0
132 1.0
133 1.0
134 1.0
135 1.0
136 1.0
137 1.0
138 1.0
139 1.0
140 1.0
141 1.0
142 1.0
143 1.0
144 1.0
145 1.0
146 1.0
147 1.0
148 1.0
149 1.0
150 1.0
151 1.0
152 1.0
153 1.0
154 1.0
155 1.0
156 1.0
157 1.0
158 1.0
159 1.0
160 1.0
161 1.0
162 1.0
163 1.0
164 1.0
165 1.0
166 1.0
167 1.0
168 1.0
169 1.0
170 1.0
171 1.0
172 1.0
173 1.0
174 1.0
175 1.0
176 1.0
177 1.0
178 1.0
179 1.0
180 1.0
181 1.0
182 1.0
183 1.0
184 1.0
185 1.0
186 1.0
187 1.0
188 1.0
189 1.0
190 1.0
191 1.0
192 1.0
193 1.0
194 1.0
195 1.0
196 1.0
197 1.0
198 1.0
199 1.0
