0 0.30062793687282174
1 0.42371937268709914
2 0.4831861117737764
3 0.651284409385442
4 0.6668801611412685
5 0.6668801611412685
6 0.6668801611412685
7 0.6668801611412685
8 0.6668801611412685
9 0.6668801611412685
10 0.6668801611412685
11 0.6668801611412685
12 0.6668801611412685
13 0.6668801611412685
14 0.6668801611412685
15 0.6668801611412685
16 0.6671965303534355
17 0.671706571079811
18 0.671706571079811
19 0.671706571079811
20 0.6802390379290335
21 0.6899191020013915
22 0.6899191020013915
23 0.6899191020013915
24 0.6899191020013915
25 0.6899191020013915
26 0.6899191020013915
27 0.6899191020013915
28 0.6899191020013915
29 0.6899191020013915
30 0.6899191020013915
31 0.6899191020013915
32 0.6899191020013915
33 0.6899191020013915
34 0.6899191020013915
35 0.6899191020013915
36 0.6902383745604741
37 0.6902383745604741
38 0.6902383745604741
39 0.6902383745604741
40 0.6902383745604741
41 0.6902383745604741
42 0.6902383745604741
43 0.6906045441885151
44 0.6906045441885151
45 0.6906045441885151
46 0.6906045441885151
47 0.6906045441885151
48 0.6923351618586371
49 0.6923351618586371
50 0.6923351618586371
51 0.6923351618586371
52 0.6923351618586371
53 0.6923351618586371
54 0.6923351618586371
55 0.6923351618586371
56 0.6923351618586371
57 0.6923351618586371
58 0.6923351618586371
59 0.6923351618586371
60 0.6923351618586371
61 0.6923351618586371
62 0.6923351618586371
63 0.6923351618586371
64 0.6923351618586371
65 0.6923351618586371
66 0.6923351618586371
67 0.6923351618586371
68 0.6923351618586371
69 0.6923351618586371
70 0.6923351618586371
71 0.6923351618586371
72 0.7847453673043208
73 0.7847453673043208
74 0.7847453673043208
75 0.7847453673043208
76 0.7847453673043208
77 0.7847453673043208
78 0.7847453673043208
79 0.7847453673043208
80 0.7847453673043208
81 0.7847453673043208
82 0.7847453673043208
83 0.7847453673043208
84 0.7847453673043208
85 0.7847453673043208
86 0.7847453673043208
87 0.7847453673043208
88 0.7847453673043208
89 0.7847453673043208
90 0.7847453673043208
91 0.7847453673043208
92 0.7847453673043208
93 0.7847453673043208
94 0.7847453673043208
95 0.7847453673043208
96 0.7847453673043208
97 0.7847453673043208
98 0.7847453673043208
99 0.7847453673043208
100 0.7847453673043208
101 0.7847453673043208
102 0.7847453673043208
103 0.7847453673043208
104 0.7847453673043208
105 0.7847453673043208
106 0.7847453673043208
107 0.7847453673043208
108 0.7847453673043208
109 0.7847453673043208
110 0.7847453673043208
111 0.7847453673043208
112 0.7847453673043208
113 0.7847453673043208
114 0.7847453673043208
115 0.7847453673043208
116 0.7847453673043208
117 0.7847453673043208
118 0.7847453673043208
119 0.7847453673043208
120 0.7847453673043208
121 0.7847453673043208
122 0.7847453673043208
123 0.7847453673043208
124 0.7847453673043208
125 0.7847453673043208
126 0.7847453673043208
127 0.7847453673043208
128 0.7847453673043208
129 0.7847453673043208
130 0.7847453673043208
131 0.7847453673043208
132 0.7847453673043208
133 0.7847453673043208
134 0.7847453673043208
135 0.7847453673043208
136 0.7847453673043208
137 0.7847453673043208
138 0.7847453673043208
139 0.7847453673043208
140 0.7847453673043208
141 0.7847453673043208
142 0.7847453673043208
143 0.7847453673043208
144 0.7847453673043208
145 0.7847453673043208
146 0.7847453673043208
147 0.7847453673043208
148 0.7847453673043208
149 0.7847453673043208
150 0.7847453673043208
151 0.7847453673043208
152 0.7847453673043208
153 0.7847453673043208
154 0.7847453673043208
155 0.7847453673043208
156 0.7847453673043208
157 0.7847453673043208
158 0.7847453673043208
159 0.7847453673043208
160 0.7847453673043208
161 0.7847453673043208
162 0.7847453673043208
163 0.7847453673043208
164 0.7847453673043208
165 0.7847453673043208
166 0.7847453673043208
167 0.7847453673043208
168 0.7847453673043208
169 0.7847453673043208
170 0.7847453673043208
171 0.7847453673043208
172 0.7847453673043208
173 0.7847453673043208
174 0.7847453673043208
175 0.7847453673043208
176 0.7847453673043208
177 0.7847453673043208
178 0.7847453673043208
179 0.7847453673043208
180 0.7847453673043208
181 0.7847453673043208
182 0.7847453673043208
183 0.7847453673043208
184 0.7847453673043208
185 0.7847453673043208
186 0.7847453673043208
187 0.7847453673043208
188 0.7847453673043208
189 0.7847453673043208
190 0.7847453673043208
191 0.7847453673043208
192 0.7847453673043208
193 0.7847453673043208
194 0.7847453673043208
195 0.7847453673043208
196 0.7847453673043208
197 0.7847453673043208
198 0.7847453673043208
199 0.7847453673043208
200 0.7847453673043208
201 0.7847453673043208
202 0.7847453673043208
203 0.7847453673043208
204 0.7847453673043208
205 0.7847453673043208
206 0.7847453673043208
207 0.7847453673043208
208 0.7847453673043208
209 0.7847453673043208
210 0.7847453673043208
211 0.7847453673043208
212 0.7847453673043208
213 0.7847453673043208
214 0.7847453673043208
215 0.7847453673043208
216 0.7847453673043208
217 0.7847453673043208
218 0.7847453673043208
219 0.7847453673043208
220 0.7847453673043208
221 0.7847453673043208
222 0.7847453673043208
223 0.7847453673043208
224 0.7847453673043208
225 0.7847453673043208
226 0.7847453673043208
227 0.7847453673043208
228 0.7847453673043208
229 0.7847453673043208
230 0.7847453673043208
231 0.7847453673043208
232 0.7847453673043208
233 0.7847453673043208
234 0.7847453673043208
235 0.7847453673043208
236 0.7847453673043208
237 0.7847453673043208
238 0.7847453673043208
239 0.7847453673043208
240 0.7847453673043208
241 0.7847453673043208
242 0.7847453673043208
243 0.7847453673043208
244 0.7847453673043208
245 0.7847453673043208
246 0.7847453673043208
247 0.7847453673043208
248 0.7847453673043208
249 0.7847453673043208
250 0.7847453673043208
251 0.7847453673043208
252 0.7847453673043208
253 0.7847453673043208
254 0.7847453673043208
255 0.7847453673043208
256 0.7847453673043208
257 0.7847453673043208
258 0.7847453673043208
259 0.8698172527085885
260 0.8698172527085885
261 0.8698172527085885
262 0.8698172527085885
263 0.8698172527085885
264 0.8698172527085885
265 0.8698172527085885
266 0.8698172527085885
267 0.8698172527085885
268 0.8698172527085885
269 0.8698172527085885
270 0.8698172527085885
271 0.8698172527085885
272 0.8698172527085885
273 0.8698172527085885
274 0.8698172527085885
275 0.8698172527085885
276 0.8698172527085885
277 0.8698172527085885
278 0.8698172527085885
279 0.8698172527085885
280 0.8698172527085885
281 0.8698172527085885
282 0.8698172527085885
283 0.8698172527085885
284 0.8698172527085885
285 0.8698172527085885
286 0.8698172527085885
287 0.8698172527085885
288 0.8698172527085885
289 0.8698172527085885
290 0.8698172527085885
291 0.8698172527085885
292 0.8698172527085885
293 0.8698172527085885
294 0.8698172527085885
295 0.8698172527085885
296 0.8698172527085885
297 0.8698172527085885
298 0.8698172527085885
299 0.8698172527085885
300 0.8698172527085885
301 0.8698172527085885
302 0.8698172527085885
303 0.8698172527085885
304 0.8698172527085885
305 0.8698172527085885
306 0.8698172527085885
307 0.8698172527085885
308 0.8698172527085885
309 0.8698172527085885
310 0.8698172527085885
311 0.8698172527085885
312 0.8698172527085885
313 0.8698172527085885
314 0.8698172527085885
315 0.8698172527085885
316 0.8698172527085885
317 0.8698172527085885
318 0.8698172527085885
319 0.8698172527085885
320 0.8698172527085885
321 0.8698172527085885
322 0.8698172527085885
323 0.8698172527085885
324 0.8698172527085885
325 0.8698172527085885
326 0.8698172527085885
327 0.8698172527085885
328 0.8698172527085885
329 0.8698172527085885
330 0.8698172527085885
331 0.8698172527085885
332 0.8698172527085885
333 0.8698172527085885
334 0.8698172527085885
335 0.8698172527085885
336 0.8698172527085885
337 0.8698172527085885
338 0.8698172527085885
339 0.8698172527085885
340 0.8698172527085885
341 0.8698172527085885
342 0.8698172527085885
343 0.8698172527085885
344 0.8698172527085885
345 0.8698172527085885
346 0.8698172527085885
347 0.8698172527085885
348 0.8698172527085885
349 0.8698172527085885
350 0.8698172527085885
351 0.8698172527085885
352 0.8698172527085885
353 0.8698172527085885
354 0.8698172527085885
355 0.8698172527085885
356 0.8698172527085885
357 0.8698172527085885
358 0.8698172527085885
359 0.8698172527085885
360 0.8698172527085885
361 0.8698172527085885
362 0.8698172527085885
363 0.8698172527085885
364 0.8698172527085885
365 0.8698172527085885
366 0.8698172527085885
367 0.8698172527085885
368 0.8698172527085885
369 0.8698172527085885
370 0.8698172527085885
371 0.8698172527085885
372 0.8698172527085885
373 0.8698172527085885
374 0.8698172527085885
375 0.8698172527085885
376 0.8698172527085885
377 0.8698172527085885
378 0.8698172527085885
379 0.8698172527085885
380 0.8698172527085885
381 0.8698172527085885
382 0.8698172527085885
383 0.8698172527085885
384 0.8698172527085885
385 0.8698172527085885
386 0.8698172527085885
387 0.8698172527085885
388 0.8698172527085885
389 0.8698172527085885
390 0.8698172527085885
391 0.8698172527085885
392 0.8698172527085885
393 0.8698172527085885
394 0.8698172527085885
395 0.8698172527085885
396 0.8698172527085885
397 0.8698172527085885
398 0.8698172527085885
399 0.8698172527085885
400 0.8698172527085885
401 0.8698172527085885
402 0.8698172527085885
403 0.8698172527085885
404 0.8698172527085885
405 0.8698172527085885
406 0.8698172527085885
407 0.8698172527085885
408 0.8698172527085885
409 0.8698172527085885
410 0.8698172527085885
411 0.8698172527085885
412 0.8698172527085885
413 0.8698172527085885
414 0.8698172527085885
415 0.8698172527085885
416 0.8698172527085885
417 0.8698172527085885
418 0.8698172527085885
419 0.8698172527085885
420 0.8698172527085885
421 0.8698172527085885
422 0.8698172527085885
423 0.8698172527085885
424 0.8698172527085885
425 0.8698172527085885
426 0.8698172527085885
427 0.8698172527085885
428 0.8698172527085885
429 0.8698172527085885
430 0.8698172527085885
431 0.8698172527085885
432 0.8698172527085885
433 0.8698172527085885
434 0.8698172527085885
435 0.8698172527085885
436 0.8698172527085885
437 0.8698172527085885
438 0.8698172527085885
439 0.8698172527085885
440 0.8698172527085885
441 0.8698172527085885
442 0.8698172527085885
443 0.8698172527085885
444 0.8698172527085885
445 0.8698172527085885
446 0.8698172527085885
447 0.8698172527085885
448 0.8698172527085885
449 0.8698172527085885
450 0.8698172527085885
451 0.8698172527085885
452 0.8698172527085885
453 0.8698172527085885
454 0.8698172527085885
455 0.8698172527085885
456 0.8698172527085885
457 0.8698172527085885
458 0.8698172527085885
459 0.8698172527085885
460 0.8698172527085885
461 0.8698172527085885
462 0.8698172527085885
463 0.8698172527085885
464 0.8698172527085885
465 0.8698172527085885
466 0.8698172527085885
467 0.8698172527085885
468 0.8698172527085885
469 0.8698172527085885
470 0.8698172527085885
471 0.8698172527085885
472 0.8698172527085885
473 0.8698172527085885
474 0.8698172527085885
475 0.8698172527085885
476 0.8698172527085885
477 0.8698172527085885
478 0.8698172527085885
479 0.8698172527085885
480 0.8698172527085885
481 0.8698172527085885
482 0.8698172527085885
483 0.8698172527085885
484 0.8698172527085885
485 0.8698172527085885
486 0.8698172527085885
487 0.8698172527085885
488 0.8698172527085885
489 0.8698172527085885
490 0.8698172527085885
491 0.8698172527085885
492 0.8698172527085885
493 0.8698172527085885
494 0.8698172527085885
495 0.8698172527085885
496 0.8698172527085885
497 0.8698172527085885
498 0.8698172527085885
499 0.8698172527085885
500 0.8698172527085885
501 0.8698172527085885
502 0.8698172527085885
503 0.8698172527085885
504 0.8698172527085885
505 0.8698172527085885
506 0.8698172527085885
507 0.8698172527085885
508 0.8698172527085885
509 0.8698172527085885
510 0.8698172527085885
511 0.8698172527085885
512 0.8698172527085885
513 0.8698172527085885
514 0.8698172527085885
515 0.8698172527085885
516 0.8698172527085885
517 0.8698172527085885
518 0.8698172527085885
519 0.8698172527085885
520 0.8698172527085885
521 0.8698172527085885
522 0.8698172527085885
523 0.8698172527085885
524 0.8698172527085885
525 0.8698172527085885
526 0.8698172527085885
527 0.8698172527085885
528 0.8698172527085885
529 0.8698172527085885
530 0.8698172527085885
531 0.8698172527085885
532 0.8698172527085885
533 0.8698172527085885
534 0.8698172527085885
535 0.8698172527085885
536 0.8698172527085885
537 0.8698172527085885
538 0.8698172527085885
539 0.8698172527085885
540 0.8698172527085885
541 0.8698172527085885
542 0.8698172527085885
543 0.8698172527085885
544 0.8698172527085885
545 0.8698172527085885
546 0.8698172527085885
547 0.8698172527085885
548 0.8698172527085885
549 0.8698172527085885
550 0.8698172527085885
551 0.8698172527085885
552 0.8698172527085885
553 0.8698172527085885
554 0.8698172527085885
555 0.8698172527085885
556 0.8698172527085885
557 0.8698172527085885
558 0.8698172527085885
559 0.8698172527085885
560 0.8698172527085885
561 0.8698172527085885
562 0.8698172527085885
563 0.8698172527085885
564 0.8698172527085885
565 0.8698172527085885
566 0.8698172527085885
567 0.8698172527085885
568 0.8698172527085885
569 0.8698172527085885
570 0.8698172527085885
571 0.8698172527085885
572 0.8698172527085885
573 0.8698172527085885
574 0.8698172527085885
575 0.8698172527085885
576 0.8698172527085885
577 0.8698172527085885
578 0.8698172527085885
579 0.8698172527085885
580 0.8698172527085885
581 0.8698172527085885
582 0.8698172527085885
583 0.8698172527085885
584 0.8698172527085885
585 0.8698172527085885
586 0.8698172527085885
587 0.8698172527085885
588 0.8698172527085885
589 0.8698172527085885
590 0.8698172527085885
591 0.8698172527085885
592 0.8698172527085885
593 0.8698172527085885
594 0.8698172527085885
595 0.8698172527085885
596 0.8698172527085885
597 0.8698172527085885
598 0.8698172527085885
599 0.8698172527085885
600 0.8698172527085885
601 0.8698172527085885
602 0.8698172527085885
603 0.8698172527085885
604 0.8724213082617354
605 0.8724213082617354
606 0.8724213082617354
607 0.8724213082617354
608 0.8724213082617354
609 0.8724213082617354
610 0.8724213082617354
611 0.8724213082617354
612 0.8724213082617354
613 0.8724213082617354
614 0.8724213082617354
615 0.8724213082617354
616 0.8724213082617354
617 0.8724213082617354
618 0.8724213082617354
619 0.8724213082617354
620 0.8737761305848137
621 0.8737761305848137
622 0.8737761305848137
623 0.8737761305848137
624 0.8737761305848137
625 0.8737761305848137
626 0.8737761305848137
627 0.8737761305848137
628 0.8737761305848137
629 0.8737761305848137
630 0.8737761305848137
631 0.8737761305848137
632 0.8737761305848137
633 0.8737761305848137
634 0.8737761305848137
635 0.8737761305848137
636 0.8737761305848137
637 0.8737761305848137
638 0.8737761305848137
639 0.8737761305848137
640 0.8737761305848137
641 0.8737761305848137
642 0.8737761305848137
643 0.8737761305848137
644 0.8737761305848137
645 0.8737761305848137
646 0.8737761305848137
647 0.8737761305848137
648 0.8737761305848137
649 0.8737761305848137
650 0.8737761305848137
651 0.8737761305848137
652 0.8737761305848137
653 0.8737761305848137
654 0.8737761305848137
655 0.8737761305848137
656 0.8737761305848137
657 0.8737761305848137
658 0.8737761305848137
659 0.8737761305848137
660 0.8737761305848137
661 0.8737761305848137
662 0.8737761305848137
663 0.8737761305848137
664 0.8737761305848137
665 0.8737761305848137
666 0.8737761305848137
667 0.8737761305848137
668 0.8737761305848137
669 0.8737761305848137
670 0.8737761305848137
671 0.8737761305848137
672 0.8737761305848137
673 0.8737761305848137
674 0.8737761305848137
675 0.8737761305848137
676 0.8737761305848137
677 0.8737761305848137
678 0.8737761305848137
679 0.8737761305848137
680 0.8737761305848137
681 0.8737761305848137
682 0.8737761305848137
683 0.8737761305848137
684 0.8737761305848137
685 0.8737761305848137
686 0.8737761305848137
687 0.8737761305848137
688 0.8737761305848137
689 0.8737761305848137
690 0.8737761305848137
691 0.8737761305848137
692 0.8737761305848137
693 0.8737761305848137
694 0.8737761305848137
695 0.8737761305848137
696 0.8737761305848137
697 0.8737761305848137
698 0.8737761305848137
699 0.8737761305848137
700 0.8737761305848137
701 0.8737761305848137
702 0.8737761305848137
703 0.8737761305848137
704 0.8737761305848137
705 0.8737761305848137
706 0.8737761305848137
707 0.8737761305848137
708 0.8737761305848137
709 0.8737761305848137
710 0.8737761305848137
711 0.8737761305848137
712 0.8737761305848137
713 0.8737761305848137
714 0.8737761305848137
715 0.8737761305848137
716 0.8737761305848137
717 0.8737761305848137
718 0.8737761305848137
719 0.8737761305848137
720 0.8737761305848137
721 0.8737761305848137
722 0.8737761305848137
723 0.8737761305848137
724 0.8737761305848137
725 0.8737761305848137
726 0.8737761305848137
727 0.8737761305848137
728 0.8737761305848137
729 0.8737761305848137
730 0.8737761305848137
731 0.8737761305848137
732 0.8737761305848137
733 0.8737761305848137
734 0.8737761305848137
735 0.8737761305848137
736 0.8737761305848137
737 0.8737761305848137
738 0.8737761305848137
739 0.8737761305848137
740 0.8737761305848137
741 0.8737761305848137
742 0.8737761305848137
743 0.8737761305848137
744 0.8737761305848137
745 0.8737761305848137
746 0.8737761305848137
747 0.8737761305848137
748 0.8737761305848137
749 0.8737761305848137
750 0.8737761305848137
751 0.8737761305848137
752 0.8737761305848137
753 0.8737761305848137
754 0.8737761305848137
755 0.8737761305848137
756 0.8737761305848137
757 0.8737761305848137
758 0.8737761305848137
759 0.8737761305848137
760 0.8737761305848137
761 0.8737761305848137
762 0.8737761305848137
763 0.8737761305848137
764 0.8737761305848137
765 0.8737761305848137
766 0.8737761305848137
767 0.8737761305848137
768 0.8737761305848137
769 0.8737761305848137
770 0.8737761305848137
771 0.8737761305848137
772 0.8737761305848137
773 0.8737761305848137
774 0.8737761305848137
775 0.8737761305848137
776 0.8737761305848137
777 0.8737761305848137
778 0.8737761305848137
779 0.8737761305848137
780 0.8737761305848137
781 0.8737761305848137
782 0.8737761305848137
783 0.8737761305848137
784 0.8737761305848137
785 0.8737761305848137
786 0.8737761305848137
787 0.8737761305848137
788 0.8737761305848137
789 0.8737761305848137
790 0.8737761305848137
791 0.8737761305848137
792 0.8737761305848137
793 0.8737761305848137
794 0.8737761305848137
795 0.8737761305848137
796 0.8737761305848137
797 0.8737761305848137
798 0.8737761305848137
799 0.8737761305848137
800 0.8737761305848137
801 0.8737761305848137
802 0.8737761305848137
803 0.8737761305848137
804 0.8737761305848137
805 0.8737761305848137
806 0.8737761305848137
807 0.8737761305848137
808 0.8737761305848137
809 0.8737761305848137
810 0.8737761305848137
811 0.8737761305848137
812 0.8737761305848137
813 0.8832077185498132
814 0.8832077185498132
815 0.8832077185498132
816 0.8832077185498132
817 0.8832077185498132
818 0.8832077185498132
819 0.8832077185498132
820 0.8832077185498132
821 0.8832077185498132
822 0.8832077185498132
823 0.8832077185498132
824 0.8832077185498132
825 0.8832077185498132
826 0.8832077185498132
827 0.8832077185498132
828 0.8832077185498132
829 0.8832077185498132
830 0.8832077185498132
831 0.8832077185498132
832 0.8832077185498132
833 0.8832077185498132
834 0.8832077185498132
835 0.8832077185498132
836 0.8832077185498132
837 0.8832077185498132
838 0.8832077185498132
839 0.8832077185498132
840 0.8832077185498132
841 0.8832077185498132
842 0.8832077185498132
843 0.8832077185498132
844 0.8832077185498132
845 0.8832077185498132
846 0.8832077185498132
847 0.8832077185498132
848 0.8832077185498132
849 0.8832077185498132
850 0.8832077185498132
851 0.8832077185498132
852 0.8832077185498132
853 0.8832077185498132
854 0.8832077185498132
855 0.8832077185498132
856 0.8832077185498132
857 0.8832077185498132
858 0.8832077185498132
859 0.8832077185498132
860 0.8832077185498132
861 0.8832077185498132
862 0.8832077185498132
863 0.8832077185498132
864 0.8832077185498132
865 0.8832077185498132
866 0.8832077185498132
867 0.8832077185498132
868 0.8832077185498132
869 0.8832077185498132
870 0.8832077185498132
871 0.8832077185498132
872 0.8832077185498132
873 0.8832077185498132
874 0.8832077185498132
875 0.8832077185498132
876 0.8832077185498132
877 0.8832077185498132
878 0.8832077185498132
879 0.8832077185498132
880 0.8832077185498132
881 0.8832077185498132
882 0.8832077185498132
883 0.8832077185498132
884 0.8832077185498132
885 0.8832077185498132
886 0.8832077185498132
887 0.8832077185498132
888 0.8832077185498132
889 0.8832077185498132
890 0.8832077185498132
891 0.8832077185498132
892 0.8832077185498132
893 0.8832077185498132
894 0.8832077185498132
895 0.8832077185498132
896 0.8832077185498132
897 0.8832077185498132
898 0.8832077185498132
899 0.8832077185498132
900 0.8832077185498132
901 0.8832077185498132
902 0.8832077185498132
903 0.8832077185498132
904 0.8832077185498132
905 0.8832077185498132
906 0.8832077185498132
907 0.8832077185498132
908 0.8832077185498132
909 0.8832077185498132
910 0.8832077185498132
911 0.8832077185498132
912 0.8832077185498132
913 0.8832077185498132
914 0.8832077185498132
915 0.8832077185498132
916 0.8832077185498132
917 0.8832077185498132
918 0.8832077185498132
919 0.8832077185498132
920 0.8832077185498132
921 0.8832077185498132
922 0.8832077185498132
923 0.8832077185498132
924 0.8832077185498132
925 0.8832077185498132
926 0.8832077185498132
927 0.8832077185498132
928 0.8832077185498132
929 0.8832077185498132
930 0.8832077185498132
931 0.8832077185498132
932 0.8832077185498132
933 0.8832077185498132
934 0.8832077185498132
935 0.8832077185498132
936 0.8832077185498132
937 0.8832077185498132
938 0.8832077185498132
939 0.8832077185498132
940 0.8832077185498132
941 0.8832077185498132
942 0.8832077185498132
943 0.8832077185498132
944 0.8832077185498132
945 0.8832077185498132
946 0.8832077185498132
947 0.8832077185498132
948 0.8832077185498132
949 0.8832077185498132
950 0.8832077185498132
951 0.8832077185498132
952 0.8832077185498132
953 0.8832077185498132
954 0.8832077185498132
955 0.8832077185498132
956 0.8832077185498132
957 0.8832077185498132
958 0.8832077185498132
959 0.8832077185498132
960 0.8832077185498132
961 0.8832077185498132
962 0.8832077185498132
963 0.8832077185498132
964 0.8832077185498132
965 0.8832077185498132
966 0.8832077185498132
967 0.8832077185498132
968 0.8832077185498132
969 0.8832077185498132
970 0.8832077185498132
971 0.8832077185498132
972 0.8832077185498132
973 0.8832077185498132
974 0.8832077185498132
975 0.8832077185498132
976 0.8832077185498132
977 0.8832077185498132
978 0.8832077185498132
979 0.8832077185498132
980 0.8832077185498132
981 0.8832077185498132
982 0.8832077185498132
983 0.8832077185498132
984 0.8832077185498132
985 0.8832077185498132
986 0.8832077185498132
987 0.8832077185498132
988 0.8832077185498132
989 0.8832077185498132
990 0.8832077185498132
991 0.8832077185498132
992 0.8832077185498132
993 0.8832077185498132
994 0.8832077185498132
995 0.8832077185498132
996 0.8832077185498132
997 0.8832077185498132
998 0.8832077185498132
999 0.8832077185498132
