0 0.11686063506650049
1 0.09538124687317158
2 0.11107702054844189
3 0.11901881117462164
4 0.13749183442771165
5 0.13651667831501674
6 0.13482611207428927
7 0.13609115188886836
8 0.14338446858158194
9 0.15177878571303147
10 0.15412793518022427
11 0.16211375563425323
12 0.16504095137664326
13 0.163426714096487
14 0.16541804215142517
15 0.16734645893451408
16 0.17387856793142067
17 0.1775038257843646
18 0.1844498659288269
19 0.19146660415065858
20 0.19731646340731013
21 0.20772202190368755
22 0.20811843576220349
23 0.20703836647460405
24 0.20989711914633616
25 0.21276119039517308
26 0.21567177706636673
27 0.21708478044198096
28 0.21885257267180463
29 0.22263186984367472
30 0.22048336109564115
31 0.2172357384537286
32 0.21652355059877273
33 0.21471275326413722
34 0.21224231984518888
35 0.20969971995520925
36 0.20132114304566046
37 0.2017215081103397
38 0.18603394285162198
39 0.16760269255479077
40 0.16799624789166992
41 0.16816995706824484
42 0.16823703329877765
43 0.16841902471370335
44 0.1685334871989945
45 0.1685543948546114
46 0.16905262342093558
47 0.16905262342093558
48 0.15719882939536045
49 0.15738085909612337
50 0.1574676848657372
51 0.15771775406690444
52 0.15771775406690444
53 0.1577704206485894
54 0.1577704206485894
55 0.1578365744656008
56 0.15786033399346652
57 0.1579098464631891
58 0.1579098464631891
59 0.1579098464631891
60 0.15797955515507134
61 0.15803369700664632
62 0.15817639995008853
63 0.15817639995008853
64 0.1582644903458406
65 0.1581971487090912
66 0.15816020023097116
67 0.15817457233142482
68 0.1582124660127436
69 0.15822664261380676
70 0.15832941397729436
71 0.15832941397729436
72 0.15922340317036196
73 0.15878162623413022
74 0.1588386249621355
75 0.1581845822356801
76 0.15906938810835655
77 0.15913216006781172
78 0.15859775389576608
79 0.15883278833022
80 0.15887641352822438
81 0.15903109893760184
82 0.15900012228575136
83 0.15942617486705965
84 0.15940878134668793
85 0.15966546403655113
86 0.15998399134052885
87 0.16005158116234883
88 0.16003207734519848
89 0.16001543495914858
90 0.16001543495914858
91 0.16009294957812553
92 0.16012587764025804
93 0.16017591920817797
94 0.15998335168354327
95 0.15985578847166498
96 0.15984100650874436
97 0.15990811979836905
98 0.1599037459728169
99 0.1599402032708439
100 0.15994027136249178
101 0.15993203263463235
102 0.15998266178877754
103 0.16005646909757745
104 0.16005646909757745
105 0.1600809075955602
106 0.1601003808178972
107 0.15992784687974412
108 0.1603300402321569
109 0.16040444246476362
110 0.16040444246476362
111 0.16049723307723412
112 0.160520159515639
113 0.1605939461695156
114 0.16048191015090008
115 0.16049328996123335
116 0.1605668144186754
117 0.1606098009534413
118 0.1606098009534413
119 0.16061203067533703
120 0.1606693426930076
121 0.16072102909663682
122 0.16078236688225303
123 0.16078236688225303
124 0.16078570937657055
125 0.1607952041659724
126 0.16080144471635602
127 0.1607857410572056
128 0.16078975587785743
129 0.16075623076940274
130 0.16076828669768023
131 0.1608058685803764
132 0.1608058685803764
133 0.16082712819928174
134 0.16082712819928174
135 0.1608150710185507
136 0.1608289733670078
137 0.1608423766993865
138 0.16085180948308653
139 0.16085180948308653
140 0.1608549560467398
141 0.1608800125460584
142 0.1608800125460584
143 0.1608800125460584
144 0.1608800125460584
145 0.1609053910251356
146 0.16169917217124866
147 0.16169917217124866
148 0.16169917217124866
149 0.1620643394537473
150 0.1620643394537473
151 0.1588154359486117
152 0.15949745660472142
153 0.15947782771017857
154 0.159362849143316
155 0.15936804535033025
156 0.15936804535033025
157 0.15936804535033025
158 0.15936804535033025
159 0.15944092544246333
160 0.15946721775087233
161 0.15946721775087233
162 0.15946721775087233
163 0.15946721775087233
164 0.15946721775087233
165 0.15946721775087233
166 0.15946721775087233
167 0.15946721775087233
168 0.15946721775087233
169 0.1594356883500223
170 0.15954910637962672
171 0.15954910637962672
172 0.15954910637962672
173 0.15956064773029108
174 0.15963170411407412
175 0.15961763267505588
176 0.15961763267505588
177 0.15957671042725746
178 0.15957634429626927
179 0.15957634429626927
180 0.15957634429626927
181 0.15957634429626927
182 0.159563860763969
183 0.159563860763969
184 0.15956574765743
185 0.15956574765743
186 0.15958067221321603
187 0.15958067221321603
188 0.15630550057823117
189 0.15630550057823117
190 0.15653979839667112
191 0.15653979839667112
192 0.15653979839667112
193 0.1563940846770591
194 0.1563940846770591
195 0.1563940846770591
196 0.1563940846770591
197 0.1563312560633871
198 0.156298085485152
199 0.156298085485152
200 0.156298085485152
201 0.156298085485152
202 0.156298085485152
203 0.156298085485152
204 0.156298085485152
205 0.156298085485152
206 0.156298085485152
207 0.156298085485152
208 0.156298085485152
209 0.156298085485152
210 0.156298085485152
211 0.156298085485152
212 0.156298085485152
213 0.156298085485152
214 0.15699536596931574
215 0.1570974500435996
216 0.1570901469771955
217 0.1569945388746879
218 0.1569945388746879
219 0.1569945388746879
220 0.1569945388746879
221 0.1569945388746879
222 0.1569945388746879
223 0.1569945388746879
224 0.1569945388746879
225 0.1569945388746879
226 0.1569945388746879
227 0.1569945388746879
228 0.15695258861090897
229 0.15695258861090897
230 0.15695258861090897
231 0.15695258861090897
232 0.15698358647615163
233 0.15698456015631979
234 0.15698456015631979
235 0.15698456015631979
236 0.15698456015631979
237 0.1569879077022143
238 0.1576533151762614
239 0.1576533151762614
240 0.1576533151762614
241 0.1576533151762614
242 0.1576533151762614
243 0.1576533151762614
244 0.1576533151762614
245 0.1576533151762614
246 0.1576533151762614
247 0.1576533151762614
248 0.1576533151762614
249 0.15763413865898415
250 0.15763413865898415
251 0.15763413865898415
252 0.15763413865898415
253 0.15763413865898415
254 0.15763413865898415
255 0.15763413865898415
256 0.15763413865898415
257 0.15763413865898415
258 0.15763413865898415
259 0.15956077017830575
260 0.15953865152181115
261 0.15953865152181115
262 0.15953865152181115
263 0.15953865152181115
264 0.15953865152181115
265 0.15937843846338845
266 0.15922635340725055
267 0.15922635340725055
268 0.15922635340725055
269 0.15909214250992756
270 0.15909214250992756
271 0.15909214250992756
272 0.15909214250992756
273 0.15909324767608607
274 0.15897276363079688
275 0.15897276363079688
276 0.15897276363079688
277 0.15897276363079688
278 0.15882206687670747
279 0.15882206687670747
280 0.15882206687670747
281 0.15882206687670747
282 0.15882206687670747
283 0.15882206687670747
284 0.15882206687670747
285 0.15882206687670747
286 0.15938411409202122
287 0.15938411409202122
288 0.15938411409202122
289 0.15938411409202122
290 0.15938411409202122
291 0.15938411409202122
292 0.15938411409202122
293 0.15938411409202122
294 0.15938411409202122
295 0.15938411409202122
296 0.15938411409202122
297 0.15938411409202122
298 0.15938411409202122
299 0.15938411409202122
300 0.16088708726201958
301 0.16088708726201958
302 0.16088708726201958
303 0.16088708726201958
304 0.16088708726201958
305 0.16088708726201958
306 0.16088708726201958
307 0.16088708726201958
308 0.16088708726201958
309 0.16088708726201958
310 0.16088708726201958
311 0.16088708726201958
312 0.16088708726201958
313 0.16088708726201958
314 0.16088708726201958
315 0.16088708726201958
316 0.16088708726201958
317 0.16088708726201958
318 0.16088708726201958
319 0.1614565502923851
320 0.1614565502923851
321 0.1614565502923851
322 0.1614565502923851
323 0.1614565502923851
324 0.1614565502923851
325 0.1614565502923851
326 0.1614565502923851
327 0.1614565502923851
328 0.16144122518794213
329 0.16144122518794213
330 0.16144122518794213
331 0.16144122518794213
332 0.16280973481410607
333 0.16280973481410607
334 0.16280973481410607
335 0.16266962764919385
336 0.16266962764919385
337 0.16266962764919385
338 0.16266962764919385
339 0.16266962764919385
340 0.16266962764919385
341 0.16353755609907034
342 0.16353755609907034
343 0.16353755609907034
344 0.16353755609907034
345 0.16353755609907034
346 0.16353755609907034
347 0.16353755609907034
348 0.16353755609907034
349 0.16353755609907034
350 0.16353755609907034
351 0.16353755609907034
352 0.16355099300400705
353 0.16355099300400705
354 0.16355099300400705
355 0.16355099300400705
356 0.16355099300400705
357 0.16269980225478506
358 0.16269980225478506
359 0.16269980225478506
360 0.16269980225478506
361 0.16269980225478506
362 0.16269980225478506
363 0.16269980225478506
364 0.16276023007386559
365 0.16276023007386559
366 0.16276023007386559
367 0.16276023007386559
368 0.16276023007386559
369 0.16276023007386559
370 0.16276023007386559
371 0.16276023007386559
372 0.16276023007386559
373 0.16276023007386559
374 0.16276023007386559
375 0.16276023007386559
376 0.16276023007386559
377 0.16276023007386559
378 0.16276023007386559
379 0.16276023007386559
380 0.16276023007386559
381 0.16276023007386559
382 0.16276023007386559
383 0.16276023007386559
384 0.16276023007386559
385 0.16262368306979835
386 0.16262368306979835
387 0.16262368306979835
388 0.16382232352899648
389 0.16382232352899648
390 0.16397084544711463
391 0.16397084544711463
392 0.1655502441829199
393 0.1655502441829199
394 0.1655502441829199
395 0.1655502441829199
396 0.1655502441829199
397 0.1655502441829199
398 0.1655502441829199
399 0.1655502441829199
400 0.1655502441829199
401 0.1676653704897457
402 0.1676653704897457
403 0.16821362678952917
404 0.16821362678952917
405 0.16920729016765607
406 0.16920729016765607
407 0.16920729016765607
408 0.16920729016765607
409 0.16920729016765607
410 0.16920729016765607
411 0.16920729016765607
412 0.16920729016765607
413 0.1696174934873135
414 0.16986525285857718
415 0.16986525285857718
416 0.16986525285857718
417 0.16986525285857718
418 0.1719992260619859
419 0.1719992260619859
420 0.1728038283243251
421 0.1728038283243251
422 0.1728038283243251
423 0.17382661530783353
424 0.17382661530783353
425 0.17382661530783353
426 0.17382661530783353
427 0.17382661530783353
428 0.17382661530783353
429 0.17382661530783353
430 0.17382661530783353
431 0.17382661530783353
432 0.17382661530783353
433 0.17448146334295148
434 0.17448146334295148
435 0.17542386549375735
436 0.17542386549375735
437 0.17542386549375735
438 0.17542386549375735
439 0.17571780896644928
440 0.17571780896644928
441 0.1761183382301168
442 0.1761183382301168
443 0.1761183382301168
444 0.1761183382301168
445 0.17741876932153489
446 0.17741876932153489
447 0.17741876932153489
448 0.17787884039995117
449 0.17787884039995117
450 0.17789048623922954
451 0.17789048623922954
452 0.17789048623922954
453 0.17789048623922954
454 0.17789048623922954
455 0.17789048623922954
456 0.17789048623922954
457 0.17789048623922954
458 0.17789048623922954
459 0.17789048623922954
460 0.17789048623922954
461 0.17789048623922954
462 0.17789048623922954
463 0.17790801465437514
464 0.17794023763910566
465 0.1788511621388128
466 0.17907314440093566
467 0.17907314440093566
468 0.17907314440093566
469 0.17940887338394945
470 0.17940887338394945
471 0.17941886163705464
472 0.18037169729087987
473 0.17517700482104412
474 0.17517700482104412
475 0.17517700482104412
476 0.17517700482104412
477 0.17517700482104412
478 0.17517700482104412
479 0.17517700482104412
480 0.17517700482104412
481 0.17517700482104412
482 0.17517700482104412
483 0.17517700482104412
484 0.17520069965890844
485 0.17520069965890844
486 0.1756532685372212
487 0.1756532685372212
488 0.1756532685372212
489 0.1756532685372212
490 0.1756532685372212
491 0.1756532685372212
492 0.17651125835652495
493 0.17651125835652495
494 0.17651125835652495
495 0.17662802016423643
496 0.17662802016423643
497 0.17662802016423643
498 0.17662802016423643
499 0.17662802016423643
500 0.17662802016423643
501 0.17662802016423643
502 0.17698877105793076
503 0.17698877105793076
504 0.17698877105793076
505 0.17675237816882017
506 0.17675237816882017
507 0.17675237816882017
508 0.17756618869465385
509 0.17756618869465385
510 0.17809404476409088
511 0.17879749995965982
512 0.17879749995965982
513 0.17879749995965982
514 0.17879749995965982
515 0.17879749995965982
516 0.17879749995965982
517 0.17879749995965982
518 0.17925856922827574
519 0.17925856922827574
520 0.17925856922827574
521 0.17925856922827574
522 0.17925856922827574
523 0.17925856922827574
524 0.17925856922827574
525 0.17925856922827574
526 0.17925856922827574
527 0.17925856922827574
528 0.17925856922827574
529 0.17937044960426332
530 0.17937044960426332
531 0.17937044960426332
532 0.17937044960426332
533 0.17937044960426332
534 0.17937044960426332
535 0.17937044960426332
536 0.17937044960426332
537 0.17937044960426332
538 0.17937044960426332
539 0.17937044960426332
540 0.17937044960426332
541 0.17937044960426332
542 0.17937044960426332
543 0.17937044960426332
544 0.1793828786906971
545 0.1793828786906971
546 0.1793828786906971
547 0.1793828786906971
548 0.17971149532743427
549 0.17971149532743427
550 0.1805902343163371
551 0.1805902343163371
552 0.18137977394449734
553 0.18137977394449734
554 0.18137977394449734
555 0.18137977394449734
556 0.18137977394449734
557 0.18137977394449734
558 0.18137977394449734
559 0.18137977394449734
560 0.18137977394449734
561 0.18137977394449734
562 0.18137977394449734
563 0.18217203739023946
564 0.18217203739023946
565 0.18217203739023946
566 0.18217203739023946
567 0.18217203739023946
568 0.18217203739023946
569 0.18217203739023946
570 0.18217203739023946
571 0.18217203739023946
572 0.18217203739023946
573 0.18217203739023946
574 0.18291951993055916
575 0.18291951993055916
576 0.18291951993055916
577 0.1836110874374357
578 0.1836110874374357
579 0.1836110874374357
580 0.1836110874374357
581 0.1836110874374357
582 0.1843708197813198
583 0.18444013376250556
584 0.1847634053643996
585 0.1847634053643996
586 0.1847634053643996
587 0.1847634053643996
588 0.1786469282737609
589 0.1786469282737609
590 0.17909647708248158
591 0.17909647708248158
592 0.17909647708248158
593 0.17909647708248158
594 0.17909647708248158
595 0.1727701229971737
596 0.172771201756066
597 0.172771201756066
598 0.17281320823417906
599 0.17281320823417906
600 0.17397917792556253
601 0.17397917792556253
602 0.17397917792556253
603 0.17397917792556253
604 0.17463697384655716
605 0.17465267455430047
606 0.17465267455430047
607 0.17465267455430047
608 0.17465267455430047
609 0.17465267455430047
610 0.17465267455430047
611 0.17465267455430047
612 0.17465267455430047
613 0.17465267455430047
614 0.17465267455430047
615 0.17465267455430047
616 0.17465267455430047
617 0.17465267455430047
618 0.17465267455430047
619 0.17465267455430047
620 0.17532633567974323
621 0.17569709045162488
622 0.17569709045162488
623 0.17569709045162488
624 0.17569709045162488
625 0.17569709045162488
626 0.17569709045162488
627 0.17569709045162488
628 0.17569709045162488
629 0.17569709045162488
630 0.175697550206904
631 0.175697550206904
632 0.175697550206904
633 0.175697550206904
634 0.17574400165145782
635 0.17574400165145782
636 0.17574400165145782
637 0.17574400165145782
638 0.17574400165145782
639 0.17574400165145782
640 0.17574400165145782
641 0.17574400165145782
642 0.17574400165145782
643 0.17574400165145782
644 0.17574400165145782
645 0.17574400165145782
646 0.17574400165145782
647 0.17574400165145782
648 0.17574400165145782
649 0.17579202710292302
650 0.17579202710292302
651 0.17579202710292302
652 0.17579202710292302
653 0.1760752813356569
654 0.1760752813356569
655 0.1760752813356569
656 0.1760752813356569
657 0.1760752813356569
658 0.1760752813356569
659 0.1760752813356569
660 0.1766246391575567
661 0.1766246391575567
662 0.17736246866418703
663 0.17736246866418703
664 0.17776341305319193
665 0.17776341305319193
666 0.17776341305319193
667 0.17776341305319193
668 0.17776341305319193
669 0.17776341305319193
670 0.17776341305319193
671 0.17776341305319193
672 0.17776341305319193
673 0.17776341305319193
674 0.17776341305319193
675 0.17776341305319193
676 0.17788240764909447
677 0.17788240764909447
678 0.17841428080603616
679 0.17898922481361307
680 0.17898922481361307
681 0.17898922481361307
682 0.17898922481361307
683 0.17914694984779497
684 0.1797689607708296
685 0.1797689607708296
686 0.1797689607708296
687 0.1797689607708296
688 0.18015549637755895
689 0.18015549637755895
690 0.18015549637755895
691 0.18015549637755895
692 0.18015549637755895
693 0.1805311355114202
694 0.1805311355114202
695 0.18072555151233405
696 0.18072555151233405
697 0.18072555151233405
698 0.18072555151233405
699 0.18072555151233405
700 0.1812194379278676
701 0.1812194379278676
702 0.1816523958098967
703 0.1816523958098967
704 0.1816523958098967
705 0.1816523958098967
706 0.1816523958098967
707 0.1816523958098967
708 0.1816523958098967
709 0.1816523958098967
710 0.1816523958098967
711 0.1816523958098967
712 0.1816523958098967
713 0.1816523958098967
714 0.1816523958098967
715 0.1816523958098967
716 0.1816523958098967
717 0.1816523958098967
718 0.1816523958098967
719 0.1816523958098967
720 0.1816523958098967
721 0.1816523958098967
722 0.1816523958098967
723 0.1816523958098967
724 0.1816523958098967
725 0.1816523958098967
726 0.18170503644620914
727 0.18157828179554023
728 0.18134933149624927
729 0.18134933149624927
730 0.18134933149624927
731 0.18134933149624927
732 0.18134933149624927
733 0.18134933149624927
734 0.18134933149624927
735 0.18134933149624927
736 0.18134933149624927
737 0.18134933149624927
738 0.18134933149624927
739 0.18134933149624927
740 0.18134933149624927
741 0.18134933149624927
742 0.18134933149624927
743 0.18134933149624927
744 0.18134933149624927
745 0.18134933149624927
746 0.18134933149624927
747 0.18134933149624927
748 0.18134933149624927
749 0.18134933149624927
750 0.18134933149624927
751 0.18141536025167684
752 0.18141536025167684
753 0.18141536025167684
754 0.18141536025167684
755 0.18141536025167684
756 0.18141536025167684
757 0.18145203353213823
758 0.18145203353213823
759 0.18154325836523486
760 0.18154325836523486
761 0.18154325836523486
762 0.18154325836523486
763 0.18154325836523486
764 0.18154325836523486
765 0.18154325836523486
766 0.18154325836523486
767 0.18154325836523486
768 0.18154325836523486
769 0.18154325836523486
770 0.18154325836523486
771 0.18154325836523486
772 0.18154325836523486
773 0.18154325836523486
774 0.18154325836523486
775 0.18154325836523486
776 0.18154325836523486
777 0.18165489194529014
778 0.18165489194529014
779 0.18165489194529014
780 0.18165489194529014
781 0.18165489194529014
782 0.18165489194529014
783 0.18165489194529014
784 0.18165489194529014
785 0.18165489194529014
786 0.18165489194529014
787 0.18165489194529014
788 0.18165489194529014
789 0.18165489194529014
790 0.18165489194529014
791 0.18165489194529014
792 0.18165489194529014
793 0.18165489194529014
794 0.18165489194529014
795 0.18165489194529014
796 0.18165489194529014
797 0.18165489194529014
798 0.18165489194529014
799 0.18170523855520465
800 0.18170523855520465
801 0.18170523855520465
802 0.18170523855520465
803 0.18170523855520465
804 0.18170523855520465
805 0.18170523855520465
806 0.18170523855520465
807 0.18170523855520465
808 0.18170523855520465
809 0.18170523855520465
810 0.18170523855520465
811 0.18170523855520465
812 0.18170523855520465
813 0.18239116789412996
814 0.18239116789412996
815 0.18239116789412996
816 0.18239116789412996
817 0.18239116789412996
818 0.18239116789412996
819 0.18239116789412996
820 0.18239116789412996
821 0.18239116789412996
822 0.18239116789412996
823 0.18239116789412996
824 0.18239116789412996
825 0.18239116789412996
826 0.18239116789412996
827 0.18239116789412996
828 0.18239116789412996
829 0.18239116789412996
830 0.18239116789412996
831 0.18271294712950556
832 0.18271294712950556
833 0.18271294712950556
834 0.18271294712950556
835 0.18271294712950556
836 0.18293619782993242
837 0.18293619782993242
838 0.18293619782993242
839 0.18293619782993242
840 0.18293619782993242
841 0.18293619782993242
842 0.18293619782993242
843 0.18293619782993242
844 0.18291874150412651
845 0.18291874150412651
846 0.18291874150412651
847 0.18291874150412651
848 0.18291874150412651
849 0.18291874150412651
850 0.18291874150412651
851 0.18291874150412651
852 0.18291874150412651
853 0.18291874150412651
854 0.18291874150412651
855 0.18294389001431097
856 0.18294389001431097
857 0.18294389001431097
858 0.18294389001431097
859 0.18294389001431097
860 0.18294389001431097
861 0.18294389001431097
862 0.18294389001431097
863 0.18296955508523552
864 0.18296955508523552
865 0.18296955508523552
866 0.18296955508523552
867 0.18296955508523552
868 0.18322345516230215
869 0.18322345516230215
870 0.18322345516230215
871 0.18322345516230215
872 0.18322345516230215
873 0.18322345516230215
874 0.18322345516230215
875 0.18322345516230215
876 0.18329979879912653
877 0.18335980003170002
878 0.18335980003170002
879 0.18335980003170002
880 0.18335980003170002
881 0.18335980003170002
882 0.18335980003170002
883 0.18335980003170002
884 0.18335980003170002
885 0.18335980003170002
886 0.18335980003170002
887 0.18335980003170002
888 0.18335980003170002
889 0.18335980003170002
890 0.18335980003170002
891 0.18335980003170002
892 0.18335980003170002
893 0.18335980003170002
894 0.1834983792091714
895 0.1834983792091714
896 0.1834983792091714
897 0.1834983792091714
898 0.1834983792091714
899 0.1834983792091714
900 0.1834983792091714
901 0.1834983792091714
902 0.1834983792091714
903 0.1834983792091714
904 0.1834983792091714
905 0.1834983792091714
906 0.1834983792091714
907 0.1834983792091714
908 0.1834983792091714
909 0.1834983792091714
910 0.1834983792091714
911 0.1834983792091714
912 0.1834983792091714
913 0.1834983792091714
914 0.1834983792091714
915 0.1834983792091714
916 0.1834983792091714
917 0.1834983792091714
918 0.1834983792091714
919 0.1834983792091714
920 0.1834983792091714
921 0.1834983792091714
922 0.1834983792091714
923 0.1834983792091714
924 0.1834983792091714
925 0.1834983792091714
926 0.1834983792091714
927 0.1834983792091714
928 0.1834983792091714
929 0.1834983792091714
930 0.1834983792091714
931 0.1834983792091714
932 0.1834983792091714
933 0.1834983792091714
934 0.1834983792091714
935 0.1834983792091714
936 0.1834983792091714
937 0.1834983792091714
938 0.1834983792091714
939 0.1834983792091714
940 0.1834983792091714
941 0.1834983792091714
942 0.1834983792091714
943 0.18392915262326132
944 0.18392915262326132
945 0.18392915262326132
946 0.18392915262326132
947 0.18392915262326132
948 0.18392915262326132
949 0.18392915262326132
950 0.18392915262326132
951 0.18392915262326132
952 0.18392915262326132
953 0.18392915262326132
954 0.18392915262326132
955 0.18406513051533524
956 0.18406513051533524
957 0.18406513051533524
958 0.18406513051533524
959 0.18406513051533524
960 0.18406513051533524
961 0.18406513051533524
962 0.18406513051533524
963 0.18406513051533524
964 0.18406513051533524
965 0.18406513051533524
966 0.18406513051533524
967 0.18406513051533524
968 0.18406513051533524
969 0.18406513051533524
970 0.18406513051533524
971 0.18406513051533524
972 0.18406513051533524
973 0.18406513051533524
974 0.18406513051533524
975 0.18406513051533524
976 0.18406513051533524
977 0.18406513051533524
978 0.18406513051533524
979 0.18406513051533524
980 0.18406513051533524
981 0.18406513051533524
982 0.18406513051533524
983 0.18406513051533524
984 0.18406513051533524
985 0.18406513051533524
986 0.18406513051533524
987 0.18406513051533524
988 0.18406513051533524
989 0.18406513051533524
990 0.18406514090096454
991 0.18406514090096454
992 0.18406514090096454
993 0.18406514090096454
994 0.18406514090096454
995 0.18406514090096454
996 0.18406514090096454
997 0.18406514090096454
998 0.18406514090096454
999 0.18406514090096454
