0 0.4560185185185185
1 0.47145061728395066
2 0.47145061728395066
3 0.48765432098765427
4 0.48765432098765427
5 0.49922839506172845
6 0.5131172839506173
7 0.5131172839506173
8 0.5200617283950617
9 0.5385802469135803
10 0.5385802469135803
11 0.5563271604938271
12 0.5563271604938271
13 0.5563271604938271
14 0.5779320987654322
15 0.5779320987654322
16 0.5933641975308642
17 0.5933641975308642
18 0.6473765432098766
19 0.6473765432098766
20 0.6473765432098766
21 0.6473765432098766
22 0.6473765432098766
23 0.6473765432098766
24 0.6473765432098766
25 0.6558641975308642
26 0.6558641975308642
27 0.6558641975308642
28 0.6558641975308642
29 0.658179012345679
30 0.6697530864197531
31 0.6697530864197531
32 0.6697530864197531
33 0.6697530864197531
34 0.6774691358024691
35 0.720679012345679
36 0.720679012345679
37 0.720679012345679
38 0.720679012345679
39 0.720679012345679
40 0.720679012345679
41 0.720679012345679
42 0.720679012345679
43 0.720679012345679
44 0.720679012345679
45 0.720679012345679
46 0.720679012345679
47 0.720679012345679
48 0.720679012345679
49 0.720679012345679
50 0.720679012345679
51 0.7376543209876543
52 0.7376543209876543
53 0.7376543209876543
54 0.7376543209876543
55 0.7376543209876543
56 0.7376543209876543
57 0.7376543209876543
58 0.7376543209876543
59 0.7376543209876543
60 0.7376543209876543
61 0.7376543209876543
62 0.7376543209876543
63 0.7376543209876543
64 0.7376543209876543
65 0.7376543209876543
66 0.7376543209876543
67 0.7376543209876543
68 0.7376543209876543
69 0.7376543209876543
70 0.7376543209876543
71 0.75
72 0.75
73 0.75
74 0.75
75 0.75
76 0.75
77 0.75
78 0.75
79 0.75
80 0.75
81 0.75
82 0.753858024691358
83 0.753858024691358
84 0.7770061728395061
85 0.7770061728395061
86 0.7770061728395061
87 0.7770061728395061
88 0.7770061728395061
89 0.7770061728395061
90 0.7770061728395061
91 0.7770061728395061
92 0.7770061728395061
93 0.7839506172839507
94 0.7839506172839507
95 0.7839506172839507
96 0.7839506172839507
97 0.7839506172839507
98 0.7839506172839507
99 0.7839506172839507
100 0.7839506172839507
101 0.7839506172839507
102 0.7839506172839507
103 0.7839506172839507
104 0.7839506172839507
105 0.7839506172839507
106 0.7854938271604939
107 0.7854938271604939
108 0.7854938271604939
109 0.7854938271604939
110 0.7854938271604939
111 0.7854938271604939
112 0.7854938271604939
113 0.7854938271604939
114 0.7854938271604939
115 0.7854938271604939
116 0.7854938271604939
117 0.7854938271604939
118 0.7854938271604939
119 0.7854938271604939
120 0.7854938271604939
121 0.7854938271604939
122 0.7854938271604939
123 0.7854938271604939
124 0.7862654320987654
125 0.7862654320987654
126 0.7862654320987654
127 0.7862654320987654
128 0.7862654320987654
129 0.7862654320987654
130 0.7862654320987654
131 0.7862654320987654
132 0.7862654320987654
133 0.7862654320987654
134 0.7862654320987654
135 0.7862654320987654
136 0.7862654320987654
137 0.7862654320987654
138 0.7862654320987654
139 0.7970679012345678
140 0.7970679012345678
141 0.7970679012345678
142 0.8294753086419753
143 0.8294753086419753
144 0.8294753086419753
145 0.8294753086419753
146 0.8294753086419753
147 0.8294753086419753
148 0.8294753086419753
149 0.8294753086419753
150 0.8294753086419753
151 0.8294753086419753
152 0.8294753086419753
153 0.8294753086419753
154 0.8294753086419753
155 0.8294753086419753
156 0.8294753086419753
157 0.8294753086419753
158 0.8294753086419753
159 0.8294753086419753
160 0.8294753086419753
161 0.8294753086419753
162 0.8294753086419753
163 0.8294753086419753
164 0.8294753086419753
165 0.8294753086419753
166 0.8294753086419753
167 0.8294753086419753
168 0.8294753086419753
169 0.8294753086419753
170 0.8294753086419753
171 0.8294753086419753
172 0.8294753086419753
173 0.8294753086419753
174 0.8294753086419753
175 0.8294753086419753
176 0.8294753086419753
177 0.8294753086419753
178 0.8294753086419753
179 0.8294753086419753
180 0.8294753086419753
181 0.8294753086419753
182 0.8294753086419753
183 0.8294753086419753
184 0.8294753086419753
185 0.8294753086419753
186 0.8294753086419753
187 0.8294753086419753
188 0.8294753086419753
189 0.8294753086419753
190 0.8294753086419753
191 0.8294753086419753
192 0.8294753086419753
193 0.8294753086419753
194 0.8294753086419753
195 0.8294753086419753
196 0.8294753086419753
197 0.8294753086419753
198 0.8294753086419753
199 0.8294753086419753
200 0.8294753086419753
201 0.8294753086419753
202 0.8294753086419753
203 0.8294753086419753
204 0.8294753086419753
205 0.8294753086419753
206 0.8294753086419753
207 0.8294753086419753
208 0.8294753086419753
209 0.8294753086419753
210 0.8294753086419753
211 0.8294753086419753
212 0.8294753086419753
213 0.8294753086419753
214 0.8294753086419753
215 0.8294753086419753
216 0.8294753086419753
217 0.8294753086419753
218 0.8294753086419753
219 0.8294753086419753
220 0.8294753086419753
221 0.8294753086419753
222 0.8294753086419753
223 0.8294753086419753
224 0.8294753086419753
225 0.8294753086419753
226 0.8294753086419753
227 0.8294753086419753
228 0.8294753086419753
229 0.8294753086419753
230 0.8294753086419753
231 0.8294753086419753
232 0.8294753086419753
233 0.8294753086419753
234 0.8294753086419753
235 0.8294753086419753
236 0.8294753086419753
237 0.8294753086419753
238 0.8294753086419753
239 0.8294753086419753
240 0.8294753086419753
241 0.8294753086419753
242 0.8294753086419753
243 0.8294753086419753
244 0.8294753086419753
245 0.8294753086419753
246 0.8294753086419753
247 0.8294753086419753
248 0.845679012345679
249 0.845679012345679
250 0.845679012345679
251 0.845679012345679
252 0.845679012345679
253 0.845679012345679
254 0.845679012345679
255 0.845679012345679
256 0.845679012345679
257 0.845679012345679
258 0.845679012345679
259 0.845679012345679
260 0.845679012345679
261 0.845679012345679
262 0.845679012345679
263 0.845679012345679
264 0.845679012345679
265 0.845679012345679
266 0.845679012345679
267 0.845679012345679
268 0.845679012345679
269 0.845679012345679
270 0.845679012345679
271 0.845679012345679
272 0.845679012345679
273 0.845679012345679
274 0.845679012345679
275 0.845679012345679
276 0.845679012345679
277 0.845679012345679
278 0.845679012345679
279 0.845679012345679
280 0.845679012345679
281 0.845679012345679
282 0.845679012345679
283 0.845679012345679
284 0.845679012345679
285 0.845679012345679
286 0.845679012345679
287 0.845679012345679
288 0.845679012345679
289 0.845679012345679
290 0.845679012345679
291 0.845679012345679
292 0.845679012345679
293 0.845679012345679
294 0.845679012345679
295 0.845679012345679
296 0.845679012345679
297 0.845679012345679
298 0.845679012345679
299 0.845679012345679
300 0.845679012345679
301 0.845679012345679
302 0.845679012345679
303 0.845679012345679
304 0.845679012345679
305 0.845679012345679
306 0.845679012345679
307 0.845679012345679
308 0.845679012345679
309 0.845679012345679
310 0.845679012345679
311 0.845679012345679
312 0.845679012345679
313 0.845679012345679
314 0.8603395061728395
315 0.8603395061728395
316 0.8603395061728395
317 0.8603395061728395
318 0.8603395061728395
319 0.8603395061728395
320 0.8657407407407407
321 0.8657407407407407
322 0.8657407407407407
323 0.8657407407407407
324 0.8657407407407407
325 0.8657407407407407
326 0.8657407407407407
327 0.8657407407407407
328 0.8657407407407407
329 0.8657407407407407
330 0.8657407407407407
331 0.8657407407407407
332 0.8657407407407407
333 0.8657407407407407
334 0.8657407407407407
335 0.8657407407407407
336 0.8657407407407407
337 0.8657407407407407
338 0.8657407407407407
339 0.8657407407407407
340 0.8657407407407407
341 0.8657407407407407
342 0.8657407407407407
343 0.8657407407407407
344 0.8657407407407407
345 0.8657407407407407
346 0.8657407407407407
347 0.8657407407407407
348 0.8657407407407407
349 0.8657407407407407
350 0.8657407407407407
351 0.8657407407407407
352 0.8657407407407407
353 0.8657407407407407
354 0.8657407407407407
355 0.8657407407407407
356 0.8657407407407407
357 0.8657407407407407
358 0.8657407407407407
359 0.8657407407407407
360 0.8657407407407407
361 0.8657407407407407
362 0.8657407407407407
363 0.8657407407407407
364 0.8657407407407407
365 0.8657407407407407
366 0.8657407407407407
367 0.8657407407407407
368 0.8657407407407407
369 0.8657407407407407
370 0.8657407407407407
371 0.8657407407407407
372 0.8657407407407407
373 0.8657407407407407
374 0.8657407407407407
375 0.8657407407407407
376 0.8657407407407407
377 0.875
378 0.875
379 0.875
380 0.875
381 0.875
382 0.875
383 0.875
384 0.875
385 0.875
386 0.875
387 0.875
388 0.875
389 0.875
390 0.875
391 0.875
392 0.875
393 0.875
394 0.875
395 0.875
396 0.875
397 0.875
398 0.875
399 0.875
400 0.875
401 0.875
402 0.875
403 0.875
404 0.875
405 0.875
406 0.875
407 0.875
408 0.875
409 0.875
410 0.875
411 0.875
412 0.875
413 0.875
414 0.875
415 0.875
416 0.875
417 0.875
418 0.875
419 0.875
420 0.875
421 0.875
422 0.875
423 0.875
424 0.875
425 0.875
426 0.875
427 0.875
428 0.875
429 0.875
430 0.875
431 0.875
432 0.875
433 0.875
434 0.875
435 0.875
436 0.875
437 0.875
438 0.875
439 0.875
440 0.875
441 0.875
442 0.875
443 0.875
444 0.875
445 0.875
446 0.875
447 0.875
448 0.875
449 0.875
450 0.875
451 0.875
452 0.875
453 0.875
454 0.875
455 0.875
456 0.875
457 0.875
458 0.875
459 0.875
460 0.875
461 0.875
462 0.875
463 0.875
464 0.875
465 0.875
466 0.875
467 0.875
468 0.875
469 0.875
470 0.875
471 0.875
472 0.875
473 0.875
474 0.875
475 0.875
476 0.875
477 0.875
478 0.875
479 0.875
480 0.875
481 0.875
482 0.875
483 0.875
484 0.875
485 0.875
486 0.875
487 0.875
488 0.875
489 0.875
490 0.875
491 0.875
492 0.875
493 0.875
494 0.875
495 0.875
496 0.875
497 0.875
498 0.875
499 0.875
500 0.875
501 0.875
502 0.875
503 0.875
504 0.875
505 0.875
506 0.875
507 0.875
508 0.875
509 0.875
510 0.875
511 0.875
512 0.875
513 0.875
514 0.875
515 0.875
516 0.875
517 0.875
518 0.875
519 0.875
520 0.875
521 0.875
522 0.875
523 0.875
524 0.875
525 0.875
526 0.875
527 0.875
528 0.875
529 0.875
530 0.875
531 0.875
532 0.875
533 0.875
534 0.875
535 0.875
536 0.875
537 0.875
538 0.8757716049382716
539 0.8757716049382716
540 0.8757716049382716
541 0.8757716049382716
542 0.8757716049382716
543 0.8757716049382716
544 0.8757716049382716
545 0.8757716049382716
546 0.8757716049382716
547 0.8757716049382716
548 0.8757716049382716
549 0.8757716049382716
550 0.8757716049382716
551 0.8757716049382716
552 0.8757716049382716
553 0.8757716049382716
554 0.8757716049382716
555 0.8757716049382716
556 0.8757716049382716
557 0.8757716049382716
558 0.8757716049382716
559 0.8757716049382716
560 0.8757716049382716
561 0.8757716049382716
562 0.8757716049382716
563 0.8757716049382716
564 0.8757716049382716
565 0.8757716049382716
566 0.8757716049382716
567 0.8757716049382716
568 0.8757716049382716
569 0.8757716049382716
570 0.8757716049382716
571 0.8757716049382716
572 0.8757716049382716
573 0.8757716049382716
574 0.8757716049382716
575 0.8757716049382716
576 0.8757716049382716
577 0.8757716049382716
578 0.8757716049382716
579 0.8757716049382716
580 0.8757716049382716
581 0.8757716049382716
582 0.8757716049382716
583 0.8757716049382716
584 0.8757716049382716
585 0.8757716049382716
586 0.8757716049382716
587 0.8757716049382716
588 0.8757716049382716
589 0.8757716049382716
590 0.8757716049382716
591 0.8757716049382716
592 0.8757716049382716
593 0.8757716049382716
594 0.8757716049382716
595 0.8757716049382716
596 0.8757716049382716
597 0.8757716049382716
598 0.8757716049382716
599 0.8757716049382716
600 0.8757716049382716
601 0.8757716049382716
602 0.8757716049382716
603 0.8757716049382716
604 0.8757716049382716
605 0.8757716049382716
606 0.8757716049382716
607 0.8757716049382716
608 0.8757716049382716
609 0.8757716049382716
610 0.8757716049382716
611 0.8757716049382716
612 0.8757716049382716
613 0.8757716049382716
614 0.8757716049382716
615 0.8757716049382716
616 0.8757716049382716
617 0.8757716049382716
618 0.8757716049382716
619 0.8757716049382716
620 0.8757716049382716
621 0.8757716049382716
622 0.8757716049382716
623 0.8757716049382716
624 0.8757716049382716
625 0.8757716049382716
626 0.8757716049382716
627 0.8757716049382716
628 0.8757716049382716
629 0.8757716049382716
630 0.8757716049382716
631 0.8757716049382716
632 0.8757716049382716
633 0.8757716049382716
634 0.8757716049382716
635 0.8757716049382716
636 0.8757716049382716
637 0.8757716049382716
638 0.8757716049382716
639 0.8757716049382716
640 0.8757716049382716
641 0.8757716049382716
642 0.8757716049382716
643 0.8757716049382716
644 0.8757716049382716
645 0.8757716049382716
646 0.8757716049382716
647 0.8757716049382716
648 0.8757716049382716
649 0.8757716049382716
650 0.8757716049382716
651 0.8757716049382716
652 0.8757716049382716
653 0.8757716049382716
654 0.8757716049382716
655 0.8757716049382716
656 0.8757716049382716
657 0.8757716049382716
658 0.8757716049382716
659 0.8757716049382716
660 0.8757716049382716
661 0.8757716049382716
662 0.8757716049382716
663 0.8757716049382716
664 0.8757716049382716
665 0.8757716049382716
666 0.8757716049382716
667 0.8757716049382716
668 0.8757716049382716
669 0.8757716049382716
670 0.8834876543209876
671 0.8834876543209876
672 0.8834876543209876
673 0.8834876543209876
674 0.8834876543209876
675 0.8834876543209876
676 0.8834876543209876
677 0.8834876543209876
678 0.8834876543209876
679 0.8834876543209876
680 0.8834876543209876
681 0.8834876543209876
682 0.8834876543209876
683 0.8834876543209876
684 0.8834876543209876
685 0.8834876543209876
686 0.8834876543209876
687 0.8834876543209876
688 0.8834876543209876
689 0.8834876543209876
690 0.8834876543209876
691 0.8834876543209876
692 0.8834876543209876
693 0.8834876543209876
694 0.8834876543209876
695 0.8834876543209876
696 0.8834876543209876
697 0.8834876543209876
698 0.8834876543209876
699 0.8834876543209876
700 0.8834876543209876
701 0.8834876543209876
702 0.8834876543209876
703 0.8834876543209876
704 0.8834876543209876
705 0.8834876543209876
706 0.8834876543209876
707 0.8834876543209876
708 0.8834876543209876
709 0.8834876543209876
710 0.8834876543209876
711 0.8834876543209876
712 0.8834876543209876
713 0.8834876543209876
714 0.8834876543209876
715 0.8834876543209876
716 0.8834876543209876
717 0.8834876543209876
718 0.8834876543209876
719 0.8834876543209876
720 0.8834876543209876
721 0.8834876543209876
722 0.8834876543209876
723 0.8834876543209876
724 0.8834876543209876
725 0.8834876543209876
726 0.8834876543209876
727 0.8834876543209876
728 0.8834876543209876
729 0.8834876543209876
730 0.8834876543209876
731 0.8834876543209876
732 0.8834876543209876
733 0.8834876543209876
734 0.8834876543209876
735 0.8834876543209876
736 0.8834876543209876
737 0.8834876543209876
738 0.8834876543209876
739 0.8834876543209876
740 0.8834876543209876
741 0.8834876543209876
742 0.8834876543209876
743 0.8834876543209876
744 0.8834876543209876
745 0.8834876543209876
746 0.8834876543209876
747 0.8834876543209876
748 0.8834876543209876
749 0.8834876543209876
750 0.8834876543209876
751 0.8834876543209876
752 0.8834876543209876
753 0.8834876543209876
754 0.8834876543209876
755 0.8834876543209876
756 0.8834876543209876
757 0.8834876543209876
758 0.8834876543209876
759 0.8834876543209876
760 0.8834876543209876
761 0.8834876543209876
762 0.8834876543209876
763 0.8834876543209876
764 0.8834876543209876
765 0.8834876543209876
766 0.8834876543209876
767 0.8834876543209876
768 0.8834876543209876
769 0.8834876543209876
770 0.8834876543209876
771 0.8834876543209876
772 0.8834876543209876
773 0.8834876543209876
774 0.8834876543209876
775 0.8834876543209876
776 0.8834876543209876
777 0.8834876543209876
778 0.8834876543209876
779 0.8834876543209876
780 0.8834876543209876
781 0.8834876543209876
782 0.8834876543209876
783 0.8834876543209876
784 0.8834876543209876
785 0.8834876543209876
786 0.8834876543209876
787 0.8834876543209876
788 0.8834876543209876
789 0.8834876543209876
790 0.8834876543209876
791 0.8834876543209876
792 0.8834876543209876
793 0.8834876543209876
794 0.8834876543209876
795 0.8834876543209876
796 0.8834876543209876
797 0.8834876543209876
798 0.8834876543209876
799 0.8834876543209876
800 0.8834876543209876
801 0.8834876543209876
802 0.8834876543209876
803 0.8834876543209876
804 0.8834876543209876
805 0.8834876543209876
806 0.8834876543209876
807 0.8834876543209876
808 0.8834876543209876
809 0.8834876543209876
810 0.8834876543209876
811 0.8834876543209876
812 0.8834876543209876
813 0.8834876543209876
814 0.8834876543209876
815 0.8834876543209876
816 0.8834876543209876
817 0.8834876543209876
818 0.8834876543209876
819 0.8834876543209876
820 0.8834876543209876
821 0.8834876543209876
822 0.8834876543209876
823 0.8834876543209876
824 0.8834876543209876
825 0.8834876543209876
826 0.8834876543209876
827 0.8834876543209876
828 0.8834876543209876
829 0.8834876543209876
830 0.8834876543209876
831 0.8834876543209876
832 0.8834876543209876
833 0.8834876543209876
834 0.8834876543209876
835 0.8834876543209876
836 0.8834876543209876
837 0.8834876543209876
838 0.8834876543209876
839 0.8834876543209876
840 0.8834876543209876
841 0.8834876543209876
842 0.8834876543209876
843 0.8834876543209876
844 0.8834876543209876
845 0.8834876543209876
846 0.8834876543209876
847 0.8834876543209876
848 0.8834876543209876
849 0.8834876543209876
850 0.8834876543209876
851 0.8834876543209876
852 0.8834876543209876
853 0.8834876543209876
854 0.8834876543209876
855 0.8834876543209876
856 0.8834876543209876
857 0.8834876543209876
858 0.8834876543209876
859 0.8834876543209876
860 0.8834876543209876
861 0.8834876543209876
862 0.8834876543209876
863 0.8834876543209876
864 0.8834876543209876
865 0.8834876543209876
866 0.8834876543209876
867 0.8834876543209876
868 0.8834876543209876
869 0.8834876543209876
870 0.8834876543209876
871 0.8834876543209876
872 0.8834876543209876
873 0.8834876543209876
874 0.8834876543209876
875 0.8834876543209876
876 0.8834876543209876
877 0.8834876543209876
878 0.8834876543209876
879 0.8834876543209876
880 0.8834876543209876
881 0.8834876543209876
882 0.8834876543209876
883 0.8858024691358025
884 0.8858024691358025
885 0.8858024691358025
886 0.8858024691358025
887 0.8858024691358025
888 0.8858024691358025
889 0.8858024691358025
890 0.8858024691358025
891 0.8858024691358025
892 0.8858024691358025
893 0.8858024691358025
894 0.8858024691358025
895 0.8858024691358025
896 0.8858024691358025
897 0.8858024691358025
898 0.8858024691358025
899 0.8858024691358025
900 0.8858024691358025
901 0.8858024691358025
902 0.8858024691358025
903 0.8858024691358025
904 0.8858024691358025
905 0.8858024691358025
906 0.8858024691358025
907 0.8858024691358025
908 0.8858024691358025
909 0.8858024691358025
910 0.8858024691358025
911 0.8858024691358025
912 0.8858024691358025
913 0.8858024691358025
914 0.8858024691358025
915 0.8858024691358025
916 0.8858024691358025
917 0.8858024691358025
918 0.8858024691358025
919 0.8858024691358025
920 0.8858024691358025
921 0.8858024691358025
922 0.8858024691358025
923 0.8858024691358025
924 0.8858024691358025
925 0.8858024691358025
926 0.8858024691358025
927 0.8858024691358025
928 0.8858024691358025
929 0.8858024691358025
930 0.8858024691358025
931 0.8858024691358025
932 0.8858024691358025
933 0.8858024691358025
934 0.8858024691358025
935 0.8858024691358025
936 0.8858024691358025
937 0.8858024691358025
938 0.8858024691358025
939 0.8858024691358025
940 0.8858024691358025
941 0.8865740740740741
942 0.8865740740740741
943 0.8865740740740741
944 0.8865740740740741
945 0.8865740740740741
946 0.8865740740740741
947 0.8865740740740741
948 0.8865740740740741
949 0.8865740740740741
950 0.8865740740740741
951 0.8865740740740741
952 0.8865740740740741
953 0.8865740740740741
954 0.8865740740740741
955 0.8865740740740741
956 0.8865740740740741
957 0.8865740740740741
958 0.8865740740740741
959 0.8865740740740741
960 0.8865740740740741
961 0.8865740740740741
962 0.8865740740740741
963 0.8865740740740741
964 0.8865740740740741
965 0.8865740740740741
966 0.8865740740740741
967 0.8865740740740741
968 0.8865740740740741
969 0.8865740740740741
970 0.8865740740740741
971 0.8865740740740741
972 0.8865740740740741
973 0.8865740740740741
974 0.8865740740740741
975 0.8865740740740741
976 0.8865740740740741
977 0.8865740740740741
978 0.8865740740740741
979 0.8865740740740741
980 0.8865740740740741
981 0.8865740740740741
982 0.8865740740740741
983 0.8865740740740741
984 0.8865740740740741
985 0.8865740740740741
986 0.8865740740740741
987 0.8865740740740741
988 0.8865740740740741
989 0.8865740740740741
990 0.8865740740740741
991 0.8865740740740741
992 0.8865740740740741
993 0.8865740740740741
994 0.8865740740740741
995 0.8865740740740741
996 0.8865740740740741
997 0.8865740740740741
998 0.8865740740740741
999 0.8865740740740741
