0 12.629686525652776
1 28.900113109671807
2 34.04792446541681
3 35.39347648195413
4 30.92185902440358
5 22.109268017382316
6 19.102014979392152
7 17.660857011013125
8 15.58121538567578
9 13.680882555404704
10 10.192781290037559
11 6.847854658494616
12 4.442125009590302
13 3.741139509664568
14 3.1525995533672964
15 2.751755716946565
16 2.52724549552024
17 2.387686557499046
18 2.2426137719639585
19 2.1651852446263096
20 2.555260625531296
21 2.5037502091386967
22 2.4567740808670258
23 2.390001246814397
24 2.3822602142081184
25 2.3588969521648626
26 2.3755485343020917
27 2.298128174872294
28 2.4096485656134745
29 2.3887371063500065
30 2.399229970996355
31 2.3612955733736825
32 2.365987225640743
33 2.3405733214645
34 2.31074759312863
35 2.4720489844713036
36 2.427421089109254
37 2.3571020948761126
38 2.331126724865601
39 2.3186597468976506
40 2.3218487277295408
41 2.2449299255012733
42 2.214630053860298
43 2.6001034911801884
44 2.5906352703143734
45 2.5899954610526916
46 2.5588155054098998
47 2.554198440788679
48 2.5370927913458887
49 2.5272170156365243
50 2.5245701414709005
51 2.5525845923537167
52 2.5335038946544506
53 2.5251370836810763
54 2.5466707809652527
55 2.526270571703992
56 2.516131060240507
57 2.5073392896557904
58 2.4658054916032874
59 2.4577536069479944
60 2.4577536069479944
61 2.449744678674096
62 2.458433529460007
63 2.458433529460007
64 2.437369735754209
65 2.4294835337609966
66 2.421026160522532
67 2.418543050619453
68 2.40635951907667
69 2.4743153239148046
70 2.46445594968971
71 2.7009474402643523
72 2.691743422025111
73 3.007543063897201
74 2.9988821656765383
75 2.9988821656765383
76 2.990161654263422
77 2.981259645724875
78 2.964913851185373
79 2.9405227968158556
80 3.213137744276811
81 3.213137744276811
82 3.1988555858026433
83 3.1878581744980607
84 3.1801808774931652
85 3.1681106294038437
86 3.148798567146885
87 3.1424842466538303
88 3.114881249429491
89 3.156532329107124
90 3.156532329107124
91 3.156532329107124
92 3.1538597380977764
93 3.207796806503401
94 3.207796806503401
95 3.197831979082278
96 3.1936547264833752
97 3.1782479516861923
98 3.189988007491991
99 3.181596624115097
100 3.181596624115097
101 3.181596624115097
102 3.181596624115097
103 3.1664385577356455
104 3.2268704529800245
105 3.2257600975934313
106 3.2257600975934313
107 3.2257600975934313
108 3.2153565637271337
109 3.2151874043697033
110 3.2151874043697033
111 3.2151874043697033
112 3.2151874043697033
113 3.213048124444789
114 3.213048124444789
115 3.213048124444789
116 3.213048124444789
117 3.2311563540309574
118 3.2311563540309574
119 3.2192296702488923
120 3.2192296702488923
121 3.2192296702488923
122 3.2192296702488923
123 3.4537000723198132
124 3.433163677429717
125 3.8371519014981863
126 3.8678251810061632
127 3.8569475342284014
128 3.853891478630166
129 3.834553848979934
130 3.834553848979934
131 3.792117052441994
132 3.792117052441994
133 3.788769321100206
134 3.8009339655658674
135 3.8009339655658674
136 3.7894612772697767
137 3.78121023701419
138 3.7703352966321817
139 3.7703352966321817
140 3.767717763183584
141 3.7551162828425793
142 3.7518991784638174
143 3.7518991784638174
144 3.7518991784638174
145 3.732591048592285
146 3.7285741236893704
147 3.709950940578569
148 3.7038040248810327
149 3.696064180763062
150 3.696064180763062
151 3.696064180763062
152 3.722586813815794
153 3.722586813815794
154 3.710718182452417
155 3.699309032175524
156 3.698947756180484
157 3.698947756180484
158 3.6600082099046705
159 3.647930169056041
160 3.647930169056041
161 3.647930169056041
162 3.647930169056041
163 3.647930169056041
164 3.6390247513191416
165 3.6138110084567034
166 3.608115174934879
167 3.5968409584993712
168 3.5872404641341213
169 3.5711810475545467
170 3.558645562211213
171 3.558645562211213
172 3.5440271204183236
173 3.5440271204183236
174 3.5440271204183236
175 3.523161471506462
176 3.523161471506462
177 3.523161471506462
178 3.5122289412009966
179 3.5122289412009966
180 3.563271700563283
181 3.557805522812356
182 3.5497171182299097
183 3.5497171182299097
184 3.537119481091943
185 3.537119481091943
186 3.537119481091943
187 3.5253978476080894
188 3.6210248234909503
189 3.6059239482230594
190 3.583242604256993
191 3.569691856929123
192 3.557317680290208
193 3.546515898818194
194 3.5298651422466625
195 3.5298651422466625
196 3.5298651422466625
197 3.5298651422466625
198 3.5298651422466625
199 3.5113502405214034
200 3.5113502405214034
201 3.5113502405214034
202 3.5200831067924394
203 3.5137279905215735
204 3.5137279905215735
205 3.5137279905215735
206 3.5041218929673277
207 3.5041218929673277
208 3.5041218929673277
209 3.5041218929673277
210 3.5041218929673277
211 3.5041218929673277
212 3.5074582006599204
213 3.4993814696007672
214 3.4898599766073013
215 3.4629746648713593
216 3.4629746648713593
217 3.4629746648713593
218 3.448883216099893
219 3.437358171506102
220 3.437358171506102
221 3.437358171506102
222 3.437358171506102
223 3.437358171506102
224 3.4182200914555287
225 3.405238857568484
226 3.405238857568484
227 3.3882736489185823
228 3.3882736489185823
229 3.3882736489185823
230 3.3775250616745804
231 3.3775250616745804
232 3.3775250616745804
233 3.370336523556852
234 3.370336523556852
235 3.370336523556852
236 3.370336523556852
237 3.3565902484172345
238 3.3565902484172345
239 3.3565902484172345
240 3.3565902484172345
241 3.3565902484172345
242 3.344483956378281
243 3.340853729294118
244 3.340853729294118
245 3.340853729294118
246 3.3663454407866396
247 3.3663454407866396
248 3.350386472082917
249 3.350386472082917
250 3.3387406273252616
251 3.3369050931693565
252 3.3115731046173993
253 3.3115731046173993
254 3.2986954123925534
255 3.2986954123925534
256 3.2986954123925534
257 3.2986954123925534
258 3.2891414147867026
259 4.0618445403582495
260 4.0618445403582495
261 4.0618445403582495
262 4.040468637716454
263 4.040468637716454
264 4.040468637716454
265 4.039728296570528
266 4.032149975717815
267 4.032149975717815
268 4.019639650201004
269 4.023036721826828
270 4.008550868781928
271 3.995409538809531
272 3.982830410755114
273 3.980889912402103
274 4.04392603674083
275 4.042981585834591
276 4.042981585834591
277 4.032145964450559
278 4.032145964450559
279 4.032145964450559
280 4.032145964450559
281 4.032145964450559
282 4.032145964450559
283 4.032145964450559
284 4.0220964101473085
285 4.0220964101473085
286 4.0220964101473085
287 4.013036989741703
288 4.013036989741703
289 4.013036989741703
290 4.013036989741703
291 4.013036989741703
292 4.000049413446583
293 4.000049413446583
294 4.000049413446583
295 3.9927188613948865
296 3.987202054529358
297 3.9738942890095936
298 3.9738942890095936
299 3.9738942890095936
300 3.9738942890095936
301 3.9738942890095936
302 3.971910582823284
303 3.971910582823284
304 3.9691356933282855
305 3.9691356933282855
306 3.9585868026552586
307 5.0492598385048435
308 5.041809441767975
309 5.0290504765516655
310 5.077264126502548
311 5.077264126502548
312 5.077264126502548
313 5.077264126502548
314 5.065985661845582
315 5.06008653665199
316 5.06008653665199
317 5.053522550089251
318 5.042472057874743
319 5.042472057874743
320 5.042472057874743
321 5.015481021213358
322 5.0086550038686015
323 4.994664174689156
324 4.994664174689156
325 5.2386154881268014
326 5.213489753696276
327 5.2026175750078085
328 5.189046974843914
329 5.1939017374121965
330 5.1939017374121965
331 5.182784558290458
332 5.181743932456526
333 5.181197603513191
334 5.181197603513191
335 5.181197603513191
336 5.205684825868486
337 5.205684825868486
338 5.205684825868486
339 5.205684825868486
340 5.205684825868486
341 5.205684825868486
342 5.205684825868486
343 5.205684825868486
344 5.205684825868486
345 5.273790126060033
346 5.263672164434066
347 5.263672164434066
348 5.318241428606048
349 5.300400045991035
350 5.298920715476058
351 5.298920715476058
352 5.416552086178624
353 5.543038064082433
354 5.543038064082433
355 5.6964269960684115
356 5.680146418982059
357 5.680146418982059
358 5.662483835949418
359 5.662483835949418
360 5.920219957139547
361 5.920219957139547
362 5.920219957139547
363 5.928626205224054
364 5.915237332880281
365 5.909425975645369
366 5.978824635276353
367 6.631687325393691
368 6.631687325393691
369 6.610576869249562
370 6.738494506720941
371 6.793787526794362
372 6.779091684637884
373 6.779091684637884
374 6.748684427573129
375 6.725457078262125
376 6.725346318014897
377 6.7016137203166375
378 6.678040058758866
379 6.678040058758866
380 6.678040058758866
381 6.678040058758866
382 6.678040058758866
383 6.678040058758866
384 6.678040058758866
385 6.653372576257129
386 6.653372576257129
387 6.63658652237077
388 6.63658652237077
389 6.624793851397267
390 6.6132107031713465
391 6.581398444091335
392 6.754697773939116
393 6.74465796709928
394 6.718743950931892
395 6.707272392622405
396 6.696748647269691
397 6.696748647269691
398 6.786620612495271
399 6.786620612495271
400 6.77136933019322
401 6.735635191507537
402 6.735635191507537
403 6.683859653759934
404 6.657685942629176
405 6.6566660292934445
406 6.63052784733622
407 6.63052784733622
408 6.6504719083085355
409 6.6224997630760125
410 6.63050805882795
411 6.687323272109457
412 6.663232114032768
413 6.6358718577781195
414 6.6358718577781195
415 6.607132495289608
416 6.561557850508037
417 6.7102743373072355
418 6.7102743373072355
419 6.7102743373072355
420 6.7102743373072355
421 6.7102743373072355
422 6.662905824559386
423 6.673155438082835
424 6.638137387921478
425 6.779055148204463
426 6.779055148204463
427 6.779055148204463
428 6.779055148204463
429 6.779055148204463
430 6.730064824969301
431 6.722816090203564
432 6.722816090203564
433 6.700800395605663
434 6.664495892404836
435 6.658201729642459
436 6.658201729642459
437 6.619285298979793
438 6.619285298979793
439 6.619285298979793
440 6.581315549080845
441 6.581315549080845
442 6.581315549080845
443 6.581315549080845
444 6.513878048877921
445 6.448751100988578
446 6.4446914563453666
447 6.442471982818415
448 6.4347231920748476
449 6.393674854598675
450 6.452806625675302
451 6.411578376448056
452 6.397073132168617
453 6.716926024244795
454 6.714035062339046
455 6.714035062339046
456 6.714035062339046
457 6.67859012999467
458 6.67859012999467
459 6.66933557741394
460 6.66933557741394
461 6.66933557741394
462 6.627652703869964
463 6.595072493117447
464 6.595072493117447
465 6.546370490412481
466 6.52064067830455
467 6.52064067830455
468 6.52064067830455
469 6.52064067830455
470 6.48879137644507
471 6.48879137644507
472 6.48879137644507
473 6.48879137644507
474 6.48879137644507
475 6.48879137644507
476 6.48879137644507
477 6.48879137644507
478 6.48879137644507
479 6.485479269790768
480 6.485479269790768
481 6.485479269790768
482 6.485479269790768
483 6.485479269790768
484 6.485479269790768
485 6.485479269790768
486 6.485479269790768
487 6.485479269790768
488 6.485479269790768
489 6.485479269790768
490 6.485479269790768
491 6.460730353304622
492 6.460730353304622
493 6.460730353304622
494 6.460730353304622
495 6.460730353304622
496 6.460730353304622
497 6.425298673443619
498 6.396261396662403
499 6.3621075742534385
