0 0.7333333333333333
1 0.7333333333333333
2 0.8666666666666667
3 0.9333333333333333
4 1.1333333333333333
5 1.2666666666666666
6 1.4
7 1.4
8 1.4
9 1.6
10 1.7333333333333334
11 1.7333333333333334
12 1.7333333333333334
13 1.7333333333333334
14 2.0
15 2.066666666666667
16 2.2333333333333334
17 2.2333333333333334
18 2.3333333333333335
19 2.433333333333333
20 2.433333333333333
21 2.433333333333333
22 2.566666666666667
23 2.6
24 2.6
25 2.6
26 2.6
27 2.6
28 3.433333333333333
29 3.433333333333333
30 3.433333333333333
31 3.433333333333333
32 3.433333333333333
33 3.433333333333333
34 3.433333333333333
35 3.433333333333333
36 3.433333333333333
37 3.433333333333333
38 3.433333333333333
39 3.433333333333333
40 3.433333333333333
41 3.466666666666667
42 3.6
43 3.6
44 3.6
45 3.6
46 3.8666666666666667
47 3.8666666666666667
48 3.8666666666666667
49 3.8666666666666667
50 3.8666666666666667
51 3.9
52 3.9
53 3.9
54 3.9
55 4.0
56 4.0
57 4.0
58 4.0
59 4.0
60 4.0
61 4.166666666666667
62 4.166666666666667
63 4.166666666666667
64 4.166666666666667
65 4.166666666666667
66 4.166666666666667
67 4.166666666666667
68 4.166666666666667
69 4.166666666666667
70 4.166666666666667
71 4.166666666666667
72 4.166666666666667
73 4.166666666666667
74 4.166666666666667
75 4.166666666666667
76 4.166666666666667
77 4.166666666666667
78 4.166666666666667
79 4.166666666666667
80 4.166666666666667
81 4.166666666666667
82 4.166666666666667
83 4.166666666666667
84 4.166666666666667
85 4.166666666666667
86 4.166666666666667
87 4.166666666666667
88 4.166666666666667
89 4.166666666666667
90 4.166666666666667
91 4.166666666666667
92 4.166666666666667
93 4.166666666666667
94 4.166666666666667
95 4.166666666666667
96 4.166666666666667
97 4.166666666666667
98 4.166666666666667
99 4.166666666666667
100 4.166666666666667
101 4.166666666666667
102 4.166666666666667
103 4.166666666666667
104 4.166666666666667
105 4.166666666666667
106 4.166666666666667
107 4.166666666666667
108 4.166666666666667
109 4.166666666666667
110 4.166666666666667
111 4.166666666666667
112 4.2
113 4.2
114 4.2
115 4.3
116 4.3
117 4.3
118 4.3
119 4.3
120 4.3
121 4.3
122 4.3
123 4.3
124 4.3
125 4.3
126 4.3
127 4.3
128 4.3
129 4.333333333333333
130 4.333333333333333
131 4.333333333333333
132 4.333333333333333
133 4.333333333333333
134 4.333333333333333
135 4.333333333333333
136 4.333333333333333
137 4.333333333333333
138 4.333333333333333
139 4.333333333333333
140 4.333333333333333
141 4.333333333333333
142 4.333333333333333
143 4.333333333333333
144 4.466666666666667
145 4.466666666666667
146 4.466666666666667
147 4.466666666666667
148 4.566666666666666
149 4.566666666666666
150 4.566666666666666
151 4.566666666666666
152 4.566666666666666
153 4.566666666666666
154 4.566666666666666
155 4.566666666666666
156 4.566666666666666
157 4.566666666666666
158 4.566666666666666
159 4.7
160 4.7
161 4.7
162 4.7
163 4.7
164 4.7
165 4.7
166 4.7
167 4.7
168 4.7
169 4.7
170 4.7
171 4.7
172 4.7
173 4.7
174 4.7
175 4.7
176 4.7
177 4.7
178 4.7
179 4.7
180 4.7
181 4.7
182 4.7
183 4.7
184 4.7
185 4.7
186 4.7
187 4.7
188 4.7
189 4.7
190 4.7
191 4.7
192 4.7
193 4.7
194 4.7
195 4.7
196 4.733333333333333
197 4.733333333333333
198 4.733333333333333
199 4.733333333333333
200 4.733333333333333
201 4.733333333333333
202 4.733333333333333
203 4.733333333333333
204 4.733333333333333
205 4.733333333333333
206 4.733333333333333
207 4.733333333333333
208 4.733333333333333
209 4.733333333333333
210 4.733333333333333
211 4.733333333333333
212 4.733333333333333
213 4.733333333333333
214 4.733333333333333
215 4.733333333333333
216 4.733333333333333
217 4.733333333333333
218 4.733333333333333
219 4.733333333333333
220 4.733333333333333
221 4.733333333333333
222 4.733333333333333
223 4.733333333333333
224 4.733333333333333
225 4.733333333333333
226 4.733333333333333
227 4.733333333333333
228 4.8
229 4.8
230 4.8
231 4.8
232 4.8
233 4.8
234 4.8
235 4.8
236 4.8
237 4.8
238 4.8
239 4.8
240 4.8
241 4.8
242 4.8
243 4.8
244 4.8
245 4.8
246 4.8
247 4.8
248 4.8
249 4.8
250 4.8
251 4.8
252 4.8
253 4.8
254 4.8
255 4.8
256 4.8
257 4.8
258 4.8
259 4.8
260 4.8
261 4.8
262 4.8
263 4.8
264 4.8
265 4.8
266 4.8
267 4.8
268 4.8
269 4.8
270 4.8
271 4.8
272 4.8
273 4.8
274 4.8
275 4.8
276 4.8
277 4.8
278 4.8
279 4.8
280 4.8
281 4.8
282 4.8
283 4.8
284 4.8
285 4.8
286 4.8
287 4.8
288 4.8
289 4.8
290 4.8
291 4.8
292 4.8
293 4.8
294 4.8
295 4.8
296 4.8
297 4.8
298 4.8
299 4.8
300 4.8
301 4.8
302 4.8
303 4.8
304 4.8
305 4.8
306 4.8
307 4.8
308 4.8
309 4.8
310 4.8
311 4.8
312 4.8
313 4.8
314 4.8
315 4.8
316 4.8
317 4.8
318 4.8
319 4.8
320 4.8
321 4.8
322 4.8
323 4.8
324 4.8
325 4.8
326 4.8
327 4.8
328 4.833333333333333
329 4.833333333333333
330 4.833333333333333
331 4.833333333333333
332 4.833333333333333
333 4.833333333333333
334 4.833333333333333
335 4.833333333333333
336 4.833333333333333
337 4.833333333333333
338 4.833333333333333
339 4.833333333333333
340 4.833333333333333
341 4.833333333333333
342 4.833333333333333
343 4.833333333333333
344 4.833333333333333
345 4.833333333333333
346 4.833333333333333
347 4.833333333333333
348 4.833333333333333
349 4.833333333333333
350 4.833333333333333
351 4.833333333333333
352 4.833333333333333
353 4.833333333333333
354 4.833333333333333
355 4.833333333333333
356 4.833333333333333
357 4.833333333333333
358 4.833333333333333
359 4.833333333333333
360 4.833333333333333
361 4.833333333333333
362 4.833333333333333
363 4.833333333333333
364 4.833333333333333
365 4.833333333333333
366 4.833333333333333
367 4.833333333333333
368 4.833333333333333
369 4.833333333333333
370 4.833333333333333
371 4.833333333333333
372 4.833333333333333
373 4.833333333333333
374 4.833333333333333
375 4.833333333333333
376 4.833333333333333
377 4.833333333333333
378 4.833333333333333
379 4.833333333333333
380 4.833333333333333
381 4.833333333333333
382 4.833333333333333
383 4.833333333333333
384 4.833333333333333
385 4.833333333333333
386 4.833333333333333
387 4.833333333333333
388 4.833333333333333
389 4.833333333333333
390 4.833333333333333
391 4.833333333333333
392 4.866666666666666
393 4.866666666666666
394 4.866666666666666
395 4.866666666666666
396 4.866666666666666
397 4.866666666666666
398 4.866666666666666
399 4.866666666666666
400 4.866666666666666
401 4.866666666666666
402 4.866666666666666
403 4.866666666666666
404 4.866666666666666
405 4.866666666666666
406 4.866666666666666
407 4.866666666666666
408 4.866666666666666
409 4.866666666666666
410 4.866666666666666
411 4.966666666666667
412 4.966666666666667
413 4.966666666666667
414 4.966666666666667
415 4.966666666666667
416 4.966666666666667
417 4.966666666666667
418 4.966666666666667
419 4.966666666666667
420 4.966666666666667
421 4.966666666666667
422 4.966666666666667
423 4.966666666666667
424 4.966666666666667
425 4.966666666666667
426 4.966666666666667
427 4.966666666666667
428 4.966666666666667
429 4.966666666666667
430 4.966666666666667
431 4.966666666666667
432 4.966666666666667
433 4.966666666666667
434 4.966666666666667
435 4.966666666666667
436 4.966666666666667
437 4.966666666666667
438 4.966666666666667
439 4.966666666666667
440 4.966666666666667
441 4.966666666666667
442 4.966666666666667
443 4.966666666666667
444 4.966666666666667
445 4.966666666666667
446 4.966666666666667
447 4.966666666666667
448 4.966666666666667
449 4.966666666666667
450 4.966666666666667
451 4.966666666666667
452 4.966666666666667
453 4.966666666666667
454 4.966666666666667
455 4.966666666666667
456 4.966666666666667
457 4.966666666666667
458 4.966666666666667
459 4.966666666666667
460 4.966666666666667
461 4.966666666666667
462 4.966666666666667
463 4.966666666666667
464 4.966666666666667
465 4.966666666666667
466 4.966666666666667
467 4.966666666666667
468 4.966666666666667
469 4.966666666666667
470 4.966666666666667
471 4.966666666666667
472 4.966666666666667
473 4.966666666666667
474 4.966666666666667
475 4.966666666666667
476 4.966666666666667
477 4.966666666666667
478 4.966666666666667
479 4.966666666666667
480 4.966666666666667
481 4.966666666666667
482 4.966666666666667
483 4.966666666666667
484 4.966666666666667
485 4.966666666666667
486 4.966666666666667
487 4.966666666666667
488 4.966666666666667
489 4.966666666666667
490 4.966666666666667
491 4.966666666666667
492 4.966666666666667
493 4.966666666666667
494 4.966666666666667
495 4.966666666666667
496 4.966666666666667
497 4.966666666666667
498 4.966666666666667
499 4.966666666666667
500 4.966666666666667
501 4.966666666666667
502 4.966666666666667
503 4.966666666666667
504 4.966666666666667
505 4.966666666666667
506 4.966666666666667
507 4.966666666666667
508 4.966666666666667
509 4.966666666666667
510 5.0
511 5.0
512 5.0
513 5.0
514 5.0
515 5.0
516 5.0
517 5.0
518 5.0
519 5.0
520 5.0
521 5.0
522 5.033333333333333
523 5.033333333333333
524 5.033333333333333
525 5.033333333333333
526 5.033333333333333
527 5.033333333333333
528 5.033333333333333
529 5.033333333333333
530 5.033333333333333
531 5.033333333333333
532 5.033333333333333
533 5.033333333333333
534 5.033333333333333
535 5.033333333333333
536 5.033333333333333
537 5.033333333333333
538 5.033333333333333
539 5.033333333333333
540 5.033333333333333
541 5.033333333333333
542 5.033333333333333
543 5.033333333333333
544 5.033333333333333
545 5.033333333333333
546 5.033333333333333
547 5.033333333333333
548 5.033333333333333
549 5.033333333333333
550 5.033333333333333
551 5.033333333333333
552 5.033333333333333
553 5.033333333333333
554 5.033333333333333
555 5.033333333333333
556 5.033333333333333
557 5.033333333333333
558 5.033333333333333
559 5.033333333333333
560 5.033333333333333
561 5.033333333333333
562 5.033333333333333
563 5.033333333333333
564 5.033333333333333
565 5.033333333333333
566 5.033333333333333
567 5.033333333333333
568 5.033333333333333
569 5.033333333333333
570 5.033333333333333
571 5.033333333333333
572 5.033333333333333
573 5.033333333333333
574 5.033333333333333
575 5.033333333333333
576 5.033333333333333
577 5.033333333333333
578 5.033333333333333
579 5.033333333333333
580 5.033333333333333
581 5.033333333333333
582 5.033333333333333
583 5.033333333333333
584 5.033333333333333
585 5.033333333333333
586 5.033333333333333
587 5.033333333333333
588 5.033333333333333
589 5.033333333333333
590 5.033333333333333
591 5.033333333333333
592 5.033333333333333
593 5.033333333333333
594 5.066666666666666
595 5.066666666666666
596 5.066666666666666
597 5.066666666666666
598 5.066666666666666
599 5.066666666666666
600 5.066666666666666
601 5.066666666666666
602 5.066666666666666
603 5.066666666666666
604 5.066666666666666
605 5.066666666666666
606 5.066666666666666
607 5.066666666666666
608 5.066666666666666
609 5.066666666666666
610 5.066666666666666
611 5.066666666666666
612 5.066666666666666
613 5.066666666666666
614 5.066666666666666
615 5.066666666666666
616 5.066666666666666
617 5.066666666666666
618 5.066666666666666
619 5.066666666666666
620 5.066666666666666
621 5.066666666666666
622 5.066666666666666
623 5.066666666666666
624 5.066666666666666
625 5.066666666666666
626 5.066666666666666
627 5.066666666666666
628 5.066666666666666
629 5.066666666666666
630 5.066666666666666
631 5.066666666666666
632 5.066666666666666
633 5.133333333333334
634 5.133333333333334
635 5.133333333333334
636 5.133333333333334
637 5.133333333333334
638 5.133333333333334
639 5.133333333333334
640 5.133333333333334
641 5.133333333333334
642 5.133333333333334
643 5.133333333333334
644 5.133333333333334
645 5.133333333333334
646 5.133333333333334
647 5.133333333333334
648 5.133333333333334
649 5.133333333333334
650 5.133333333333334
651 5.133333333333334
652 5.133333333333334
653 5.133333333333334
654 5.133333333333334
655 5.133333333333334
656 5.133333333333334
657 5.133333333333334
658 5.133333333333334
659 5.133333333333334
660 5.133333333333334
661 5.133333333333334
662 5.133333333333334
663 5.133333333333334
664 5.133333333333334
665 5.133333333333334
666 5.133333333333334
667 5.133333333333334
668 5.133333333333334
669 5.133333333333334
670 5.133333333333334
671 5.133333333333334
672 5.133333333333334
673 5.133333333333334
674 5.133333333333334
675 5.133333333333334
676 5.133333333333334
677 5.133333333333334
678 5.133333333333334
679 5.133333333333334
680 5.133333333333334
681 5.133333333333334
682 5.133333333333334
683 5.133333333333334
684 5.133333333333334
685 5.133333333333334
686 5.133333333333334
687 5.133333333333334
688 5.133333333333334
689 5.133333333333334
690 5.133333333333334
691 5.133333333333334
692 5.133333333333334
693 5.133333333333334
694 5.133333333333334
695 5.133333333333334
696 5.133333333333334
697 5.133333333333334
698 5.133333333333334
699 5.133333333333334
700 5.133333333333334
701 5.133333333333334
702 5.133333333333334
703 5.133333333333334
704 5.133333333333334
705 5.133333333333334
706 5.133333333333334
707 5.133333333333334
708 5.133333333333334
709 5.133333333333334
710 5.133333333333334
711 5.133333333333334
712 5.133333333333334
713 5.133333333333334
714 5.133333333333334
715 5.133333333333334
716 5.133333333333334
717 5.133333333333334
718 5.133333333333334
719 5.133333333333334
720 5.133333333333334
721 5.133333333333334
722 5.133333333333334
723 5.133333333333334
724 5.133333333333334
725 5.133333333333334
726 5.133333333333334
727 5.133333333333334
728 5.133333333333334
729 5.133333333333334
730 5.3
731 5.3
732 5.3
733 5.3
734 5.3
735 5.3
736 5.3
737 5.3
738 5.3
739 5.3
740 5.3
741 5.3
742 5.3
743 5.3
744 5.3
745 5.3
746 5.3
747 5.3
748 5.3
749 5.3
750 5.3
751 5.3
752 5.3
753 5.3
754 5.3
755 5.3
756 5.3
757 5.3
758 5.3
759 5.3
760 5.3
761 5.3
762 5.3
763 5.3
764 5.3
765 5.3
766 5.3
767 5.3
768 5.3
769 5.3
770 5.3
771 5.3
772 5.3
773 5.3
774 5.3
775 5.3
776 5.3
777 5.3
778 5.3
779 5.3
780 5.3
781 5.3
782 5.3
783 5.3
784 5.3
785 5.3
786 5.3
787 5.3
788 5.3
789 5.3
790 5.3
791 5.3
792 5.3
793 5.3
794 5.3
795 5.3
796 5.3
797 5.3
798 5.3
799 5.3
800 5.3
801 5.3
802 5.3
803 5.3
804 5.3
805 5.3
806 5.3
807 5.3
808 5.3
809 5.3
810 5.3
811 5.3
812 5.3
813 5.3
814 5.3
815 5.3
816 5.3
817 5.3
818 5.3
819 5.3
820 5.3
821 5.3
822 5.3
823 5.3
824 5.3
825 5.3
826 5.3
827 5.3
828 5.3
829 5.3
830 5.3
831 5.3
832 5.3
833 5.3
834 5.3
835 5.3
836 5.3
837 5.3
838 5.3
839 5.3
840 5.3
841 5.3
842 5.3
843 5.3
844 5.3
845 5.3
846 5.3
847 5.3
848 5.3
849 5.3
850 5.3
851 5.3
852 5.3
853 5.3
854 5.3
855 5.3
856 5.3
857 5.3
858 5.3
859 5.3
860 5.3
861 5.3
862 5.3
863 5.3
864 5.3
865 5.3
866 5.3
867 5.3
868 5.3
869 5.3
870 5.3
871 5.3
872 5.3
873 5.3
874 5.3
875 5.3
876 5.3
877 5.3
878 5.3
879 5.3
880 5.3
881 5.3
882 5.3
883 5.3
884 5.3
885 5.3
886 5.3
887 5.3
888 5.3
889 5.3
890 5.3
891 5.3
892 5.3
893 5.3
894 5.3
895 5.3
896 5.3
897 5.3
898 5.3
899 5.3
900 5.3
901 5.3
902 5.3
903 5.3
904 5.333333333333333
905 5.333333333333333
906 5.333333333333333
907 5.333333333333333
908 5.333333333333333
909 5.333333333333333
910 5.333333333333333
911 5.333333333333333
912 5.333333333333333
913 5.333333333333333
914 5.333333333333333
915 5.333333333333333
916 5.333333333333333
917 5.333333333333333
918 5.333333333333333
919 5.333333333333333
920 5.333333333333333
921 5.333333333333333
922 5.333333333333333
923 5.333333333333333
924 5.333333333333333
925 5.333333333333333
926 5.333333333333333
927 5.333333333333333
928 5.333333333333333
929 5.333333333333333
930 5.333333333333333
931 5.333333333333333
932 5.333333333333333
933 5.333333333333333
934 5.333333333333333
935 5.333333333333333
936 5.333333333333333
937 5.333333333333333
938 5.333333333333333
939 5.333333333333333
940 5.333333333333333
941 5.333333333333333
942 5.333333333333333
943 5.333333333333333
944 5.333333333333333
945 5.333333333333333
946 5.333333333333333
947 5.333333333333333
948 5.333333333333333
949 5.333333333333333
950 5.333333333333333
951 5.333333333333333
952 5.333333333333333
953 5.333333333333333
954 5.333333333333333
955 5.333333333333333
956 5.333333333333333
957 5.333333333333333
958 5.333333333333333
959 5.333333333333333
960 5.333333333333333
961 5.333333333333333
962 5.333333333333333
963 5.333333333333333
964 5.333333333333333
965 5.333333333333333
966 5.333333333333333
967 5.333333333333333
968 5.333333333333333
969 5.333333333333333
970 5.333333333333333
971 5.333333333333333
972 5.333333333333333
973 5.333333333333333
974 5.333333333333333
975 5.333333333333333
976 5.333333333333333
977 5.333333333333333
978 5.333333333333333
979 5.333333333333333
980 5.333333333333333
981 5.333333333333333
982 5.333333333333333
983 5.333333333333333
984 5.333333333333333
985 5.333333333333333
986 5.333333333333333
987 5.333333333333333
988 5.333333333333333
989 5.333333333333333
990 5.333333333333333
991 5.333333333333333
992 5.333333333333333
993 5.333333333333333
994 5.333333333333333
995 5.333333333333333
996 5.333333333333333
997 5.333333333333333
998 5.333333333333333
999 5.333333333333333
1000 5.333333333333333
1001 5.333333333333333
1002 5.333333333333333
1003 5.333333333333333
1004 5.333333333333333
1005 5.333333333333333
1006 5.333333333333333
1007 5.333333333333333
1008 5.333333333333333
1009 5.333333333333333
1010 5.333333333333333
1011 5.333333333333333
1012 5.333333333333333
1013 5.333333333333333
1014 5.333333333333333
1015 5.333333333333333
1016 5.333333333333333
1017 5.333333333333333
1018 5.333333333333333
1019 5.333333333333333
1020 5.333333333333333
1021 5.333333333333333
1022 5.333333333333333
1023 5.333333333333333
1024 5.333333333333333
1025 5.333333333333333
1026 5.333333333333333
1027 5.333333333333333
1028 5.333333333333333
1029 5.333333333333333
1030 5.333333333333333
1031 5.333333333333333
1032 5.333333333333333
1033 5.333333333333333
1034 5.333333333333333
1035 5.333333333333333
1036 5.333333333333333
1037 5.333333333333333
1038 5.333333333333333
1039 5.333333333333333
1040 5.333333333333333
1041 5.333333333333333
1042 5.333333333333333
1043 5.333333333333333
1044 5.333333333333333
1045 5.333333333333333
1046 5.333333333333333
1047 5.333333333333333
1048 5.333333333333333
1049 5.333333333333333
1050 5.333333333333333
1051 5.333333333333333
1052 5.333333333333333
1053 5.333333333333333
1054 5.333333333333333
1055 5.333333333333333
1056 5.333333333333333
1057 5.333333333333333
1058 5.333333333333333
1059 5.333333333333333
1060 5.333333333333333
1061 5.333333333333333
1062 5.333333333333333
1063 5.333333333333333
1064 5.333333333333333
1065 5.333333333333333
1066 5.333333333333333
1067 5.333333333333333
1068 5.333333333333333
1069 5.333333333333333
1070 5.333333333333333
1071 5.333333333333333
1072 5.333333333333333
1073 5.333333333333333
1074 5.333333333333333
1075 5.333333333333333
1076 5.333333333333333
1077 5.333333333333333
1078 5.333333333333333
1079 5.333333333333333
1080 5.333333333333333
1081 5.333333333333333
1082 5.333333333333333
1083 5.333333333333333
1084 5.333333333333333
1085 5.333333333333333
1086 5.333333333333333
1087 5.333333333333333
1088 5.333333333333333
1089 5.333333333333333
1090 5.333333333333333
1091 5.333333333333333
1092 5.333333333333333
1093 5.333333333333333
1094 5.333333333333333
1095 5.333333333333333
1096 5.333333333333333
1097 5.333333333333333
1098 5.333333333333333
1099 5.333333333333333
1100 5.333333333333333
1101 5.333333333333333
1102 5.333333333333333
1103 5.333333333333333
1104 5.333333333333333
1105 5.333333333333333
1106 5.333333333333333
1107 5.333333333333333
1108 5.333333333333333
1109 5.333333333333333
1110 5.333333333333333
1111 5.333333333333333
1112 5.333333333333333
1113 5.333333333333333
1114 5.333333333333333
1115 5.333333333333333
1116 5.333333333333333
1117 5.333333333333333
1118 5.333333333333333
1119 5.333333333333333
1120 5.333333333333333
1121 5.333333333333333
1122 5.333333333333333
1123 5.333333333333333
1124 5.333333333333333
1125 5.333333333333333
1126 5.333333333333333
1127 5.333333333333333
1128 5.333333333333333
1129 5.333333333333333
1130 5.333333333333333
1131 5.333333333333333
1132 5.333333333333333
1133 5.333333333333333
1134 5.333333333333333
1135 5.333333333333333
1136 5.333333333333333
1137 5.333333333333333
1138 5.333333333333333
1139 5.333333333333333
1140 5.333333333333333
1141 5.333333333333333
1142 5.333333333333333
1143 5.333333333333333
1144 5.333333333333333
1145 5.333333333333333
1146 5.333333333333333
1147 5.333333333333333
1148 5.333333333333333
1149 5.333333333333333
1150 5.333333333333333
1151 5.333333333333333
1152 5.333333333333333
1153 5.333333333333333
1154 5.333333333333333
1155 5.333333333333333
1156 5.333333333333333
1157 5.333333333333333
1158 5.333333333333333
1159 5.333333333333333
1160 5.333333333333333
1161 5.333333333333333
1162 5.333333333333333
1163 5.333333333333333
1164 5.333333333333333
1165 5.333333333333333
1166 5.333333333333333
1167 5.333333333333333
1168 5.333333333333333
1169 5.333333333333333
1170 5.333333333333333
1171 5.333333333333333
1172 5.333333333333333
1173 5.333333333333333
1174 5.333333333333333
1175 5.333333333333333
1176 5.333333333333333
1177 5.333333333333333
1178 5.333333333333333
1179 5.333333333333333
1180 5.333333333333333
1181 5.333333333333333
1182 5.333333333333333
1183 5.333333333333333
1184 5.333333333333333
1185 5.333333333333333
1186 5.333333333333333
1187 5.333333333333333
1188 5.333333333333333
1189 5.333333333333333
1190 5.333333333333333
1191 5.333333333333333
1192 5.333333333333333
1193 5.333333333333333
1194 5.333333333333333
1195 5.333333333333333
1196 5.333333333333333
1197 5.333333333333333
1198 5.333333333333333
1199 5.333333333333333
1200 5.333333333333333
1201 5.333333333333333
1202 5.333333333333333
1203 5.333333333333333
1204 5.333333333333333
1205 5.333333333333333
1206 5.333333333333333
1207 5.333333333333333
1208 5.333333333333333
1209 5.333333333333333
1210 5.333333333333333
1211 5.333333333333333
1212 5.333333333333333
1213 5.333333333333333
1214 5.333333333333333
1215 5.333333333333333
1216 5.333333333333333
1217 5.333333333333333
1218 5.333333333333333
1219 5.333333333333333
1220 5.333333333333333
1221 5.333333333333333
1222 5.333333333333333
1223 5.333333333333333
1224 5.333333333333333
1225 5.333333333333333
1226 5.333333333333333
1227 5.333333333333333
1228 5.333333333333333
1229 5.333333333333333
1230 5.333333333333333
1231 5.333333333333333
1232 5.333333333333333
1233 5.333333333333333
1234 5.333333333333333
1235 5.333333333333333
1236 5.333333333333333
1237 5.333333333333333
1238 5.333333333333333
1239 5.333333333333333
1240 5.333333333333333
1241 5.333333333333333
1242 5.333333333333333
1243 5.333333333333333
1244 5.333333333333333
1245 5.333333333333333
1246 5.333333333333333
1247 5.333333333333333
1248 5.333333333333333
1249 5.333333333333333
1250 5.333333333333333
1251 5.333333333333333
1252 5.333333333333333
1253 5.333333333333333
1254 5.333333333333333
1255 5.333333333333333
1256 5.333333333333333
1257 5.333333333333333
1258 5.333333333333333
1259 5.333333333333333
1260 5.333333333333333
1261 5.333333333333333
1262 5.333333333333333
1263 5.333333333333333
1264 5.333333333333333
1265 5.333333333333333
1266 5.333333333333333
1267 5.333333333333333
1268 5.333333333333333
1269 5.333333333333333
1270 5.333333333333333
1271 5.333333333333333
1272 5.333333333333333
1273 5.333333333333333
1274 5.333333333333333
1275 5.333333333333333
1276 5.333333333333333
1277 5.333333333333333
1278 5.333333333333333
1279 5.333333333333333
1280 5.333333333333333
1281 5.333333333333333
1282 5.333333333333333
1283 5.333333333333333
1284 5.333333333333333
1285 5.333333333333333
1286 5.333333333333333
1287 5.333333333333333
1288 5.333333333333333
1289 5.333333333333333
1290 5.333333333333333
1291 5.333333333333333
1292 5.333333333333333
1293 5.333333333333333
1294 5.333333333333333
1295 5.333333333333333
1296 5.333333333333333
1297 5.333333333333333
1298 5.333333333333333
1299 5.333333333333333
1300 5.333333333333333
1301 5.333333333333333
1302 5.333333333333333
1303 5.333333333333333
1304 5.333333333333333
1305 5.333333333333333
1306 5.333333333333333
1307 5.333333333333333
1308 5.333333333333333
1309 5.333333333333333
1310 5.333333333333333
1311 5.333333333333333
1312 5.333333333333333
1313 5.333333333333333
1314 5.333333333333333
1315 5.333333333333333
1316 5.333333333333333
1317 5.333333333333333
1318 5.333333333333333
1319 5.333333333333333
1320 5.333333333333333
1321 5.333333333333333
1322 5.333333333333333
1323 5.333333333333333
1324 5.333333333333333
1325 5.333333333333333
1326 5.333333333333333
1327 5.333333333333333
1328 5.333333333333333
1329 5.333333333333333
1330 5.333333333333333
1331 5.333333333333333
1332 5.333333333333333
1333 5.333333333333333
1334 5.333333333333333
1335 5.333333333333333
1336 5.333333333333333
1337 5.333333333333333
1338 5.333333333333333
1339 5.333333333333333
1340 5.333333333333333
1341 5.333333333333333
1342 5.333333333333333
1343 5.333333333333333
1344 5.333333333333333
1345 5.333333333333333
1346 5.333333333333333
1347 5.333333333333333
1348 5.333333333333333
1349 5.333333333333333
1350 5.333333333333333
1351 5.333333333333333
1352 5.333333333333333
1353 5.333333333333333
1354 5.333333333333333
1355 5.333333333333333
1356 5.333333333333333
1357 5.333333333333333
1358 5.333333333333333
1359 5.333333333333333
1360 5.333333333333333
1361 5.333333333333333
1362 5.333333333333333
1363 5.333333333333333
1364 5.333333333333333
1365 5.333333333333333
1366 5.333333333333333
1367 5.333333333333333
1368 5.333333333333333
1369 5.333333333333333
1370 5.333333333333333
1371 5.333333333333333
1372 5.333333333333333
1373 5.333333333333333
1374 5.333333333333333
1375 5.333333333333333
1376 5.333333333333333
1377 5.333333333333333
1378 5.333333333333333
1379 5.333333333333333
1380 5.333333333333333
1381 5.333333333333333
1382 5.333333333333333
1383 5.333333333333333
1384 5.333333333333333
1385 5.333333333333333
1386 5.333333333333333
1387 5.333333333333333
1388 5.333333333333333
1389 5.333333333333333
1390 5.333333333333333
1391 5.333333333333333
1392 5.333333333333333
1393 5.333333333333333
1394 5.333333333333333
1395 5.333333333333333
1396 5.333333333333333
1397 5.333333333333333
1398 5.333333333333333
1399 5.333333333333333
1400 5.333333333333333
1401 5.333333333333333
1402 5.333333333333333
1403 5.333333333333333
1404 5.333333333333333
1405 5.333333333333333
1406 5.333333333333333
1407 5.333333333333333
1408 5.333333333333333
1409 5.333333333333333
1410 5.366666666666666
1411 5.366666666666666
1412 5.366666666666666
1413 5.366666666666666
1414 5.366666666666666
1415 5.366666666666666
1416 5.366666666666666
1417 5.366666666666666
1418 5.366666666666666
1419 5.366666666666666
1420 5.366666666666666
1421 5.366666666666666
1422 5.366666666666666
1423 5.366666666666666
1424 5.366666666666666
1425 5.366666666666666
1426 5.366666666666666
1427 5.366666666666666
1428 5.366666666666666
1429 5.366666666666666
1430 5.366666666666666
1431 5.366666666666666
1432 5.366666666666666
1433 5.366666666666666
1434 5.366666666666666
1435 5.366666666666666
1436 5.366666666666666
1437 5.366666666666666
1438 5.366666666666666
1439 5.366666666666666
1440 5.366666666666666
1441 5.366666666666666
1442 5.366666666666666
1443 5.366666666666666
1444 5.366666666666666
1445 5.366666666666666
1446 5.366666666666666
1447 5.366666666666666
1448 5.366666666666666
1449 5.366666666666666
1450 5.366666666666666
1451 5.366666666666666
1452 5.366666666666666
1453 5.366666666666666
1454 5.366666666666666
1455 5.366666666666666
1456 5.366666666666666
1457 5.366666666666666
1458 5.366666666666666
1459 5.366666666666666
1460 5.366666666666666
1461 5.366666666666666
1462 5.366666666666666
1463 5.366666666666666
1464 5.366666666666666
1465 5.366666666666666
1466 5.366666666666666
1467 5.366666666666666
1468 5.366666666666666
1469 5.366666666666666
1470 5.366666666666666
1471 5.366666666666666
1472 5.366666666666666
1473 5.366666666666666
1474 5.366666666666666
1475 5.366666666666666
1476 5.366666666666666
1477 5.366666666666666
1478 5.366666666666666
1479 5.366666666666666
1480 5.366666666666666
1481 5.366666666666666
1482 5.366666666666666
1483 5.366666666666666
1484 5.366666666666666
1485 5.366666666666666
1486 5.366666666666666
1487 5.366666666666666
1488 5.366666666666666
1489 5.366666666666666
1490 5.366666666666666
1491 5.366666666666666
1492 5.366666666666666
1493 5.366666666666666
1494 5.366666666666666
1495 5.366666666666666
1496 5.366666666666666
1497 5.366666666666666
1498 5.366666666666666
1499 5.366666666666666
