0 0.0
1 0.0
2 0.1
3 0.16666666666666666
4 0.16666666666666666
5 0.16666666666666666
6 0.16666666666666666
7 0.16666666666666666
8 0.7666666666666667
9 0.7666666666666667
10 0.7666666666666667
11 0.7666666666666667
12 0.7666666666666667
13 0.7666666666666667
14 0.7666666666666667
15 0.9
16 0.9
17 0.9666666666666667
18 1.1666666666666667
19 1.1666666666666667
20 1.3333333333333333
21 1.3333333333333333
22 1.3333333333333333
23 1.6
24 1.6
25 1.6
26 1.6
27 1.6
28 1.6
29 1.6
30 1.6
31 1.6
32 1.6
33 1.6
34 1.6
35 1.6
36 1.6
37 1.6
38 1.6
39 1.6
40 1.6
41 1.6
42 1.6
43 1.6
44 1.6
45 1.6
46 1.6
47 1.6
48 1.6
49 1.6
50 1.6
51 1.6
52 1.6
53 1.6666666666666667
54 1.6666666666666667
55 1.6666666666666667
56 1.6666666666666667
57 1.6666666666666667
58 1.6666666666666667
59 1.6666666666666667
60 1.6666666666666667
61 1.6666666666666667
62 1.6666666666666667
63 1.6666666666666667
64 1.6666666666666667
65 1.6666666666666667
66 1.6666666666666667
67 1.6666666666666667
68 1.6666666666666667
69 1.6666666666666667
70 1.6666666666666667
71 1.6666666666666667
72 1.6666666666666667
73 1.6666666666666667
74 1.6666666666666667
75 1.6666666666666667
76 1.6666666666666667
77 1.6666666666666667
78 1.6666666666666667
79 1.6666666666666667
80 1.6666666666666667
81 1.6666666666666667
82 1.6666666666666667
83 1.6666666666666667
84 1.6666666666666667
85 1.6666666666666667
86 1.7333333333333334
87 1.7333333333333334
88 1.7333333333333334
89 1.7333333333333334
90 1.7333333333333334
91 1.7333333333333334
92 1.7333333333333334
93 1.7333333333333334
94 1.7333333333333334
95 1.7333333333333334
96 1.7333333333333334
97 1.7333333333333334
98 1.7333333333333334
99 1.7333333333333334
100 1.7333333333333334
101 1.7333333333333334
102 1.7333333333333334
103 1.7333333333333334
104 1.7333333333333334
105 1.7333333333333334
106 1.7333333333333334
107 1.7333333333333334
108 1.7333333333333334
109 1.7333333333333334
110 1.7333333333333334
111 1.7333333333333334
112 1.7333333333333334
113 1.7333333333333334
114 1.7333333333333334
115 1.7333333333333334
116 1.7333333333333334
117 1.7333333333333334
118 1.7333333333333334
119 1.7333333333333334
120 1.7333333333333334
121 1.7333333333333334
122 1.7333333333333334
123 1.7333333333333334
124 1.7333333333333334
125 1.7333333333333334
126 1.7333333333333334
127 1.7333333333333334
128 1.7333333333333334
129 1.7333333333333334
130 1.7333333333333334
131 1.7333333333333334
132 1.7333333333333334
133 1.7333333333333334
134 1.7333333333333334
135 1.7333333333333334
136 1.7333333333333334
137 1.7333333333333334
138 1.7333333333333334
139 1.7333333333333334
140 1.7333333333333334
141 1.7333333333333334
142 1.7333333333333334
143 1.7333333333333334
144 1.7333333333333334
145 1.7333333333333334
146 1.7333333333333334
147 1.7333333333333334
148 1.7333333333333334
149 1.7333333333333334
150 1.7333333333333334
151 1.7333333333333334
152 1.7333333333333334
153 1.7333333333333334
154 1.7333333333333334
155 1.7333333333333334
156 1.7333333333333334
157 1.7333333333333334
158 1.7333333333333334
159 1.7333333333333334
160 1.7333333333333334
161 1.7333333333333334
162 1.7333333333333334
163 1.7333333333333334
164 1.7333333333333334
165 1.7333333333333334
166 1.7333333333333334
167 1.7333333333333334
168 1.7333333333333334
169 1.7333333333333334
170 1.7333333333333334
171 1.7333333333333334
172 1.7333333333333334
173 1.7333333333333334
174 1.7333333333333334
175 1.7333333333333334
176 1.7333333333333334
177 1.7333333333333334
178 1.7333333333333334
179 1.7333333333333334
180 1.7333333333333334
181 1.7333333333333334
182 1.7333333333333334
183 1.7333333333333334
184 1.7333333333333334
185 1.7333333333333334
186 1.7333333333333334
187 1.7333333333333334
188 1.7333333333333334
189 1.7333333333333334
190 1.7333333333333334
191 1.7333333333333334
192 1.7333333333333334
193 1.7333333333333334
194 1.7333333333333334
195 1.7333333333333334
196 1.7333333333333334
197 1.7333333333333334
198 1.7333333333333334
199 1.7333333333333334
200 1.7333333333333334
201 1.7333333333333334
202 1.7333333333333334
203 1.7333333333333334
204 1.7333333333333334
205 1.8
206 1.8
207 1.8
208 1.8
209 1.8
210 1.8
211 1.8
212 1.8
213 1.8
214 1.8
215 1.8
216 1.8
217 1.8
218 1.8
219 1.8
220 1.8
221 1.8
222 1.8
223 1.8
224 1.8
225 1.8
226 1.8
227 1.8
228 1.8
229 1.8
230 1.8
231 1.8
232 1.8
233 1.8
234 1.8
235 1.8
236 1.8
237 1.8
238 1.8
239 1.8
240 1.8
241 1.8
242 1.8
243 1.8
244 1.8
245 1.8
246 1.8
247 1.8
248 1.8
249 1.8
250 1.8
251 1.8
252 1.8
253 1.8
254 1.8
255 1.8
256 1.8
257 1.8
258 1.8
259 1.8
260 1.8
261 1.8
262 1.8
263 1.8
264 1.8
265 1.8
266 1.8
267 1.8
268 1.8
269 1.8
270 1.8
271 1.8
272 1.8
273 1.8
274 1.8
275 1.8
276 1.8
277 1.8
278 1.8
279 1.8
280 1.8
281 1.8
282 1.8
283 1.8
284 1.8
285 1.8
286 1.8
287 1.8
288 1.8
289 1.8
290 1.8
291 1.8
292 1.8
293 1.8
294 1.8
295 1.8
296 1.8
297 1.8
298 1.8
299 1.8
300 1.8
301 1.8
302 1.8
303 1.8
304 1.8
305 1.8
306 1.8
307 1.8
308 1.8
309 1.8
310 1.8
311 1.8
312 1.8
313 1.8
314 1.8
315 1.8
316 1.8
317 1.8
318 1.8
319 1.8
320 1.8
321 1.8
322 1.8
323 1.8
324 1.8
325 1.8
326 1.8
327 1.8
328 1.8
329 1.8
330 1.8
331 1.8
332 1.8
333 1.8
334 1.8
335 1.8
336 1.8
337 1.8
338 1.8
339 1.8
340 1.8
341 1.8
342 1.8
343 1.8
344 1.8
345 1.8
346 1.8
347 1.8
348 1.8
349 1.8
350 1.8
351 1.8
352 1.9
353 1.9
354 1.9
355 1.9
356 1.9
357 1.9
358 1.9
359 1.9
360 1.9
361 1.9
362 1.9
363 1.9
364 1.9
365 1.9
366 1.9
367 1.9
368 1.9
369 1.9
370 1.9
371 1.9
372 1.9
373 1.9
374 1.9
375 1.9
376 1.9
377 1.9
378 1.9
379 1.9
380 1.9
381 1.9
382 1.9
383 1.9
384 1.9
385 1.9
386 1.9
387 1.9
388 1.9
389 1.9
390 1.9
391 1.9
392 1.9
393 1.9
394 1.9
395 1.9
396 1.9
397 1.9
398 1.9
399 1.9
400 1.9
401 1.9
402 1.9
403 1.9
404 1.9
405 1.9
406 1.9
407 1.9
408 1.9
409 1.9
410 1.9
411 1.9
412 1.9
413 1.9
414 1.9
415 1.9
416 1.9
417 1.9
418 1.9
419 1.9
420 1.9
421 1.9
422 1.9
423 1.9
424 1.9
425 1.9
426 1.9
427 1.9
428 1.9
429 1.9
430 1.9
431 1.9
432 1.9
433 1.9
434 1.9
435 1.9
436 1.9
437 1.9
438 1.9
439 1.9
440 1.9
441 1.9
442 1.9
443 1.9
444 1.9
445 1.9
446 1.9
447 1.9
448 1.9
449 1.9
450 1.9
451 1.9
452 1.9
453 1.9
454 1.9
455 1.9
456 1.9
457 1.9
458 1.9
459 1.9
460 1.9
461 1.9
462 1.9
463 1.9
464 1.9
465 1.9
466 1.9
467 1.9
468 1.9
469 1.9
470 1.9
471 1.9
472 1.9
473 1.9
474 1.9
475 1.9
476 1.9
477 1.9
478 1.9
479 1.9
480 1.9
481 1.9
482 1.9
483 1.9
484 1.9
485 1.9
486 1.9
487 1.9
488 1.9
489 1.9
490 1.9
491 1.9
492 1.9
493 1.9
494 1.9
495 1.9
496 1.9
497 1.9
498 1.9
499 1.9
500 1.9
501 1.9
502 1.9
503 1.9
504 1.9
505 1.9
506 1.9
507 1.9
508 1.9
509 1.9
510 1.9
511 1.9
512 1.9
513 1.9
514 1.9
515 1.9
516 1.9
517 1.9
518 1.9
519 1.9
520 1.9
521 1.9
522 1.9
523 1.9
524 1.9
525 1.9
526 1.9
527 1.9
528 1.9
529 1.9
530 1.9
531 1.9
532 1.9
533 1.9
534 1.9
535 1.9
536 1.9
537 1.9
538 1.9
539 1.9
540 1.9666666666666666
541 1.9666666666666666
542 1.9666666666666666
543 1.9666666666666666
544 1.9666666666666666
545 1.9666666666666666
546 1.9666666666666666
547 1.9666666666666666
548 1.9666666666666666
549 1.9666666666666666
550 1.9666666666666666
551 1.9666666666666666
552 1.9666666666666666
553 1.9666666666666666
554 1.9666666666666666
555 1.9666666666666666
556 1.9666666666666666
557 1.9666666666666666
558 1.9666666666666666
559 1.9666666666666666
560 1.9666666666666666
561 1.9666666666666666
562 1.9666666666666666
563 1.9666666666666666
564 1.9666666666666666
565 1.9666666666666666
566 1.9666666666666666
567 1.9666666666666666
568 1.9666666666666666
569 1.9666666666666666
570 1.9666666666666666
571 1.9666666666666666
572 1.9666666666666666
573 1.9666666666666666
574 1.9666666666666666
575 1.9666666666666666
576 1.9666666666666666
577 1.9666666666666666
578 1.9666666666666666
579 1.9666666666666666
580 1.9666666666666666
581 1.9666666666666666
582 1.9666666666666666
583 1.9666666666666666
584 1.9666666666666666
585 1.9666666666666666
586 1.9666666666666666
587 1.9666666666666666
588 1.9666666666666666
589 1.9666666666666666
590 1.9666666666666666
591 1.9666666666666666
592 1.9666666666666666
593 1.9666666666666666
594 1.9666666666666666
595 1.9666666666666666
596 1.9666666666666666
597 1.9666666666666666
598 1.9666666666666666
599 1.9666666666666666
600 1.9666666666666666
601 1.9666666666666666
602 1.9666666666666666
603 1.9666666666666666
604 1.9666666666666666
605 1.9666666666666666
606 1.9666666666666666
607 1.9666666666666666
608 1.9666666666666666
609 1.9666666666666666
610 1.9666666666666666
611 1.9666666666666666
612 1.9666666666666666
613 1.9666666666666666
614 1.9666666666666666
615 1.9666666666666666
616 1.9666666666666666
617 1.9666666666666666
618 1.9666666666666666
619 1.9666666666666666
620 1.9666666666666666
621 1.9666666666666666
622 1.9666666666666666
623 1.9666666666666666
624 1.9666666666666666
625 1.9666666666666666
626 1.9666666666666666
627 1.9666666666666666
628 1.9666666666666666
629 1.9666666666666666
630 1.9666666666666666
631 1.9666666666666666
632 1.9666666666666666
633 1.9666666666666666
634 1.9666666666666666
635 1.9666666666666666
636 1.9666666666666666
637 1.9666666666666666
638 1.9666666666666666
639 1.9666666666666666
640 1.9666666666666666
641 1.9666666666666666
642 1.9666666666666666
643 1.9666666666666666
644 1.9666666666666666
645 1.9666666666666666
646 1.9666666666666666
647 1.9666666666666666
648 1.9666666666666666
649 1.9666666666666666
650 1.9666666666666666
651 1.9666666666666666
652 1.9666666666666666
653 1.9666666666666666
654 1.9666666666666666
655 1.9666666666666666
656 2.033333333333333
657 2.033333333333333
658 2.033333333333333
659 2.033333333333333
660 2.033333333333333
661 2.033333333333333
662 2.033333333333333
663 2.033333333333333
664 2.033333333333333
665 2.033333333333333
666 2.033333333333333
667 2.033333333333333
668 2.033333333333333
669 2.033333333333333
670 2.033333333333333
671 2.033333333333333
672 2.033333333333333
673 2.033333333333333
674 2.033333333333333
675 2.033333333333333
676 2.033333333333333
677 2.033333333333333
678 2.033333333333333
679 2.033333333333333
680 2.033333333333333
681 2.033333333333333
682 2.033333333333333
683 2.033333333333333
684 2.033333333333333
685 2.033333333333333
686 2.033333333333333
687 2.033333333333333
688 2.033333333333333
689 2.033333333333333
690 2.033333333333333
691 2.033333333333333
692 2.033333333333333
693 2.033333333333333
694 2.033333333333333
695 2.033333333333333
696 2.033333333333333
697 2.033333333333333
698 2.033333333333333
699 2.033333333333333
700 2.033333333333333
701 2.033333333333333
702 2.033333333333333
703 2.033333333333333
704 2.033333333333333
705 2.033333333333333
706 2.033333333333333
707 2.033333333333333
708 2.033333333333333
709 2.033333333333333
710 2.033333333333333
711 2.033333333333333
712 2.033333333333333
713 2.033333333333333
714 2.033333333333333
715 2.033333333333333
716 2.033333333333333
717 2.033333333333333
718 2.033333333333333
719 2.033333333333333
720 2.033333333333333
721 2.033333333333333
722 2.033333333333333
723 2.033333333333333
724 2.033333333333333
725 2.033333333333333
726 2.033333333333333
727 2.033333333333333
728 2.033333333333333
729 2.033333333333333
730 2.033333333333333
731 2.033333333333333
732 2.033333333333333
733 2.033333333333333
734 2.033333333333333
735 2.033333333333333
736 2.033333333333333
737 2.033333333333333
738 2.033333333333333
739 2.033333333333333
740 2.033333333333333
741 2.033333333333333
742 2.033333333333333
743 2.033333333333333
744 2.033333333333333
745 2.033333333333333
746 2.033333333333333
747 2.033333333333333
748 2.033333333333333
749 2.033333333333333
750 2.033333333333333
751 2.033333333333333
752 2.033333333333333
753 2.033333333333333
754 2.033333333333333
755 2.033333333333333
756 2.033333333333333
757 2.033333333333333
758 2.033333333333333
759 2.033333333333333
760 2.033333333333333
761 2.033333333333333
762 2.033333333333333
763 2.033333333333333
764 2.033333333333333
765 2.033333333333333
766 2.033333333333333
767 2.033333333333333
768 2.033333333333333
769 2.033333333333333
770 2.033333333333333
771 2.033333333333333
772 2.033333333333333
773 2.033333333333333
774 2.033333333333333
775 2.033333333333333
776 2.033333333333333
777 2.033333333333333
778 2.033333333333333
779 2.033333333333333
780 2.033333333333333
781 2.033333333333333
782 2.033333333333333
783 2.033333333333333
784 2.033333333333333
785 2.033333333333333
786 2.033333333333333
787 2.033333333333333
788 2.033333333333333
789 2.033333333333333
790 2.033333333333333
791 2.033333333333333
792 2.033333333333333
793 2.033333333333333
794 2.033333333333333
795 2.033333333333333
796 2.033333333333333
797 2.033333333333333
798 2.033333333333333
799 2.033333333333333
800 2.033333333333333
801 2.033333333333333
802 2.033333333333333
803 2.033333333333333
804 2.033333333333333
805 2.033333333333333
806 2.033333333333333
807 2.033333333333333
808 2.033333333333333
809 2.033333333333333
810 2.033333333333333
811 2.033333333333333
812 2.033333333333333
813 2.033333333333333
814 2.033333333333333
815 2.033333333333333
816 2.033333333333333
817 2.033333333333333
818 2.033333333333333
819 2.033333333333333
820 2.033333333333333
821 2.033333333333333
822 2.033333333333333
823 2.033333333333333
824 2.033333333333333
825 2.033333333333333
826 2.033333333333333
827 2.033333333333333
828 2.033333333333333
829 2.033333333333333
830 2.033333333333333
831 2.033333333333333
832 2.033333333333333
833 2.033333333333333
834 2.033333333333333
835 2.033333333333333
836 2.033333333333333
837 2.033333333333333
838 2.033333333333333
839 2.033333333333333
840 2.033333333333333
841 2.033333333333333
842 2.033333333333333
843 2.033333333333333
844 2.033333333333333
845 2.033333333333333
846 2.033333333333333
847 2.033333333333333
848 2.033333333333333
849 2.033333333333333
850 2.033333333333333
851 2.033333333333333
852 2.033333333333333
853 2.033333333333333
854 2.033333333333333
855 2.033333333333333
856 2.033333333333333
857 2.033333333333333
858 2.033333333333333
859 2.033333333333333
860 2.033333333333333
861 2.033333333333333
862 2.033333333333333
863 2.033333333333333
864 2.033333333333333
865 2.033333333333333
866 2.033333333333333
867 2.033333333333333
868 2.033333333333333
869 2.033333333333333
870 2.033333333333333
871 2.033333333333333
872 2.033333333333333
873 2.033333333333333
874 2.033333333333333
875 2.033333333333333
876 2.033333333333333
877 2.033333333333333
878 2.033333333333333
879 2.033333333333333
880 2.033333333333333
881 2.033333333333333
882 2.033333333333333
883 2.033333333333333
884 2.033333333333333
885 2.033333333333333
886 2.033333333333333
887 2.033333333333333
888 2.033333333333333
889 2.033333333333333
890 2.033333333333333
891 2.033333333333333
892 2.033333333333333
893 2.033333333333333
894 2.033333333333333
895 2.033333333333333
896 2.033333333333333
897 2.033333333333333
898 2.033333333333333
899 2.033333333333333
900 2.033333333333333
901 2.033333333333333
902 2.033333333333333
903 2.033333333333333
904 2.033333333333333
905 2.033333333333333
906 2.033333333333333
907 2.033333333333333
908 2.033333333333333
909 2.033333333333333
910 2.033333333333333
911 2.033333333333333
912 2.033333333333333
913 2.033333333333333
914 2.033333333333333
915 2.033333333333333
916 2.033333333333333
917 2.033333333333333
918 2.033333333333333
919 2.033333333333333
920 2.033333333333333
921 2.033333333333333
922 2.033333333333333
923 2.033333333333333
924 2.033333333333333
925 2.033333333333333
926 2.033333333333333
927 2.033333333333333
928 2.033333333333333
929 2.033333333333333
930 2.033333333333333
931 2.033333333333333
932 2.033333333333333
933 2.033333333333333
934 2.033333333333333
935 2.033333333333333
936 2.033333333333333
937 2.033333333333333
938 2.033333333333333
939 2.033333333333333
940 2.033333333333333
941 2.033333333333333
942 2.033333333333333
943 2.033333333333333
944 2.033333333333333
945 2.033333333333333
946 2.033333333333333
947 2.033333333333333
948 2.033333333333333
949 2.033333333333333
950 2.033333333333333
951 2.033333333333333
952 2.033333333333333
953 2.033333333333333
954 2.033333333333333
955 2.033333333333333
956 2.033333333333333
957 2.033333333333333
958 2.033333333333333
959 2.033333333333333
960 2.033333333333333
961 2.033333333333333
962 2.033333333333333
963 2.033333333333333
964 2.033333333333333
965 2.033333333333333
966 2.033333333333333
967 2.033333333333333
968 2.033333333333333
969 2.033333333333333
970 2.033333333333333
971 2.033333333333333
972 2.033333333333333
973 2.033333333333333
974 2.033333333333333
975 2.033333333333333
976 2.033333333333333
977 2.033333333333333
978 2.033333333333333
979 2.033333333333333
980 2.033333333333333
981 2.033333333333333
982 2.033333333333333
983 2.033333333333333
984 2.033333333333333
985 2.033333333333333
986 2.033333333333333
987 2.033333333333333
988 2.033333333333333
989 2.033333333333333
990 2.033333333333333
991 2.033333333333333
992 2.033333333333333
993 2.033333333333333
994 2.033333333333333
995 2.033333333333333
996 2.033333333333333
997 2.033333333333333
998 2.033333333333333
999 2.033333333333333
1000 2.033333333333333
1001 2.033333333333333
1002 2.033333333333333
1003 2.033333333333333
1004 2.033333333333333
1005 2.033333333333333
1006 2.033333333333333
1007 2.033333333333333
1008 2.033333333333333
1009 2.033333333333333
1010 2.033333333333333
1011 2.033333333333333
1012 2.033333333333333
1013 2.033333333333333
1014 2.033333333333333
1015 2.033333333333333
1016 2.033333333333333
1017 2.033333333333333
1018 2.033333333333333
1019 2.033333333333333
1020 2.033333333333333
1021 2.033333333333333
1022 2.033333333333333
1023 2.033333333333333
1024 2.033333333333333
1025 2.033333333333333
1026 2.033333333333333
1027 2.033333333333333
1028 2.033333333333333
1029 2.033333333333333
1030 2.033333333333333
1031 2.033333333333333
1032 2.033333333333333
1033 2.033333333333333
1034 2.033333333333333
1035 2.033333333333333
1036 2.033333333333333
1037 2.033333333333333
1038 2.033333333333333
1039 2.033333333333333
1040 2.033333333333333
1041 2.033333333333333
1042 2.033333333333333
1043 2.033333333333333
1044 2.033333333333333
1045 2.033333333333333
1046 2.033333333333333
1047 2.033333333333333
1048 2.033333333333333
1049 2.033333333333333
1050 2.033333333333333
1051 2.033333333333333
1052 2.033333333333333
1053 2.033333333333333
1054 2.033333333333333
1055 2.033333333333333
1056 2.033333333333333
1057 2.033333333333333
1058 2.033333333333333
1059 2.033333333333333
1060 2.033333333333333
1061 2.033333333333333
1062 2.033333333333333
1063 2.033333333333333
1064 2.033333333333333
1065 2.033333333333333
1066 2.033333333333333
1067 2.033333333333333
1068 2.033333333333333
1069 2.033333333333333
1070 2.033333333333333
1071 2.033333333333333
1072 2.033333333333333
1073 2.033333333333333
1074 2.033333333333333
1075 2.033333333333333
1076 2.033333333333333
1077 2.033333333333333
1078 2.033333333333333
1079 2.033333333333333
1080 2.033333333333333
1081 2.033333333333333
1082 2.033333333333333
1083 2.033333333333333
1084 2.033333333333333
1085 2.033333333333333
1086 2.033333333333333
1087 2.033333333333333
1088 2.033333333333333
1089 2.033333333333333
1090 2.033333333333333
1091 2.033333333333333
1092 2.033333333333333
1093 2.033333333333333
1094 2.033333333333333
1095 2.033333333333333
1096 2.033333333333333
1097 2.033333333333333
1098 2.033333333333333
1099 2.033333333333333
1100 2.033333333333333
1101 2.033333333333333
1102 2.033333333333333
1103 2.033333333333333
1104 2.033333333333333
1105 2.033333333333333
1106 2.033333333333333
1107 2.033333333333333
1108 2.033333333333333
1109 2.033333333333333
1110 2.033333333333333
1111 2.033333333333333
1112 2.033333333333333
1113 2.033333333333333
1114 2.033333333333333
1115 2.033333333333333
1116 2.033333333333333
1117 2.033333333333333
1118 2.033333333333333
1119 2.033333333333333
1120 2.033333333333333
1121 2.033333333333333
1122 2.033333333333333
1123 2.033333333333333
1124 2.033333333333333
1125 2.033333333333333
1126 2.033333333333333
1127 2.033333333333333
1128 2.033333333333333
1129 2.033333333333333
1130 2.033333333333333
1131 2.033333333333333
1132 2.033333333333333
1133 2.033333333333333
1134 2.033333333333333
1135 2.033333333333333
1136 2.033333333333333
1137 2.033333333333333
1138 2.033333333333333
1139 2.033333333333333
1140 2.033333333333333
1141 2.033333333333333
1142 2.033333333333333
1143 2.033333333333333
1144 2.033333333333333
1145 2.033333333333333
1146 2.033333333333333
1147 2.033333333333333
1148 2.033333333333333
1149 2.033333333333333
1150 2.033333333333333
1151 2.033333333333333
1152 2.033333333333333
1153 2.033333333333333
1154 2.033333333333333
1155 2.033333333333333
1156 2.033333333333333
1157 2.033333333333333
1158 2.033333333333333
1159 2.033333333333333
1160 2.033333333333333
1161 2.033333333333333
1162 2.033333333333333
1163 2.033333333333333
1164 2.033333333333333
1165 2.033333333333333
1166 2.033333333333333
1167 2.033333333333333
1168 2.033333333333333
1169 2.033333333333333
1170 2.033333333333333
1171 2.033333333333333
1172 2.033333333333333
1173 2.033333333333333
1174 2.033333333333333
1175 2.033333333333333
1176 2.033333333333333
1177 2.033333333333333
1178 2.033333333333333
1179 2.033333333333333
1180 2.033333333333333
1181 2.033333333333333
1182 2.033333333333333
1183 2.033333333333333
1184 2.033333333333333
1185 2.033333333333333
1186 2.033333333333333
1187 2.033333333333333
1188 2.033333333333333
1189 2.033333333333333
1190 2.033333333333333
1191 2.033333333333333
1192 2.033333333333333
1193 2.033333333333333
1194 2.033333333333333
1195 2.033333333333333
1196 2.033333333333333
1197 2.033333333333333
1198 2.033333333333333
1199 2.033333333333333
1200 2.033333333333333
1201 2.033333333333333
1202 2.033333333333333
1203 2.033333333333333
1204 2.033333333333333
1205 2.033333333333333
1206 2.033333333333333
1207 2.033333333333333
1208 2.033333333333333
1209 2.033333333333333
1210 2.033333333333333
1211 2.033333333333333
1212 2.033333333333333
1213 2.033333333333333
1214 2.033333333333333
1215 2.033333333333333
1216 2.033333333333333
1217 2.033333333333333
1218 2.033333333333333
1219 2.033333333333333
1220 2.033333333333333
1221 2.033333333333333
1222 2.033333333333333
1223 2.033333333333333
1224 2.033333333333333
1225 2.033333333333333
1226 2.033333333333333
1227 2.033333333333333
1228 2.033333333333333
1229 2.033333333333333
1230 2.033333333333333
1231 2.033333333333333
1232 2.033333333333333
1233 2.033333333333333
1234 2.033333333333333
1235 2.033333333333333
1236 2.033333333333333
1237 2.033333333333333
1238 2.033333333333333
1239 2.033333333333333
1240 2.033333333333333
1241 2.033333333333333
1242 2.033333333333333
1243 2.033333333333333
1244 2.033333333333333
1245 2.033333333333333
1246 2.033333333333333
1247 2.033333333333333
1248 2.033333333333333
1249 2.033333333333333
1250 2.033333333333333
1251 2.033333333333333
1252 2.033333333333333
1253 2.033333333333333
1254 2.033333333333333
1255 2.033333333333333
1256 2.033333333333333
1257 2.033333333333333
1258 2.033333333333333
1259 2.033333333333333
1260 2.033333333333333
1261 2.033333333333333
1262 2.033333333333333
1263 2.033333333333333
1264 2.033333333333333
1265 2.033333333333333
1266 2.033333333333333
1267 2.033333333333333
1268 2.033333333333333
1269 2.033333333333333
1270 2.033333333333333
1271 2.033333333333333
1272 2.033333333333333
1273 2.033333333333333
1274 2.033333333333333
1275 2.033333333333333
1276 2.033333333333333
1277 2.033333333333333
1278 2.033333333333333
1279 2.033333333333333
1280 2.033333333333333
1281 2.033333333333333
1282 2.033333333333333
1283 2.033333333333333
1284 2.033333333333333
1285 2.033333333333333
1286 2.033333333333333
1287 2.033333333333333
1288 2.033333333333333
1289 2.033333333333333
1290 2.033333333333333
1291 2.033333333333333
1292 2.033333333333333
1293 2.033333333333333
1294 2.033333333333333
1295 2.033333333333333
1296 2.033333333333333
1297 2.033333333333333
1298 2.033333333333333
1299 2.033333333333333
1300 2.033333333333333
1301 2.033333333333333
1302 2.033333333333333
1303 2.033333333333333
1304 2.033333333333333
1305 2.033333333333333
1306 2.033333333333333
1307 2.033333333333333
1308 2.033333333333333
1309 2.033333333333333
1310 2.033333333333333
1311 2.033333333333333
1312 2.033333333333333
1313 2.033333333333333
1314 2.033333333333333
1315 2.033333333333333
1316 2.033333333333333
1317 2.033333333333333
1318 2.033333333333333
1319 2.033333333333333
1320 2.033333333333333
1321 2.033333333333333
1322 2.033333333333333
1323 2.033333333333333
1324 2.033333333333333
1325 2.033333333333333
1326 2.033333333333333
1327 2.033333333333333
1328 2.033333333333333
1329 2.033333333333333
1330 2.033333333333333
1331 2.033333333333333
1332 2.033333333333333
1333 2.033333333333333
1334 2.033333333333333
1335 2.033333333333333
1336 2.033333333333333
1337 2.033333333333333
1338 2.033333333333333
1339 2.033333333333333
1340 2.033333333333333
1341 2.033333333333333
1342 2.033333333333333
1343 2.033333333333333
1344 2.033333333333333
1345 2.033333333333333
1346 2.033333333333333
1347 2.033333333333333
1348 2.033333333333333
1349 2.033333333333333
1350 2.033333333333333
1351 2.033333333333333
1352 2.033333333333333
1353 2.033333333333333
1354 2.033333333333333
1355 2.033333333333333
1356 2.033333333333333
1357 2.033333333333333
1358 2.033333333333333
1359 2.033333333333333
1360 2.033333333333333
1361 2.033333333333333
1362 2.033333333333333
1363 2.033333333333333
1364 2.033333333333333
1365 2.033333333333333
1366 2.033333333333333
1367 2.033333333333333
1368 2.033333333333333
1369 2.033333333333333
1370 2.033333333333333
1371 2.033333333333333
1372 2.033333333333333
1373 2.033333333333333
1374 2.033333333333333
1375 2.033333333333333
1376 2.033333333333333
1377 2.033333333333333
1378 2.033333333333333
1379 2.033333333333333
1380 2.033333333333333
1381 2.033333333333333
1382 2.033333333333333
1383 2.033333333333333
1384 2.033333333333333
1385 2.033333333333333
1386 2.033333333333333
1387 2.066666666666667
1388 2.066666666666667
1389 2.066666666666667
1390 2.066666666666667
1391 2.066666666666667
1392 2.066666666666667
1393 2.066666666666667
1394 2.066666666666667
1395 2.066666666666667
1396 2.066666666666667
1397 2.066666666666667
1398 2.066666666666667
1399 2.066666666666667
1400 2.066666666666667
1401 2.066666666666667
1402 2.066666666666667
1403 2.066666666666667
1404 2.066666666666667
1405 2.1333333333333333
1406 2.1333333333333333
1407 2.1333333333333333
1408 2.1333333333333333
1409 2.1333333333333333
1410 2.1333333333333333
1411 2.1333333333333333
1412 2.1333333333333333
1413 2.1333333333333333
1414 2.1333333333333333
1415 2.1333333333333333
1416 2.1333333333333333
1417 2.1333333333333333
1418 2.1333333333333333
1419 2.1333333333333333
1420 2.1333333333333333
1421 2.1333333333333333
1422 2.1333333333333333
1423 2.1333333333333333
1424 2.1333333333333333
1425 2.1333333333333333
1426 2.1333333333333333
1427 2.1333333333333333
1428 2.1333333333333333
1429 2.1333333333333333
1430 2.1333333333333333
1431 2.1333333333333333
1432 2.1333333333333333
1433 2.1333333333333333
1434 2.1333333333333333
1435 2.1333333333333333
1436 2.1333333333333333
1437 2.1333333333333333
1438 2.1333333333333333
1439 2.1333333333333333
1440 2.1333333333333333
1441 2.1333333333333333
1442 2.1333333333333333
1443 2.1333333333333333
1444 2.1333333333333333
1445 2.1333333333333333
1446 2.1333333333333333
1447 2.1333333333333333
1448 2.1333333333333333
1449 2.1333333333333333
1450 2.1333333333333333
1451 2.1333333333333333
1452 2.1333333333333333
1453 2.1333333333333333
1454 2.1333333333333333
1455 2.1333333333333333
1456 2.1333333333333333
1457 2.1333333333333333
1458 2.1333333333333333
1459 2.1333333333333333
1460 2.1333333333333333
1461 2.1333333333333333
1462 2.1333333333333333
1463 2.1333333333333333
1464 2.1333333333333333
1465 2.1333333333333333
1466 2.1333333333333333
1467 2.1333333333333333
1468 2.1333333333333333
1469 2.1333333333333333
1470 2.1333333333333333
1471 2.1333333333333333
1472 2.1333333333333333
1473 2.1333333333333333
1474 2.1333333333333333
1475 2.1333333333333333
1476 2.1333333333333333
1477 2.1333333333333333
1478 2.1333333333333333
1479 2.1333333333333333
1480 2.1333333333333333
1481 2.2
1482 2.2
1483 2.2
1484 2.2
1485 2.2
1486 2.2
1487 2.2
1488 2.2
1489 2.2
1490 2.2
1491 2.2
1492 2.2
1493 2.2
1494 2.2
1495 2.2
1496 2.2
1497 2.2
1498 2.2
1499 2.2
