0 0.005078125
1 0.40598958333333335
2 0.5420052083333333
3 0.6081510416666667
4 0.629609375
5 0.63875
6 0.6552604166666667
7 0.6715104166666667
8 0.6860677083333333
9 0.697578125
10 0.7098177083333334
11 0.7224739583333334
12 0.743125
13 0.7527864583333334
14 0.7661197916666667
15 0.7803125
16 0.7896614583333333
17 0.8020572916666666
18 0.8119270833333333
19 0.8198958333333334
20 0.8267447916666667
21 0.837578125
22 0.8510677083333333
23 0.8609635416666667
24 0.8702604166666666
25 0.885546875
26 0.898203125
27 0.9095833333333333
28 0.9231510416666666
29 0.92984375
30 0.9395833333333333
31 0.9451302083333334
32 0.955
33 0.9608333333333333
34 0.9680989583333334
35 0.9732291666666667
36 0.977890625
37 0.9826041666666666
38 0.9822135416666666
39 0.9808072916666667
40 0.9817447916666666
41 0.9855989583333333
42 0.9873697916666667
43 0.98703125
44 0.98671875
45 0.9865625
46 0.9861979166666667
47 0.9866145833333333
48 0.98609375
49 0.98578125
50 0.985625
51 0.9853125
52 0.98609375
53 0.9888802083333333
54 0.9885677083333333
55 0.9877864583333333
56 0.9875520833333333
57 0.9867708333333334
58 0.9863541666666666
59 0.9863541666666666
60 0.9879427083333333
61 0.9897135416666667
62 0.9906510416666666
63 0.9911197916666666
64 0.990859375
65 0.991015625
66 0.99109375
67 0.99171875
68 0.9917708333333334
69 0.99171875
70 0.9918229166666667
71 0.9918489583333333
72 0.9919010416666667
73 0.9920052083333334
74 0.9922135416666666
75 0.9919010416666667
76 0.9919010416666667
77 0.9915104166666666
78 0.9910416666666667
79 0.9907291666666667
80 0.9907291666666667
81 0.9905729166666667
82 0.9907291666666667
83 0.9907291666666667
84 0.9907291666666667
85 0.9907291666666667
86 0.99078125
87 0.9911197916666666
88 0.9919010416666667
89 0.9920052083333334
90 0.9920833333333333
91 0.9920833333333333
92 0.9922395833333333
93 0.9922395833333333
94 0.9922395833333333
95 0.9922916666666667
96 0.9924479166666667
97 0.99265625
98 0.99265625
99 0.99265625
100 0.99265625
101 0.99265625
102 0.99265625
103 0.9928125
104 0.993046875
105 0.9940364583333333
106 0.9940364583333333
107 0.9941927083333333
108 0.9942447916666667
109 0.9942447916666667
110 0.994296875
111 0.9945052083333333
112 0.9950260416666666
113 0.9958854166666666
114 0.9959895833333333
115 0.9959895833333333
116 0.9959895833333333
117 0.9967708333333334
118 0.9968489583333333
119 0.9970833333333333
120 0.9970833333333333
121 0.9970833333333333
122 0.9970833333333333
123 0.9970833333333333
124 0.997109375
125 0.9971875
126 0.9971875
127 0.9970833333333333
128 0.99703125
129 0.996953125
130 0.996953125
131 0.9969791666666666
132 0.9969791666666666
133 0.99703125
134 0.99703125
135 0.99703125
136 0.99703125
137 0.9974479166666667
138 0.9974479166666667
139 0.9974479166666667
140 0.9975
141 0.99765625
142 0.9977083333333333
143 0.997734375
144 0.997734375
145 0.997734375
146 0.997734375
147 0.997734375
148 0.9977604166666667
149 0.9977604166666667
150 0.9977604166666667
151 0.9978645833333334
152 0.9978645833333334
153 0.9979166666666667
154 0.99796875
155 0.99796875
156 0.99796875
157 0.997890625
158 0.997890625
159 0.9977604166666667
160 0.9977604166666667
161 0.9977604166666667
162 0.9977604166666667
163 0.9977604166666667
164 0.9977604166666667
165 0.9977604166666667
166 0.9977604166666667
167 0.9977604166666667
168 0.9977083333333333
169 0.9976041666666666
170 0.9975260416666667
171 0.9974739583333333
172 0.9974739583333333
173 0.997421875
174 0.9973697916666666
175 0.9973697916666666
176 0.99734375
177 0.99734375
178 0.9972916666666667
179 0.9972135416666666
180 0.9971614583333334
181 0.9971614583333334
182 0.9971614583333334
183 0.9971614583333334
184 0.9971614583333334
185 0.997109375
186 0.997109375
187 0.9970572916666667
188 0.9971614583333334
189 0.9972395833333333
190 0.9972395833333333
191 0.9973177083333333
192 0.9973177083333333
193 0.99734375
194 0.99734375
195 0.99734375
196 0.997421875
197 0.997421875
198 0.997421875
199 0.997421875
