0 0.0
1 0.0
2 0.0
3 0.0
4 0.0
5 0.0
6 0.0
7 0.0
8 0.0
9 0.0
10 0.0
11 0.0
12 0.0
13 0.0
14 0.0
15 0.0
16 0.0
17 0.0
18 0.0
19 0.0
20 0.0
21 0.0
22 0.0
23 0.0
24 0.0
25 0.0
26 0.0
27 0.0
28 0.0
29 0.0
30 0.0
31 0.0
32 0.0
33 0.0
34 0.0
35 0.0
36 0.0
37 0.0
38 0.0
39 0.0
40 0.0
41 0.0
42 0.0
43 0.0
44 0.0
45 0.0
46 0.0
47 0.0
48 0.0
49 0.0
50 0.0
51 0.0
52 0.0
53 0.0
54 0.0
55 0.0
56 0.0
57 0.0
58 0.0
59 0.03333333333333333
60 0.03333333333333333
61 0.03333333333333333
62 0.03333333333333333
63 0.03333333333333333
64 0.03333333333333333
65 0.03333333333333333
66 0.03333333333333333
67 0.03333333333333333
68 0.03333333333333333
69 0.06666666666666667
70 0.06666666666666667
71 0.06666666666666667
72 0.06666666666666667
73 0.06666666666666667
74 0.06666666666666667
75 0.13333333333333333
76 0.13333333333333333
77 0.13333333333333333
78 0.13333333333333333
79 0.13333333333333333
80 0.2
81 0.2
82 0.2
83 0.23333333333333334
84 0.23333333333333334
85 0.23333333333333334
86 0.23333333333333334
87 0.23333333333333334
88 0.23333333333333334
89 0.23333333333333334
90 0.23333333333333334
91 0.23333333333333334
92 0.26666666666666666
93 0.26666666666666666
94 0.26666666666666666
95 0.4
96 0.4
97 0.4
98 0.4
99 0.4
100 0.4
101 0.4
102 0.4
103 0.4
104 0.4
105 0.4
106 0.4
107 0.4
108 0.4
109 0.4
110 0.4
111 0.4
112 0.4
113 0.4
114 0.4
115 0.4
116 0.4
117 0.4
118 0.4
119 0.4
120 0.4
121 0.4
122 0.4
123 0.4
124 0.4
125 0.4
126 0.4
127 0.4
128 0.4
129 0.4
130 0.4
131 0.4
132 0.4
133 0.4666666666666667
134 0.4666666666666667
135 0.4666666666666667
136 0.4666666666666667
137 0.4666666666666667
138 0.4666666666666667
139 0.5333333333333333
140 0.5333333333333333
141 0.5333333333333333
142 0.5333333333333333
143 0.5333333333333333
144 0.5333333333333333
145 0.6
146 0.6
147 0.6
148 0.6
149 0.6
150 0.6
151 0.6
152 0.6
153 0.6
154 0.6
155 0.6
156 0.6
157 0.6
158 0.6
159 0.6
160 0.6
161 0.6
162 0.6
163 0.6
164 0.6
165 0.6
166 0.6
167 0.6
168 0.6
169 0.6
170 0.6
171 0.6
172 0.6
173 0.6
174 0.6
175 0.6
176 0.6
177 0.6
178 0.6
179 0.6
180 0.6
181 0.6
182 0.6
183 0.6
184 0.6
185 0.6
186 0.6
187 0.6
188 0.6
189 0.6
190 0.6
191 0.6
192 0.6
193 0.6
194 0.6
195 0.6
196 0.6
197 0.6
198 0.6
199 0.6
200 0.6
201 0.6
202 0.6
203 0.6
204 0.6
205 0.6
206 0.6
207 0.6
208 0.6
209 0.6
210 0.6
211 0.6
212 0.6
213 0.6
214 0.6
215 0.6
216 0.6
217 0.6
218 0.6
219 0.6
220 0.6
221 0.6
222 0.6
223 0.6
224 0.6
225 0.6
226 0.6
227 0.6
228 0.6
229 0.6
230 0.6
231 0.6
232 0.6
233 0.6
234 0.6
235 0.6
236 0.6
237 0.6
238 0.6
239 0.6
240 0.6
241 0.6
242 0.6
243 0.6
244 0.6
245 0.6
246 0.6
247 0.6
248 0.6
249 0.6
250 0.6
251 0.6
252 0.6
253 0.6
254 0.6
255 0.6
256 0.6
257 0.6
258 0.6
259 0.6
260 0.6
261 0.6
262 0.6
263 0.6
264 0.6
265 0.6
266 0.6
267 0.6
268 0.6
269 0.6
270 0.6
271 0.6
272 0.6
273 0.6
274 0.6
275 0.6
276 0.6
277 0.6
278 0.6
279 0.6
280 0.6
281 0.6
282 0.6
283 0.6
284 0.6
285 0.6
286 0.6
287 0.6
288 0.6
289 0.6
290 0.6
291 0.6
292 0.6
293 0.6
294 0.6
295 0.6
296 0.6
297 0.6
298 0.6
299 0.6
300 0.6
301 0.6
302 0.6
303 0.6
304 0.6
305 0.6
306 0.6
307 0.6
308 0.6
309 0.6
310 0.6
311 0.6
312 0.6
313 0.6
314 0.6
315 0.6
316 0.6
317 0.6
318 0.6
319 0.6
320 0.6
321 0.6
322 0.6
323 0.6
324 0.6
325 0.6
326 0.6
327 0.6
328 0.6
329 0.6
330 0.6
331 0.6
332 0.6
333 0.6
334 0.6
335 0.6
336 0.6
337 0.6
338 0.6
339 0.6
340 0.6
341 0.6
342 0.6
343 0.6
344 0.6
345 0.6
346 0.6
347 0.6
348 0.6
349 0.6
350 0.6
351 0.6
352 0.6
353 0.6
354 0.6
355 0.6
356 0.6
357 0.6
358 0.6666666666666666
359 0.6666666666666666
360 0.6666666666666666
361 0.6666666666666666
362 0.6666666666666666
363 0.6666666666666666
364 0.6666666666666666
365 0.6666666666666666
366 0.6666666666666666
367 0.6666666666666666
368 0.6666666666666666
369 0.6666666666666666
370 0.6666666666666666
371 0.6666666666666666
372 0.6666666666666666
373 0.6666666666666666
374 0.6666666666666666
375 0.6666666666666666
376 0.6666666666666666
377 0.6666666666666666
378 0.6666666666666666
379 0.6666666666666666
380 0.6666666666666666
381 0.6666666666666666
382 0.6666666666666666
383 0.6666666666666666
384 0.6666666666666666
385 0.6666666666666666
386 0.6666666666666666
387 0.6666666666666666
388 0.6666666666666666
389 0.6666666666666666
390 0.6666666666666666
391 0.6666666666666666
392 0.6666666666666666
393 0.6666666666666666
394 0.6666666666666666
395 0.6666666666666666
396 0.6666666666666666
397 0.6666666666666666
398 0.6666666666666666
399 0.6666666666666666
400 0.6666666666666666
401 0.6666666666666666
402 0.6666666666666666
403 0.6666666666666666
404 0.6666666666666666
405 0.6666666666666666
406 0.6666666666666666
407 0.6666666666666666
408 0.6666666666666666
409 0.6666666666666666
410 0.6666666666666666
411 0.6666666666666666
412 0.6666666666666666
413 0.6666666666666666
414 0.8
415 0.8
416 0.8
417 0.8
418 0.8
419 0.8
420 0.8
421 0.8
422 0.8
423 0.8
424 0.8
425 0.8
426 0.8
427 0.8
428 0.8
429 0.8
430 0.8
431 0.8
432 0.8
433 0.8
434 0.8
435 0.8
436 0.8
437 0.8
438 0.8
439 0.8
440 0.8
441 0.8
442 0.8
443 0.8
444 0.8
445 0.8
446 0.8
447 0.8
448 0.8
449 0.8
450 0.8
451 0.8
452 0.8
453 0.8
454 0.8
455 0.8
456 0.8
457 0.8
458 0.8
459 0.8
460 0.8
461 0.8
462 0.9
463 0.9
464 0.9
465 0.9
466 0.9
467 0.9
468 0.9
469 0.9
470 0.9
471 0.9
472 0.9
473 0.9
474 0.9
475 0.9
476 0.9
477 0.9
478 0.9
479 0.9
480 1.0
481 1.0
482 1.0
483 1.0
484 1.0
485 1.0
486 1.0333333333333334
487 1.0333333333333334
488 1.0333333333333334
489 1.0333333333333334
490 1.0333333333333334
491 1.0333333333333334
492 1.0333333333333334
493 1.0333333333333334
494 1.0333333333333334
495 1.0333333333333334
496 1.0333333333333334
497 1.0333333333333334
498 1.0333333333333334
499 1.0333333333333334
500 1.0333333333333334
501 1.0333333333333334
502 1.0333333333333334
503 1.0333333333333334
504 1.0333333333333334
505 1.0333333333333334
506 1.0333333333333334
507 1.0333333333333334
508 1.0333333333333334
509 1.0333333333333334
510 1.0333333333333334
511 1.0333333333333334
512 1.0333333333333334
513 1.1
514 1.1
515 1.1
516 1.1
517 1.1
518 1.1
519 1.1
520 1.1
521 1.1
522 1.1
523 1.1
524 1.1
525 1.1
526 1.1
527 1.1
528 1.1
529 1.1
530 1.1
531 1.1
532 1.1
533 1.1
534 1.1
535 1.1
536 1.1
537 1.1
538 1.1
539 1.1
540 1.1
541 1.1
542 1.1
543 1.1
544 1.1
545 1.1
546 1.1
547 1.1
548 1.1333333333333333
549 1.1333333333333333
550 1.1333333333333333
551 1.1333333333333333
552 1.1333333333333333
553 1.1333333333333333
554 1.1333333333333333
555 1.1333333333333333
556 1.1333333333333333
557 1.1333333333333333
558 1.1333333333333333
559 1.1333333333333333
560 1.1333333333333333
561 1.1666666666666667
562 1.1666666666666667
563 1.1666666666666667
564 1.1666666666666667
565 1.1666666666666667
566 1.1666666666666667
567 1.1666666666666667
568 1.1666666666666667
569 1.1666666666666667
570 1.1666666666666667
571 1.1666666666666667
572 1.1666666666666667
573 1.1666666666666667
574 1.1666666666666667
575 1.1666666666666667
576 1.1666666666666667
577 1.1666666666666667
578 1.1666666666666667
579 1.1666666666666667
580 1.1666666666666667
581 1.1666666666666667
582 1.1666666666666667
583 1.1666666666666667
584 1.1666666666666667
585 1.1666666666666667
586 1.1666666666666667
587 1.1666666666666667
588 1.1666666666666667
589 1.1666666666666667
590 1.1666666666666667
591 1.1666666666666667
592 1.1666666666666667
593 1.1666666666666667
594 1.1666666666666667
595 1.1666666666666667
596 1.1666666666666667
597 1.1666666666666667
598 1.1666666666666667
599 1.1666666666666667
600 1.1666666666666667
601 1.1666666666666667
602 1.1666666666666667
603 1.1666666666666667
604 1.1666666666666667
605 1.1666666666666667
606 1.1666666666666667
607 1.1666666666666667
608 1.1666666666666667
609 1.1666666666666667
610 1.1666666666666667
611 1.1666666666666667
612 1.1666666666666667
613 1.1666666666666667
614 1.1666666666666667
615 1.1666666666666667
616 1.1666666666666667
617 1.1666666666666667
618 1.1666666666666667
619 1.1666666666666667
620 1.1666666666666667
621 1.1666666666666667
622 1.1666666666666667
623 1.1666666666666667
624 1.1666666666666667
625 1.1666666666666667
626 1.1666666666666667
627 1.1666666666666667
628 1.1666666666666667
629 1.1666666666666667
630 1.1666666666666667
631 1.1666666666666667
632 1.1666666666666667
633 1.1666666666666667
634 1.1666666666666667
635 1.1666666666666667
636 1.1666666666666667
637 1.1666666666666667
638 1.1666666666666667
639 1.1666666666666667
640 1.1666666666666667
641 1.1666666666666667
642 1.1666666666666667
643 1.1666666666666667
644 1.1666666666666667
645 1.1666666666666667
646 1.1666666666666667
647 1.1666666666666667
648 1.1666666666666667
649 1.1666666666666667
650 1.1666666666666667
651 1.1666666666666667
652 1.1666666666666667
653 1.1666666666666667
654 1.1666666666666667
655 1.1666666666666667
656 1.1666666666666667
657 1.1666666666666667
658 1.1666666666666667
659 1.1666666666666667
660 1.1666666666666667
661 1.1666666666666667
662 1.1666666666666667
663 1.1666666666666667
664 1.1666666666666667
665 1.1666666666666667
666 1.1666666666666667
667 1.1666666666666667
668 1.1666666666666667
669 1.1666666666666667
670 1.1666666666666667
671 1.1666666666666667
672 1.1666666666666667
673 1.1666666666666667
674 1.1666666666666667
675 1.1666666666666667
676 1.1666666666666667
677 1.1666666666666667
678 1.1666666666666667
679 1.1666666666666667
680 1.1666666666666667
681 1.1666666666666667
682 1.1666666666666667
683 1.1666666666666667
684 1.1666666666666667
685 1.1666666666666667
686 1.1666666666666667
687 1.1666666666666667
688 1.1666666666666667
689 1.1666666666666667
690 1.1666666666666667
691 1.1666666666666667
692 1.1666666666666667
693 1.1666666666666667
694 1.1666666666666667
695 1.1666666666666667
696 1.1666666666666667
697 1.1666666666666667
698 1.1666666666666667
699 1.1666666666666667
700 1.1666666666666667
701 1.1666666666666667
702 1.1666666666666667
703 1.1666666666666667
704 1.1666666666666667
705 1.1666666666666667
706 1.1666666666666667
707 1.1666666666666667
708 1.1666666666666667
709 1.1666666666666667
710 1.1666666666666667
711 1.1666666666666667
712 1.1666666666666667
713 1.1666666666666667
714 1.1666666666666667
715 1.1666666666666667
716 1.1666666666666667
717 1.1666666666666667
718 1.1666666666666667
719 1.1666666666666667
720 1.1666666666666667
721 1.1666666666666667
722 1.1666666666666667
723 1.1666666666666667
724 1.1666666666666667
725 1.1666666666666667
726 1.1666666666666667
727 1.1666666666666667
728 1.1666666666666667
729 1.1666666666666667
730 1.1666666666666667
731 1.1666666666666667
732 1.1666666666666667
733 1.1666666666666667
734 1.1666666666666667
735 1.1666666666666667
736 1.1666666666666667
737 1.1666666666666667
738 1.1666666666666667
739 1.1666666666666667
740 1.1666666666666667
741 1.1666666666666667
742 1.1666666666666667
743 1.1666666666666667
744 1.1666666666666667
745 1.1666666666666667
746 1.1666666666666667
747 1.1666666666666667
748 1.1666666666666667
749 1.1666666666666667
750 1.1666666666666667
751 1.1666666666666667
752 1.1666666666666667
753 1.1666666666666667
754 1.1666666666666667
755 1.1666666666666667
756 1.1666666666666667
757 1.1666666666666667
758 1.1666666666666667
759 1.1666666666666667
760 1.1666666666666667
761 1.1666666666666667
762 1.1666666666666667
763 1.1666666666666667
764 1.1666666666666667
765 1.1666666666666667
766 1.1666666666666667
767 1.1666666666666667
768 1.1666666666666667
769 1.1666666666666667
770 1.1666666666666667
771 1.1666666666666667
772 1.1666666666666667
773 1.1666666666666667
774 1.1666666666666667
775 1.1666666666666667
776 1.1666666666666667
777 1.1666666666666667
778 1.1666666666666667
779 1.1666666666666667
780 1.1666666666666667
781 1.1666666666666667
782 1.1666666666666667
783 1.1666666666666667
784 1.1666666666666667
785 1.1666666666666667
786 1.1666666666666667
787 1.1666666666666667
788 1.1666666666666667
789 1.1666666666666667
790 1.1666666666666667
791 1.1666666666666667
792 1.1666666666666667
793 1.1666666666666667
794 1.1666666666666667
795 1.1666666666666667
796 1.1666666666666667
797 1.1666666666666667
798 1.1666666666666667
799 1.1666666666666667
800 1.1666666666666667
801 1.1666666666666667
802 1.1666666666666667
803 1.1666666666666667
804 1.1666666666666667
805 1.1666666666666667
806 1.1666666666666667
807 1.1666666666666667
808 1.1666666666666667
809 1.1666666666666667
810 1.1666666666666667
811 1.1666666666666667
812 1.1666666666666667
813 1.1666666666666667
814 1.1666666666666667
815 1.1666666666666667
816 1.1666666666666667
817 1.1666666666666667
818 1.1666666666666667
819 1.1666666666666667
820 1.1666666666666667
821 1.1666666666666667
822 1.1666666666666667
823 1.1666666666666667
824 1.1666666666666667
825 1.1666666666666667
826 1.1666666666666667
827 1.1666666666666667
828 1.1666666666666667
829 1.1666666666666667
830 1.1666666666666667
831 1.1666666666666667
832 1.1666666666666667
833 1.1666666666666667
834 1.1666666666666667
835 1.1666666666666667
836 1.1666666666666667
837 1.1666666666666667
838 1.1666666666666667
839 1.1666666666666667
840 1.1666666666666667
841 1.1666666666666667
842 1.1666666666666667
843 1.1666666666666667
844 1.1666666666666667
845 1.1666666666666667
846 1.1666666666666667
847 1.1666666666666667
848 1.1666666666666667
849 1.1666666666666667
850 1.1666666666666667
851 1.1666666666666667
852 1.1666666666666667
853 1.1666666666666667
854 1.1666666666666667
855 1.1666666666666667
856 1.1666666666666667
857 1.1666666666666667
858 1.1666666666666667
859 1.1666666666666667
860 1.1666666666666667
861 1.1666666666666667
862 1.1666666666666667
863 1.1666666666666667
864 1.1666666666666667
865 1.1666666666666667
866 1.1666666666666667
867 1.1666666666666667
868 1.1666666666666667
869 1.1666666666666667
870 1.1666666666666667
871 1.1666666666666667
872 1.1666666666666667
873 1.1666666666666667
874 1.1666666666666667
875 1.1666666666666667
876 1.1666666666666667
877 1.1666666666666667
878 1.1666666666666667
879 1.1666666666666667
880 1.1666666666666667
881 1.1666666666666667
882 1.1666666666666667
883 1.1666666666666667
884 1.1666666666666667
885 1.1666666666666667
886 1.1666666666666667
887 1.1666666666666667
888 1.1666666666666667
889 1.1666666666666667
890 1.1666666666666667
891 1.1666666666666667
892 1.1666666666666667
893 1.1666666666666667
894 1.1666666666666667
895 1.1666666666666667
896 1.1666666666666667
897 1.1666666666666667
898 1.1666666666666667
899 1.1666666666666667
900 1.1666666666666667
901 1.1666666666666667
902 1.1666666666666667
903 1.1666666666666667
904 1.1666666666666667
905 1.1666666666666667
906 1.1666666666666667
907 1.1666666666666667
908 1.1666666666666667
909 1.1666666666666667
910 1.1666666666666667
911 1.1666666666666667
912 1.1666666666666667
913 1.1666666666666667
914 1.1666666666666667
915 1.1666666666666667
916 1.1666666666666667
917 1.1666666666666667
918 1.1666666666666667
919 1.1666666666666667
920 1.1666666666666667
921 1.1666666666666667
922 1.1666666666666667
923 1.1666666666666667
924 1.1666666666666667
925 1.1666666666666667
926 1.1666666666666667
927 1.1666666666666667
928 1.1666666666666667
929 1.1666666666666667
930 1.1666666666666667
931 1.1666666666666667
932 1.1666666666666667
933 1.1666666666666667
934 1.1666666666666667
935 1.1666666666666667
936 1.1666666666666667
937 1.1666666666666667
938 1.1666666666666667
939 1.1666666666666667
940 1.1666666666666667
941 1.1666666666666667
942 1.1666666666666667
943 1.1666666666666667
944 1.1666666666666667
945 1.1666666666666667
946 1.1666666666666667
947 1.1666666666666667
948 1.1666666666666667
949 1.1666666666666667
950 1.1666666666666667
951 1.1666666666666667
952 1.1666666666666667
953 1.1666666666666667
954 1.1666666666666667
955 1.1666666666666667
956 1.1666666666666667
957 1.1666666666666667
958 1.1666666666666667
959 1.1666666666666667
960 1.1666666666666667
961 1.1666666666666667
962 1.1666666666666667
963 1.1666666666666667
964 1.1666666666666667
965 1.1666666666666667
966 1.1666666666666667
967 1.1666666666666667
968 1.1666666666666667
969 1.1666666666666667
970 1.1666666666666667
971 1.1666666666666667
972 1.1666666666666667
973 1.1666666666666667
974 1.1666666666666667
975 1.1666666666666667
976 1.1666666666666667
977 1.1666666666666667
978 1.1666666666666667
979 1.1666666666666667
980 1.1666666666666667
981 1.1666666666666667
982 1.1666666666666667
983 1.1666666666666667
984 1.1666666666666667
985 1.1666666666666667
986 1.1666666666666667
987 1.1666666666666667
988 1.1666666666666667
989 1.1666666666666667
990 1.1666666666666667
991 1.1666666666666667
992 1.1666666666666667
993 1.1666666666666667
994 1.1666666666666667
995 1.1666666666666667
996 1.1666666666666667
997 1.1666666666666667
998 1.1666666666666667
999 1.1666666666666667
1000 1.1666666666666667
1001 1.1666666666666667
1002 1.1666666666666667
1003 1.1666666666666667
1004 1.1666666666666667
1005 1.1666666666666667
1006 1.1666666666666667
1007 1.1666666666666667
1008 1.1666666666666667
1009 1.1666666666666667
1010 1.1666666666666667
1011 1.1666666666666667
1012 1.1666666666666667
1013 1.1666666666666667
1014 1.1666666666666667
1015 1.1666666666666667
1016 1.1666666666666667
1017 1.1666666666666667
1018 1.1666666666666667
1019 1.1666666666666667
1020 1.1666666666666667
1021 1.1666666666666667
1022 1.1666666666666667
1023 1.1666666666666667
1024 1.1666666666666667
1025 1.1666666666666667
1026 1.1666666666666667
1027 1.1666666666666667
1028 1.1666666666666667
1029 1.1666666666666667
1030 1.1666666666666667
1031 1.1666666666666667
1032 1.1666666666666667
1033 1.1666666666666667
1034 1.1666666666666667
1035 1.1666666666666667
1036 1.1666666666666667
1037 1.1666666666666667
1038 1.1666666666666667
1039 1.1666666666666667
1040 1.1666666666666667
1041 1.1666666666666667
1042 1.1666666666666667
1043 1.1666666666666667
1044 1.1666666666666667
1045 1.1666666666666667
1046 1.1666666666666667
1047 1.1666666666666667
1048 1.1666666666666667
1049 1.1666666666666667
1050 1.1666666666666667
1051 1.1666666666666667
1052 1.1666666666666667
1053 1.1666666666666667
1054 1.1666666666666667
1055 1.1666666666666667
1056 1.1666666666666667
1057 1.1666666666666667
1058 1.1666666666666667
1059 1.1666666666666667
1060 1.1666666666666667
1061 1.1666666666666667
1062 1.1666666666666667
1063 1.1666666666666667
1064 1.1666666666666667
1065 1.1666666666666667
1066 1.1666666666666667
1067 1.1666666666666667
1068 1.1666666666666667
1069 1.1666666666666667
1070 1.1666666666666667
1071 1.1666666666666667
1072 1.1666666666666667
1073 1.1666666666666667
1074 1.1666666666666667
1075 1.1666666666666667
1076 1.1666666666666667
1077 1.1666666666666667
1078 1.1666666666666667
1079 1.1666666666666667
1080 1.1666666666666667
1081 1.1666666666666667
1082 1.1666666666666667
1083 1.1666666666666667
1084 1.1666666666666667
1085 1.1666666666666667
1086 1.1666666666666667
1087 1.1666666666666667
1088 1.1666666666666667
1089 1.1666666666666667
1090 1.1666666666666667
1091 1.1666666666666667
1092 1.1666666666666667
1093 1.1666666666666667
1094 1.1666666666666667
1095 1.1666666666666667
1096 1.1666666666666667
1097 1.1666666666666667
1098 1.1666666666666667
1099 1.1666666666666667
1100 1.1666666666666667
1101 1.1666666666666667
1102 1.1666666666666667
1103 1.1666666666666667
1104 1.1666666666666667
1105 1.1666666666666667
1106 1.1666666666666667
1107 1.1666666666666667
1108 1.1666666666666667
1109 1.1666666666666667
1110 1.1666666666666667
1111 1.1666666666666667
1112 1.1666666666666667
1113 1.1666666666666667
1114 1.1666666666666667
1115 1.1666666666666667
1116 1.1666666666666667
1117 1.1666666666666667
1118 1.1666666666666667
1119 1.1666666666666667
1120 1.1666666666666667
1121 1.1666666666666667
1122 1.1666666666666667
1123 1.1666666666666667
1124 1.1666666666666667
1125 1.1666666666666667
1126 1.1666666666666667
1127 1.1666666666666667
1128 1.1666666666666667
1129 1.1666666666666667
1130 1.1666666666666667
1131 1.1666666666666667
1132 1.1666666666666667
1133 1.1666666666666667
1134 1.1666666666666667
1135 1.1666666666666667
1136 1.1666666666666667
1137 1.1666666666666667
1138 1.1666666666666667
1139 1.1666666666666667
1140 1.1666666666666667
1141 1.1666666666666667
1142 1.1666666666666667
1143 1.1666666666666667
1144 1.1666666666666667
1145 1.1666666666666667
1146 1.1666666666666667
1147 1.1666666666666667
1148 1.1666666666666667
1149 1.1666666666666667
1150 1.1666666666666667
1151 1.1666666666666667
1152 1.1666666666666667
1153 1.1666666666666667
1154 1.1666666666666667
1155 1.1666666666666667
1156 1.1666666666666667
1157 1.1666666666666667
1158 1.1666666666666667
1159 1.1666666666666667
1160 1.1666666666666667
1161 1.1666666666666667
1162 1.1666666666666667
1163 1.1666666666666667
1164 1.1666666666666667
1165 1.1666666666666667
1166 1.1666666666666667
1167 1.1666666666666667
1168 1.1666666666666667
1169 1.1666666666666667
1170 1.1666666666666667
1171 1.1666666666666667
1172 1.1666666666666667
1173 1.1666666666666667
1174 1.1666666666666667
1175 1.1666666666666667
1176 1.1666666666666667
1177 1.1666666666666667
1178 1.1666666666666667
1179 1.1666666666666667
1180 1.1666666666666667
1181 1.1666666666666667
1182 1.1666666666666667
1183 1.1666666666666667
1184 1.1666666666666667
1185 1.1666666666666667
1186 1.1666666666666667
1187 1.1666666666666667
1188 1.1666666666666667
1189 1.1666666666666667
1190 1.1666666666666667
1191 1.1666666666666667
1192 1.1666666666666667
1193 1.1666666666666667
1194 1.1666666666666667
1195 1.1666666666666667
1196 1.1666666666666667
1197 1.1666666666666667
1198 1.1666666666666667
1199 1.1666666666666667
1200 1.1666666666666667
1201 1.1666666666666667
1202 1.1666666666666667
1203 1.1666666666666667
1204 1.1666666666666667
1205 1.1666666666666667
1206 1.1666666666666667
1207 1.1666666666666667
1208 1.1666666666666667
1209 1.1666666666666667
1210 1.1666666666666667
1211 1.1666666666666667
1212 1.1666666666666667
1213 1.1666666666666667
1214 1.1666666666666667
1215 1.1666666666666667
1216 1.1666666666666667
1217 1.1666666666666667
1218 1.1666666666666667
1219 1.1666666666666667
1220 1.1666666666666667
1221 1.1666666666666667
1222 1.1666666666666667
1223 1.1666666666666667
1224 1.1666666666666667
1225 1.1666666666666667
1226 1.1666666666666667
1227 1.1666666666666667
1228 1.1666666666666667
1229 1.1666666666666667
1230 1.1666666666666667
1231 1.1666666666666667
1232 1.1666666666666667
1233 1.1666666666666667
1234 1.1666666666666667
1235 1.1666666666666667
1236 1.1666666666666667
1237 1.1666666666666667
1238 1.1666666666666667
1239 1.1666666666666667
1240 1.1666666666666667
1241 1.1666666666666667
1242 1.1666666666666667
1243 1.1666666666666667
1244 1.1666666666666667
1245 1.1666666666666667
1246 1.1666666666666667
1247 1.1666666666666667
1248 1.1666666666666667
1249 1.1666666666666667
1250 1.1666666666666667
1251 1.1666666666666667
1252 1.1666666666666667
1253 1.1666666666666667
1254 1.1666666666666667
1255 1.1666666666666667
1256 1.1666666666666667
1257 1.1666666666666667
1258 1.1666666666666667
1259 1.1666666666666667
1260 1.1666666666666667
1261 1.1666666666666667
1262 1.1666666666666667
1263 1.1666666666666667
1264 1.1666666666666667
1265 1.1666666666666667
1266 1.1666666666666667
1267 1.1666666666666667
1268 1.1666666666666667
1269 1.1666666666666667
1270 1.1666666666666667
1271 1.1666666666666667
1272 1.1666666666666667
1273 1.1666666666666667
1274 1.1666666666666667
1275 1.1666666666666667
1276 1.1666666666666667
1277 1.1666666666666667
1278 1.1666666666666667
1279 1.1666666666666667
1280 1.1666666666666667
1281 1.1666666666666667
1282 1.1666666666666667
1283 1.1666666666666667
1284 1.1666666666666667
1285 1.1666666666666667
1286 1.1666666666666667
1287 1.1666666666666667
1288 1.1666666666666667
1289 1.1666666666666667
1290 1.1666666666666667
1291 1.1666666666666667
1292 1.1666666666666667
1293 1.1666666666666667
1294 1.1666666666666667
1295 1.1666666666666667
1296 1.1666666666666667
1297 1.1666666666666667
1298 1.1666666666666667
1299 1.1666666666666667
1300 1.1666666666666667
1301 1.1666666666666667
1302 1.1666666666666667
1303 1.1666666666666667
1304 1.1666666666666667
1305 1.1666666666666667
1306 1.1666666666666667
1307 1.1666666666666667
1308 1.1666666666666667
1309 1.1666666666666667
1310 1.1666666666666667
1311 1.1666666666666667
1312 1.1666666666666667
1313 1.1666666666666667
1314 1.1666666666666667
1315 1.1666666666666667
1316 1.1666666666666667
1317 1.1666666666666667
1318 1.1666666666666667
1319 1.1666666666666667
1320 1.1666666666666667
1321 1.1666666666666667
1322 1.1666666666666667
1323 1.1666666666666667
1324 1.1666666666666667
1325 1.1666666666666667
1326 1.1666666666666667
1327 1.1666666666666667
1328 1.1666666666666667
1329 1.1666666666666667
1330 1.1666666666666667
1331 1.1666666666666667
1332 1.1666666666666667
1333 1.1666666666666667
1334 1.1666666666666667
1335 1.1666666666666667
1336 1.1666666666666667
1337 1.1666666666666667
1338 1.1666666666666667
1339 1.1666666666666667
1340 1.1666666666666667
1341 1.1666666666666667
1342 1.1666666666666667
1343 1.1666666666666667
1344 1.1666666666666667
1345 1.1666666666666667
1346 1.1666666666666667
1347 1.1666666666666667
1348 1.1666666666666667
1349 1.1666666666666667
1350 1.1666666666666667
1351 1.1666666666666667
1352 1.1666666666666667
1353 1.1666666666666667
1354 1.1666666666666667
1355 1.1666666666666667
1356 1.1666666666666667
1357 1.1666666666666667
1358 1.1666666666666667
1359 1.1666666666666667
1360 1.1666666666666667
1361 1.1666666666666667
1362 1.1666666666666667
1363 1.1666666666666667
1364 1.1666666666666667
1365 1.1666666666666667
1366 1.1666666666666667
1367 1.1666666666666667
1368 1.1666666666666667
1369 1.1666666666666667
1370 1.1666666666666667
1371 1.1666666666666667
1372 1.1666666666666667
1373 1.1666666666666667
1374 1.1666666666666667
1375 1.1666666666666667
1376 1.1666666666666667
1377 1.1666666666666667
1378 1.1666666666666667
1379 1.1666666666666667
1380 1.1666666666666667
1381 1.1666666666666667
1382 1.1666666666666667
1383 1.1666666666666667
1384 1.1666666666666667
1385 1.1666666666666667
1386 1.1666666666666667
1387 1.1666666666666667
1388 1.1666666666666667
1389 1.1666666666666667
1390 1.1666666666666667
1391 1.1666666666666667
1392 1.1666666666666667
1393 1.1666666666666667
1394 1.1666666666666667
1395 1.1666666666666667
1396 1.1666666666666667
1397 1.1666666666666667
1398 1.1666666666666667
1399 1.1666666666666667
1400 1.1666666666666667
1401 1.1666666666666667
1402 1.1666666666666667
1403 1.1666666666666667
1404 1.1666666666666667
1405 1.1666666666666667
1406 1.1666666666666667
1407 1.1666666666666667
1408 1.1666666666666667
1409 1.1666666666666667
1410 1.1666666666666667
1411 1.1666666666666667
1412 1.1666666666666667
1413 1.1666666666666667
1414 1.1666666666666667
1415 1.1666666666666667
1416 1.1666666666666667
1417 1.1666666666666667
1418 1.1666666666666667
1419 1.1666666666666667
1420 1.1666666666666667
1421 1.1666666666666667
1422 1.1666666666666667
1423 1.1666666666666667
1424 1.1666666666666667
1425 1.1666666666666667
1426 1.1666666666666667
1427 1.1666666666666667
1428 1.1666666666666667
1429 1.1666666666666667
1430 1.1666666666666667
1431 1.1666666666666667
1432 1.1666666666666667
1433 1.1666666666666667
1434 1.1666666666666667
1435 1.1666666666666667
1436 1.1666666666666667
1437 1.1666666666666667
1438 1.1666666666666667
1439 1.1666666666666667
1440 1.1666666666666667
1441 1.1666666666666667
1442 1.1666666666666667
1443 1.1666666666666667
1444 1.1666666666666667
1445 1.1666666666666667
1446 1.1666666666666667
1447 1.1666666666666667
1448 1.1666666666666667
1449 1.1666666666666667
1450 1.1666666666666667
1451 1.1666666666666667
1452 1.1666666666666667
1453 1.1666666666666667
1454 1.1666666666666667
1455 1.1666666666666667
1456 1.1666666666666667
1457 1.1666666666666667
1458 1.1666666666666667
1459 1.1666666666666667
1460 1.1666666666666667
1461 1.1666666666666667
1462 1.1666666666666667
1463 1.1666666666666667
1464 1.1666666666666667
1465 1.1666666666666667
1466 1.1666666666666667
1467 1.1666666666666667
1468 1.1666666666666667
1469 1.1666666666666667
1470 1.1666666666666667
1471 1.1666666666666667
1472 1.1666666666666667
1473 1.1666666666666667
1474 1.1666666666666667
1475 1.1666666666666667
1476 1.1666666666666667
1477 1.1666666666666667
1478 1.1666666666666667
1479 1.1666666666666667
1480 1.1666666666666667
1481 1.1666666666666667
1482 1.1666666666666667
1483 1.1666666666666667
1484 1.1666666666666667
1485 1.1666666666666667
1486 1.1666666666666667
1487 1.1666666666666667
1488 1.1666666666666667
1489 1.1666666666666667
1490 1.1666666666666667
1491 1.1666666666666667
1492 1.1666666666666667
1493 1.1666666666666667
1494 1.1666666666666667
1495 1.1666666666666667
1496 1.1666666666666667
1497 1.1666666666666667
1498 1.1666666666666667
1499 1.1666666666666667
