0 0.705078125
1 0.736328125
2 0.736328125
3 0.736328125
4 0.736328125
5 0.7470703125
6 0.7763671875
7 0.7880859375
8 0.791015625
9 0.7958984375
10 0.7978515625
11 0.798828125
12 0.8046875
13 0.8046875
14 0.8046875
15 0.8154296875
16 0.8203125
17 0.830078125
18 0.8466796875
19 0.8466796875
20 0.8466796875
21 0.85546875
22 0.85546875
23 0.8642578125
24 0.8642578125
25 0.8642578125
26 0.8837890625
27 0.8837890625
28 0.884765625
29 0.884765625
30 0.884765625
31 0.8857421875
32 0.8857421875
33 0.8857421875
34 0.8857421875
35 0.8857421875
36 0.88671875
37 0.88671875
38 0.88671875
39 0.88671875
40 0.890625
41 0.8916015625
42 0.8916015625
43 0.8916015625
44 0.8916015625
45 0.8916015625
46 0.8916015625
47 0.8916015625
48 0.8916015625
49 0.8916015625
50 0.8916015625
51 0.8916015625
52 0.8916015625
53 0.8916015625
54 0.8916015625
55 0.8974609375
56 0.8974609375
57 0.8994140625
58 0.90234375
59 0.904296875
60 0.912109375
61 0.912109375
62 0.912109375
63 0.912109375
64 0.912109375
65 0.912109375
66 0.912109375
67 0.912109375
68 0.912109375
69 0.912109375
70 0.912109375
71 0.912109375
72 0.912109375
73 0.912109375
74 0.912109375
75 0.912109375
76 0.912109375
77 0.912109375
78 0.912109375
79 0.912109375
80 0.912109375
81 0.912109375
82 0.921875
83 0.921875
84 0.921875
85 0.921875
86 0.921875
87 0.921875
88 0.921875
89 0.921875
90 0.921875
91 0.9287109375
92 0.9287109375
93 0.9287109375
94 0.931640625
95 0.931640625
96 0.931640625
97 0.931640625
98 0.935546875
99 0.935546875
100 0.935546875
101 0.935546875
102 0.935546875
103 0.9365234375
104 0.9365234375
105 0.94140625
106 0.94140625
107 0.94140625
108 0.94140625
109 0.94140625
110 0.94140625
111 0.94140625
112 0.94140625
113 0.94140625
114 0.94140625
115 0.94140625
116 0.94140625
117 0.94140625
118 0.94140625
119 0.94140625
120 0.94140625
121 0.94140625
122 0.94140625
123 0.94140625
124 0.94140625
125 0.947265625
126 0.947265625
127 0.947265625
128 0.947265625
129 0.947265625
130 0.947265625
131 0.947265625
132 0.947265625
133 0.947265625
134 0.947265625
135 0.947265625
136 0.947265625
137 0.947265625
138 0.947265625
139 0.947265625
140 0.947265625
141 0.947265625
142 0.9541015625
143 0.9541015625
144 0.9541015625
145 0.9541015625
146 0.9541015625
147 0.9541015625
148 0.9541015625
149 0.9541015625
150 0.9541015625
151 0.9541015625
152 0.9541015625
153 0.9541015625
154 0.9560546875
155 0.9560546875
156 0.9560546875
157 0.9560546875
158 0.958984375
159 0.958984375
160 0.958984375
161 0.958984375
162 0.958984375
163 0.958984375
164 0.958984375
165 0.958984375
166 0.958984375
167 0.958984375
168 0.958984375
169 0.958984375
170 0.958984375
171 0.958984375
172 0.958984375
173 0.958984375
174 0.958984375
175 0.958984375
176 0.958984375
177 0.958984375
178 0.958984375
179 0.958984375
180 0.958984375
181 0.958984375
182 0.958984375
183 0.958984375
184 0.958984375
185 0.958984375
186 0.958984375
187 0.958984375
188 0.958984375
189 0.958984375
190 0.958984375
191 0.958984375
192 0.958984375
193 0.958984375
194 0.958984375
195 0.958984375
196 0.958984375
197 0.958984375
198 0.958984375
199 0.958984375
200 0.958984375
201 0.958984375
202 0.958984375
203 0.958984375
204 0.958984375
205 0.958984375
206 0.958984375
207 0.958984375
208 0.958984375
209 0.958984375
210 0.958984375
211 0.958984375
212 0.958984375
213 0.958984375
214 0.958984375
215 0.958984375
216 0.958984375
217 0.958984375
218 0.958984375
219 0.958984375
220 0.958984375
221 0.958984375
222 0.958984375
223 0.958984375
224 0.958984375
225 0.958984375
226 0.958984375
227 0.958984375
228 0.958984375
229 0.958984375
230 0.958984375
231 0.958984375
232 0.958984375
233 0.958984375
234 0.958984375
235 0.958984375
236 0.958984375
237 0.958984375
238 0.958984375
239 0.958984375
240 0.958984375
241 0.958984375
242 0.958984375
243 0.958984375
244 0.958984375
245 0.958984375
246 0.958984375
247 0.958984375
248 0.958984375
249 0.958984375
250 0.958984375
251 0.958984375
252 0.958984375
253 0.958984375
254 0.958984375
255 0.958984375
256 0.958984375
257 0.958984375
258 0.958984375
259 0.958984375
260 0.958984375
261 0.958984375
262 0.958984375
263 0.958984375
264 0.958984375
265 0.958984375
266 0.958984375
267 0.958984375
268 0.958984375
269 0.958984375
270 0.958984375
271 0.958984375
272 0.958984375
273 0.958984375
274 0.958984375
275 0.958984375
276 0.958984375
277 0.958984375
278 0.958984375
279 0.958984375
280 0.958984375
281 0.958984375
282 0.958984375
283 0.958984375
284 0.958984375
285 0.958984375
286 0.958984375
287 0.958984375
288 0.958984375
289 0.958984375
290 0.958984375
291 0.958984375
292 0.958984375
293 0.958984375
294 0.958984375
295 0.958984375
296 0.958984375
297 0.958984375
298 0.958984375
299 0.958984375
300 0.958984375
301 0.958984375
302 0.958984375
303 0.958984375
304 0.958984375
305 0.958984375
306 0.958984375
307 0.958984375
308 0.958984375
309 0.958984375
310 0.958984375
311 0.958984375
312 0.958984375
313 0.958984375
314 0.958984375
315 0.958984375
316 0.958984375
317 0.958984375
318 0.958984375
319 0.958984375
320 0.958984375
321 0.958984375
322 0.958984375
323 0.958984375
324 0.958984375
325 0.958984375
326 0.958984375
327 0.958984375
328 0.958984375
329 0.958984375
330 0.958984375
331 0.958984375
332 0.958984375
333 0.958984375
334 0.958984375
335 0.958984375
336 0.958984375
337 0.958984375
338 0.958984375
339 0.958984375
340 0.958984375
341 0.958984375
342 0.958984375
343 0.958984375
344 0.958984375
345 0.958984375
346 0.958984375
347 0.958984375
348 0.958984375
349 0.958984375
350 0.958984375
351 0.958984375
352 0.958984375
353 0.958984375
354 0.958984375
355 0.958984375
356 0.958984375
357 0.958984375
358 0.958984375
359 0.958984375
360 0.958984375
361 0.958984375
362 0.958984375
363 0.958984375
364 0.958984375
365 0.958984375
366 0.958984375
367 0.958984375
368 0.958984375
369 0.958984375
370 0.958984375
371 0.958984375
372 0.958984375
373 0.958984375
374 0.958984375
375 0.958984375
376 0.958984375
377 0.958984375
378 0.958984375
379 0.958984375
380 0.958984375
381 0.958984375
382 0.958984375
383 0.958984375
384 0.958984375
385 0.958984375
386 0.958984375
387 0.958984375
388 0.958984375
389 0.958984375
390 0.958984375
391 0.958984375
392 0.958984375
393 0.958984375
394 0.958984375
395 0.958984375
396 0.958984375
397 0.958984375
398 0.958984375
399 0.958984375
400 0.958984375
401 0.958984375
402 0.958984375
403 0.958984375
404 0.958984375
405 0.958984375
406 0.958984375
407 0.958984375
408 0.958984375
409 0.958984375
410 0.958984375
411 0.958984375
412 0.958984375
413 0.958984375
414 0.958984375
415 0.958984375
416 0.958984375
417 0.958984375
418 0.958984375
419 0.958984375
420 0.958984375
421 0.958984375
422 0.958984375
423 0.958984375
424 0.958984375
425 0.958984375
426 0.958984375
427 0.958984375
428 0.958984375
429 0.958984375
430 0.958984375
431 0.958984375
432 0.958984375
433 0.958984375
434 0.958984375
435 0.958984375
436 0.958984375
437 0.958984375
438 0.958984375
439 0.958984375
440 0.958984375
441 0.958984375
442 0.958984375
443 0.958984375
444 0.958984375
445 0.958984375
446 0.958984375
447 0.958984375
448 0.958984375
449 0.958984375
450 0.958984375
451 0.958984375
452 0.958984375
453 0.958984375
454 0.958984375
455 0.958984375
456 0.958984375
457 0.958984375
458 0.958984375
459 0.958984375
460 0.958984375
461 0.958984375
462 0.958984375
463 0.958984375
464 0.958984375
465 0.958984375
466 0.958984375
467 0.958984375
468 0.958984375
469 0.958984375
470 0.958984375
471 0.958984375
472 0.958984375
473 0.958984375
474 0.958984375
475 0.958984375
476 0.958984375
477 0.958984375
478 0.958984375
479 0.958984375
480 0.958984375
481 0.958984375
482 0.958984375
483 0.958984375
484 0.958984375
485 0.958984375
486 0.958984375
487 0.958984375
488 0.958984375
489 0.958984375
490 0.958984375
491 0.958984375
492 0.958984375
493 0.958984375
494 0.958984375
495 0.958984375
496 0.958984375
497 0.958984375
498 0.958984375
499 0.958984375
500 0.958984375
501 0.958984375
502 0.958984375
503 0.958984375
504 0.958984375
505 0.958984375
506 0.958984375
507 0.958984375
508 0.958984375
509 0.958984375
510 0.958984375
511 0.958984375
512 0.958984375
513 0.958984375
514 0.958984375
515 0.958984375
516 0.958984375
517 0.958984375
518 0.958984375
519 0.958984375
520 0.958984375
521 0.958984375
522 0.958984375
523 0.958984375
524 0.958984375
525 0.958984375
526 0.958984375
527 0.958984375
528 0.958984375
529 0.958984375
530 0.958984375
531 0.958984375
532 0.958984375
533 0.958984375
534 0.958984375
535 0.958984375
536 0.958984375
537 0.958984375
538 0.958984375
539 0.958984375
540 0.958984375
541 0.958984375
542 0.958984375
543 0.958984375
544 0.958984375
545 0.958984375
546 0.958984375
547 0.958984375
548 0.958984375
549 0.958984375
550 0.958984375
551 0.958984375
552 0.958984375
553 0.958984375
554 0.958984375
555 0.958984375
556 0.958984375
557 0.958984375
558 0.958984375
559 0.958984375
560 0.958984375
561 0.958984375
562 0.958984375
563 0.958984375
564 0.958984375
565 0.958984375
566 0.958984375
567 0.958984375
568 0.958984375
569 0.958984375
570 0.958984375
571 0.958984375
572 0.958984375
573 0.958984375
574 0.958984375
575 0.958984375
576 0.958984375
577 0.958984375
578 0.958984375
579 0.958984375
580 0.958984375
581 0.958984375
582 0.958984375
583 0.958984375
584 0.958984375
585 0.958984375
586 0.958984375
587 0.958984375
588 0.958984375
589 0.958984375
590 0.958984375
591 0.958984375
592 0.958984375
593 0.958984375
594 0.958984375
595 0.958984375
596 0.958984375
597 0.958984375
598 0.958984375
599 0.958984375
600 0.958984375
601 0.958984375
602 0.958984375
603 0.958984375
604 0.958984375
605 0.958984375
606 0.958984375
607 0.958984375
608 0.958984375
609 0.958984375
610 0.958984375
611 0.958984375
612 0.958984375
613 0.958984375
614 0.958984375
615 0.958984375
616 0.958984375
617 0.958984375
618 0.958984375
619 0.958984375
620 0.958984375
621 0.958984375
622 0.958984375
623 0.958984375
624 0.958984375
625 0.958984375
626 0.958984375
627 0.958984375
628 0.958984375
629 0.958984375
630 0.958984375
631 0.958984375
632 0.958984375
633 0.958984375
634 0.958984375
635 0.958984375
636 0.958984375
637 0.958984375
638 0.958984375
639 0.958984375
640 0.958984375
641 0.958984375
642 0.958984375
643 0.958984375
644 0.958984375
645 0.958984375
646 0.958984375
647 0.958984375
648 0.958984375
649 0.958984375
650 0.958984375
651 0.958984375
652 0.958984375
653 0.958984375
654 0.958984375
655 0.958984375
656 0.958984375
657 0.958984375
658 0.958984375
659 0.958984375
660 0.958984375
661 0.958984375
662 0.958984375
663 0.958984375
664 0.958984375
665 0.958984375
666 0.958984375
667 0.958984375
668 0.958984375
669 0.958984375
670 0.958984375
671 0.958984375
672 0.958984375
673 0.958984375
674 0.958984375
675 0.958984375
676 0.958984375
677 0.958984375
678 0.958984375
679 0.958984375
680 0.958984375
681 0.958984375
682 0.958984375
683 0.958984375
684 0.958984375
685 0.958984375
686 0.958984375
687 0.958984375
688 0.958984375
689 0.958984375
690 0.958984375
691 0.958984375
692 0.958984375
693 0.958984375
694 0.958984375
695 0.958984375
696 0.958984375
697 0.958984375
698 0.958984375
699 0.958984375
700 0.958984375
701 0.958984375
702 0.958984375
703 0.958984375
704 0.958984375
705 0.958984375
706 0.958984375
707 0.958984375
708 0.958984375
709 0.958984375
710 0.958984375
711 0.958984375
712 0.958984375
713 0.958984375
714 0.958984375
715 0.958984375
716 0.958984375
717 0.958984375
718 0.958984375
719 0.958984375
720 0.958984375
721 0.958984375
722 0.958984375
723 0.958984375
724 0.958984375
725 0.958984375
726 0.958984375
727 0.958984375
728 0.958984375
729 0.958984375
730 0.958984375
731 0.958984375
732 0.958984375
733 0.958984375
734 0.958984375
735 0.958984375
736 0.958984375
737 0.958984375
738 0.958984375
739 0.958984375
740 0.958984375
741 0.958984375
742 0.958984375
743 0.958984375
744 0.958984375
745 0.958984375
746 0.958984375
747 0.958984375
748 0.958984375
749 0.958984375
750 0.958984375
751 0.958984375
752 0.958984375
753 0.958984375
754 0.958984375
755 0.958984375
756 0.958984375
757 0.958984375
758 0.958984375
759 0.958984375
760 0.958984375
761 0.958984375
762 0.958984375
763 0.958984375
764 0.958984375
765 0.958984375
766 0.958984375
767 0.958984375
768 0.958984375
769 0.958984375
770 0.958984375
771 0.958984375
772 0.958984375
773 0.958984375
774 0.958984375
775 0.958984375
776 0.958984375
777 0.958984375
778 0.958984375
779 0.958984375
780 0.958984375
781 0.958984375
782 0.958984375
783 0.958984375
784 0.958984375
785 0.958984375
786 0.958984375
787 0.958984375
788 0.958984375
789 0.958984375
790 0.958984375
791 0.958984375
792 0.958984375
793 0.958984375
794 0.958984375
795 0.958984375
796 0.958984375
797 0.958984375
798 0.958984375
799 0.958984375
800 0.958984375
801 0.958984375
802 0.958984375
803 0.958984375
804 0.958984375
805 0.958984375
806 0.958984375
807 0.958984375
808 0.958984375
809 0.958984375
810 0.958984375
811 0.958984375
812 0.958984375
813 0.958984375
814 0.958984375
815 0.958984375
816 0.958984375
817 0.958984375
818 0.958984375
819 0.958984375
820 0.958984375
821 0.958984375
822 0.958984375
823 0.958984375
824 0.958984375
825 0.958984375
826 0.958984375
827 0.958984375
828 0.958984375
829 0.958984375
830 0.958984375
831 0.958984375
832 0.958984375
833 0.958984375
834 0.958984375
835 0.958984375
836 0.958984375
837 0.958984375
838 0.958984375
839 0.958984375
840 0.958984375
841 0.958984375
842 0.958984375
843 0.958984375
844 0.958984375
845 0.958984375
846 0.958984375
847 0.958984375
848 0.958984375
849 0.958984375
850 0.958984375
851 0.958984375
852 0.958984375
853 0.958984375
854 0.958984375
855 0.958984375
856 0.958984375
857 0.958984375
858 0.958984375
859 0.958984375
860 0.958984375
861 0.958984375
862 0.958984375
863 0.958984375
864 0.958984375
865 0.958984375
866 0.958984375
867 0.958984375
868 0.958984375
869 0.958984375
870 0.958984375
871 0.958984375
872 0.958984375
873 0.958984375
874 0.958984375
875 0.958984375
876 0.958984375
877 0.958984375
878 0.958984375
879 0.958984375
880 0.958984375
881 0.958984375
882 0.958984375
883 0.958984375
884 0.958984375
885 0.958984375
886 0.958984375
887 0.958984375
888 0.958984375
889 0.958984375
890 0.958984375
891 0.958984375
892 0.958984375
893 0.958984375
894 0.958984375
895 0.958984375
896 0.958984375
897 0.958984375
898 0.958984375
899 0.958984375
900 0.958984375
901 0.958984375
902 0.958984375
903 0.958984375
904 0.958984375
905 0.958984375
906 0.958984375
907 0.958984375
908 0.958984375
909 0.958984375
910 0.958984375
911 0.958984375
912 0.958984375
913 0.958984375
914 0.958984375
915 0.958984375
916 0.958984375
917 0.958984375
918 0.958984375
919 0.958984375
920 0.958984375
921 0.958984375
922 0.958984375
923 0.958984375
924 0.958984375
925 0.958984375
926 0.958984375
927 0.958984375
928 0.958984375
929 0.958984375
930 0.958984375
931 0.958984375
932 0.958984375
933 0.958984375
934 0.958984375
935 0.958984375
936 0.958984375
937 0.958984375
938 0.958984375
939 0.958984375
940 0.958984375
941 0.958984375
942 0.958984375
943 0.958984375
944 0.958984375
945 0.958984375
946 0.958984375
947 0.958984375
948 0.958984375
949 0.958984375
950 0.958984375
951 0.958984375
952 0.958984375
953 0.958984375
954 0.958984375
955 0.958984375
956 0.958984375
957 0.958984375
958 0.958984375
959 0.958984375
960 0.958984375
961 0.958984375
962 0.958984375
963 0.958984375
964 0.958984375
965 0.958984375
966 0.958984375
967 0.958984375
968 0.958984375
969 0.958984375
970 0.958984375
971 0.958984375
972 0.958984375
973 0.958984375
974 0.958984375
975 0.958984375
976 0.958984375
977 0.958984375
978 0.958984375
979 0.958984375
980 0.958984375
981 0.958984375
982 0.958984375
983 0.958984375
984 0.958984375
985 0.958984375
986 0.958984375
987 0.958984375
988 0.958984375
989 0.958984375
990 0.958984375
991 0.958984375
992 0.958984375
993 0.958984375
994 0.958984375
995 0.958984375
996 0.958984375
997 0.958984375
998 0.958984375
999 0.958984375
1000 0.958984375
1001 0.958984375
1002 0.958984375
1003 0.958984375
1004 0.958984375
1005 0.958984375
1006 0.958984375
1007 0.958984375
1008 0.958984375
1009 0.958984375
1010 0.958984375
1011 0.958984375
1012 0.958984375
1013 0.958984375
1014 0.958984375
1015 0.958984375
1016 0.958984375
1017 0.958984375
1018 0.958984375
1019 0.958984375
1020 0.958984375
1021 0.958984375
1022 0.958984375
1023 0.958984375
1024 0.958984375
1025 0.958984375
1026 0.958984375
1027 0.958984375
1028 0.958984375
1029 0.958984375
1030 0.958984375
1031 0.958984375
1032 0.958984375
1033 0.958984375
1034 0.958984375
1035 0.958984375
1036 0.958984375
1037 0.958984375
1038 0.958984375
1039 0.958984375
1040 0.958984375
1041 0.958984375
1042 0.958984375
1043 0.958984375
1044 0.958984375
1045 0.958984375
1046 0.958984375
1047 0.958984375
1048 0.958984375
1049 0.958984375
1050 0.958984375
1051 0.958984375
1052 0.958984375
1053 0.958984375
1054 0.958984375
1055 0.958984375
1056 0.958984375
1057 0.958984375
1058 0.958984375
1059 0.958984375
1060 0.958984375
1061 0.958984375
1062 0.958984375
1063 0.958984375
1064 0.958984375
1065 0.958984375
1066 0.958984375
1067 0.958984375
1068 0.958984375
1069 0.958984375
1070 0.958984375
1071 0.958984375
1072 0.958984375
1073 0.958984375
1074 0.958984375
1075 0.958984375
1076 0.958984375
1077 0.958984375
1078 0.958984375
1079 0.958984375
1080 0.958984375
1081 0.958984375
1082 0.958984375
1083 0.958984375
1084 0.958984375
1085 0.958984375
1086 0.958984375
1087 0.958984375
1088 0.958984375
1089 0.958984375
1090 0.958984375
1091 0.958984375
1092 0.958984375
1093 0.958984375
1094 0.958984375
1095 0.958984375
1096 0.958984375
1097 0.958984375
1098 0.958984375
1099 0.958984375
1100 0.958984375
1101 0.958984375
1102 0.958984375
1103 0.958984375
1104 0.958984375
1105 0.958984375
1106 0.958984375
1107 0.958984375
1108 0.958984375
1109 0.958984375
1110 0.958984375
1111 0.958984375
1112 0.958984375
1113 0.958984375
1114 0.958984375
1115 0.958984375
1116 0.958984375
1117 0.958984375
1118 0.958984375
1119 0.958984375
1120 0.958984375
1121 0.958984375
1122 0.958984375
1123 0.958984375
1124 0.958984375
1125 0.958984375
1126 0.958984375
1127 0.958984375
1128 0.958984375
1129 0.958984375
1130 0.958984375
1131 0.958984375
1132 0.958984375
1133 0.958984375
1134 0.958984375
1135 0.958984375
1136 0.958984375
1137 0.958984375
1138 0.958984375
1139 0.958984375
1140 0.958984375
1141 0.958984375
1142 0.958984375
1143 0.958984375
1144 0.958984375
1145 0.958984375
1146 0.958984375
1147 0.958984375
1148 0.958984375
1149 0.958984375
1150 0.958984375
1151 0.958984375
1152 0.958984375
1153 0.958984375
1154 0.958984375
1155 0.958984375
1156 0.958984375
1157 0.958984375
1158 0.958984375
1159 0.958984375
1160 0.958984375
1161 0.958984375
1162 0.958984375
1163 0.958984375
1164 0.958984375
1165 0.958984375
1166 0.958984375
1167 0.958984375
1168 0.958984375
1169 0.958984375
1170 0.958984375
1171 0.958984375
1172 0.958984375
1173 0.958984375
1174 0.958984375
1175 0.958984375
1176 0.958984375
1177 0.958984375
1178 0.958984375
1179 0.958984375
1180 0.958984375
1181 0.958984375
1182 0.958984375
1183 0.958984375
1184 0.958984375
1185 0.958984375
1186 0.958984375
1187 0.958984375
1188 0.958984375
1189 0.958984375
1190 0.958984375
1191 0.958984375
1192 0.958984375
1193 0.958984375
1194 0.958984375
1195 0.958984375
1196 0.958984375
1197 0.958984375
1198 0.958984375
1199 0.958984375
1200 0.958984375
1201 0.958984375
1202 0.958984375
1203 0.958984375
1204 0.958984375
1205 0.958984375
1206 0.958984375
1207 0.958984375
1208 0.958984375
1209 0.958984375
1210 0.958984375
1211 0.958984375
1212 0.958984375
1213 0.958984375
1214 0.958984375
1215 0.958984375
1216 0.958984375
1217 0.958984375
1218 0.958984375
1219 0.958984375
1220 0.958984375
1221 0.958984375
1222 0.958984375
1223 0.958984375
1224 0.958984375
1225 0.958984375
1226 0.958984375
1227 0.958984375
1228 0.958984375
1229 0.958984375
1230 0.958984375
1231 0.958984375
1232 0.958984375
1233 0.958984375
1234 0.958984375
1235 0.958984375
1236 0.958984375
1237 0.958984375
1238 0.958984375
1239 0.958984375
1240 0.958984375
1241 0.958984375
1242 0.958984375
1243 0.958984375
1244 0.958984375
1245 0.958984375
1246 0.958984375
1247 0.958984375
1248 0.958984375
1249 0.958984375
1250 0.958984375
1251 0.958984375
1252 0.958984375
1253 0.958984375
1254 0.958984375
1255 0.958984375
1256 0.958984375
1257 0.958984375
1258 0.958984375
1259 0.958984375
1260 0.958984375
1261 0.958984375
1262 0.958984375
1263 0.958984375
1264 0.958984375
1265 0.958984375
1266 0.958984375
1267 0.958984375
1268 0.958984375
1269 0.958984375
1270 0.958984375
1271 0.958984375
1272 0.958984375
1273 0.958984375
1274 0.958984375
1275 0.958984375
1276 0.958984375
1277 0.958984375
1278 0.958984375
1279 0.958984375
1280 0.958984375
1281 0.958984375
1282 0.958984375
1283 0.958984375
1284 0.958984375
1285 0.958984375
1286 0.958984375
1287 0.958984375
1288 0.9609375
1289 0.9609375
1290 0.9609375
1291 0.9609375
1292 0.9609375
1293 0.9609375
1294 0.9609375
1295 0.9609375
1296 0.9609375
1297 0.9609375
1298 0.9609375
1299 0.9609375
1300 0.9609375
1301 0.9609375
1302 0.9609375
1303 0.9609375
1304 0.9609375
1305 0.9609375
1306 0.9609375
1307 0.9609375
1308 0.9609375
1309 0.9609375
1310 0.9609375
1311 0.9609375
1312 0.9609375
1313 0.9609375
1314 0.9609375
1315 0.9609375
1316 0.9609375
1317 0.9609375
1318 0.9609375
1319 0.9609375
1320 0.9609375
1321 0.9609375
1322 0.9609375
1323 0.9609375
1324 0.9609375
1325 0.9609375
1326 0.9609375
1327 0.9609375
1328 0.9609375
1329 0.9609375
1330 0.9609375
1331 0.9609375
1332 0.9609375
1333 0.9609375
1334 0.9609375
1335 0.9609375
1336 0.9609375
1337 0.9609375
1338 0.9609375
1339 0.9609375
1340 0.9609375
1341 0.9609375
1342 0.9609375
1343 0.9609375
1344 0.9609375
1345 0.9609375
1346 0.9609375
1347 0.9609375
1348 0.9609375
1349 0.9609375
1350 0.9609375
1351 0.9609375
1352 0.9609375
1353 0.9609375
1354 0.9609375
1355 0.9609375
1356 0.9609375
1357 0.9609375
1358 0.9609375
1359 0.9609375
1360 0.9609375
1361 0.9609375
1362 0.9609375
1363 0.9609375
1364 0.9609375
1365 0.9609375
1366 0.9609375
1367 0.9609375
1368 0.9609375
1369 0.9609375
1370 0.9609375
1371 0.9609375
1372 0.9609375
1373 0.9609375
1374 0.9609375
1375 0.9609375
1376 0.9609375
1377 0.9609375
1378 0.9609375
1379 0.9609375
1380 0.9609375
1381 0.9609375
1382 0.9609375
1383 0.9609375
1384 0.9609375
1385 0.9609375
1386 0.9609375
1387 0.9609375
1388 0.9609375
1389 0.9609375
1390 0.9609375
1391 0.9609375
1392 0.9609375
1393 0.9609375
1394 0.9609375
1395 0.9609375
1396 0.9609375
1397 0.9609375
1398 0.9609375
1399 0.9609375
1400 0.9609375
1401 0.9609375
1402 0.9609375
1403 0.9609375
1404 0.9609375
1405 0.9609375
1406 0.9609375
1407 0.9609375
1408 0.9609375
1409 0.9609375
1410 0.9609375
1411 0.9609375
1412 0.9609375
1413 0.9609375
1414 0.9609375
1415 0.9609375
1416 0.9609375
1417 0.9609375
1418 0.9609375
1419 0.9609375
1420 0.9609375
1421 0.9609375
1422 0.9609375
1423 0.9609375
1424 0.9609375
1425 0.9609375
1426 0.9609375
1427 0.9609375
1428 0.9609375
1429 0.9609375
1430 0.9609375
1431 0.9609375
1432 0.9609375
1433 0.9609375
1434 0.9609375
1435 0.9609375
1436 0.9609375
1437 0.9609375
1438 0.9609375
1439 0.9609375
1440 0.9609375
1441 0.9609375
1442 0.9609375
1443 0.9609375
1444 0.9609375
1445 0.9609375
1446 0.9609375
1447 0.9609375
1448 0.9609375
1449 0.9609375
1450 0.9609375
1451 0.9609375
1452 0.9609375
1453 0.9609375
1454 0.9609375
1455 0.9609375
1456 0.9609375
1457 0.9609375
1458 0.9609375
1459 0.9609375
1460 0.9609375
1461 0.9609375
1462 0.9609375
1463 0.9609375
1464 0.9609375
1465 0.9609375
1466 0.9609375
1467 0.9609375
1468 0.9609375
1469 0.9609375
1470 0.9609375
1471 0.9609375
1472 0.9609375
1473 0.9609375
1474 0.9609375
1475 0.9609375
1476 0.9609375
1477 0.9609375
1478 0.9609375
1479 0.9609375
1480 0.9609375
1481 0.9609375
1482 0.9609375
1483 0.9609375
1484 0.9609375
1485 0.9609375
1486 0.9609375
1487 0.9609375
1488 0.9609375
1489 0.9609375
1490 0.9609375
1491 0.9609375
1492 0.9609375
1493 0.9609375
1494 0.9609375
1495 0.9609375
1496 0.9609375
1497 0.9609375
1498 0.9609375
1499 0.9609375
1500 0.9609375
1501 0.9609375
1502 0.9609375
1503 0.9609375
1504 0.9609375
1505 0.9609375
1506 0.9609375
1507 0.9609375
1508 0.9609375
1509 0.9609375
1510 0.9609375
1511 0.9609375
1512 0.9609375
1513 0.9609375
1514 0.9609375
1515 0.9609375
1516 0.9609375
1517 0.9609375
1518 0.9609375
1519 0.9609375
1520 0.9609375
1521 0.9609375
1522 0.9609375
1523 0.9609375
1524 0.9609375
1525 0.9609375
1526 0.9609375
1527 0.9609375
1528 0.9609375
1529 0.9609375
1530 0.9609375
1531 0.9609375
1532 0.9609375
1533 0.9609375
1534 0.9609375
1535 0.9609375
1536 0.9609375
1537 0.9609375
1538 0.9609375
1539 0.9609375
1540 0.9609375
1541 0.9609375
1542 0.9609375
1543 0.9609375
1544 0.9609375
1545 0.9609375
1546 0.9609375
1547 0.9609375
1548 0.9609375
1549 0.9609375
1550 0.9609375
1551 0.9609375
1552 0.9609375
1553 0.9609375
1554 0.9609375
1555 0.9609375
1556 0.9609375
1557 0.9609375
1558 0.9609375
1559 0.9609375
1560 0.9609375
1561 0.9609375
1562 0.9609375
1563 0.9609375
1564 0.9609375
1565 0.9609375
1566 0.9609375
1567 0.9609375
1568 0.962890625
1569 0.962890625
1570 0.962890625
1571 0.962890625
1572 0.962890625
1573 0.962890625
1574 0.962890625
1575 0.962890625
1576 0.962890625
1577 0.962890625
1578 0.962890625
1579 0.962890625
1580 0.962890625
1581 0.962890625
1582 0.962890625
1583 0.962890625
1584 0.962890625
1585 0.962890625
1586 0.962890625
1587 0.962890625
1588 0.962890625
1589 0.962890625
1590 0.962890625
1591 0.962890625
1592 0.962890625
1593 0.962890625
1594 0.962890625
1595 0.962890625
1596 0.962890625
1597 0.962890625
1598 0.962890625
1599 0.962890625
1600 0.962890625
1601 0.962890625
1602 0.962890625
1603 0.962890625
1604 0.962890625
1605 0.962890625
1606 0.962890625
1607 0.962890625
1608 0.962890625
1609 0.962890625
1610 0.962890625
1611 0.962890625
1612 0.962890625
1613 0.962890625
1614 0.962890625
1615 0.962890625
1616 0.962890625
1617 0.962890625
1618 0.962890625
1619 0.962890625
1620 0.962890625
1621 0.962890625
1622 0.962890625
1623 0.962890625
1624 0.962890625
1625 0.962890625
1626 0.962890625
1627 0.962890625
1628 0.962890625
1629 0.962890625
1630 0.962890625
1631 0.962890625
1632 0.962890625
1633 0.962890625
1634 0.962890625
1635 0.962890625
1636 0.962890625
1637 0.962890625
1638 0.962890625
1639 0.962890625
1640 0.962890625
1641 0.962890625
1642 0.962890625
1643 0.962890625
1644 0.962890625
1645 0.962890625
1646 0.962890625
1647 0.962890625
1648 0.962890625
1649 0.962890625
1650 0.962890625
1651 0.962890625
1652 0.962890625
1653 0.962890625
1654 0.962890625
1655 0.962890625
1656 0.962890625
1657 0.962890625
1658 0.962890625
1659 0.962890625
1660 0.962890625
1661 0.962890625
1662 0.962890625
1663 0.962890625
1664 0.962890625
1665 0.962890625
1666 0.962890625
1667 0.962890625
1668 0.962890625
1669 0.962890625
1670 0.962890625
1671 0.962890625
1672 0.962890625
1673 0.962890625
1674 0.962890625
1675 0.962890625
1676 0.962890625
1677 0.962890625
1678 0.962890625
1679 0.962890625
1680 0.962890625
1681 0.962890625
1682 0.962890625
1683 0.962890625
1684 0.962890625
1685 0.962890625
1686 0.962890625
1687 0.962890625
1688 0.962890625
1689 0.962890625
1690 0.962890625
1691 0.962890625
1692 0.962890625
1693 0.962890625
1694 0.962890625
1695 0.962890625
1696 0.962890625
1697 0.962890625
1698 0.962890625
1699 0.962890625
1700 0.962890625
1701 0.962890625
1702 0.962890625
1703 0.962890625
1704 0.962890625
1705 0.962890625
1706 0.962890625
1707 0.962890625
1708 0.962890625
1709 0.962890625
1710 0.962890625
1711 0.962890625
1712 0.962890625
1713 0.962890625
1714 0.962890625
1715 0.962890625
1716 0.962890625
1717 0.962890625
1718 0.962890625
1719 0.962890625
1720 0.962890625
1721 0.962890625
1722 0.962890625
1723 0.962890625
1724 0.962890625
1725 0.962890625
1726 0.962890625
1727 0.962890625
1728 0.962890625
1729 0.962890625
1730 0.962890625
1731 0.962890625
1732 0.962890625
1733 0.962890625
1734 0.962890625
1735 0.962890625
1736 0.962890625
1737 0.962890625
1738 0.962890625
1739 0.962890625
1740 0.962890625
1741 0.962890625
1742 0.962890625
1743 0.962890625
1744 0.962890625
1745 0.962890625
1746 0.962890625
1747 0.962890625
1748 0.962890625
1749 0.962890625
1750 0.962890625
1751 0.962890625
1752 0.962890625
1753 0.962890625
1754 0.962890625
1755 0.962890625
1756 0.962890625
1757 0.962890625
1758 0.962890625
1759 0.962890625
1760 0.962890625
1761 0.962890625
1762 0.962890625
1763 0.962890625
1764 0.962890625
1765 0.962890625
1766 0.962890625
1767 0.962890625
1768 0.962890625
1769 0.962890625
1770 0.962890625
1771 0.962890625
1772 0.962890625
1773 0.962890625
1774 0.962890625
1775 0.962890625
1776 0.962890625
1777 0.962890625
1778 0.962890625
1779 0.962890625
1780 0.962890625
1781 0.962890625
1782 0.962890625
1783 0.962890625
1784 0.962890625
1785 0.962890625
1786 0.962890625
1787 0.962890625
1788 0.962890625
1789 0.962890625
1790 0.962890625
1791 0.962890625
1792 0.962890625
1793 0.962890625
1794 0.962890625
1795 0.962890625
1796 0.962890625
1797 0.962890625
1798 0.962890625
1799 0.962890625
1800 0.962890625
1801 0.962890625
1802 0.962890625
1803 0.962890625
1804 0.962890625
1805 0.962890625
1806 0.962890625
1807 0.962890625
1808 0.962890625
1809 0.962890625
1810 0.962890625
1811 0.962890625
1812 0.962890625
1813 0.962890625
1814 0.962890625
1815 0.962890625
1816 0.962890625
1817 0.962890625
1818 0.962890625
1819 0.962890625
1820 0.962890625
1821 0.962890625
1822 0.962890625
1823 0.962890625
1824 0.962890625
1825 0.962890625
1826 0.962890625
1827 0.962890625
1828 0.962890625
1829 0.962890625
1830 0.962890625
1831 0.962890625
1832 0.962890625
1833 0.962890625
1834 0.962890625
1835 0.962890625
1836 0.962890625
1837 0.962890625
1838 0.962890625
1839 0.962890625
1840 0.962890625
1841 0.962890625
1842 0.962890625
1843 0.962890625
1844 0.962890625
1845 0.962890625
1846 0.962890625
1847 0.962890625
1848 0.962890625
1849 0.962890625
1850 0.962890625
1851 0.962890625
1852 0.962890625
1853 0.962890625
1854 0.962890625
1855 0.962890625
1856 0.962890625
1857 0.962890625
1858 0.962890625
1859 0.962890625
1860 0.962890625
1861 0.962890625
1862 0.962890625
1863 0.962890625
1864 0.962890625
1865 0.962890625
1866 0.962890625
1867 0.962890625
1868 0.962890625
1869 0.962890625
1870 0.962890625
1871 0.962890625
1872 0.962890625
1873 0.962890625
1874 0.962890625
1875 0.962890625
1876 0.962890625
1877 0.962890625
1878 0.962890625
1879 0.962890625
1880 0.962890625
1881 0.962890625
1882 0.962890625
1883 0.962890625
1884 0.962890625
1885 0.962890625
1886 0.962890625
1887 0.962890625
1888 0.962890625
1889 0.962890625
1890 0.962890625
1891 0.962890625
1892 0.962890625
1893 0.962890625
1894 0.962890625
1895 0.962890625
1896 0.962890625
1897 0.962890625
1898 0.962890625
1899 0.962890625
1900 0.962890625
1901 0.962890625
1902 0.962890625
1903 0.962890625
1904 0.962890625
1905 0.962890625
1906 0.962890625
1907 0.962890625
1908 0.962890625
1909 0.962890625
1910 0.962890625
1911 0.962890625
1912 0.962890625
1913 0.962890625
1914 0.962890625
1915 0.962890625
1916 0.962890625
1917 0.962890625
1918 0.962890625
1919 0.962890625
1920 0.962890625
1921 0.962890625
1922 0.962890625
1923 0.962890625
1924 0.962890625
1925 0.962890625
1926 0.962890625
1927 0.962890625
1928 0.962890625
1929 0.962890625
1930 0.962890625
1931 0.962890625
1932 0.962890625
1933 0.962890625
1934 0.962890625
1935 0.962890625
1936 0.962890625
1937 0.962890625
1938 0.962890625
1939 0.962890625
1940 0.962890625
1941 0.962890625
1942 0.962890625
1943 0.962890625
1944 0.962890625
1945 0.962890625
1946 0.962890625
1947 0.962890625
1948 0.962890625
1949 0.962890625
1950 0.962890625
1951 0.962890625
1952 0.962890625
1953 0.962890625
1954 0.962890625
1955 0.962890625
1956 0.962890625
1957 0.966796875
1958 0.966796875
1959 0.966796875
1960 0.966796875
1961 0.966796875
1962 0.966796875
1963 0.966796875
1964 0.96875
1965 0.96875
1966 0.96875
1967 0.96875
1968 0.96875
1969 0.96875
1970 0.96875
1971 0.96875
1972 0.96875
1973 0.96875
1974 0.96875
1975 0.96875
1976 0.96875
1977 0.96875
1978 0.96875
1979 0.96875
1980 0.96875
1981 0.96875
1982 0.96875
1983 0.96875
1984 0.96875
1985 0.96875
1986 0.96875
1987 0.96875
1988 0.96875
1989 0.96875
1990 0.96875
1991 0.96875
1992 0.96875
1993 0.96875
1994 0.96875
1995 0.96875
1996 0.96875
1997 0.96875
1998 0.96875
1999 0.96875
2000 0.96875
2001 0.96875
2002 0.96875
2003 0.96875
2004 0.96875
2005 0.96875
2006 0.96875
2007 0.96875
2008 0.96875
2009 0.96875
2010 0.96875
2011 0.96875
2012 0.96875
2013 0.96875
2014 0.96875
2015 0.96875
2016 0.96875
2017 0.96875
2018 0.96875
2019 0.96875
2020 0.96875
2021 0.96875
2022 0.96875
2023 0.96875
2024 0.96875
2025 0.96875
2026 0.96875
2027 0.96875
2028 0.96875
2029 0.96875
2030 0.96875
2031 0.96875
2032 0.96875
2033 0.96875
2034 0.96875
2035 0.96875
2036 0.96875
2037 0.9697265625
2038 0.9697265625
2039 0.9697265625
2040 0.9697265625
2041 0.9697265625
2042 0.9697265625
2043 0.9697265625
2044 0.9697265625
2045 0.9697265625
2046 0.9697265625
2047 0.9697265625
2048 0.9697265625
2049 0.9697265625
2050 0.9697265625
2051 0.9697265625
2052 0.9697265625
2053 0.9697265625
2054 0.9697265625
2055 0.9697265625
2056 0.9697265625
2057 0.9697265625
2058 0.9697265625
2059 0.9697265625
2060 0.9697265625
2061 0.9697265625
2062 0.9697265625
2063 0.9697265625
2064 0.9697265625
2065 0.9697265625
2066 0.9697265625
2067 0.9697265625
2068 0.9697265625
2069 0.9697265625
2070 0.9697265625
2071 0.9697265625
2072 0.9697265625
2073 0.9697265625
2074 0.9697265625
2075 0.9697265625
2076 0.9697265625
2077 0.9697265625
2078 0.9697265625
2079 0.9697265625
2080 0.9697265625
2081 0.9697265625
2082 0.9697265625
2083 0.9697265625
2084 0.9697265625
2085 0.9697265625
2086 0.9697265625
2087 0.9697265625
2088 0.9697265625
2089 0.9697265625
2090 0.9697265625
2091 0.9697265625
2092 0.9697265625
2093 0.9697265625
2094 0.9697265625
2095 0.9697265625
2096 0.9697265625
2097 0.9697265625
2098 0.9697265625
2099 0.9697265625
2100 0.9697265625
2101 0.9697265625
2102 0.970703125
2103 0.970703125
2104 0.970703125
2105 0.970703125
2106 0.970703125
2107 0.970703125
2108 0.970703125
2109 0.970703125
2110 0.970703125
2111 0.970703125
2112 0.970703125
2113 0.970703125
2114 0.970703125
2115 0.970703125
2116 0.970703125
2117 0.970703125
2118 0.970703125
2119 0.970703125
2120 0.970703125
2121 0.970703125
2122 0.970703125
2123 0.970703125
2124 0.970703125
2125 0.970703125
2126 0.970703125
2127 0.970703125
2128 0.970703125
2129 0.970703125
2130 0.970703125
2131 0.970703125
2132 0.970703125
2133 0.970703125
2134 0.970703125
2135 0.970703125
2136 0.970703125
2137 0.970703125
2138 0.970703125
2139 0.970703125
2140 0.970703125
2141 0.970703125
2142 0.970703125
2143 0.970703125
2144 0.970703125
2145 0.970703125
2146 0.970703125
2147 0.970703125
2148 0.970703125
2149 0.970703125
2150 0.970703125
2151 0.970703125
2152 0.970703125
2153 0.970703125
2154 0.970703125
2155 0.970703125
2156 0.970703125
2157 0.970703125
2158 0.970703125
2159 0.970703125
2160 0.970703125
2161 0.970703125
2162 0.970703125
2163 0.970703125
2164 0.970703125
2165 0.970703125
2166 0.970703125
2167 0.970703125
2168 0.970703125
2169 0.970703125
2170 0.970703125
2171 0.970703125
2172 0.970703125
2173 0.970703125
2174 0.970703125
2175 0.970703125
2176 0.970703125
2177 0.970703125
2178 0.970703125
2179 0.970703125
2180 0.970703125
2181 0.970703125
2182 0.970703125
2183 0.970703125
2184 0.970703125
2185 0.970703125
2186 0.970703125
2187 0.970703125
2188 0.970703125
2189 0.970703125
2190 0.970703125
2191 0.970703125
2192 0.970703125
2193 0.970703125
2194 0.970703125
2195 0.970703125
2196 0.970703125
2197 0.970703125
2198 0.970703125
2199 0.970703125
2200 0.970703125
2201 0.970703125
2202 0.970703125
2203 0.970703125
2204 0.970703125
2205 0.970703125
2206 0.970703125
2207 0.970703125
2208 0.970703125
2209 0.970703125
2210 0.970703125
2211 0.970703125
2212 0.970703125
2213 0.970703125
2214 0.970703125
2215 0.970703125
2216 0.970703125
2217 0.970703125
2218 0.970703125
2219 0.970703125
2220 0.970703125
2221 0.970703125
2222 0.970703125
2223 0.970703125
2224 0.970703125
2225 0.970703125
2226 0.970703125
2227 0.970703125
2228 0.970703125
2229 0.970703125
2230 0.970703125
2231 0.970703125
2232 0.970703125
2233 0.970703125
2234 0.970703125
2235 0.970703125
2236 0.970703125
2237 0.970703125
2238 0.970703125
2239 0.970703125
2240 0.970703125
2241 0.970703125
2242 0.970703125
2243 0.970703125
2244 0.970703125
2245 0.970703125
2246 0.970703125
2247 0.970703125
2248 0.970703125
2249 0.970703125
2250 0.970703125
2251 0.970703125
2252 0.970703125
2253 0.970703125
2254 0.970703125
2255 0.970703125
2256 0.970703125
2257 0.970703125
2258 0.970703125
2259 0.970703125
2260 0.970703125
2261 0.970703125
2262 0.970703125
2263 0.970703125
2264 0.970703125
2265 0.970703125
2266 0.970703125
2267 0.970703125
2268 0.970703125
2269 0.970703125
2270 0.970703125
2271 0.970703125
2272 0.970703125
2273 0.970703125
2274 0.970703125
2275 0.970703125
2276 0.970703125
2277 0.970703125
2278 0.970703125
2279 0.970703125
2280 0.970703125
2281 0.970703125
2282 0.970703125
2283 0.970703125
2284 0.970703125
2285 0.970703125
2286 0.970703125
2287 0.970703125
2288 0.970703125
2289 0.970703125
2290 0.970703125
2291 0.970703125
2292 0.970703125
2293 0.970703125
2294 0.970703125
2295 0.970703125
2296 0.970703125
2297 0.970703125
2298 0.970703125
2299 0.970703125
2300 0.970703125
2301 0.970703125
2302 0.970703125
2303 0.970703125
2304 0.970703125
2305 0.970703125
2306 0.970703125
2307 0.970703125
2308 0.970703125
2309 0.970703125
2310 0.970703125
2311 0.970703125
2312 0.970703125
2313 0.970703125
2314 0.970703125
2315 0.970703125
2316 0.970703125
2317 0.970703125
2318 0.970703125
2319 0.970703125
2320 0.970703125
2321 0.970703125
2322 0.970703125
2323 0.970703125
2324 0.970703125
2325 0.970703125
2326 0.970703125
2327 0.970703125
2328 0.970703125
2329 0.970703125
2330 0.970703125
2331 0.970703125
2332 0.970703125
2333 0.970703125
2334 0.970703125
2335 0.970703125
2336 0.970703125
2337 0.970703125
2338 0.970703125
2339 0.970703125
2340 0.970703125
2341 0.970703125
2342 0.970703125
2343 0.970703125
2344 0.970703125
2345 0.970703125
2346 0.970703125
2347 0.970703125
2348 0.970703125
2349 0.970703125
2350 0.970703125
2351 0.970703125
2352 0.970703125
2353 0.970703125
2354 0.970703125
2355 0.970703125
2356 0.970703125
2357 0.970703125
2358 0.970703125
2359 0.970703125
2360 0.970703125
2361 0.970703125
2362 0.970703125
2363 0.970703125
2364 0.970703125
2365 0.970703125
2366 0.970703125
2367 0.970703125
2368 0.970703125
2369 0.970703125
2370 0.970703125
2371 0.970703125
2372 0.970703125
2373 0.970703125
2374 0.970703125
2375 0.970703125
2376 0.970703125
2377 0.970703125
2378 0.970703125
2379 0.970703125
2380 0.970703125
2381 0.970703125
2382 0.970703125
2383 0.970703125
2384 0.970703125
2385 0.970703125
2386 0.970703125
2387 0.970703125
2388 0.970703125
2389 0.970703125
2390 0.970703125
2391 0.970703125
2392 0.970703125
2393 0.970703125
2394 0.970703125
2395 0.970703125
2396 0.970703125
2397 0.970703125
2398 0.970703125
2399 0.970703125
2400 0.970703125
2401 0.970703125
2402 0.970703125
2403 0.970703125
2404 0.970703125
2405 0.970703125
2406 0.970703125
2407 0.970703125
2408 0.970703125
2409 0.970703125
2410 0.970703125
2411 0.970703125
2412 0.970703125
2413 0.970703125
2414 0.970703125
2415 0.970703125
2416 0.970703125
2417 0.970703125
2418 0.970703125
2419 0.970703125
2420 0.970703125
2421 0.970703125
2422 0.970703125
2423 0.970703125
2424 0.970703125
2425 0.970703125
2426 0.970703125
2427 0.970703125
2428 0.970703125
2429 0.970703125
2430 0.970703125
2431 0.970703125
2432 0.970703125
2433 0.970703125
2434 0.970703125
2435 0.970703125
2436 0.970703125
2437 0.970703125
2438 0.970703125
2439 0.970703125
2440 0.970703125
2441 0.970703125
2442 0.970703125
2443 0.970703125
2444 0.970703125
2445 0.970703125
2446 0.970703125
2447 0.970703125
2448 0.970703125
2449 0.970703125
2450 0.970703125
2451 0.970703125
2452 0.970703125
2453 0.970703125
2454 0.970703125
2455 0.970703125
2456 0.970703125
2457 0.970703125
2458 0.970703125
2459 0.970703125
2460 0.970703125
2461 0.970703125
2462 0.970703125
2463 0.970703125
2464 0.970703125
2465 0.970703125
2466 0.970703125
2467 0.970703125
2468 0.970703125
2469 0.970703125
2470 0.970703125
2471 0.970703125
2472 0.970703125
2473 0.970703125
2474 0.970703125
2475 0.970703125
2476 0.970703125
2477 0.970703125
2478 0.970703125
2479 0.970703125
2480 0.970703125
2481 0.970703125
2482 0.970703125
2483 0.970703125
2484 0.970703125
2485 0.970703125
2486 0.970703125
2487 0.970703125
2488 0.970703125
2489 0.970703125
2490 0.970703125
2491 0.970703125
2492 0.970703125
2493 0.970703125
2494 0.970703125
2495 0.970703125
2496 0.970703125
2497 0.970703125
2498 0.970703125
2499 0.970703125
2500 0.970703125
2501 0.970703125
2502 0.970703125
2503 0.970703125
2504 0.970703125
2505 0.970703125
2506 0.970703125
2507 0.970703125
2508 0.970703125
2509 0.970703125
2510 0.970703125
2511 0.970703125
2512 0.970703125
2513 0.970703125
2514 0.970703125
2515 0.970703125
2516 0.970703125
2517 0.970703125
2518 0.970703125
2519 0.970703125
2520 0.970703125
2521 0.970703125
2522 0.970703125
2523 0.970703125
2524 0.970703125
2525 0.970703125
2526 0.970703125
2527 0.970703125
2528 0.970703125
2529 0.970703125
2530 0.970703125
2531 0.970703125
2532 0.970703125
2533 0.970703125
2534 0.970703125
2535 0.970703125
2536 0.970703125
2537 0.970703125
2538 0.970703125
2539 0.970703125
2540 0.970703125
2541 0.970703125
2542 0.970703125
2543 0.970703125
2544 0.970703125
2545 0.970703125
2546 0.970703125
2547 0.970703125
2548 0.970703125
2549 0.970703125
2550 0.970703125
2551 0.970703125
2552 0.970703125
2553 0.970703125
2554 0.970703125
2555 0.970703125
2556 0.970703125
2557 0.970703125
2558 0.970703125
2559 0.970703125
2560 0.970703125
2561 0.970703125
2562 0.970703125
2563 0.970703125
2564 0.970703125
2565 0.970703125
2566 0.970703125
2567 0.970703125
2568 0.970703125
2569 0.970703125
2570 0.970703125
2571 0.970703125
2572 0.970703125
2573 0.970703125
2574 0.970703125
2575 0.970703125
2576 0.970703125
2577 0.970703125
2578 0.970703125
2579 0.970703125
2580 0.970703125
2581 0.970703125
2582 0.970703125
2583 0.970703125
2584 0.970703125
2585 0.970703125
2586 0.970703125
2587 0.970703125
2588 0.970703125
2589 0.970703125
2590 0.970703125
2591 0.970703125
2592 0.970703125
2593 0.970703125
2594 0.970703125
2595 0.970703125
2596 0.970703125
2597 0.970703125
2598 0.970703125
2599 0.970703125
2600 0.970703125
2601 0.970703125
2602 0.970703125
2603 0.970703125
2604 0.970703125
2605 0.970703125
2606 0.970703125
2607 0.970703125
2608 0.970703125
2609 0.970703125
2610 0.970703125
2611 0.970703125
2612 0.970703125
2613 0.970703125
2614 0.970703125
2615 0.970703125
2616 0.970703125
2617 0.970703125
2618 0.970703125
2619 0.970703125
2620 0.970703125
2621 0.970703125
2622 0.970703125
2623 0.970703125
2624 0.970703125
2625 0.970703125
2626 0.970703125
2627 0.970703125
2628 0.970703125
2629 0.970703125
2630 0.970703125
2631 0.970703125
2632 0.970703125
2633 0.970703125
2634 0.970703125
2635 0.970703125
2636 0.970703125
2637 0.970703125
2638 0.970703125
2639 0.970703125
2640 0.970703125
2641 0.970703125
2642 0.970703125
2643 0.970703125
2644 0.970703125
2645 0.970703125
2646 0.970703125
2647 0.970703125
2648 0.970703125
2649 0.970703125
2650 0.970703125
2651 0.970703125
2652 0.970703125
2653 0.970703125
2654 0.970703125
2655 0.970703125
2656 0.970703125
2657 0.970703125
2658 0.970703125
2659 0.970703125
2660 0.970703125
2661 0.970703125
2662 0.970703125
2663 0.970703125
2664 0.970703125
2665 0.970703125
2666 0.970703125
2667 0.970703125
2668 0.970703125
2669 0.970703125
2670 0.970703125
2671 0.970703125
2672 0.970703125
2673 0.970703125
2674 0.970703125
2675 0.970703125
2676 0.970703125
2677 0.970703125
2678 0.970703125
2679 0.970703125
2680 0.970703125
2681 0.970703125
2682 0.970703125
2683 0.970703125
2684 0.970703125
2685 0.970703125
2686 0.970703125
2687 0.970703125
2688 0.970703125
2689 0.970703125
2690 0.970703125
2691 0.970703125
2692 0.970703125
2693 0.970703125
2694 0.970703125
2695 0.970703125
2696 0.970703125
2697 0.970703125
2698 0.970703125
2699 0.970703125
2700 0.970703125
2701 0.970703125
2702 0.970703125
2703 0.970703125
2704 0.970703125
2705 0.970703125
2706 0.970703125
2707 0.970703125
2708 0.970703125
2709 0.970703125
2710 0.970703125
2711 0.970703125
2712 0.970703125
2713 0.970703125
2714 0.970703125
2715 0.970703125
2716 0.970703125
2717 0.970703125
2718 0.970703125
2719 0.970703125
2720 0.970703125
2721 0.970703125
2722 0.970703125
2723 0.970703125
2724 0.970703125
2725 0.970703125
2726 0.970703125
2727 0.970703125
2728 0.970703125
2729 0.970703125
2730 0.970703125
2731 0.970703125
2732 0.970703125
2733 0.970703125
2734 0.970703125
2735 0.970703125
2736 0.970703125
2737 0.970703125
2738 0.970703125
2739 0.970703125
2740 0.970703125
2741 0.970703125
2742 0.970703125
2743 0.970703125
2744 0.970703125
2745 0.970703125
2746 0.970703125
2747 0.970703125
2748 0.970703125
2749 0.970703125
2750 0.970703125
2751 0.970703125
2752 0.970703125
2753 0.970703125
2754 0.970703125
2755 0.970703125
2756 0.970703125
2757 0.970703125
2758 0.970703125
2759 0.970703125
2760 0.970703125
2761 0.970703125
2762 0.970703125
2763 0.970703125
2764 0.970703125
2765 0.970703125
2766 0.970703125
2767 0.970703125
2768 0.970703125
2769 0.970703125
2770 0.970703125
2771 0.970703125
2772 0.970703125
2773 0.970703125
2774 0.970703125
2775 0.970703125
2776 0.970703125
2777 0.970703125
2778 0.970703125
2779 0.970703125
2780 0.970703125
2781 0.970703125
2782 0.970703125
2783 0.970703125
2784 0.970703125
2785 0.970703125
2786 0.970703125
2787 0.970703125
2788 0.970703125
2789 0.970703125
2790 0.970703125
2791 0.970703125
2792 0.970703125
2793 0.970703125
2794 0.970703125
2795 0.970703125
2796 0.970703125
2797 0.970703125
2798 0.970703125
2799 0.970703125
2800 0.970703125
2801 0.970703125
2802 0.970703125
2803 0.970703125
2804 0.970703125
2805 0.970703125
2806 0.970703125
2807 0.970703125
2808 0.970703125
2809 0.970703125
2810 0.970703125
2811 0.970703125
2812 0.970703125
2813 0.970703125
2814 0.970703125
2815 0.970703125
2816 0.970703125
2817 0.970703125
2818 0.970703125
2819 0.970703125
2820 0.970703125
2821 0.970703125
2822 0.970703125
2823 0.970703125
2824 0.970703125
2825 0.970703125
2826 0.970703125
2827 0.970703125
2828 0.970703125
2829 0.970703125
2830 0.970703125
2831 0.970703125
2832 0.970703125
2833 0.970703125
2834 0.970703125
2835 0.970703125
2836 0.970703125
2837 0.970703125
2838 0.970703125
2839 0.970703125
2840 0.970703125
2841 0.970703125
2842 0.970703125
2843 0.970703125
2844 0.970703125
2845 0.970703125
2846 0.970703125
2847 0.970703125
2848 0.970703125
2849 0.970703125
2850 0.970703125
2851 0.970703125
2852 0.970703125
2853 0.970703125
2854 0.970703125
2855 0.970703125
2856 0.970703125
2857 0.970703125
2858 0.970703125
2859 0.970703125
2860 0.970703125
2861 0.970703125
2862 0.970703125
2863 0.970703125
2864 0.970703125
2865 0.970703125
2866 0.970703125
2867 0.970703125
2868 0.970703125
2869 0.970703125
2870 0.970703125
2871 0.970703125
2872 0.970703125
2873 0.970703125
2874 0.970703125
2875 0.970703125
2876 0.970703125
2877 0.970703125
2878 0.970703125
2879 0.970703125
2880 0.970703125
2881 0.970703125
2882 0.970703125
2883 0.970703125
2884 0.970703125
2885 0.970703125
2886 0.970703125
2887 0.970703125
2888 0.970703125
2889 0.970703125
2890 0.970703125
2891 0.970703125
2892 0.970703125
2893 0.970703125
2894 0.970703125
2895 0.970703125
2896 0.970703125
2897 0.970703125
2898 0.970703125
2899 0.970703125
2900 0.970703125
2901 0.970703125
2902 0.970703125
2903 0.970703125
2904 0.970703125
2905 0.970703125
2906 0.970703125
2907 0.970703125
2908 0.970703125
2909 0.970703125
2910 0.970703125
2911 0.970703125
2912 0.970703125
2913 0.970703125
2914 0.970703125
2915 0.970703125
2916 0.970703125
2917 0.970703125
2918 0.970703125
2919 0.970703125
2920 0.970703125
2921 0.970703125
2922 0.970703125
2923 0.970703125
2924 0.970703125
2925 0.970703125
2926 0.970703125
2927 0.970703125
2928 0.970703125
2929 0.970703125
2930 0.970703125
2931 0.970703125
2932 0.970703125
2933 0.970703125
2934 0.970703125
2935 0.970703125
2936 0.970703125
2937 0.970703125
2938 0.970703125
2939 0.970703125
2940 0.970703125
2941 0.970703125
2942 0.970703125
2943 0.970703125
2944 0.970703125
2945 0.970703125
2946 0.970703125
2947 0.970703125
2948 0.970703125
2949 0.970703125
2950 0.970703125
2951 0.970703125
2952 0.970703125
2953 0.970703125
2954 0.970703125
2955 0.970703125
2956 0.970703125
2957 0.970703125
2958 0.970703125
2959 0.970703125
2960 0.970703125
2961 0.970703125
2962 0.970703125
2963 0.970703125
2964 0.970703125
2965 0.970703125
2966 0.970703125
2967 0.970703125
2968 0.970703125
2969 0.970703125
2970 0.970703125
2971 0.970703125
2972 0.970703125
2973 0.970703125
2974 0.970703125
2975 0.970703125
2976 0.970703125
2977 0.970703125
2978 0.970703125
2979 0.970703125
2980 0.970703125
2981 0.970703125
2982 0.970703125
2983 0.970703125
2984 0.970703125
2985 0.970703125
2986 0.970703125
2987 0.970703125
2988 0.970703125
2989 0.970703125
2990 0.970703125
2991 0.970703125
2992 0.970703125
2993 0.970703125
2994 0.970703125
2995 0.970703125
2996 0.970703125
2997 0.970703125
2998 0.970703125
2999 0.970703125
3000 0.970703125
3001 0.970703125
3002 0.970703125
3003 0.970703125
3004 0.970703125
3005 0.970703125
3006 0.970703125
3007 0.970703125
3008 0.970703125
3009 0.970703125
3010 0.970703125
3011 0.970703125
3012 0.970703125
3013 0.970703125
3014 0.970703125
3015 0.970703125
3016 0.970703125
3017 0.970703125
3018 0.970703125
3019 0.970703125
3020 0.970703125
3021 0.970703125
3022 0.970703125
3023 0.970703125
3024 0.970703125
3025 0.970703125
3026 0.970703125
3027 0.970703125
3028 0.970703125
3029 0.970703125
3030 0.970703125
3031 0.970703125
3032 0.970703125
3033 0.970703125
3034 0.970703125
3035 0.970703125
3036 0.970703125
3037 0.970703125
3038 0.970703125
3039 0.970703125
3040 0.970703125
3041 0.970703125
3042 0.970703125
3043 0.970703125
3044 0.970703125
3045 0.970703125
3046 0.970703125
3047 0.970703125
3048 0.970703125
3049 0.970703125
3050 0.970703125
3051 0.970703125
3052 0.970703125
3053 0.970703125
3054 0.970703125
3055 0.970703125
3056 0.970703125
3057 0.970703125
3058 0.970703125
3059 0.970703125
3060 0.970703125
3061 0.970703125
3062 0.970703125
3063 0.970703125
3064 0.970703125
3065 0.970703125
3066 0.970703125
3067 0.970703125
3068 0.970703125
3069 0.970703125
3070 0.970703125
3071 0.970703125
3072 0.970703125
3073 0.970703125
3074 0.970703125
3075 0.970703125
3076 0.970703125
3077 0.970703125
3078 0.970703125
3079 0.970703125
3080 0.970703125
3081 0.970703125
3082 0.970703125
3083 0.970703125
3084 0.970703125
3085 0.970703125
3086 0.970703125
3087 0.970703125
3088 0.970703125
3089 0.970703125
3090 0.970703125
3091 0.970703125
3092 0.970703125
3093 0.970703125
3094 0.970703125
3095 0.970703125
3096 0.970703125
3097 0.970703125
3098 0.970703125
3099 0.970703125
3100 0.970703125
3101 0.970703125
3102 0.970703125
3103 0.970703125
3104 0.970703125
3105 0.970703125
3106 0.970703125
3107 0.970703125
3108 0.970703125
3109 0.970703125
3110 0.970703125
3111 0.970703125
3112 0.970703125
3113 0.970703125
3114 0.970703125
3115 0.970703125
3116 0.970703125
3117 0.970703125
3118 0.970703125
3119 0.970703125
3120 0.970703125
3121 0.970703125
3122 0.970703125
3123 0.970703125
3124 0.970703125
3125 0.970703125
3126 0.970703125
3127 0.970703125
3128 0.970703125
3129 0.970703125
3130 0.970703125
3131 0.970703125
3132 0.970703125
3133 0.970703125
3134 0.970703125
3135 0.970703125
3136 0.970703125
3137 0.970703125
3138 0.970703125
3139 0.970703125
3140 0.970703125
3141 0.970703125
3142 0.970703125
3143 0.970703125
3144 0.970703125
3145 0.970703125
3146 0.970703125
3147 0.970703125
3148 0.970703125
3149 0.970703125
3150 0.970703125
3151 0.970703125
3152 0.970703125
3153 0.970703125
3154 0.970703125
3155 0.970703125
3156 0.970703125
3157 0.970703125
3158 0.970703125
3159 0.970703125
3160 0.970703125
3161 0.970703125
3162 0.970703125
3163 0.970703125
3164 0.970703125
3165 0.970703125
3166 0.970703125
3167 0.970703125
3168 0.970703125
3169 0.970703125
3170 0.970703125
3171 0.970703125
3172 0.970703125
3173 0.970703125
3174 0.970703125
3175 0.970703125
3176 0.970703125
3177 0.970703125
3178 0.970703125
3179 0.970703125
3180 0.970703125
3181 0.970703125
3182 0.970703125
3183 0.970703125
3184 0.970703125
3185 0.970703125
3186 0.970703125
3187 0.970703125
3188 0.970703125
3189 0.970703125
3190 0.970703125
3191 0.970703125
3192 0.970703125
3193 0.970703125
3194 0.970703125
3195 0.970703125
3196 0.970703125
3197 0.970703125
3198 0.970703125
3199 0.970703125
3200 0.970703125
3201 0.970703125
3202 0.970703125
3203 0.970703125
3204 0.970703125
3205 0.970703125
3206 0.970703125
3207 0.970703125
3208 0.970703125
3209 0.970703125
3210 0.970703125
3211 0.970703125
3212 0.970703125
3213 0.970703125
3214 0.970703125
3215 0.970703125
3216 0.970703125
3217 0.970703125
3218 0.970703125
3219 0.970703125
3220 0.970703125
3221 0.970703125
3222 0.970703125
3223 0.970703125
3224 0.970703125
3225 0.970703125
3226 0.970703125
3227 0.970703125
3228 0.970703125
3229 0.970703125
3230 0.970703125
3231 0.970703125
3232 0.970703125
3233 0.970703125
3234 0.970703125
3235 0.970703125
3236 0.970703125
3237 0.970703125
3238 0.970703125
3239 0.970703125
3240 0.970703125
3241 0.970703125
3242 0.970703125
3243 0.970703125
3244 0.970703125
3245 0.970703125
3246 0.970703125
3247 0.970703125
3248 0.970703125
3249 0.970703125
3250 0.970703125
3251 0.970703125
3252 0.970703125
3253 0.970703125
3254 0.970703125
3255 0.970703125
3256 0.970703125
3257 0.970703125
3258 0.970703125
3259 0.970703125
3260 0.970703125
3261 0.970703125
3262 0.970703125
3263 0.970703125
3264 0.970703125
3265 0.970703125
3266 0.970703125
3267 0.970703125
3268 0.970703125
3269 0.970703125
3270 0.970703125
3271 0.970703125
3272 0.970703125
3273 0.970703125
3274 0.970703125
3275 0.970703125
3276 0.970703125
3277 0.970703125
3278 0.970703125
3279 0.970703125
3280 0.970703125
3281 0.970703125
3282 0.970703125
3283 0.970703125
3284 0.970703125
3285 0.970703125
3286 0.970703125
3287 0.970703125
3288 0.970703125
3289 0.970703125
3290 0.970703125
3291 0.970703125
3292 0.970703125
3293 0.970703125
3294 0.970703125
3295 0.970703125
3296 0.970703125
3297 0.970703125
3298 0.970703125
3299 0.970703125
3300 0.970703125
3301 0.970703125
3302 0.970703125
3303 0.970703125
3304 0.970703125
3305 0.970703125
3306 0.970703125
3307 0.970703125
3308 0.970703125
3309 0.970703125
3310 0.970703125
3311 0.970703125
3312 0.970703125
3313 0.970703125
3314 0.970703125
3315 0.970703125
3316 0.970703125
3317 0.970703125
3318 0.970703125
3319 0.970703125
3320 0.970703125
3321 0.970703125
3322 0.970703125
3323 0.970703125
3324 0.970703125
3325 0.970703125
3326 0.970703125
3327 0.970703125
3328 0.970703125
3329 0.970703125
3330 0.970703125
3331 0.970703125
3332 0.970703125
3333 0.970703125
3334 0.970703125
3335 0.970703125
3336 0.970703125
3337 0.970703125
3338 0.970703125
3339 0.970703125
3340 0.970703125
3341 0.970703125
3342 0.970703125
3343 0.970703125
3344 0.970703125
3345 0.970703125
3346 0.970703125
3347 0.970703125
3348 0.970703125
3349 0.970703125
3350 0.970703125
3351 0.970703125
3352 0.970703125
3353 0.970703125
3354 0.970703125
3355 0.970703125
3356 0.970703125
3357 0.970703125
3358 0.970703125
3359 0.970703125
3360 0.970703125
3361 0.970703125
3362 0.970703125
3363 0.970703125
3364 0.970703125
3365 0.970703125
3366 0.970703125
3367 0.970703125
3368 0.970703125
3369 0.970703125
3370 0.970703125
3371 0.970703125
3372 0.970703125
3373 0.970703125
3374 0.970703125
3375 0.970703125
3376 0.970703125
3377 0.970703125
3378 0.970703125
3379 0.970703125
3380 0.970703125
3381 0.970703125
3382 0.970703125
3383 0.970703125
3384 0.970703125
3385 0.970703125
3386 0.970703125
3387 0.970703125
3388 0.970703125
3389 0.970703125
3390 0.970703125
3391 0.970703125
3392 0.970703125
3393 0.970703125
3394 0.970703125
3395 0.970703125
3396 0.970703125
3397 0.970703125
3398 0.970703125
3399 0.970703125
3400 0.970703125
3401 0.970703125
3402 0.970703125
3403 0.970703125
3404 0.970703125
3405 0.970703125
3406 0.970703125
3407 0.970703125
3408 0.970703125
3409 0.970703125
3410 0.970703125
3411 0.970703125
3412 0.970703125
3413 0.970703125
3414 0.970703125
3415 0.970703125
3416 0.970703125
3417 0.970703125
3418 0.970703125
3419 0.970703125
3420 0.970703125
3421 0.970703125
3422 0.970703125
3423 0.970703125
3424 0.970703125
3425 0.970703125
3426 0.970703125
3427 0.970703125
3428 0.970703125
3429 0.970703125
3430 0.970703125
3431 0.970703125
3432 0.970703125
3433 0.970703125
3434 0.970703125
3435 0.970703125
3436 0.970703125
3437 0.970703125
3438 0.970703125
3439 0.970703125
3440 0.970703125
3441 0.970703125
3442 0.970703125
3443 0.970703125
3444 0.970703125
3445 0.970703125
3446 0.970703125
3447 0.970703125
3448 0.970703125
3449 0.970703125
3450 0.970703125
3451 0.970703125
3452 0.970703125
3453 0.970703125
3454 0.970703125
3455 0.970703125
3456 0.970703125
3457 0.970703125
3458 0.970703125
3459 0.970703125
3460 0.970703125
3461 0.970703125
3462 0.970703125
3463 0.970703125
3464 0.970703125
3465 0.970703125
3466 0.970703125
3467 0.970703125
3468 0.970703125
3469 0.970703125
3470 0.970703125
3471 0.970703125
3472 0.970703125
3473 0.970703125
3474 0.970703125
3475 0.970703125
3476 0.970703125
3477 0.970703125
3478 0.970703125
3479 0.970703125
3480 0.970703125
3481 0.970703125
3482 0.970703125
3483 0.970703125
3484 0.970703125
3485 0.970703125
3486 0.970703125
3487 0.970703125
3488 0.970703125
3489 0.970703125
3490 0.970703125
3491 0.970703125
3492 0.970703125
3493 0.970703125
3494 0.970703125
3495 0.970703125
3496 0.970703125
3497 0.970703125
3498 0.970703125
3499 0.970703125
3500 0.970703125
3501 0.970703125
3502 0.970703125
3503 0.970703125
3504 0.970703125
3505 0.970703125
3506 0.970703125
3507 0.970703125
3508 0.970703125
3509 0.970703125
3510 0.970703125
3511 0.970703125
3512 0.970703125
3513 0.970703125
3514 0.970703125
3515 0.970703125
3516 0.970703125
3517 0.970703125
3518 0.970703125
3519 0.970703125
3520 0.970703125
3521 0.970703125
3522 0.970703125
3523 0.970703125
3524 0.970703125
3525 0.970703125
3526 0.970703125
3527 0.970703125
3528 0.970703125
3529 0.970703125
3530 0.970703125
3531 0.970703125
3532 0.970703125
3533 0.970703125
3534 0.970703125
3535 0.970703125
3536 0.970703125
3537 0.970703125
3538 0.970703125
3539 0.970703125
3540 0.970703125
3541 0.970703125
3542 0.970703125
3543 0.970703125
3544 0.970703125
3545 0.970703125
3546 0.970703125
3547 0.970703125
3548 0.970703125
3549 0.970703125
3550 0.970703125
3551 0.970703125
3552 0.970703125
3553 0.970703125
3554 0.970703125
3555 0.970703125
3556 0.970703125
3557 0.970703125
3558 0.970703125
3559 0.970703125
3560 0.970703125
3561 0.970703125
3562 0.970703125
3563 0.970703125
3564 0.970703125
3565 0.970703125
3566 0.970703125
3567 0.970703125
3568 0.970703125
3569 0.970703125
3570 0.970703125
3571 0.970703125
3572 0.970703125
3573 0.970703125
3574 0.970703125
3575 0.970703125
3576 0.970703125
3577 0.970703125
3578 0.970703125
3579 0.970703125
3580 0.970703125
3581 0.970703125
3582 0.970703125
3583 0.970703125
3584 0.970703125
3585 0.970703125
3586 0.970703125
3587 0.970703125
3588 0.970703125
3589 0.970703125
3590 0.970703125
3591 0.970703125
3592 0.970703125
3593 0.970703125
3594 0.970703125
3595 0.970703125
3596 0.970703125
3597 0.970703125
3598 0.970703125
3599 0.970703125
3600 0.970703125
3601 0.970703125
3602 0.970703125
3603 0.970703125
3604 0.970703125
3605 0.970703125
3606 0.970703125
3607 0.970703125
3608 0.970703125
3609 0.970703125
3610 0.970703125
3611 0.970703125
3612 0.970703125
3613 0.970703125
3614 0.970703125
3615 0.970703125
3616 0.970703125
3617 0.970703125
3618 0.970703125
3619 0.970703125
3620 0.970703125
3621 0.970703125
3622 0.970703125
3623 0.970703125
3624 0.970703125
3625 0.970703125
3626 0.970703125
3627 0.970703125
3628 0.970703125
3629 0.970703125
3630 0.970703125
3631 0.970703125
3632 0.970703125
3633 0.970703125
3634 0.970703125
3635 0.970703125
3636 0.970703125
3637 0.970703125
3638 0.970703125
3639 0.970703125
3640 0.970703125
3641 0.970703125
3642 0.970703125
3643 0.970703125
3644 0.970703125
3645 0.970703125
3646 0.970703125
3647 0.970703125
3648 0.970703125
3649 0.970703125
3650 0.970703125
3651 0.970703125
3652 0.970703125
3653 0.970703125
3654 0.970703125
3655 0.970703125
3656 0.970703125
3657 0.970703125
3658 0.970703125
3659 0.970703125
3660 0.970703125
3661 0.970703125
3662 0.970703125
3663 0.970703125
3664 0.970703125
3665 0.970703125
3666 0.970703125
3667 0.970703125
3668 0.970703125
3669 0.970703125
3670 0.970703125
3671 0.970703125
3672 0.970703125
3673 0.970703125
3674 0.970703125
3675 0.970703125
3676 0.970703125
3677 0.970703125
3678 0.970703125
3679 0.970703125
3680 0.970703125
3681 0.970703125
3682 0.970703125
3683 0.970703125
3684 0.970703125
3685 0.970703125
3686 0.970703125
3687 0.970703125
3688 0.970703125
3689 0.970703125
3690 0.970703125
3691 0.970703125
3692 0.970703125
3693 0.970703125
3694 0.970703125
3695 0.970703125
3696 0.970703125
3697 0.970703125
3698 0.970703125
3699 0.970703125
3700 0.970703125
3701 0.970703125
3702 0.970703125
3703 0.970703125
3704 0.970703125
3705 0.970703125
3706 0.970703125
3707 0.970703125
3708 0.970703125
3709 0.970703125
3710 0.970703125
3711 0.970703125
3712 0.970703125
3713 0.970703125
3714 0.970703125
3715 0.970703125
3716 0.970703125
3717 0.970703125
3718 0.970703125
3719 0.970703125
3720 0.970703125
3721 0.970703125
3722 0.970703125
3723 0.970703125
3724 0.970703125
3725 0.970703125
3726 0.970703125
3727 0.970703125
3728 0.970703125
3729 0.970703125
3730 0.970703125
3731 0.970703125
3732 0.970703125
3733 0.970703125
3734 0.970703125
3735 0.970703125
3736 0.970703125
3737 0.970703125
3738 0.970703125
3739 0.970703125
3740 0.970703125
3741 0.970703125
3742 0.970703125
3743 0.970703125
3744 0.970703125
3745 0.970703125
3746 0.970703125
3747 0.970703125
3748 0.970703125
3749 0.970703125
3750 0.970703125
3751 0.970703125
3752 0.970703125
3753 0.970703125
3754 0.970703125
3755 0.970703125
3756 0.970703125
3757 0.970703125
3758 0.970703125
3759 0.970703125
3760 0.970703125
3761 0.970703125
3762 0.970703125
3763 0.970703125
3764 0.970703125
3765 0.970703125
3766 0.970703125
3767 0.970703125
3768 0.970703125
3769 0.970703125
3770 0.970703125
3771 0.970703125
3772 0.970703125
3773 0.970703125
3774 0.970703125
3775 0.970703125
3776 0.970703125
3777 0.970703125
3778 0.970703125
3779 0.970703125
3780 0.970703125
3781 0.970703125
3782 0.970703125
3783 0.970703125
3784 0.970703125
3785 0.97265625
3786 0.97265625
3787 0.97265625
3788 0.97265625
3789 0.97265625
3790 0.97265625
3791 0.97265625
3792 0.97265625
3793 0.97265625
3794 0.97265625
3795 0.97265625
3796 0.97265625
3797 0.97265625
3798 0.97265625
3799 0.97265625
3800 0.97265625
3801 0.97265625
3802 0.97265625
3803 0.97265625
3804 0.97265625
3805 0.97265625
3806 0.97265625
3807 0.97265625
3808 0.97265625
3809 0.97265625
3810 0.97265625
3811 0.97265625
3812 0.97265625
3813 0.97265625
3814 0.97265625
3815 0.97265625
3816 0.97265625
3817 0.97265625
3818 0.97265625
3819 0.97265625
3820 0.97265625
3821 0.97265625
3822 0.97265625
3823 0.97265625
3824 0.97265625
3825 0.97265625
3826 0.97265625
3827 0.97265625
3828 0.97265625
3829 0.97265625
3830 0.97265625
3831 0.97265625
3832 0.97265625
3833 0.97265625
3834 0.97265625
3835 0.97265625
3836 0.97265625
3837 0.97265625
3838 0.97265625
3839 0.97265625
3840 0.97265625
3841 0.97265625
3842 0.97265625
3843 0.97265625
3844 0.97265625
3845 0.97265625
3846 0.97265625
3847 0.97265625
3848 0.97265625
3849 0.97265625
3850 0.97265625
3851 0.97265625
3852 0.97265625
3853 0.97265625
3854 0.97265625
3855 0.97265625
3856 0.97265625
3857 0.97265625
3858 0.97265625
3859 0.97265625
3860 0.97265625
3861 0.97265625
3862 0.97265625
3863 0.97265625
3864 0.97265625
3865 0.97265625
3866 0.97265625
3867 0.97265625
3868 0.97265625
3869 0.97265625
3870 0.97265625
3871 0.97265625
3872 0.97265625
3873 0.97265625
3874 0.97265625
3875 0.97265625
3876 0.97265625
3877 0.97265625
3878 0.97265625
3879 0.97265625
3880 0.97265625
3881 0.97265625
3882 0.97265625
3883 0.97265625
3884 0.97265625
3885 0.97265625
3886 0.97265625
3887 0.97265625
3888 0.97265625
3889 0.97265625
3890 0.97265625
3891 0.97265625
3892 0.97265625
3893 0.97265625
3894 0.97265625
3895 0.97265625
3896 0.97265625
3897 0.97265625
3898 0.97265625
3899 0.97265625
3900 0.97265625
3901 0.97265625
3902 0.97265625
3903 0.97265625
3904 0.97265625
3905 0.97265625
3906 0.97265625
3907 0.97265625
3908 0.97265625
3909 0.97265625
3910 0.97265625
3911 0.97265625
3912 0.97265625
3913 0.97265625
3914 0.97265625
3915 0.97265625
3916 0.97265625
3917 0.97265625
3918 0.97265625
3919 0.97265625
3920 0.97265625
3921 0.97265625
3922 0.97265625
3923 0.97265625
3924 0.97265625
3925 0.97265625
3926 0.97265625
3927 0.97265625
3928 0.97265625
3929 0.97265625
3930 0.97265625
3931 0.97265625
3932 0.97265625
3933 0.97265625
3934 0.97265625
3935 0.97265625
3936 0.97265625
3937 0.97265625
3938 0.97265625
3939 0.97265625
3940 0.97265625
3941 0.97265625
3942 0.97265625
3943 0.97265625
3944 0.97265625
3945 0.97265625
3946 0.97265625
3947 0.97265625
3948 0.97265625
3949 0.97265625
3950 0.97265625
3951 0.97265625
3952 0.97265625
3953 0.97265625
3954 0.97265625
3955 0.97265625
3956 0.97265625
3957 0.97265625
3958 0.97265625
3959 0.97265625
3960 0.97265625
3961 0.97265625
3962 0.97265625
3963 0.97265625
3964 0.97265625
3965 0.97265625
3966 0.97265625
3967 0.97265625
3968 0.97265625
3969 0.97265625
3970 0.97265625
3971 0.97265625
3972 0.97265625
3973 0.97265625
3974 0.97265625
3975 0.97265625
3976 0.97265625
3977 0.97265625
3978 0.97265625
3979 0.97265625
3980 0.97265625
3981 0.97265625
3982 0.97265625
3983 0.97265625
3984 0.97265625
3985 0.97265625
3986 0.97265625
3987 0.97265625
3988 0.97265625
3989 0.97265625
3990 0.97265625
3991 0.97265625
3992 0.97265625
3993 0.97265625
3994 0.97265625
3995 0.97265625
3996 0.97265625
3997 0.97265625
3998 0.97265625
3999 0.97265625
4000 0.97265625
4001 0.97265625
4002 0.97265625
4003 0.97265625
4004 0.97265625
4005 0.97265625
4006 0.97265625
4007 0.97265625
4008 0.97265625
4009 0.97265625
4010 0.97265625
4011 0.97265625
4012 0.97265625
4013 0.97265625
4014 0.97265625
4015 0.97265625
4016 0.97265625
4017 0.97265625
4018 0.97265625
4019 0.97265625
4020 0.97265625
4021 0.97265625
4022 0.97265625
4023 0.97265625
4024 0.97265625
4025 0.97265625
4026 0.97265625
4027 0.97265625
4028 0.97265625
4029 0.97265625
4030 0.97265625
4031 0.97265625
4032 0.97265625
4033 0.97265625
4034 0.97265625
4035 0.97265625
4036 0.97265625
4037 0.97265625
4038 0.97265625
4039 0.97265625
4040 0.97265625
4041 0.97265625
4042 0.97265625
4043 0.97265625
4044 0.97265625
4045 0.97265625
4046 0.97265625
4047 0.97265625
4048 0.97265625
4049 0.97265625
4050 0.97265625
4051 0.97265625
4052 0.97265625
4053 0.97265625
4054 0.97265625
4055 0.97265625
4056 0.97265625
4057 0.97265625
4058 0.97265625
4059 0.97265625
4060 0.97265625
4061 0.97265625
4062 0.97265625
4063 0.97265625
4064 0.97265625
4065 0.97265625
4066 0.97265625
4067 0.97265625
4068 0.97265625
4069 0.97265625
4070 0.97265625
4071 0.97265625
4072 0.97265625
4073 0.97265625
4074 0.97265625
4075 0.97265625
4076 0.97265625
4077 0.97265625
4078 0.97265625
4079 0.97265625
4080 0.97265625
4081 0.97265625
4082 0.97265625
4083 0.97265625
4084 0.97265625
4085 0.97265625
4086 0.97265625
4087 0.97265625
4088 0.97265625
4089 0.97265625
4090 0.97265625
4091 0.97265625
4092 0.97265625
4093 0.97265625
4094 0.97265625
4095 0.97265625
4096 0.97265625
4097 0.97265625
4098 0.97265625
4099 0.97265625
4100 0.97265625
4101 0.97265625
4102 0.97265625
4103 0.97265625
4104 0.97265625
4105 0.97265625
4106 0.97265625
4107 0.97265625
4108 0.97265625
4109 0.97265625
4110 0.97265625
4111 0.97265625
4112 0.97265625
4113 0.97265625
4114 0.97265625
4115 0.97265625
4116 0.97265625
4117 0.97265625
4118 0.97265625
4119 0.97265625
4120 0.97265625
4121 0.97265625
4122 0.97265625
4123 0.97265625
4124 0.97265625
4125 0.97265625
4126 0.97265625
4127 0.97265625
4128 0.97265625
4129 0.97265625
4130 0.97265625
4131 0.97265625
4132 0.97265625
4133 0.97265625
4134 0.97265625
4135 0.97265625
4136 0.97265625
4137 0.97265625
4138 0.97265625
4139 0.97265625
4140 0.97265625
4141 0.97265625
4142 0.97265625
4143 0.97265625
4144 0.97265625
4145 0.97265625
4146 0.97265625
4147 0.97265625
4148 0.97265625
4149 0.97265625
4150 0.97265625
4151 0.97265625
4152 0.97265625
4153 0.97265625
4154 0.97265625
4155 0.97265625
4156 0.97265625
4157 0.97265625
4158 0.97265625
4159 0.97265625
4160 0.97265625
4161 0.97265625
4162 0.97265625
4163 0.97265625
4164 0.97265625
4165 0.97265625
4166 0.97265625
4167 0.97265625
4168 0.97265625
4169 0.97265625
4170 0.97265625
4171 0.97265625
4172 0.97265625
4173 0.97265625
4174 0.97265625
4175 0.97265625
4176 0.97265625
4177 0.97265625
4178 0.97265625
4179 0.97265625
4180 0.97265625
4181 0.97265625
4182 0.97265625
4183 0.97265625
4184 0.97265625
4185 0.97265625
4186 0.97265625
4187 0.97265625
4188 0.97265625
4189 0.97265625
4190 0.97265625
4191 0.97265625
4192 0.97265625
4193 0.97265625
4194 0.97265625
4195 0.97265625
4196 0.97265625
4197 0.97265625
4198 0.97265625
4199 0.97265625
4200 0.97265625
4201 0.97265625
4202 0.97265625
4203 0.97265625
4204 0.97265625
4205 0.97265625
4206 0.97265625
4207 0.97265625
4208 0.97265625
4209 0.97265625
4210 0.97265625
4211 0.97265625
4212 0.97265625
4213 0.97265625
4214 0.97265625
4215 0.97265625
4216 0.97265625
4217 0.97265625
4218 0.97265625
4219 0.97265625
4220 0.97265625
4221 0.97265625
4222 0.97265625
4223 0.97265625
4224 0.97265625
4225 0.97265625
4226 0.97265625
4227 0.97265625
4228 0.97265625
4229 0.97265625
4230 0.97265625
4231 0.97265625
4232 0.97265625
4233 0.97265625
4234 0.97265625
4235 0.97265625
4236 0.97265625
4237 0.97265625
4238 0.97265625
4239 0.97265625
4240 0.97265625
4241 0.97265625
4242 0.97265625
4243 0.97265625
4244 0.97265625
4245 0.97265625
4246 0.97265625
4247 0.97265625
4248 0.97265625
4249 0.97265625
4250 0.97265625
4251 0.97265625
4252 0.97265625
4253 0.97265625
4254 0.97265625
4255 0.97265625
4256 0.97265625
4257 0.97265625
4258 0.97265625
4259 0.97265625
4260 0.97265625
4261 0.97265625
4262 0.97265625
4263 0.97265625
4264 0.97265625
4265 0.97265625
4266 0.97265625
4267 0.97265625
4268 0.97265625
4269 0.97265625
4270 0.97265625
4271 0.97265625
4272 0.97265625
4273 0.97265625
4274 0.97265625
4275 0.97265625
4276 0.97265625
4277 0.97265625
4278 0.97265625
4279 0.97265625
4280 0.97265625
4281 0.97265625
4282 0.97265625
4283 0.97265625
4284 0.97265625
4285 0.97265625
4286 0.97265625
4287 0.97265625
4288 0.97265625
4289 0.97265625
4290 0.97265625
4291 0.97265625
4292 0.97265625
4293 0.97265625
4294 0.97265625
4295 0.97265625
4296 0.97265625
4297 0.97265625
4298 0.97265625
4299 0.97265625
4300 0.97265625
4301 0.97265625
4302 0.97265625
4303 0.97265625
4304 0.97265625
4305 0.97265625
4306 0.97265625
4307 0.97265625
4308 0.97265625
4309 0.97265625
4310 0.97265625
4311 0.97265625
4312 0.97265625
4313 0.97265625
4314 0.97265625
4315 0.97265625
4316 0.97265625
4317 0.97265625
4318 0.97265625
4319 0.97265625
4320 0.97265625
4321 0.97265625
4322 0.97265625
4323 0.97265625
4324 0.97265625
4325 0.97265625
4326 0.97265625
4327 0.97265625
4328 0.97265625
4329 0.97265625
4330 0.97265625
4331 0.97265625
4332 0.97265625
4333 0.97265625
4334 0.97265625
4335 0.97265625
4336 0.97265625
4337 0.97265625
4338 0.97265625
4339 0.97265625
4340 0.97265625
4341 0.97265625
4342 0.97265625
4343 0.97265625
4344 0.97265625
4345 0.97265625
4346 0.97265625
4347 0.97265625
4348 0.97265625
4349 0.97265625
4350 0.97265625
4351 0.97265625
4352 0.97265625
4353 0.97265625
4354 0.97265625
4355 0.97265625
4356 0.97265625
4357 0.97265625
4358 0.97265625
4359 0.97265625
4360 0.97265625
4361 0.97265625
4362 0.97265625
4363 0.97265625
4364 0.97265625
4365 0.97265625
4366 0.97265625
4367 0.97265625
4368 0.97265625
4369 0.97265625
4370 0.97265625
4371 0.97265625
4372 0.97265625
4373 0.97265625
4374 0.97265625
4375 0.97265625
4376 0.97265625
4377 0.97265625
4378 0.97265625
4379 0.97265625
4380 0.97265625
4381 0.97265625
4382 0.97265625
4383 0.97265625
4384 0.97265625
4385 0.97265625
4386 0.97265625
4387 0.97265625
4388 0.97265625
4389 0.97265625
4390 0.97265625
4391 0.97265625
4392 0.97265625
4393 0.97265625
4394 0.97265625
4395 0.97265625
4396 0.97265625
4397 0.97265625
4398 0.97265625
4399 0.97265625
4400 0.97265625
4401 0.97265625
4402 0.97265625
4403 0.97265625
4404 0.97265625
4405 0.97265625
4406 0.97265625
4407 0.97265625
4408 0.97265625
4409 0.97265625
4410 0.97265625
4411 0.97265625
4412 0.97265625
4413 0.97265625
4414 0.97265625
4415 0.97265625
4416 0.97265625
4417 0.97265625
4418 0.97265625
4419 0.97265625
4420 0.97265625
4421 0.97265625
4422 0.97265625
4423 0.97265625
4424 0.97265625
4425 0.97265625
4426 0.97265625
4427 0.97265625
4428 0.97265625
4429 0.97265625
4430 0.97265625
4431 0.97265625
4432 0.97265625
4433 0.97265625
4434 0.97265625
4435 0.97265625
4436 0.97265625
4437 0.97265625
4438 0.97265625
4439 0.97265625
4440 0.97265625
4441 0.97265625
4442 0.97265625
4443 0.97265625
4444 0.97265625
4445 0.97265625
4446 0.97265625
4447 0.97265625
4448 0.97265625
4449 0.97265625
4450 0.97265625
4451 0.97265625
4452 0.97265625
4453 0.97265625
4454 0.97265625
4455 0.97265625
4456 0.97265625
4457 0.97265625
4458 0.97265625
4459 0.97265625
4460 0.97265625
4461 0.97265625
4462 0.97265625
4463 0.97265625
4464 0.97265625
4465 0.97265625
4466 0.97265625
4467 0.97265625
4468 0.97265625
4469 0.97265625
4470 0.97265625
4471 0.97265625
4472 0.97265625
4473 0.97265625
4474 0.97265625
4475 0.97265625
4476 0.97265625
4477 0.97265625
4478 0.97265625
4479 0.97265625
4480 0.97265625
4481 0.97265625
4482 0.97265625
4483 0.97265625
4484 0.97265625
4485 0.97265625
4486 0.97265625
4487 0.97265625
4488 0.97265625
4489 0.97265625
4490 0.97265625
4491 0.97265625
4492 0.97265625
4493 0.97265625
4494 0.97265625
4495 0.97265625
4496 0.97265625
4497 0.97265625
4498 0.97265625
4499 0.97265625
4500 0.97265625
4501 0.97265625
4502 0.97265625
4503 0.97265625
4504 0.97265625
4505 0.97265625
4506 0.97265625
4507 0.97265625
4508 0.97265625
4509 0.97265625
4510 0.97265625
4511 0.97265625
4512 0.97265625
4513 0.97265625
4514 0.97265625
4515 0.97265625
4516 0.97265625
4517 0.97265625
4518 0.97265625
4519 0.97265625
4520 0.97265625
4521 0.97265625
4522 0.97265625
4523 0.97265625
4524 0.97265625
4525 0.97265625
4526 0.97265625
4527 0.97265625
4528 0.97265625
4529 0.97265625
4530 0.97265625
4531 0.97265625
4532 0.97265625
4533 0.97265625
4534 0.97265625
4535 0.97265625
4536 0.97265625
4537 0.97265625
4538 0.97265625
4539 0.97265625
4540 0.97265625
4541 0.97265625
4542 0.97265625
4543 0.97265625
4544 0.97265625
4545 0.97265625
4546 0.97265625
4547 0.97265625
4548 0.97265625
4549 0.97265625
4550 0.97265625
4551 0.97265625
4552 0.97265625
4553 0.97265625
4554 0.97265625
4555 0.97265625
4556 0.97265625
4557 0.97265625
4558 0.97265625
4559 0.97265625
4560 0.97265625
4561 0.97265625
4562 0.97265625
4563 0.97265625
4564 0.97265625
4565 0.97265625
4566 0.97265625
4567 0.97265625
4568 0.97265625
4569 0.97265625
4570 0.97265625
4571 0.97265625
4572 0.97265625
4573 0.97265625
4574 0.97265625
4575 0.97265625
4576 0.97265625
4577 0.97265625
4578 0.97265625
4579 0.97265625
4580 0.97265625
4581 0.97265625
4582 0.97265625
4583 0.97265625
4584 0.97265625
4585 0.97265625
4586 0.97265625
4587 0.97265625
4588 0.97265625
4589 0.97265625
4590 0.97265625
4591 0.97265625
4592 0.97265625
4593 0.97265625
4594 0.97265625
4595 0.97265625
4596 0.97265625
4597 0.97265625
4598 0.97265625
4599 0.97265625
4600 0.97265625
4601 0.97265625
4602 0.97265625
4603 0.97265625
4604 0.97265625
4605 0.97265625
4606 0.97265625
4607 0.97265625
4608 0.97265625
4609 0.97265625
4610 0.97265625
4611 0.97265625
4612 0.97265625
4613 0.97265625
4614 0.97265625
4615 0.97265625
4616 0.97265625
4617 0.97265625
4618 0.97265625
4619 0.97265625
4620 0.97265625
4621 0.97265625
4622 0.97265625
4623 0.97265625
4624 0.97265625
4625 0.97265625
4626 0.97265625
4627 0.97265625
4628 0.97265625
4629 0.97265625
4630 0.97265625
4631 0.97265625
4632 0.97265625
4633 0.97265625
4634 0.97265625
4635 0.97265625
4636 0.97265625
4637 0.97265625
4638 0.97265625
4639 0.97265625
4640 0.97265625
4641 0.97265625
4642 0.97265625
4643 0.97265625
4644 0.97265625
4645 0.97265625
4646 0.97265625
4647 0.97265625
4648 0.97265625
4649 0.97265625
4650 0.97265625
4651 0.97265625
4652 0.97265625
4653 0.97265625
4654 0.97265625
4655 0.97265625
4656 0.97265625
4657 0.97265625
4658 0.97265625
4659 0.97265625
4660 0.97265625
4661 0.97265625
4662 0.97265625
4663 0.97265625
4664 0.97265625
4665 0.97265625
4666 0.97265625
4667 0.97265625
4668 0.97265625
4669 0.97265625
4670 0.97265625
4671 0.97265625
4672 0.97265625
4673 0.97265625
4674 0.97265625
4675 0.97265625
4676 0.97265625
4677 0.97265625
4678 0.97265625
4679 0.97265625
4680 0.97265625
4681 0.97265625
4682 0.97265625
4683 0.97265625
4684 0.97265625
4685 0.97265625
4686 0.97265625
4687 0.97265625
4688 0.97265625
4689 0.97265625
4690 0.97265625
4691 0.97265625
4692 0.97265625
4693 0.97265625
4694 0.97265625
4695 0.97265625
4696 0.97265625
4697 0.97265625
4698 0.97265625
4699 0.97265625
4700 0.97265625
4701 0.97265625
4702 0.97265625
4703 0.97265625
4704 0.97265625
4705 0.97265625
4706 0.97265625
4707 0.97265625
4708 0.97265625
4709 0.97265625
4710 0.97265625
4711 0.97265625
4712 0.97265625
4713 0.97265625
4714 0.97265625
4715 0.97265625
4716 0.97265625
4717 0.97265625
4718 0.97265625
4719 0.97265625
4720 0.97265625
4721 0.97265625
4722 0.97265625
4723 0.97265625
4724 0.97265625
4725 0.97265625
4726 0.97265625
4727 0.97265625
4728 0.97265625
4729 0.97265625
4730 0.97265625
4731 0.97265625
4732 0.97265625
4733 0.97265625
4734 0.97265625
4735 0.97265625
4736 0.97265625
4737 0.97265625
4738 0.97265625
4739 0.97265625
4740 0.97265625
4741 0.97265625
4742 0.97265625
4743 0.97265625
4744 0.97265625
4745 0.97265625
4746 0.97265625
4747 0.97265625
4748 0.97265625
4749 0.97265625
4750 0.97265625
4751 0.97265625
4752 0.97265625
4753 0.97265625
4754 0.97265625
4755 0.97265625
4756 0.97265625
4757 0.97265625
4758 0.97265625
4759 0.97265625
4760 0.97265625
4761 0.97265625
4762 0.97265625
4763 0.97265625
4764 0.97265625
4765 0.97265625
4766 0.97265625
4767 0.97265625
4768 0.97265625
4769 0.97265625
4770 0.97265625
4771 0.97265625
4772 0.97265625
4773 0.97265625
4774 0.97265625
4775 0.97265625
4776 0.97265625
4777 0.97265625
4778 0.97265625
4779 0.97265625
4780 0.97265625
4781 0.97265625
4782 0.97265625
4783 0.97265625
4784 0.97265625
4785 0.97265625
4786 0.97265625
4787 0.97265625
4788 0.97265625
4789 0.97265625
4790 0.97265625
4791 0.97265625
4792 0.97265625
4793 0.97265625
4794 0.97265625
4795 0.97265625
4796 0.97265625
4797 0.97265625
4798 0.97265625
4799 0.97265625
4800 0.97265625
4801 0.97265625
4802 0.97265625
4803 0.97265625
4804 0.97265625
4805 0.97265625
4806 0.97265625
4807 0.97265625
4808 0.97265625
4809 0.97265625
4810 0.97265625
4811 0.97265625
4812 0.97265625
4813 0.97265625
4814 0.97265625
4815 0.97265625
4816 0.97265625
4817 0.97265625
4818 0.97265625
4819 0.97265625
4820 0.97265625
4821 0.97265625
4822 0.97265625
4823 0.97265625
4824 0.97265625
4825 0.97265625
4826 0.97265625
4827 0.97265625
4828 0.97265625
4829 0.97265625
4830 0.97265625
4831 0.97265625
4832 0.97265625
4833 0.97265625
4834 0.97265625
4835 0.97265625
4836 0.97265625
4837 0.97265625
4838 0.97265625
4839 0.97265625
4840 0.97265625
4841 0.97265625
4842 0.97265625
4843 0.97265625
4844 0.97265625
4845 0.97265625
4846 0.97265625
4847 0.97265625
4848 0.97265625
4849 0.97265625
4850 0.97265625
4851 0.97265625
4852 0.97265625
4853 0.97265625
4854 0.97265625
4855 0.97265625
4856 0.97265625
4857 0.97265625
4858 0.97265625
4859 0.97265625
4860 0.97265625
4861 0.97265625
4862 0.97265625
4863 0.97265625
4864 0.97265625
4865 0.97265625
4866 0.97265625
4867 0.97265625
4868 0.97265625
4869 0.97265625
4870 0.97265625
4871 0.97265625
4872 0.97265625
4873 0.97265625
4874 0.97265625
4875 0.97265625
4876 0.97265625
4877 0.97265625
4878 0.97265625
4879 0.97265625
4880 0.97265625
4881 0.97265625
4882 0.97265625
4883 0.97265625
4884 0.97265625
4885 0.97265625
4886 0.97265625
4887 0.97265625
4888 0.97265625
4889 0.97265625
4890 0.97265625
4891 0.97265625
4892 0.97265625
4893 0.97265625
4894 0.97265625
4895 0.97265625
4896 0.97265625
4897 0.97265625
4898 0.97265625
4899 0.97265625
4900 0.97265625
4901 0.97265625
4902 0.97265625
4903 0.97265625
4904 0.97265625
4905 0.97265625
4906 0.97265625
4907 0.97265625
4908 0.97265625
4909 0.97265625
4910 0.97265625
4911 0.97265625
4912 0.97265625
4913 0.97265625
4914 0.97265625
4915 0.97265625
4916 0.97265625
4917 0.97265625
4918 0.97265625
4919 0.97265625
4920 0.97265625
4921 0.97265625
4922 0.97265625
4923 0.97265625
4924 0.97265625
4925 0.97265625
4926 0.97265625
4927 0.97265625
4928 0.97265625
4929 0.97265625
4930 0.97265625
4931 0.97265625
4932 0.97265625
4933 0.97265625
4934 0.97265625
4935 0.97265625
4936 0.97265625
4937 0.97265625
4938 0.97265625
4939 0.97265625
4940 0.97265625
4941 0.97265625
4942 0.97265625
4943 0.97265625
4944 0.97265625
4945 0.97265625
4946 0.97265625
4947 0.97265625
4948 0.97265625
4949 0.97265625
4950 0.97265625
4951 0.97265625
4952 0.97265625
4953 0.97265625
4954 0.97265625
4955 0.97265625
4956 0.97265625
4957 0.97265625
4958 0.97265625
4959 0.97265625
4960 0.97265625
4961 0.97265625
4962 0.97265625
4963 0.97265625
4964 0.97265625
4965 0.97265625
4966 0.97265625
4967 0.97265625
4968 0.97265625
4969 0.97265625
4970 0.97265625
4971 0.97265625
4972 0.97265625
4973 0.97265625
4974 0.97265625
4975 0.97265625
4976 0.97265625
4977 0.97265625
4978 0.97265625
4979 0.97265625
4980 0.97265625
4981 0.97265625
4982 0.97265625
4983 0.97265625
4984 0.97265625
4985 0.97265625
4986 0.97265625
4987 0.97265625
4988 0.97265625
4989 0.97265625
4990 0.97265625
4991 0.97265625
4992 0.97265625
4993 0.97265625
4994 0.97265625
4995 0.97265625
4996 0.97265625
4997 0.97265625
4998 0.97265625
4999 0.97265625
