0 0.7958173716816269
1 0.7958173716816269
2 0.7958173716816269
3 0.7958173716816269
4 0.8077637736866516
5 0.8077637736866516
6 0.8077637736866516
7 0.8077637736866516
8 0.80778683204567
9 0.8077923773120482
10 0.8077923773120482
11 0.8077923773120482
12 0.8077923773120482
13 0.8077923773120482
14 0.8077938965939244
15 0.8083410934516753
16 0.8083410934516753
17 0.8083410934516753
18 0.8083410934516753
19 0.8083410934516753
20 0.8086776315911773
21 0.8086776315911773
22 0.8086776315911773
23 0.8086776315911773
24 0.8086776315911773
25 0.8086776315911773
26 0.8086776315911773
27 0.8086776315911773
28 0.8086776315911773
29 0.8086776315911773
30 0.8086891301161673
31 0.8086891301161673
32 0.8086891301161673
33 0.8086928859204676
34 0.8086928859204676
35 0.8086928859204676
36 0.8086928859204676
37 0.8086928859204676
38 0.8086928859204676
39 0.8086928859204676
40 0.8086928859204676
41 0.8086928859204676
42 0.8086928859204676
43 0.8087181860182764
44 0.8087185868855492
45 0.8087185868855492
46 0.8087185868855492
47 0.8087185868855492
48 0.8087185868855492
49 0.8087185868855492
50 0.8087185868855492
51 0.8087185868855492
52 0.8087185868855492
53 0.8087185868855492
54 0.8087185868855492
55 0.8087328719260946
56 0.8087328719260946
57 0.8087328719260946
58 0.8087328719260946
59 0.8087399251518227
60 0.8087672056319186
61 0.8087672056319186
62 0.8087672056319186
63 0.8087672056319186
64 0.8087672056319186
65 0.8087672056319186
66 0.8087672056319368
67 0.8087672056322355
68 0.8087672056322355
69 0.8087672056322355
70 0.8087677730870296
71 0.8087677730870296
72 0.8087677730870296
73 0.8087677730870296
74 0.8087677730870296
75 0.8087677730870296
76 0.8087677730870296
77 0.8087677730870296
78 0.8087677730870296
79 0.8087677730870296
80 0.8087677730870296
81 0.8087677730870296
82 0.8087677730870296
83 0.8087677730870296
84 0.8087677730870296
85 0.8087677730870296
86 0.8087677730870296
87 0.8087677730870296
88 0.8087677730870296
89 0.8087677730870296
90 0.8087677730870296
91 0.8087677730870296
92 0.8087677730870296
93 0.8087677730870296
94 0.8087677730870296
95 0.8087677730870296
96 0.8087677730870296
97 0.8087677730870296
98 0.8087677730870296
99 0.8087677730870296
100 0.8087677730870296
101 0.8087677730870296
102 0.8087677730870296
103 0.8087677730870296
104 0.8087677730874615
105 0.8087677730875592
106 0.8087677730886182
107 0.8087677730886182
108 0.8087677730886182
109 0.8087677730886182
110 0.8087677730886182
111 0.8087677730886182
112 0.8087677730886182
113 0.8087677730886182
114 0.8087677730886182
115 0.8087677730886182
116 0.808767773135747
117 0.8087677734472725
118 0.8087677745303623
119 0.8087677745303623
120 0.8087677745303623
121 0.8087677745303623
122 0.8087677745303623
123 0.8087677745303623
124 0.8087677745303623
125 0.8087677745303623
126 0.8087677745303623
127 0.8087677745303623
128 0.8087677745303623
129 0.8087677745303623
130 0.8087677745715626
131 0.8087677745715626
132 0.8087677745715626
133 0.8087677745715626
134 0.8087677824459447
135 0.8087677824459447
136 0.8087677824459447
137 0.8087677824459447
138 0.8087677824459447
139 0.8087678453129364
140 0.8087678453129364
141 0.8087685288798852
142 0.8087685288798852
143 0.8087685288798852
144 0.8087685288798852
145 0.8087687383901104
146 0.8087687383901104
147 0.8087687383901104
148 0.8087687383901104
149 0.8087687383901104
150 0.8087687383901104
151 0.8087687383901104
152 0.8087687383901104
153 0.8087687383901104
154 0.8087687383901104
155 0.8087687383901104
156 0.8087687383901104
157 0.8087687383901104
158 0.8087687383901104
159 0.8087687383901104
160 0.8087687383901104
161 0.8087687383901104
162 0.8087687383901104
163 0.8087687383901104
164 0.8087687383901104
165 0.8087687383901104
166 0.8087687383901104
167 0.8087687383901104
168 0.8087687383901104
169 0.8087687383901104
170 0.8087687383901104
171 0.8087687383901104
172 0.8087688114145009
173 0.8087688114145009
174 0.8087688114145009
175 0.8087688114145009
176 0.8087688114145009
177 0.8087688114145009
178 0.8087688114145009
179 0.8087688114145009
180 0.8087688114145009
181 0.8087688114145009
182 0.8087688114145009
183 0.8087688114145009
184 0.8087688114145009
185 0.8087688114145009
186 0.8087688114145009
187 0.8087688114145009
188 0.8087688114145009
189 0.8087688114145009
190 0.8087688114145009
191 0.8087688331229451
192 0.8087688331229451
193 0.8087688331229451
194 0.8087688331229451
195 0.8087688331229451
196 0.8087688331229451
197 0.8087688331229451
198 0.8087688331229451
199 0.8087688331229451
200 0.8087688331229451
201 0.8087688331229451
202 0.8087688903512118
203 0.8087688903512118
204 0.8087688903512118
205 0.8087688903512118
206 0.8087688903512118
207 0.8087688903512118
208 0.8087688903512118
209 0.8087688903512118
210 0.8087688903512118
211 0.8087688903512118
212 0.8087688903512118
213 0.8087688903512118
214 0.8087688903512118
215 0.8087688903512118
216 0.8087688903512118
217 0.8087688903512118
218 0.8087688903512118
219 0.8087688903512118
220 0.8087688903512118
221 0.8087688903512118
222 0.8087688903512118
223 0.8087688903512118
224 0.8087688903512118
225 0.8087688903512118
226 0.8087688903512118
227 0.8087688903512118
228 0.8087688903512118
229 0.8087688903512118
230 0.8087688903512118
231 0.8087688903512118
232 0.8087688903512118
233 0.8087688903512118
234 0.8087688903512118
235 0.8087688903512118
236 0.8087688903512118
237 0.8087688903512118
238 0.8087688903512118
239 0.8087688903512118
240 0.8087688903512118
241 0.8087688903512118
242 0.8087688903512118
243 0.8087688903512118
244 0.8087688903512118
245 0.8087688903512118
246 0.8087688903512118
247 0.8087688903512118
248 0.8087688903512118
249 0.8087688903512118
250 0.8087688903512118
251 0.8087688903512118
252 0.8087688903512118
253 0.8087688903512118
254 0.8087688903512118
255 0.8087688903512118
256 0.8087688903512118
257 0.8087688903512118
258 0.8087688903512118
259 0.8087688903512118
260 0.8087688903512118
261 0.8087688903512118
262 0.8087688903512118
263 0.8087688903512118
264 0.8087688903512118
265 0.8087688903512118
266 0.8087688903512118
267 0.8087688903512118
268 0.8087688903512118
269 0.8087688903512118
270 0.8087688903512118
271 0.8087688903512118
272 0.8087688903512118
273 0.8087688903512118
274 0.8087688903512118
275 0.8087688903512118
276 0.8087688903512118
277 0.8087688903512118
278 0.8087688903512118
279 0.8087688903512118
280 0.8087688903512118
281 0.8087688903512118
282 0.8087688903512118
283 0.8087688903512118
284 0.8087688903512118
285 0.8087688903512118
286 0.8087688903512118
287 0.8087688903512118
288 0.8087688903512118
289 0.8087688903512118
290 0.8087688903512118
291 0.8087688903512118
292 0.8087688903512118
293 0.8087688903512118
294 0.8087688903512118
295 0.8087688903512118
296 0.8087688903512118
297 0.8087688903512118
298 0.8087688903512118
299 0.8087688903512118
300 0.8087688903512118
301 0.8087688903512118
302 0.8087688903512118
303 0.8087688903512118
304 0.8087688903512118
305 0.8087688903512118
306 0.8087688903512118
307 0.8087688903512118
308 0.8087688903512118
309 0.8087688903512118
310 0.8087688903512118
311 0.8087688903512118
312 0.8087688903512118
313 0.8087688903512118
314 0.8087688903512118
315 0.8087688903512118
316 0.8087688903512118
317 0.8087688903512118
318 0.8087688903512118
319 0.8087688903512118
320 0.8087688903512118
321 0.8087688903512118
322 0.8087688903512118
323 0.8087688903512118
324 0.8087688903512118
325 0.8087688903512118
326 0.8087688903512118
327 0.8087688903512118
328 0.8087688903512118
329 0.8087688903512118
330 0.8087688903512118
331 0.8087688903512118
332 0.8087688903512118
333 0.8087688903512118
334 0.8087688903512118
335 0.8087688903512118
336 0.8087688903512118
337 0.8087688903512118
338 0.8087688903512118
339 0.8087688903512118
340 0.8087688903512118
341 0.8087688903512118
342 0.8087688903512118
343 0.8087688903512118
344 0.8087688903512118
345 0.8087688903512118
346 0.8087688903512118
347 0.8087688903512118
348 0.8087688903512118
349 0.8087688903512118
350 0.8087688903512118
351 0.8087688903512118
352 0.8087688903512118
353 0.8087688903512118
354 0.8087688903512118
355 0.8087688903512118
356 0.8087688903512118
357 0.8087688903512118
358 0.8087688903512118
359 0.8087688903512118
360 0.8087688903512118
361 0.8087688903512118
362 0.8087688903512118
363 0.8087688903512118
364 0.8087688903512118
365 0.8087688903512118
366 0.8087688903512118
367 0.8087688903512118
368 0.8087688903512118
369 0.8087688903512118
370 0.8087688903512118
371 0.8087688903512118
372 0.8087688903512118
373 0.8087688903512118
374 0.8087688903512118
375 0.8087688903512118
376 0.8087688903512118
377 0.8087688903512118
378 0.8087688903512118
379 0.8087688903512118
380 0.8087688903512118
381 0.8087688903512118
382 0.8087688903512118
383 0.8087688903512118
384 0.8087688903512118
385 0.8087688903512118
386 0.8087688903512118
387 0.8087688903512118
388 0.8087688903512118
389 0.8087688903512118
390 0.8087688903512118
391 0.8087688903512118
392 0.8087688903512118
393 0.8087688903512118
394 0.8087688903512118
395 0.8087688903512118
396 0.8087688903512118
397 0.8087688903512118
398 0.8087688903512118
399 0.8087688903512118
400 0.8087688903512118
401 0.8087688903512118
402 0.8087688903512118
403 0.8087688903512118
404 0.8087688903512118
405 0.8087688903512118
406 0.8087688903512118
407 0.8087688903512118
408 0.8087688903512118
409 0.8087688903512118
410 0.8087688903512118
411 0.8087688903512118
412 0.8087688903512118
413 0.8087688903512118
414 0.8087688903512118
415 0.8087688903512118
416 0.8087688903512118
417 0.8087688903512118
418 0.8087688903512118
419 0.8087688903512118
420 0.8087688903512118
421 0.8087688903512118
422 0.8087688903512118
423 0.8087688903512118
424 0.8087688903512118
425 0.8087688903512118
426 0.8087688903512118
427 0.8087688903512118
428 0.8087688903512118
429 0.8087688903512118
430 0.8087688903512118
431 0.8087688903512118
432 0.8087688903512118
433 0.8087688903512118
434 0.8087688903512118
435 0.8087688903512118
436 0.8087688903512118
437 0.8087688903512118
438 0.8087688903512118
439 0.8087688903512118
440 0.8087688903512118
441 0.8087688903512118
442 0.8087688903512118
443 0.8087688903512118
444 0.8087688903512118
445 0.8087688903512118
446 0.8087688903512118
447 0.8087688903512118
448 0.8087688903512118
449 0.8087688903512118
450 0.8087688903512118
451 0.8087688903512118
452 0.8087688903512118
453 0.8087688903512118
454 0.8087688903512118
455 0.8087688903512118
456 0.8087688903512118
457 0.8087688903512118
458 0.8087688903512118
459 0.8087688903512118
460 0.8087688903512118
461 0.8087688903512118
462 0.8087688903512118
463 0.8087688903512118
464 0.8087688903512118
465 0.8087688903512118
466 0.8087688903512118
467 0.8087688903512118
468 0.8087688903512118
469 0.8087688903512118
470 0.8087688903512118
471 0.8087688903512118
472 0.8087688903512118
473 0.8087688903512118
474 0.8087688903512118
475 0.8087688903512118
476 0.8087688903512118
477 0.8087688903512118
478 0.8087688903512118
479 0.8087688903512118
480 0.8087688903512118
481 0.8087688903512118
482 0.8087688903512118
483 0.8087688903512118
484 0.8087688903512118
485 0.8087688903512118
486 0.8087688903512118
487 0.8087688903512118
488 0.8087688903512118
489 0.8087688903512118
490 0.8087688903512118
491 0.8087688903512118
492 0.8087688903512118
493 0.8087688903512118
494 0.8087688903512118
495 0.8087688903512118
496 0.8087688903512118
497 0.8087688903512118
498 0.8087688903512118
499 0.8087688903512118
500 0.8087688903512118
501 0.8087688903512118
502 0.8087688903512118
503 0.8087688903512118
504 0.8087688903512118
505 0.8087688903512118
506 0.8087688903512118
507 0.8087688903512118
508 0.8087688903512118
509 0.8087688903512118
510 0.8087688903512118
511 0.8087688903512118
512 0.8087688903512118
513 0.8087688903512118
514 0.8087688903512118
515 0.8087688903512118
516 0.8087688903512118
517 0.8087688903512118
518 0.8087688903512118
519 0.8087688903512118
520 0.8087688903512118
521 0.8087688903512118
522 0.8087688903512118
523 0.8087688903512118
524 0.8087688903512118
525 0.8087688903512118
526 0.8087688903512118
527 0.8087688903512118
528 0.8087688903512118
529 0.8087688903512118
530 0.8087688903512118
531 0.8087688903512118
532 0.8087688903512118
533 0.8087688903512118
534 0.8087688903512118
535 0.8087688903512118
536 0.8087688903512118
537 0.8087688903512118
538 0.8087688903512118
539 0.8087688903512118
540 0.8087688903512118
541 0.8087688903512118
542 0.8087688903512118
543 0.8087688903512118
544 0.8087688903512118
545 0.8087688903512118
546 0.8087688903512118
547 0.8087688903512118
548 0.8087688903512118
549 0.8087688903512118
550 0.8087688903512118
551 0.8087688903512118
552 0.8087688903512118
553 0.8087688903512118
554 0.8087688903512118
555 0.8087688903512118
556 0.8087688903512118
557 0.8087688903512118
558 0.8087688903512118
559 0.8087688903512118
560 0.8087688903512118
561 0.8087688903512118
562 0.8087688903512118
563 0.8087688903512118
564 0.8087688903512118
565 0.8087688903512118
566 0.8087688903512118
567 0.8087688903512118
568 0.8087688903512118
569 0.8087688903512118
570 0.8087688903512118
571 0.8087688903512118
572 0.8087688903512118
573 0.8087688903512118
574 0.8087688903512118
575 0.8087688903512118
576 0.8087688903512118
577 0.8087688903512118
578 0.8087688903512118
579 0.8087688903512118
580 0.8087688903512118
581 0.8087688903512118
582 0.8087688903512118
583 0.8087688903512118
584 0.8087688903512118
585 0.8087688903512118
586 0.8087688903512118
587 0.8087688903512118
588 0.8087688903512118
589 0.8087688903512118
590 0.8087688903512118
591 0.8087688903512118
592 0.8087688903512118
593 0.8087688903512118
594 0.8087688903512118
595 0.8087688903512118
596 0.8087688903512118
597 0.8087688903512118
598 0.8087688903512118
599 0.8087688903512118
600 0.8087688903512118
601 0.8087688903512118
602 0.8087688903512118
603 0.8087688903512118
604 0.8087688903512118
605 0.8087688903512118
606 0.8087688903512118
607 0.8087688903512118
608 0.8087688903512118
609 0.8087688903512118
610 0.8087688903512118
611 0.8087688903512118
612 0.8087688903512118
613 0.8087688903512118
614 0.8087688903512118
615 0.8087688903512118
616 0.8087688903512118
617 0.8087688903512118
618 0.8087688903512118
619 0.8087688903512118
620 0.8087688903512118
621 0.8087688903512118
622 0.8087688903512118
623 0.8087688903512118
624 0.8087688903512118
625 0.8087688903512118
626 0.8087688903512118
627 0.8087688903512118
628 0.8087688903512118
629 0.8087688903512118
630 0.8087688903512118
631 0.8087688903512118
632 0.8087688903512118
633 0.8087688903512118
634 0.8087688903512118
635 0.8087688903512118
636 0.8087688903512118
637 0.8087688903512118
638 0.8087688903512118
639 0.8087688903512118
640 0.8087688903512118
641 0.8087688903512118
642 0.8087688903512118
643 0.8087688903512118
644 0.8087688903512118
645 0.8087688903512118
646 0.8087688903512118
647 0.8087688903512118
648 0.8087688903512118
649 0.8087688903512118
650 0.8087688903512118
651 0.8087688903512118
652 0.8087688903512118
653 0.8087688903512118
654 0.8087688903512118
655 0.8087688903512118
656 0.8087688903512118
657 0.8087688903512118
658 0.8087688903512118
659 0.8087688903512118
660 0.8087688903512118
661 0.8087688903512118
662 0.8087688903512118
663 0.8087688903512118
664 0.8087688903512118
665 0.8087688903512118
666 0.8087688903512118
667 0.8087688903512118
668 0.8087688903512118
669 0.8087688903512118
670 0.8087688903512118
671 0.8087688903512118
672 0.8087688903512118
673 0.8087688903512118
674 0.8087688903512118
675 0.8087689132815826
676 0.8087689132815826
677 0.8087689132815826
678 0.8087689132815826
679 0.8087689132815826
680 0.8087689132815826
681 0.8087689132815826
682 0.8087689132815826
683 0.8087689132815826
684 0.8087689132815826
685 0.8087689132815826
686 0.8087689132815826
687 0.8087689132815826
688 0.8087689132815826
689 0.8087689132815826
690 0.8087689132815826
691 0.8087689132815826
692 0.8087689132815826
693 0.8087689187675663
694 0.8087689187675663
695 0.8087689187675663
696 0.8087689187675663
697 0.8087689187675663
698 0.8087689187675663
699 0.8087689187675663
700 0.8087689187675663
701 0.8087689187675663
702 0.8087689187675663
703 0.8087689187675663
704 0.8087689187675663
705 0.8087689187675663
706 0.8087689187675663
707 0.8087689187675663
708 0.8087689187675663
709 0.8087689187675663
710 0.8087689187675663
711 0.8087689187675663
712 0.8087689187675663
713 0.8087689187675663
714 0.8087689187675663
715 0.8087689187675663
716 0.8087689187675663
717 0.8087689187675663
718 0.8087689187675663
719 0.8087689187675663
720 0.8087689187675663
721 0.8087689187675663
722 0.8087689187675663
723 0.8087689187675663
724 0.8087689187675663
725 0.8087689187675663
726 0.8087689187675663
727 0.8087689187675663
728 0.8087689187675663
729 0.8087689187675663
730 0.8087689187675663
731 0.8087689187675663
732 0.8087689187675663
733 0.8087689187675663
734 0.8087689187675663
735 0.8087689187675663
736 0.8087689187675663
737 0.8087689187675663
738 0.8087689187675663
739 0.8087689187675663
740 0.8087689187675663
741 0.8087689187675663
742 0.8087689187675663
743 0.8087689187675663
744 0.8087689187675663
745 0.8087689187675663
746 0.8087689187675663
747 0.8087689187675663
748 0.8087689187675663
749 0.8087689187675663
750 0.8087689187675663
751 0.8087689187675663
752 0.8087689187675663
753 0.8087689187675663
754 0.8087689187675663
755 0.8087689187675663
756 0.8087689187675663
757 0.8087689187675663
758 0.8087689187675663
759 0.8087689187675663
760 0.8087689187675663
761 0.8087689187675663
762 0.8087689187675663
763 0.8087689187675663
764 0.8087689187675663
765 0.8087689187675663
766 0.8087689187675663
767 0.8087689187675663
768 0.8087689187675663
769 0.8087689187675663
770 0.8087689187675663
771 0.8087689187675663
772 0.8087689187675663
773 0.8087689187675663
774 0.8087689187675663
775 0.8087689187675663
776 0.8087689187675663
777 0.8087689187675663
778 0.8087689187675663
779 0.8087689187675663
780 0.8087689187675663
781 0.8087689187675663
782 0.8087689187675663
783 0.8087689187675663
784 0.8087689187675663
785 0.8087689187675663
786 0.8087689187675663
787 0.8087689187675663
788 0.8087689187675663
789 0.8087689187675663
790 0.8087689187675663
791 0.8087689187675663
792 0.8087689187675663
793 0.8087689187675663
794 0.8087689187675663
795 0.8087689187675663
796 0.8087689187675663
797 0.8087689187675663
798 0.8087689187675663
799 0.8087689187675663
800 0.8087689187675663
801 0.8087689187675663
802 0.8087689187675663
803 0.8087689187675663
804 0.8087689187675663
805 0.8087689187675663
806 0.8087689187675663
807 0.8087689187675663
808 0.8087689187675663
809 0.8087689187675663
810 0.8087689187675663
811 0.8087689187675663
812 0.8087689187675663
813 0.8087689187675663
814 0.8087689187675663
815 0.8087689187675663
816 0.8087689187675663
817 0.8087689187675663
818 0.8087689187675663
819 0.8087689187675663
820 0.8087689187675663
821 0.8087689187675663
822 0.8087689187675663
823 0.8087689187675663
824 0.8087689187675663
825 0.8087689187675663
826 0.8087689187675663
827 0.8087689187675663
828 0.8087689187675663
829 0.8087689187675663
830 0.8087689187675663
831 0.8087689187675663
832 0.8087689187675663
833 0.8087689187675663
834 0.8087689187675663
835 0.8087689187675663
836 0.8087689187675663
837 0.8087689187675663
838 0.8087689187675663
839 0.8087689187675663
840 0.8087689187675663
841 0.8087689187675663
842 0.8087689187675663
843 0.8087689187675663
844 0.8087689187675663
845 0.8087689187675663
846 0.8087689187675663
847 0.8087689187675663
848 0.8087689187675663
849 0.8087689187675663
850 0.8087689187675663
851 0.8087689187675663
852 0.8087689187675663
853 0.8087689187675663
854 0.8087689187675663
855 0.8087689187675663
856 0.8087689187675663
857 0.8087689187675663
858 0.8087689187675663
859 0.8087689187675663
860 0.8087689187675663
861 0.8087689187675663
862 0.8087689187675663
863 0.8087689187675663
864 0.8087689187675663
865 0.8087689187675663
866 0.8087689187675663
867 0.8087689187675663
868 0.8087689187675663
869 0.8087689187675663
870 0.8087689187675663
871 0.8087689187675663
872 0.8087689187675663
873 0.8087689187675663
874 0.8087689187675663
875 0.8087689187675663
876 0.8087689187675663
877 0.8087689187675663
878 0.8087689187675663
879 0.8087689187675663
880 0.8087689187675663
881 0.8087689187675663
882 0.8087689187675663
883 0.8087689187675663
884 0.8087689187675663
885 0.8087689187675663
886 0.8087689187675663
887 0.8087689187675663
888 0.8087689187675663
889 0.8087689187675663
890 0.8087689187675663
891 0.8087689187675663
892 0.8087689187675663
893 0.8087689187675663
894 0.8087689187675663
895 0.8087689187675663
896 0.8087689187675663
897 0.8087689187675663
898 0.8087689187675663
899 0.8087689187675663
900 0.8087689187675663
901 0.8087689187675663
902 0.8087689187675663
903 0.8087689187675663
904 0.8087689187675663
905 0.8087689187675663
906 0.8087689187675663
907 0.8087689187675663
908 0.8087689187675663
909 0.8087689187675663
910 0.8087689187675663
911 0.8087689187675663
912 0.8087689187675663
913 0.8087689187675663
914 0.8087689187675663
915 0.8087689187675663
916 0.8087689187675663
917 0.8087689187675663
918 0.8087689187675663
919 0.8087689187675663
920 0.8087689187675663
921 0.8087689187675663
922 0.8087689187675663
923 0.8087689187675663
924 0.8087689187675663
925 0.8087689187675663
926 0.8087689187675663
927 0.8087689187675663
928 0.8087689187675663
929 0.8087689187675663
930 0.8087689187675663
931 0.8087689187675663
932 0.8087689187675663
933 0.8087689187675663
934 0.8087689187675663
935 0.8087689187675663
936 0.8087689187675663
937 0.8087689221542059
938 0.8087689221542059
939 0.8087689221542059
940 0.8087689221542059
941 0.8087689221542059
942 0.8087689221542059
943 0.8087689221542059
944 0.8087689221542059
945 0.8087689221542059
946 0.8087689221542059
947 0.8087689221542059
948 0.8087689221542059
949 0.8087689221542059
950 0.8087689221542059
951 0.8087689221542059
952 0.8087689221542059
953 0.8087689221542059
954 0.8087689221542059
955 0.8087689221542059
956 0.8087689221542059
957 0.8087689221542059
958 0.8087689221542059
959 0.8087689221542059
960 0.8087689221542059
961 0.8087689221542059
962 0.8087689221542059
963 0.8087689221542059
964 0.8087689221542059
965 0.8087689221542059
966 0.8087689221542059
967 0.8087689221542059
968 0.8087689221542059
969 0.8087689221542059
970 0.8087689221542059
971 0.8087689221542059
972 0.8087689221542059
973 0.8087689221542059
974 0.8087689221542059
975 0.8087689221542059
976 0.8087689221542059
977 0.8087689221542059
978 0.8087689221542059
979 0.8087689221542059
980 0.8087689221542059
981 0.8087689221542059
982 0.8087689221542059
983 0.8087689221542059
984 0.8087689221542059
985 0.8087689221542059
986 0.8087689221542059
987 0.8087689221542059
988 0.8087689221542059
989 0.8087689221542059
990 0.8087689221542059
991 0.8087689221542059
992 0.8087689221542059
993 0.8087689221542059
994 0.8087689221542059
995 0.8087689221542059
996 0.8087689221542059
997 0.8087689221542059
998 0.8087689221542059
999 0.8087689221542059
1000 0.8087689221542059
1001 0.8087689221542059
1002 0.8087689221542059
1003 0.8087689221542059
1004 0.8087689221542059
1005 0.8087689221542059
1006 0.8087689221542059
1007 0.8087689221542059
1008 0.8087689221542059
1009 0.8087689221542059
1010 0.8087689221542059
1011 0.8087689221542059
1012 0.8087689221542059
1013 0.8087689221542059
1014 0.8087689221542059
1015 0.8087689221542059
1016 0.8087689221542059
1017 0.8087689221542059
1018 0.8087689221542059
1019 0.8087689221542059
1020 0.8087689221542059
1021 0.8087689221542059
1022 0.8087689221542059
1023 0.8087689221542059
1024 0.8087689221542059
1025 0.8087689221542059
1026 0.8087689221542059
1027 0.8087689221542059
1028 0.8087689221542059
1029 0.8087689221542059
1030 0.8087689221542059
1031 0.8087689221542059
1032 0.8087689221542059
1033 0.8087689221542059
1034 0.8087689221542059
1035 0.8087689221542059
1036 0.8087689221542059
1037 0.8087689221542059
1038 0.8087689221542059
1039 0.8087689221542059
1040 0.8087689221542059
1041 0.8087689221542059
1042 0.8087689221542059
1043 0.8087689221542059
1044 0.8087689221542059
1045 0.8087689221542059
1046 0.8087689221542059
1047 0.8087689221542059
1048 0.8087689221542059
1049 0.8087689221542059
1050 0.8087689221542059
1051 0.8087689221542059
1052 0.8087689221542059
1053 0.8087689221542059
1054 0.8087689221542059
1055 0.8087689221542059
1056 0.8087689221542059
1057 0.8087689221542059
1058 0.8087689221542059
1059 0.8087689221542059
1060 0.8087689221542059
1061 0.8087689221542059
1062 0.8087689221542059
1063 0.8087689221542059
1064 0.8087689221542059
1065 0.8087689221542059
1066 0.8087689221542059
1067 0.8087689221542059
1068 0.8087689221542059
1069 0.8087689221542059
1070 0.8087689221542059
1071 0.8087689221542059
1072 0.8087689221542059
1073 0.8087689221542059
1074 0.8087689221542059
1075 0.8087689221542059
1076 0.8087689221542059
1077 0.8087689221542059
1078 0.8087689221542059
1079 0.8087689221542059
1080 0.8087689221542059
1081 0.8087689221542059
1082 0.8087689221542059
1083 0.8087689221542059
1084 0.8087689221542059
1085 0.8087689221542059
1086 0.8087689221542059
1087 0.8087689221542059
1088 0.8087689221542059
1089 0.8087689221542059
1090 0.8087689221542059
1091 0.8087689221542059
1092 0.8087689221542059
1093 0.8087689221542059
1094 0.8087689221542059
1095 0.8087689221542059
1096 0.8087689221542059
1097 0.8087689221542059
1098 0.8087689221542059
1099 0.8087689221542059
1100 0.8087689221542059
1101 0.8087689221542059
1102 0.8087689221542059
1103 0.8087689221542059
1104 0.8087689221542059
1105 0.8087689221542059
1106 0.8087689221542059
1107 0.8087689221542059
1108 0.8087689221542059
1109 0.8087689221542059
1110 0.8087689221542059
1111 0.8087689221542059
1112 0.8087689221542059
1113 0.8087689221542059
1114 0.8087689221542059
1115 0.8087689221542059
1116 0.8087689221542059
1117 0.8087689221542059
1118 0.8087689221542059
1119 0.8087689221542059
1120 0.8087689221542059
1121 0.8087689221542059
1122 0.8087689221542059
1123 0.8087689221542059
1124 0.8087689221542059
1125 0.8087689221542059
1126 0.8087689221542059
1127 0.8087689221542059
1128 0.8087689221542059
1129 0.8087689221542059
1130 0.8087689221542059
1131 0.8087689221542059
1132 0.8087689221542059
1133 0.8087689221542059
1134 0.8087689221542059
1135 0.8087689221542059
1136 0.8087689221542059
1137 0.8087689221542059
1138 0.8087689221542059
1139 0.8087689221542059
1140 0.8087689221542059
1141 0.8087689221542059
1142 0.8087689221542059
1143 0.8087689221542059
1144 0.8087689221542059
1145 0.8087689221542059
1146 0.8087689221542059
1147 0.8087689221542059
1148 0.8087689221542059
1149 0.8087689221542059
1150 0.8087689221542059
1151 0.8087689221542059
1152 0.8087689221542059
1153 0.8087689221542059
1154 0.8087689221542059
1155 0.8087689221542059
1156 0.8087689221542059
1157 0.8087689221542059
1158 0.8087689221542059
1159 0.8087689221542059
1160 0.8087689221542059
1161 0.8087689221542059
1162 0.8087689221542059
1163 0.8087689221542059
1164 0.8087689221542059
1165 0.8087689221542059
1166 0.8087689221542059
1167 0.8087689221542059
1168 0.8087689221542059
1169 0.8087689221542059
1170 0.8087689221542059
1171 0.8087689221542059
1172 0.8087689221542059
1173 0.8087689221542059
1174 0.8087689221542059
1175 0.8087689221542059
1176 0.8087689221542059
1177 0.8087689221542059
1178 0.8087689221542059
1179 0.8087689221542059
1180 0.8087689221542059
1181 0.8087689221542059
1182 0.8087689221542059
1183 0.8087689221542059
1184 0.8087689221542059
1185 0.8087689221542059
1186 0.8087689221542059
1187 0.8087689221542059
1188 0.8087689221542059
1189 0.8087689221542059
1190 0.8087689221542059
1191 0.8087689221542059
1192 0.8087689221542059
1193 0.8087689221542059
1194 0.8087689221542059
1195 0.8087689221542059
1196 0.8087689221542059
1197 0.8087689221542059
1198 0.8087689221542059
1199 0.8087689221542059
1200 0.8087689221542059
1201 0.8087689221542059
1202 0.8087689221542059
1203 0.8087689221542059
1204 0.8087689221542059
1205 0.8087689221542059
1206 0.8087689221542059
1207 0.8087689221542059
1208 0.8087689221542059
1209 0.8087689221542059
1210 0.8087689221542059
1211 0.8087689221542059
1212 0.8087689221542059
1213 0.8087689221542059
1214 0.8087689221542059
1215 0.8087689221542059
1216 0.8087689221542059
1217 0.8087689221542059
1218 0.8087689221542059
1219 0.8087689221542059
1220 0.8087689221542059
1221 0.8087689221542059
1222 0.8087689221542059
1223 0.8087689221542059
1224 0.8087689221542059
1225 0.8087689221542059
1226 0.8087689221542059
1227 0.8087689221542059
1228 0.8087689221542059
1229 0.8087689221542059
1230 0.8087689221542059
1231 0.8087689221542059
1232 0.8087689221542059
1233 0.8087689221542059
1234 0.8087689221542059
1235 0.8087689221542059
1236 0.8087689221542059
1237 0.8087689221542059
1238 0.8087689221542059
1239 0.8087689221542059
1240 0.8087689221542059
1241 0.8087689221542059
1242 0.8087689221542059
1243 0.8087689221542059
1244 0.8087689221542059
1245 0.8087689221542059
1246 0.8087689221542059
1247 0.8087689221542059
1248 0.8087689221542059
1249 0.8087689221542059
1250 0.8087689221542059
1251 0.8087689221542059
1252 0.8087689221542059
1253 0.8087689221542059
1254 0.8087689221542059
1255 0.8087689221542059
1256 0.8087689221542059
1257 0.8087689221542059
1258 0.8087689221542059
1259 0.8087689221542059
1260 0.8087689221542059
1261 0.8087689221542059
1262 0.8087689221542059
1263 0.8087689221542059
1264 0.8087689221542059
1265 0.8087689221542059
1266 0.8087689221542059
1267 0.8087689221542059
1268 0.8087689221542059
1269 0.8087689221542059
1270 0.8087689221542059
1271 0.8087689221542059
1272 0.8087689221542059
1273 0.8087689221542059
1274 0.8087689221542059
1275 0.8087689221542059
1276 0.8087689221542059
1277 0.8087689221542059
1278 0.8087689221542059
1279 0.8087689221542059
1280 0.8087689221542059
1281 0.8087689221542059
1282 0.8087689221542059
1283 0.8087689221542059
1284 0.8087689221542059
1285 0.8087689221542059
1286 0.8087689221542059
1287 0.8087689221542059
1288 0.8087689221542059
1289 0.8087689221542059
1290 0.8087689221542059
1291 0.8087689221542059
1292 0.8087689221542059
1293 0.8087689221542059
1294 0.8087689221542059
1295 0.8087689221542059
1296 0.8087689221542059
1297 0.8087689221542059
1298 0.8087689221542059
1299 0.8087689221542059
1300 0.8087689221542059
1301 0.8087689221542059
1302 0.8087689221542059
1303 0.8087689221542059
1304 0.8087689221542059
1305 0.8087689221542059
1306 0.8087689221542059
1307 0.8087689221542059
1308 0.8087689221542059
1309 0.8087689221542059
1310 0.8087689221542059
1311 0.8087689221542059
1312 0.8087689221542059
1313 0.8087689221542059
1314 0.8087689221542059
1315 0.8087689221542059
1316 0.8087689221542059
1317 0.8087689221542059
1318 0.8087689221542059
1319 0.8087689221542059
1320 0.8087689221542059
1321 0.8087689221542059
1322 0.8087689221542059
1323 0.8087689221542059
1324 0.8087689221542059
1325 0.8087689221542059
1326 0.8087689221542059
1327 0.8087689221542059
1328 0.8087689221542059
1329 0.8087689221542059
1330 0.8087689221542059
1331 0.8087689221542059
1332 0.8087689221542059
1333 0.8087689221542059
1334 0.8087689221542059
1335 0.8087689221542059
1336 0.8087689221542059
1337 0.8087689221542059
1338 0.8087689221542059
1339 0.8087689221542059
1340 0.8087689221542059
1341 0.8087689221542059
1342 0.8087689221542059
1343 0.8087689221542059
1344 0.8087689221542059
1345 0.8087689221542059
1346 0.8087689221542059
1347 0.8087689221542059
1348 0.8087689221542059
1349 0.8087689221542059
1350 0.8087689221542059
1351 0.8087689221542059
1352 0.8087689221542059
1353 0.8087689221542059
1354 0.8087689221542059
1355 0.8087689221542059
1356 0.8087689221542059
1357 0.8087689221542059
1358 0.8087689221542059
1359 0.8087689221542059
1360 0.8087689221542059
1361 0.8087689221542059
1362 0.8087689221542059
1363 0.8087689221542059
1364 0.8087689221542059
1365 0.8087689221542059
1366 0.8087689221542059
1367 0.8087689221542059
1368 0.8087689221542059
1369 0.8087689221542059
1370 0.8087689221542059
1371 0.8087689221542059
1372 0.8087689221542059
1373 0.8087689221542059
1374 0.8087689221542059
1375 0.8087689221542059
1376 0.8087689221542059
1377 0.8087689221542059
1378 0.8087689221542059
1379 0.8087689221542059
1380 0.8087689221542059
1381 0.8087689221542059
1382 0.8087689221542059
1383 0.8087689221542059
1384 0.8087689221542059
1385 0.8087689221542059
1386 0.8087689221542059
1387 0.8087689221542059
1388 0.8087689221542059
1389 0.8087689221542059
1390 0.8087689221542059
1391 0.8087689221542059
1392 0.8087689221542059
1393 0.8087689221542059
1394 0.8087689221542059
1395 0.8087689221542059
1396 0.8087689221542059
1397 0.8087689221542059
1398 0.8087689221542059
1399 0.8087689221542059
1400 0.8087689221542059
1401 0.8087689221542059
1402 0.8087689221542059
1403 0.8087689221542059
1404 0.8087689221542059
1405 0.8087689221542059
1406 0.8087689221542059
1407 0.8087689221542059
1408 0.8087689221542059
1409 0.8087689221542059
1410 0.8087689221542059
1411 0.8087689221542059
1412 0.8087689221542059
1413 0.8087689221542059
1414 0.8087689221542059
1415 0.8087689221542059
1416 0.8087689221542059
1417 0.8087689221542059
1418 0.8087689221542059
1419 0.8087689221542059
1420 0.8087689221542059
1421 0.8087689221542059
1422 0.8087689221542059
1423 0.8087689221542059
1424 0.8087689221542059
1425 0.8087689221542059
1426 0.8087689221542059
1427 0.8087689221542059
1428 0.8087689221542059
1429 0.8087689221542059
1430 0.8087689221542059
1431 0.8087689221542059
1432 0.8087689221542059
1433 0.8087689221542059
1434 0.8087689221542059
1435 0.8087689221542059
1436 0.8087689221542059
1437 0.8087689221542059
1438 0.8087689221542059
1439 0.8087689221542059
1440 0.8087689221542059
1441 0.8087689221542059
1442 0.8087689221542059
1443 0.8087689221542059
1444 0.8087689221542059
1445 0.8087689221542059
1446 0.8087689221542059
1447 0.8087689221542059
1448 0.8087689221542059
1449 0.8087689221542059
1450 0.8087689221542059
1451 0.8087689221542059
1452 0.8087689221542059
1453 0.8087689221542059
1454 0.8087689221542059
1455 0.8087689221542059
1456 0.8087689221542059
1457 0.8087689221542059
1458 0.8087689221542059
1459 0.8087689221542059
1460 0.8087689221542059
1461 0.8087689221542059
1462 0.8087689221542059
1463 0.8087689221542059
1464 0.8087689221542059
1465 0.8087689221542059
1466 0.8087689221542059
1467 0.8087689221542059
1468 0.8087689221542059
1469 0.8087689221542059
1470 0.8087689221542059
1471 0.8087689221542059
1472 0.8087689221542059
1473 0.8087689221542059
1474 0.8087689221542059
1475 0.8087689221542059
1476 0.8087689221542059
1477 0.8087689221542059
1478 0.8087689221542059
1479 0.8087689221542059
1480 0.8087689221542059
1481 0.8087689221542059
1482 0.8087689221542059
1483 0.8087689221542059
1484 0.8087689221542059
1485 0.8087689221542059
1486 0.8087689221542059
1487 0.8087689221542059
1488 0.8087689221542059
1489 0.8087689221542059
1490 0.8087689221542059
1491 0.8087689221542059
1492 0.8087689221542059
1493 0.8087689221542059
1494 0.8087689221542059
1495 0.8087689221542059
1496 0.8087689221542059
1497 0.8087689221542059
1498 0.8087689221542059
1499 0.8087689221542059
