0 0.0900232750381311
1 0.17891333623885905
2 0.19858777190180926
3 0.20540603361779727
4 0.24270822423719596
5 0.2491322206269177
6 0.26503974172663064
7 0.24608379983335904
8 0.24011392212607482
9 0.2258095094425245
10 0.21548855813263346
11 0.23270482647538276
12 0.19203638558856706
13 0.13877850666997818
14 0.06003507798620757
15 0.02201622220230032
16 0.029175552718801238
17 0.019685165472423813
18 0.019923725417438445
19 0.019923725417438448
20 0.015106445452042061
21 0.015106445452042065
22 0.015106445452042061
23 0.015106445452042061
24 0.015106445452042061
25 0.015106445452042061
26 0.021251778845574797
27 0.021251778845574804
28 0.021251778845574804
29 0.021251778845574804
30 0.021251778845574804
31 0.021251778845574804
32 0.021251778845574804
33 0.021251778845574804
34 0.021251778845574804
35 0.021251778845574804
36 0.021251778845574804
37 0.021251778845574804
38 0.021251778845574804
39 0.021251778845574804
40 0.021251778845574804
41 0.021251778845574804
42 0.021251778845574804
43 0.021251778845574804
44 0.021251778845574804
45 0.021251778845574804
46 0.021251778845574804
47 0.021251778845574804
48 0.021251778845574804
49 0.021251778845574804
50 0.021251778845574804
51 0.021251778845574804
52 0.021251778845574804
53 0.021251778845574804
54 0.021251778845574804
55 0.021251778845574804
56 0.021251778845574804
57 0.021251778845574804
58 0.015106445452042061
59 0.008737662791865927
60 0.0034388482680995434
61 0.0008419654017109029
62 0.0008419654017109029
63 0.0008419654017109029
64 0.0008419654017109029
65 0.0008419654017109029
66 0.0008419654017109029
67 0.0008419654017109029
68 0.0008419654017109029
69 0.0008419654017109029
70 0.0008419654017109029
71 0.0008419654017109029
72 0.0008419654017109029
73 0.0008419654017109029
74 0.0008419654017109029
75 0.0008419654017109029
76 0.0008419654017109029
77 0.0008419654017109029
78 0.0008419654017109029
79 0.0008419654017109029
80 0.0008419654017109029
81 0.0008419654017109029
82 0.0008419654017109029
83 0.0008419654017109029
84 0.0008419654017109029
85 0.0008419654017109029
86 0.0008419654017109029
87 0.0008419654017109029
88 0.0008419654017109029
89 0.0008419654017109029
90 0.0008419654017109029
91 0.0008419654017109029
92 0.0008419654017109029
93 0.0008419654017109029
94 0.0008419654017109029
95 0.0008419654017109029
96 0.0008419654017109029
97 0.0008419654017109029
98 0.0008419654017109029
99 0.0008419654017109029
100 0.0008419654017109029
101 0.0008419654017109029
102 0.0008419654017109029
103 0.0008419654017109029
104 0.0008419654017109029
105 0.0008419654017109027
106 0.0008419654017109024
107 0.0008419654017109021
108 0.0008419654017109018
109 0.0008419654017109016
110 0.0008419654017109013
111 0.0008419654017109013
112 0.0008419654017109013
113 0.0008419654017109013
114 0.0008419654017109013
115 0.0008419654017109013
116 0.0008419654017109013
117 0.0008419654017109013
118 0.0008419654017109013
119 0.0008419654017109013
120 0.0008419654017109013
121 0.0008419654017109013
122 0.0008419654017109013
123 0.0008419654017109013
124 0.0008419654017109013
125 0.0008419654017109013
126 0.0008419654017109013
127 0.0008419654017109013
128 0.0008419654017109013
129 0.0008419654017109013
130 0.0008419654017109013
131 0.0008419654017109013
132 0.0008419654017109013
133 0.0008419654017109013
134 0.0008419654017109013
135 0.0008419654017109013
136 0.0008419654017109013
137 0.0008419654017109013
138 0.0008419654017109013
139 0.0008419654017109013
140 0.0008419654017109013
141 0.0008419654017109013
142 0.0008419654017109013
143 0.0008419654017109013
144 0.0008419654017109013
145 0.0008419654017109013
146 0.0008419654017109013
147 0.0008419654017109013
148 0.0008419654017109013
149 0.0008419654017109013
150 0.0008419654017109013
151 0.0008419654017109013
152 0.0008419654017109013
153 0.0008419654017109013
154 0.0008419654017109013
155 0.0008419654017109013
156 0.0008419654017109013
157 0.0008419654017109013
158 0.0008419654017109013
159 0.0008419654017109013
160 0.0008419654017109013
161 0.0008419654017109013
162 0.0008419654017109013
163 0.0008419654017109013
164 0.0008419654017109013
165 0.0008419654017109013
166 0.0008419654017109013
167 0.0008419654017109013
168 0.0008419654017109013
169 0.0008419654017109013
170 0.0008419654017109013
171 0.0008419654017109013
172 0.0008419654017109013
173 0.0008419654017109013
174 0.0008419654017109013
175 0.0008419654017109013
176 0.0008419654017109013
177 0.0008419654017109013
178 0.0008419654017109013
179 0.0008419654017109013
180 0.0008419654017109013
181 0.0008419654017109013
182 0.0008419654017109013
183 0.0008419654017109013
184 0.0008419654017109013
185 0.0008419654017109013
186 0.0008419654017109013
187 0.0008419654017109013
188 0.0008419654017109013
189 0.0008419654017109013
190 0.0008419654017109013
191 0.0008419654017109013
192 0.0008419654017109013
193 0.0008419654017109013
194 0.0008419654017109013
195 0.0008419654017109013
196 0.0008419654017109013
197 0.0008419654017109013
198 0.0008419654017109013
199 0.0008419654017109013
200 0.0008419654017109013
201 0.0008419654017109013
202 0.0008419654017109013
203 0.0008419654017109013
204 0.0008419654017109013
205 0.0008419654017109013
206 0.0008419654017109013
207 0.0008419654017109013
208 0.0008419654017109013
209 0.0008419654017109013
210 0.0008419654017109013
211 0.0008419654017109013
212 0.0008419654017109013
213 0.0008419654017109013
214 0.0008419654017109013
215 0.0008419654017109013
216 0.0008419654017109013
217 0.0008419654017109013
218 0.0008419654017109013
219 0.0008419654017109013
220 0.0008419654017109013
221 0.0008419654017109013
222 0.0008419654017109013
223 0.0008419654017109013
224 0.0008419654017109013
225 0.0008419654017109013
226 0.0008419654017109013
227 0.0008419654017109013
228 0.0008419654017109013
229 0.0008419654017109013
230 0.0008419654017109013
231 0.0008419654017109013
232 0.0008419654017109013
233 0.0008419654017109013
234 0.0008419654017109013
235 0.0008419654017109013
236 0.0008419654017109013
237 0.0008419654017109013
238 0.0008419654017109013
239 0.0008419654017109013
240 0.0008419654017109013
241 0.0008419654017109013
242 0.0008419654017109013
243 0.0008419654017109013
244 0.0008419654017109013
245 0.0008419654017109013
246 0.0008419654017109013
247 0.0008419654017109013
248 0.0008419654017109013
249 0.0008419654017109013
250 0.0008419654017109013
251 0.0008419654017109013
252 0.0008419654017109013
253 0.0008419654017109013
254 0.0008419654017109013
255 0.0008419654017109013
256 0.0008419654017109013
257 0.0008419654017109013
258 0.0008419654017109013
259 0.0008419654017109013
260 0.0008419654017109013
261 0.0008419654017109013
262 0.0008419654017109013
263 0.0008419654017109013
264 0.0008419654017109013
265 0.0008419654017109013
266 0.0008419654017109013
267 0.0008419654017109013
268 0.0008419654017109013
269 0.0008419654017109013
270 0.0008419654017109013
271 0.0008419654017109013
272 0.0008419654017109013
273 0.0008419654017109013
274 0.0008419654017109013
275 0.0008419654017109013
276 0.0008419654017109013
277 0.0008419654017109013
278 0.0008419654017109013
279 0.0008419654017109013
280 0.0008419654017109013
281 0.0008419654017109013
282 0.0008419654017109013
283 0.0008419654017109013
284 0.0008419654017109013
285 0.0008419654017109013
286 0.0008419654017109013
287 0.0008419654017109013
288 0.0008419654017109013
289 0.0008419654017109013
290 0.0008419654017109013
291 0.0008419654017109013
292 0.0008419654017109013
293 0.0008419654017109013
294 0.0008419654017109013
295 0.0008419654017109013
296 0.0008419654017109013
297 0.0008419654017109013
298 0.0008419654017109013
299 0.0008419654017109013
300 0.0008419654017109013
301 0.0008419654017109013
302 0.0008419654017109013
303 0.0008419654017109013
304 0.0008419654017109013
305 0.0008419654017109013
306 0.0008419654017109013
307 0.0008419654017109013
308 0.0008419654017109013
309 0.0008419654017109013
310 0.0008419654017109013
311 0.0008419654017109013
312 0.0008419654017109013
313 0.0008419654017109013
314 0.0008419654017109013
315 0.0008419654017109013
316 0.0008419654017109013
317 0.0008419654017109013
318 0.0008419654017109013
319 0.0008419654017109013
320 0.0008419654017109013
321 0.0008419654017109013
322 0.0008419654017109013
323 0.0008419654017109013
324 0.0008419654017109013
325 0.0008419654017109013
326 0.0008419654017109013
327 0.0008419654017109013
328 0.0008419654017109013
329 0.0008419654017109013
330 0.0008419654017109013
331 0.0008419654017109013
332 0.0008419654017109013
333 0.0008419654017109013
334 0.0008419654017109013
335 0.0008419654017109013
336 0.0008419654017109013
337 0.0008419654017109013
338 0.0008419654017109013
339 0.0008419654017109013
340 0.0008419654017109013
341 0.0008419654017109013
342 0.0008419654017109013
343 0.0008419654017109013
344 0.0008419654017109013
345 0.0008419654017109013
346 0.0008419654017109013
347 0.0008419654017109013
348 0.0008419654017109013
349 0.0008419654017109013
350 0.0008419654017109013
351 0.0008419654017109013
352 0.0008419654017109013
353 0.0008419654017109013
354 0.0008419654017109013
355 0.0008419654017109013
356 0.0008419654017109013
357 0.0008419654017109013
358 0.0008419654017109013
359 0.0008419654017109013
360 0.0008419654017109013
361 0.0008419654017109013
362 0.0008419654017109013
363 0.0008419654017109013
364 0.0008419654017109013
365 0.0008419654017109013
366 0.0008419654017109013
367 0.0008419654017109013
368 0.0008419654017109013
369 0.0008419654017109013
370 0.0008419654017109013
371 0.0008419654017109013
372 0.0008419654017109013
373 0.0008419654017109013
374 0.0008419654017109013
375 0.0008419654017109013
376 0.0008419654017109013
377 0.0008419654017109013
378 0.0008419654017109013
379 0.0008419654017109013
380 0.0008419654017109013
381 0.0008419654017109013
382 0.0008419654017109013
383 0.0008419654017109013
384 0.0008419654017109013
385 0.0008419654017109013
386 0.0008419654017109013
387 0.0008419654017109013
388 0.0008419654017109013
389 0.0008419654017109013
390 0.0008419654017109013
391 0.0008419654017109013
392 0.0008419654017109013
393 0.0008419654017109013
394 0.0008419654017109013
395 0.0008419654017109013
396 0.0008419654017109013
397 0.0008419654017109013
398 0.0008419654017109013
399 0.0008419654017109013
400 0.0008419654017109013
401 0.0008419654017109013
402 0.0008419654017109013
403 0.0008419654017109013
404 0.0008419654017109013
405 0.0008419654017109013
406 0.0008419654017109013
407 0.0008419654017109013
408 0.0008419654017109013
409 0.0008419654017109013
410 0.0008419654017109013
411 0.0008419654017109013
412 0.0008419654017109013
413 0.0008419654017109013
414 0.0008419654017109013
415 0.0008419654017109013
416 0.0008419654017109013
417 0.0008419654017109013
418 0.0008419654017109013
419 0.0008419654017109013
420 0.0008419654017109013
421 0.0008419654017109013
422 0.0008419654017109013
423 0.0008419654017109013
424 0.0008419654017109013
425 0.0008419654017109013
426 0.0008419654017109013
427 0.0008419654017109013
428 0.0008419654017109013
429 0.0008419654017109013
430 0.0008419654017109013
431 0.0008419654017109013
432 0.0008419654017109013
433 0.0008419654017109013
434 0.0008419654017109013
435 0.0008419654017109013
436 0.0008419654017109013
437 0.0008419654017109013
438 0.0008419654017109013
439 0.0008419654017109013
440 0.0008419654017109013
441 0.0008419654017109013
442 0.0008419654017109013
443 0.0008419654017109013
444 0.0008419654017109013
445 0.0008419654017109013
446 0.0008419654017109013
447 0.0008419654017109013
448 0.0008419654017109013
449 0.0008419654017109013
450 0.0008419654017109013
451 0.0008419654017109013
452 0.0008419654017109013
453 0.0008419654017109013
454 0.0008419654017109013
455 0.0008419654017109013
456 0.0008419654017109013
457 0.0008419654017109013
458 0.0008419654017109013
459 0.0008419654017109013
460 0.0008419654017109013
461 0.0008419654017109013
462 0.0008419654017109013
463 0.0008419654017109013
464 0.0008419654017109013
465 0.0008419654017109013
466 0.0008419654017109013
467 0.0008419654017109013
468 0.0008419654017109013
469 0.0008419654017109013
470 0.0008419654017109013
471 0.0008419654017109013
472 0.0008419654017109013
473 0.0008419654017109013
474 0.0008419654017109013
475 0.0008419654017109013
476 0.0008419654017109013
477 0.0008419654017109013
478 0.0008419654017109013
479 0.0008419654017109013
480 0.0008419654017109013
481 0.0008419654017109013
482 0.0008419654017109013
483 0.0008419654017109013
484 0.0008419654017109013
485 0.0008419654017109013
486 0.0008419654017109013
487 0.0008419654017109013
488 0.0008419654017109013
489 0.0008419654017109013
490 0.0008419654017109013
491 0.0008419654017109013
492 0.0008419654017109013
493 0.0008419654017109013
494 0.0008419654017109013
495 0.0008419654017109013
496 0.0008419654017109013
497 0.0008419654017109013
498 0.0008419654017109013
499 0.0008419654017109013
500 0.0008419654017109013
501 0.0008419654017109013
502 0.0008419654017109013
503 0.0008419654017109013
504 0.0008419654017109013
505 0.0008419654017109013
506 0.0008419654017109013
507 0.0008419654017109013
508 0.0008419654017109013
509 0.0008419654017109013
510 0.0008419654017109013
511 0.0008419654017109013
512 0.0008419654017109013
513 0.0008419654017109013
514 0.0008419654017109013
515 0.0008419654017109013
516 0.0008419654017109013
517 0.0008419654017109013
518 0.0008419654017109013
519 0.0008419654017109013
520 0.0008419654017109013
521 0.0008419654017109013
522 0.0008419654017109013
523 0.0008419654017109013
524 0.0008419654017109013
525 0.0008419654017109013
526 0.0008419654017109013
527 0.0008419654017109013
528 0.0008419654017109013
529 0.0008419654017109013
530 0.0008419654017109013
531 0.0008419654017109013
532 0.0008419654017109013
533 0.0008419654017109013
534 0.0008419654017109013
535 0.0008419654017109013
536 0.0008419654017109013
537 0.0008419654017109013
538 0.0008419654017109013
539 0.0008419654017109013
540 0.0008419654017109013
541 0.0008419654017109013
542 0.0008419654017109013
543 0.0008419654017109013
544 0.0008419654017109013
545 0.0008419654017109013
546 0.0008419654017109013
547 0.0008419654017109013
548 0.0008419654017109013
549 0.0008419654017109013
550 0.0008419654017109013
551 0.0008419654017109013
552 0.0008419654017109013
553 0.0008419654017109013
554 0.0008419654017109013
555 0.0008419654017109013
556 0.0008419654017109013
557 0.0008419654017109013
558 0.0008419654017109013
559 0.0008419654017109013
560 0.0008419654017109013
561 0.0008419654017109013
562 0.0008419654017109013
563 0.0008419654017109013
564 0.0008419654017109013
565 0.0008419654017109013
566 0.0008419654017109013
567 0.0008419654017109013
568 0.0008419654017109013
569 0.0008419654017109013
570 0.0008419654017109013
571 0.0008419654017109013
572 0.0008419654017109013
573 0.0008419654017109013
574 0.0008419654017109013
575 0.0008419654017109013
576 0.0008419654017109013
577 0.0008419654017109013
578 0.0008419654017109013
579 0.0008419654017109013
580 0.0008419654017109013
581 0.0008419654017109013
582 0.0008419654017109013
583 0.0008419654017109013
584 0.0008419654017109013
585 0.0008419654017109013
586 0.0008419654017109013
587 0.0008419654017109013
588 0.0008419654017109013
589 0.0008419654017109013
590 0.0008419654017109013
591 0.0008419654017109013
592 0.0008419654017109013
593 0.0008419654017109013
594 0.0008419654017109013
595 0.0008419654017109013
596 0.0008419654017109013
597 0.0008419654017109013
598 0.0008419654017109013
599 0.0008419654017109013
600 0.0008419654017109013
601 0.0008419654017109013
602 0.0008419654017109013
603 0.0008419654017109013
604 0.0008419654017109013
605 0.0008419654017109013
606 0.0008419654017109013
607 0.0008419654017109013
608 0.0008419654017109013
609 0.0008419654017109013
610 0.0008419654017109013
611 0.0008419654017109013
612 0.0008419654017109013
613 0.0008419654017109013
614 0.0008419654017109013
615 0.0008419654017109013
616 0.0008419654017109013
617 0.0008419654017109013
618 0.0008419654017109013
619 0.0008419654017109013
620 0.0008419654017109013
621 0.0008419654017109013
622 0.0008419654017109013
623 0.0008419654017109013
624 0.0008419654017109013
625 0.0008419654017109013
626 0.0008419654017109013
627 0.0008419654017109013
628 0.0008419654017109013
629 0.0008419654017109013
630 0.0008419654017109013
631 0.0008419654017109013
632 0.0008419654017109013
633 0.0008419654017109013
634 0.0008419654017109013
635 0.0008419654017109013
636 0.0008419654017109013
637 0.0008419654017109013
638 0.0008419654017109013
639 0.0008419654017109013
640 0.0008419654017109013
641 0.0008419654017109013
642 0.0008419654017109013
643 0.0008419654017109013
644 0.0008419654017109013
645 0.0008419654017109013
646 0.0008419654017109013
647 0.0008419654017109013
648 0.0008419654017109013
649 0.0008419654017109013
650 0.0008419654017109013
651 0.0008419654017109013
652 0.0008419654017109013
653 0.0008419654017109013
654 0.0008419654017109013
655 0.0008419654017109013
656 0.0008419654017109013
657 0.0008419654017109013
658 0.0008419654017109013
659 0.0008419654017109013
660 0.0008419654017109013
661 0.0008419654017109013
662 0.0008419654017109013
663 0.0008419654017109013
664 0.0008419654017109013
665 0.0008419654017109013
666 0.0008419654017109013
667 0.0008419654017109013
668 0.0008419654017109013
669 0.0008419654017109013
670 0.0008419654017109013
671 0.0008419654017109013
672 0.0008419654017109013
673 0.0008419654017109013
674 0.0008419654017109013
675 0.0008419654017109013
676 0.0008419654017109013
677 0.0008419654017109013
678 0.0008419654017109013
679 0.0008419654017109013
680 0.0008419654017109013
681 0.0008419654017109013
682 0.0008419654017109013
683 0.0008419654017109013
684 0.0008419654017109013
685 0.0008419654017109013
686 0.0008419654017109013
687 0.0008419654017109013
688 0.0008419654017109013
689 0.0008419654017109013
690 0.0008419654017109013
691 0.0008419654017109013
692 0.0008419654017109013
693 0.0008419654017109013
694 0.0008419654017109013
695 0.0008419654017109013
696 0.0008419654017109013
697 0.0008419654017109013
698 0.0008419654017109013
699 0.0008419654017109013
700 0.0008419654017109013
701 0.0008419654017109013
702 0.0008419654017109013
703 0.0008419654017109013
704 0.0008419654017109013
705 0.0008419654017109013
706 0.0008419654017109013
707 0.0008419654017109013
708 0.0008419654017109013
709 0.0008419654017109013
710 0.0008419654017109013
711 0.0008419654017109013
712 0.0008419654017109013
713 0.0008419654017109013
714 0.0008419654017109013
715 0.0008419654017109013
716 0.0008419654017109013
717 0.0008419654017109013
718 0.0008419654017109013
719 0.0008419654017109013
720 0.0008419654017109013
721 0.0008419654017109013
722 0.0008419654017109013
723 0.0008419654017109013
724 0.0008419654017109013
725 0.0008419654017109013
726 0.0008419654017109013
727 0.0008419654017109013
728 0.0008419654017109013
729 0.0008419654017109013
730 0.0008419654017109013
731 0.0008419654017109013
732 0.0008419654017109013
733 0.0008419654017109013
734 0.0008419654017109013
735 0.0008419654017109013
736 0.0008419654017109013
737 0.0008419654017109013
738 0.0008419654017109013
739 0.0008419654017109013
740 0.0008419654017109013
741 0.0008419654017109013
742 0.0008419654017109013
743 0.0008419654017109013
744 0.0008419654017109013
745 0.0008419654017109013
746 0.0008419654017109013
747 0.0008419654017109013
748 0.0008419654017109013
749 0.0008419654017109013
750 0.0008419654017109013
751 0.0008419654017109013
752 0.0008419654017109013
753 0.0008419654017109013
754 0.0008419654017109013
755 0.0008419654017109013
756 0.0008419654017109013
757 0.0008419654017109013
758 0.0008419654017109013
759 0.0008419654017109013
760 0.0008419654017109013
761 0.0008419654017109013
762 0.0008419654017109013
763 0.0008419654017109013
764 0.0008419654017109013
765 0.0008419654017109013
766 0.0008419654017109013
767 0.0008419654017109013
768 0.0008419654017109013
769 0.0008419654017109013
770 0.0008419654017109013
771 0.0008419654017109013
772 0.0008419654017109013
773 0.0008419654017109013
774 0.0008419654017109013
775 0.0008419654017109013
776 0.0008419654017109013
777 0.0008419654017109013
778 0.0008419654017109013
779 0.0008419654017109013
780 0.0008419654017109013
781 0.0008419654017109013
782 0.0008419654017109013
783 0.0008419654017109013
784 0.0008419654017109013
785 0.0008419654017109013
786 0.0008419654017109013
787 0.0008419654017109013
788 0.0008419654017109013
789 0.0008419654017109013
790 0.0008419654017109013
791 0.0008419654017109013
792 0.0008419654017109013
793 0.0008419654017109013
794 0.0008419654017109013
795 0.0008419654017109013
796 0.0008419654017109013
797 0.0008419654017109013
798 0.0008419654017109013
799 0.0008419654017109013
800 0.0008419654017109013
801 0.0008419654017109013
802 0.0008419654017109013
803 0.0008419654017109013
804 0.0008419654017109013
805 0.0008419654017109013
806 0.0008419654017109013
807 0.0008419654017109013
808 0.0008419654017109013
809 0.0008419654017109013
810 0.0008419654017109013
811 0.0008419654017109013
812 0.0008419654017109013
813 0.0008419654017109013
814 0.0008419654017109013
815 0.0008419654017109013
816 0.0008419654017109013
817 0.0008419654017109013
818 0.0008419654017109013
819 0.0008419654017109013
820 0.0008419654017109013
821 0.0008419654017109013
822 0.0008419654017109013
823 0.0008419654017109013
824 0.0008419654017109013
825 0.0008419654017109013
826 0.0008419654017109013
827 0.0008419654017109013
828 0.0008419654017109013
829 0.0008419654017109013
830 0.0008419654017109013
831 0.0008419654017109013
832 0.0008419654017109013
833 0.0008419654017109013
834 0.0008419654017109013
835 0.0008419654017109013
836 0.0008419654017109013
837 0.0008419654017109013
838 0.0008419654017109013
839 0.0008419654017109013
840 0.0008419654017109013
841 0.0008419654017109013
842 0.0008419654017109013
843 0.0008419654017109013
844 0.0008419654017109013
845 0.0008419654017109013
846 0.0008419654017109013
847 0.0008419654017109013
848 0.0008419654017109013
849 0.0008419654017109013
850 0.0008419654017109013
851 0.0008419654017109013
852 0.0008419654017109013
853 0.0008419654017109013
854 0.0008419654017109013
855 0.0008419654017109013
856 0.0008419654017109013
857 0.0008419654017109013
858 0.0008419654017109013
859 0.0008419654017109013
860 0.0008419654017109013
861 0.0008419654017109013
862 0.0008419654017109013
863 0.0008419654017109013
864 0.0008419654017109013
865 0.0008419654017109013
866 0.0008419654017109013
867 0.0008419654017109013
868 0.0008419654017109013
869 0.0008419654017109013
870 0.0008419654017109013
871 0.0008419654017109013
872 0.0008419654017109013
873 0.0008419654017109013
874 0.0008419654017109013
875 0.0008419654017109013
876 0.0008419654017109013
877 0.0008419654017109013
878 0.0008419654017109013
879 0.0008419654017109013
880 0.0008419654017109013
881 0.0008419654017109013
882 0.0008419654017109013
883 0.0008419654017109013
884 0.0008419654017109013
885 0.0008419654017109013
886 0.0008419654017109013
887 0.0008419654017109013
888 0.0008419654017109013
889 0.0008419654017109013
890 0.0008419654017109013
891 0.0008419654017109013
892 0.0008419654017109013
893 0.0008419654017109013
894 0.0008419654017109013
895 0.0008419654017109013
896 0.0008419654017109013
897 0.0008419654017109013
898 0.0008419654017109013
899 0.0008419654017109013
900 0.0008419654017109013
901 0.0008419654017109013
902 0.0008419654017109013
903 0.0008419654017109013
904 0.0008419654017109013
905 0.0008419654017109013
906 0.0008419654017109013
907 0.0008419654017109013
908 0.0008419654017109013
909 0.0008419654017109013
910 0.0008419654017109013
911 0.0008419654017109013
912 0.0008419654017109013
913 0.0008419654017109013
914 0.0008419654017109013
915 0.0008419654017109013
916 0.0008419654017109013
917 0.0008419654017109013
918 0.0008419654017109013
919 0.0008419654017109013
920 0.0008419654017109013
921 0.0008419654017109013
922 0.0008419654017109013
923 0.0008419654017109013
924 0.0008419654017109013
925 0.0008419654017109013
926 0.0008419654017109013
927 0.0008419654017109013
928 0.0008419654017109013
929 0.0008419654017109013
930 0.0008419654017109013
931 0.0008419654017109013
932 0.0008419654017109013
933 0.0008419654017109013
934 0.0008419654017109013
935 0.0008419654017109013
936 0.0008419654017109013
937 0.0008419654017109013
938 0.0008419654017109013
939 0.0008419654017109013
940 0.0008419654017109013
941 0.0008419654017109013
942 0.0008419654017109013
943 0.0008419654017109013
944 0.0008419654017109013
945 0.0008419654017109013
946 0.0008419654017109013
947 0.0008419654017109013
948 0.0008419654017109013
949 0.0008419654017109013
950 0.0008419654017109013
951 0.0008419654017109013
952 0.0008419654017109013
953 0.0008419654017109013
954 0.0008419654017109013
955 0.0008419654017109013
956 0.0008419654017109013
957 0.0008419654017109013
958 0.0008419654017109013
959 0.0008419654017109013
960 0.0008419654017109013
961 0.0008419654017109013
962 0.0008419654017109013
963 0.0008419654017109013
964 0.0008419654017109013
965 0.0008419654017109013
966 0.0008419654017109013
967 0.0008419654017109013
968 0.0008419654017109013
969 0.0008419654017109013
970 0.0008419654017109013
971 0.0008419654017109013
972 0.0008419654017109013
973 0.0008419654017109013
974 0.0008419654017109013
975 0.0008419654017109013
976 0.0008419654017109013
977 0.0008419654017109013
978 0.0008419654017109013
979 0.0008419654017109013
980 0.0008419654017109013
981 0.0008419654017109013
982 0.0008419654017109013
983 0.0008419654017109013
984 0.0008419654017109013
985 0.0008419654017109013
986 0.0008419654017109013
987 0.0008419654017109013
988 0.0008419654017109013
989 0.0008419654017109013
990 0.0008419654017109013
991 0.0008419654017109013
992 0.0008419654017109013
993 0.0008419654017109013
994 0.0008419654017109013
995 0.0008419654017109013
996 0.0008419654017109013
997 0.0008419654017109013
998 0.0008419654017109013
999 0.0008419654017109013
