0 0.70703125
1 0.70703125
2 0.76953125
3 0.77734375
4 0.80078125
5 0.80078125
6 0.80078125
7 0.80859375
8 0.80859375
9 0.80859375
10 0.8125
11 0.8125
12 0.8125
13 0.82421875
14 0.82421875
15 0.8359375
16 0.8359375
17 0.8515625
18 0.8515625
19 0.8515625
20 0.8515625
21 0.8515625
22 0.8515625
23 0.8515625
24 0.85546875
25 0.85546875
26 0.859375
27 0.859375
28 0.859375
29 0.859375
30 0.859375
31 0.86328125
32 0.86328125
33 0.86328125
34 0.86328125
35 0.86328125
36 0.86328125
37 0.86328125
38 0.8828125
39 0.8828125
40 0.8828125
41 0.8828125
42 0.8828125
43 0.8828125
44 0.88671875
45 0.88671875
46 0.890625
47 0.890625
48 0.890625
49 0.890625
50 0.890625
51 0.890625
52 0.890625
53 0.890625
54 0.890625
55 0.890625
56 0.890625
57 0.890625
58 0.890625
59 0.890625
60 0.890625
61 0.890625
62 0.890625
63 0.890625
64 0.890625
65 0.890625
66 0.890625
67 0.890625
68 0.890625
69 0.890625
70 0.890625
71 0.8984375
72 0.8984375
73 0.8984375
74 0.8984375
75 0.8984375
76 0.8984375
77 0.8984375
78 0.8984375
79 0.8984375
80 0.8984375
81 0.8984375
82 0.8984375
83 0.8984375
84 0.8984375
85 0.8984375
86 0.8984375
87 0.8984375
88 0.8984375
89 0.8984375
90 0.8984375
91 0.8984375
92 0.8984375
93 0.8984375
94 0.8984375
95 0.8984375
96 0.8984375
97 0.8984375
98 0.8984375
99 0.8984375
100 0.8984375
101 0.8984375
102 0.8984375
103 0.8984375
104 0.8984375
105 0.8984375
106 0.8984375
107 0.8984375
108 0.8984375
109 0.8984375
110 0.8984375
111 0.8984375
112 0.8984375
113 0.8984375
114 0.8984375
115 0.8984375
116 0.8984375
117 0.8984375
118 0.8984375
119 0.8984375
120 0.8984375
121 0.8984375
122 0.8984375
123 0.8984375
124 0.8984375
125 0.8984375
126 0.8984375
127 0.8984375
128 0.8984375
129 0.8984375
130 0.8984375
131 0.8984375
132 0.90625
133 0.90625
134 0.90625
135 0.90625
136 0.90625
137 0.90625
138 0.90625
139 0.90625
140 0.90625
141 0.90625
142 0.90625
143 0.90625
144 0.9140625
145 0.9140625
146 0.9140625
147 0.9140625
148 0.9140625
149 0.9140625
150 0.9140625
151 0.9140625
152 0.9140625
153 0.9140625
154 0.9140625
155 0.9140625
156 0.9140625
157 0.9140625
158 0.9140625
159 0.9140625
160 0.9140625
161 0.9140625
162 0.9140625
163 0.9140625
164 0.9140625
165 0.9140625
166 0.9140625
167 0.9140625
168 0.9140625
169 0.9140625
170 0.9140625
171 0.9140625
172 0.9140625
173 0.9140625
174 0.9140625
175 0.9140625
176 0.9140625
177 0.9140625
178 0.9140625
179 0.9140625
180 0.9140625
181 0.9140625
182 0.9140625
183 0.9140625
184 0.9140625
185 0.9140625
186 0.9140625
187 0.9140625
188 0.9140625
189 0.9140625
190 0.9140625
191 0.9140625
192 0.9140625
193 0.9140625
194 0.9140625
195 0.9140625
196 0.9140625
197 0.9140625
198 0.9140625
199 0.9140625
200 0.9140625
201 0.9140625
202 0.9140625
203 0.9140625
204 0.9140625
205 0.9140625
206 0.9140625
207 0.9140625
208 0.9140625
209 0.9140625
210 0.9140625
211 0.9140625
212 0.9140625
213 0.9140625
214 0.9140625
215 0.9140625
216 0.9140625
217 0.9140625
218 0.9140625
219 0.9140625
220 0.9140625
221 0.9140625
222 0.9140625
223 0.9140625
224 0.9140625
225 0.9140625
226 0.9140625
227 0.9140625
228 0.9140625
229 0.9140625
230 0.9140625
231 0.9140625
232 0.9140625
233 0.9140625
234 0.9140625
235 0.9140625
236 0.9140625
237 0.9140625
238 0.9140625
239 0.9140625
240 0.9140625
241 0.9140625
242 0.9140625
243 0.9140625
244 0.91796875
245 0.91796875
246 0.91796875
247 0.91796875
248 0.91796875
249 0.91796875
250 0.91796875
251 0.91796875
252 0.91796875
253 0.91796875
254 0.91796875
255 0.91796875
256 0.91796875
257 0.91796875
258 0.91796875
259 0.91796875
260 0.91796875
261 0.91796875
262 0.91796875
263 0.91796875
264 0.91796875
265 0.91796875
266 0.91796875
267 0.91796875
268 0.91796875
269 0.91796875
270 0.91796875
271 0.91796875
272 0.91796875
273 0.91796875
274 0.91796875
275 0.91796875
276 0.91796875
277 0.91796875
278 0.91796875
279 0.91796875
280 0.91796875
281 0.91796875
282 0.91796875
283 0.91796875
284 0.91796875
285 0.91796875
286 0.91796875
287 0.91796875
288 0.91796875
289 0.91796875
290 0.91796875
291 0.91796875
292 0.91796875
293 0.91796875
294 0.91796875
295 0.91796875
296 0.91796875
297 0.91796875
298 0.91796875
299 0.91796875
300 0.91796875
301 0.91796875
302 0.91796875
303 0.91796875
304 0.91796875
305 0.91796875
306 0.91796875
307 0.91796875
308 0.91796875
309 0.91796875
310 0.91796875
311 0.91796875
312 0.91796875
313 0.91796875
314 0.91796875
315 0.91796875
316 0.91796875
317 0.91796875
318 0.91796875
319 0.91796875
320 0.91796875
321 0.91796875
322 0.91796875
323 0.91796875
324 0.91796875
325 0.91796875
326 0.91796875
327 0.91796875
328 0.91796875
329 0.921875
330 0.921875
331 0.921875
332 0.921875
333 0.921875
334 0.921875
335 0.921875
336 0.921875
337 0.921875
338 0.921875
339 0.921875
340 0.921875
341 0.921875
342 0.921875
343 0.921875
344 0.921875
345 0.921875
346 0.921875
347 0.94140625
348 0.94140625
349 0.94140625
350 0.94140625
351 0.94140625
352 0.94140625
353 0.94140625
354 0.94140625
355 0.94140625
356 0.94140625
357 0.94140625
358 0.94140625
359 0.94140625
360 0.94140625
361 0.94140625
362 0.94140625
363 0.94140625
364 0.94140625
365 0.94140625
366 0.94140625
367 0.94140625
368 0.94140625
369 0.953125
370 0.953125
371 0.953125
372 0.953125
373 0.953125
374 0.953125
375 0.953125
376 0.953125
377 0.953125
378 0.953125
379 0.953125
380 0.953125
381 0.953125
382 0.953125
383 0.953125
384 0.953125
385 0.953125
386 0.953125
387 0.953125
388 0.953125
389 0.953125
390 0.953125
391 0.953125
392 0.953125
393 0.953125
394 0.953125
395 0.953125
396 0.953125
397 0.953125
398 0.953125
399 0.953125
400 0.953125
401 0.953125
402 0.953125
403 0.953125
404 0.953125
405 0.953125
406 0.953125
407 0.953125
408 0.953125
409 0.953125
410 0.953125
411 0.953125
412 0.953125
413 0.953125
414 0.953125
415 0.953125
416 0.953125
417 0.953125
418 0.953125
419 0.953125
420 0.953125
421 0.953125
422 0.953125
423 0.953125
424 0.953125
425 0.953125
426 0.953125
427 0.953125
428 0.953125
429 0.953125
430 0.953125
431 0.953125
432 0.953125
433 0.953125
434 0.953125
435 0.953125
436 0.953125
437 0.953125
438 0.953125
439 0.953125
440 0.953125
441 0.953125
442 0.953125
443 0.953125
444 0.953125
445 0.953125
446 0.953125
447 0.953125
448 0.953125
449 0.953125
450 0.953125
451 0.953125
452 0.953125
453 0.953125
454 0.953125
455 0.953125
456 0.953125
457 0.953125
458 0.953125
459 0.953125
460 0.953125
461 0.953125
462 0.953125
463 0.953125
464 0.953125
465 0.953125
466 0.953125
467 0.953125
468 0.953125
469 0.953125
470 0.953125
471 0.953125
472 0.953125
473 0.953125
474 0.953125
475 0.953125
476 0.953125
477 0.953125
478 0.953125
479 0.953125
480 0.953125
481 0.953125
482 0.953125
483 0.953125
484 0.953125
485 0.953125
486 0.953125
487 0.953125
488 0.953125
489 0.953125
490 0.953125
491 0.953125
492 0.953125
493 0.953125
494 0.953125
495 0.953125
496 0.953125
497 0.953125
498 0.953125
499 0.953125
500 0.953125
501 0.953125
502 0.953125
503 0.953125
504 0.953125
505 0.953125
506 0.953125
507 0.953125
508 0.953125
509 0.953125
510 0.953125
511 0.953125
512 0.953125
513 0.953125
514 0.953125
515 0.953125
516 0.953125
517 0.953125
518 0.953125
519 0.953125
520 0.953125
521 0.953125
522 0.953125
523 0.953125
524 0.953125
525 0.953125
526 0.953125
527 0.953125
528 0.953125
529 0.953125
530 0.953125
531 0.953125
532 0.953125
533 0.953125
534 0.953125
535 0.953125
536 0.953125
537 0.953125
538 0.953125
539 0.953125
540 0.953125
541 0.953125
542 0.953125
543 0.953125
544 0.953125
545 0.953125
546 0.953125
547 0.953125
548 0.953125
549 0.953125
550 0.953125
551 0.953125
552 0.953125
553 0.953125
554 0.953125
555 0.953125
556 0.953125
557 0.953125
558 0.953125
559 0.953125
560 0.953125
561 0.953125
562 0.953125
563 0.953125
564 0.953125
565 0.953125
566 0.953125
567 0.953125
568 0.953125
569 0.953125
570 0.953125
571 0.953125
572 0.953125
573 0.953125
574 0.953125
575 0.953125
576 0.953125
577 0.953125
578 0.953125
579 0.953125
580 0.953125
581 0.953125
582 0.953125
583 0.953125
584 0.953125
585 0.953125
586 0.953125
587 0.953125
588 0.953125
589 0.953125
590 0.953125
591 0.953125
592 0.953125
593 0.953125
594 0.953125
595 0.953125
596 0.953125
597 0.953125
598 0.953125
599 0.953125
600 0.953125
601 0.953125
602 0.953125
603 0.953125
604 0.953125
605 0.953125
606 0.953125
607 0.953125
608 0.953125
609 0.953125
610 0.953125
611 0.953125
612 0.953125
613 0.953125
614 0.953125
615 0.953125
616 0.953125
617 0.953125
618 0.953125
619 0.953125
620 0.953125
621 0.953125
622 0.953125
623 0.953125
624 0.953125
625 0.953125
626 0.953125
627 0.953125
628 0.953125
629 0.953125
630 0.953125
631 0.953125
632 0.953125
633 0.953125
634 0.953125
635 0.953125
636 0.953125
637 0.953125
638 0.953125
639 0.953125
640 0.953125
641 0.953125
642 0.953125
643 0.953125
644 0.953125
645 0.953125
646 0.953125
647 0.953125
648 0.953125
649 0.953125
650 0.953125
651 0.953125
652 0.953125
653 0.953125
654 0.953125
655 0.953125
656 0.953125
657 0.953125
658 0.953125
659 0.953125
660 0.953125
661 0.953125
662 0.953125
663 0.953125
664 0.953125
665 0.953125
666 0.953125
667 0.953125
668 0.953125
669 0.953125
670 0.953125
671 0.953125
672 0.953125
673 0.953125
674 0.953125
675 0.953125
676 0.953125
677 0.953125
678 0.953125
679 0.953125
680 0.953125
681 0.953125
682 0.953125
683 0.953125
684 0.953125
685 0.953125
686 0.953125
687 0.953125
688 0.953125
689 0.953125
690 0.953125
691 0.953125
692 0.953125
693 0.953125
694 0.953125
695 0.953125
696 0.953125
697 0.953125
698 0.953125
699 0.953125
700 0.953125
701 0.953125
702 0.953125
703 0.953125
704 0.953125
705 0.953125
706 0.953125
707 0.953125
708 0.953125
709 0.953125
710 0.953125
711 0.953125
712 0.953125
713 0.953125
714 0.953125
715 0.953125
716 0.953125
717 0.953125
718 0.953125
719 0.953125
720 0.953125
721 0.953125
722 0.953125
723 0.953125
724 0.953125
725 0.953125
726 0.953125
727 0.953125
728 0.953125
729 0.953125
730 0.953125
731 0.953125
732 0.953125
733 0.953125
734 0.953125
735 0.953125
736 0.953125
737 0.953125
738 0.953125
739 0.953125
740 0.953125
741 0.953125
742 0.953125
743 0.953125
744 0.953125
745 0.953125
746 0.953125
747 0.953125
748 0.953125
749 0.953125
750 0.953125
751 0.953125
752 0.953125
753 0.953125
754 0.953125
755 0.953125
756 0.953125
757 0.953125
758 0.953125
759 0.953125
760 0.953125
761 0.953125
762 0.953125
763 0.953125
764 0.953125
765 0.953125
766 0.953125
767 0.953125
768 0.953125
769 0.953125
770 0.953125
771 0.953125
772 0.953125
773 0.953125
774 0.953125
775 0.953125
776 0.953125
777 0.953125
778 0.953125
779 0.953125
780 0.953125
781 0.953125
782 0.953125
783 0.953125
784 0.953125
785 0.953125
786 0.953125
787 0.953125
788 0.953125
789 0.953125
790 0.953125
791 0.953125
792 0.953125
793 0.953125
794 0.953125
795 0.953125
796 0.953125
797 0.953125
798 0.953125
799 0.953125
800 0.953125
801 0.953125
802 0.953125
803 0.953125
804 0.953125
805 0.953125
806 0.953125
807 0.953125
808 0.953125
809 0.953125
810 0.953125
811 0.953125
812 0.953125
813 0.953125
814 0.953125
815 0.953125
816 0.953125
817 0.953125
818 0.953125
819 0.953125
820 0.953125
821 0.953125
822 0.953125
823 0.953125
824 0.953125
825 0.953125
826 0.953125
827 0.953125
828 0.953125
829 0.953125
830 0.953125
831 0.953125
832 0.953125
833 0.953125
834 0.953125
835 0.953125
836 0.953125
837 0.953125
838 0.953125
839 0.953125
840 0.953125
841 0.953125
842 0.953125
843 0.953125
844 0.953125
845 0.953125
846 0.953125
847 0.953125
848 0.953125
849 0.953125
850 0.953125
851 0.953125
852 0.953125
853 0.953125
854 0.953125
855 0.953125
856 0.953125
857 0.953125
858 0.953125
859 0.953125
860 0.953125
861 0.953125
862 0.953125
863 0.953125
864 0.953125
865 0.953125
866 0.953125
867 0.953125
868 0.953125
869 0.953125
870 0.953125
871 0.953125
872 0.953125
873 0.953125
874 0.953125
875 0.953125
876 0.953125
877 0.953125
878 0.953125
879 0.953125
880 0.953125
881 0.953125
882 0.953125
883 0.953125
884 0.953125
885 0.953125
886 0.953125
887 0.953125
888 0.953125
889 0.953125
890 0.953125
891 0.953125
892 0.953125
893 0.953125
894 0.953125
895 0.953125
896 0.953125
897 0.953125
898 0.953125
899 0.953125
900 0.953125
901 0.953125
902 0.953125
903 0.953125
904 0.953125
905 0.953125
906 0.953125
907 0.953125
908 0.953125
909 0.953125
910 0.953125
911 0.953125
912 0.953125
913 0.953125
914 0.953125
915 0.953125
916 0.953125
917 0.953125
918 0.953125
919 0.953125
920 0.953125
921 0.953125
922 0.953125
923 0.953125
924 0.953125
925 0.953125
926 0.953125
927 0.953125
928 0.953125
929 0.953125
930 0.953125
931 0.953125
932 0.953125
933 0.953125
934 0.953125
935 0.953125
936 0.953125
937 0.953125
938 0.953125
939 0.953125
940 0.953125
941 0.953125
942 0.953125
943 0.953125
944 0.953125
945 0.953125
946 0.953125
947 0.953125
948 0.953125
949 0.953125
950 0.953125
951 0.953125
952 0.953125
953 0.953125
954 0.953125
955 0.953125
956 0.953125
957 0.953125
958 0.953125
959 0.953125
960 0.953125
961 0.953125
962 0.953125
963 0.953125
964 0.953125
965 0.953125
966 0.953125
967 0.953125
968 0.953125
969 0.953125
970 0.953125
971 0.953125
972 0.953125
973 0.953125
974 0.953125
975 0.953125
976 0.953125
977 0.953125
978 0.953125
979 0.953125
980 0.953125
981 0.953125
982 0.953125
983 0.953125
984 0.953125
985 0.953125
986 0.953125
987 0.953125
988 0.953125
989 0.953125
990 0.953125
991 0.953125
992 0.953125
993 0.953125
994 0.953125
995 0.953125
996 0.953125
997 0.95703125
998 0.95703125
999 0.95703125
1000 0.95703125
1001 0.95703125
1002 0.95703125
1003 0.95703125
1004 0.95703125
1005 0.95703125
1006 0.95703125
1007 0.95703125
1008 0.95703125
1009 0.95703125
1010 0.9765625
1011 0.9765625
1012 0.9765625
1013 0.9765625
1014 0.9765625
1015 0.9765625
1016 0.9765625
1017 0.9765625
1018 0.9765625
1019 0.9765625
1020 0.9765625
1021 0.9765625
1022 0.9765625
1023 0.9765625
1024 0.9765625
1025 0.9765625
1026 0.9765625
1027 0.9765625
1028 0.9765625
1029 0.9765625
1030 0.9765625
1031 0.9765625
1032 0.9765625
1033 0.9765625
1034 0.9765625
1035 0.9765625
1036 0.9765625
1037 0.9765625
1038 0.9765625
1039 0.9765625
1040 0.9765625
1041 0.9765625
1042 0.9765625
1043 0.9765625
1044 0.9765625
1045 0.9765625
1046 0.9765625
1047 0.9765625
1048 0.9765625
1049 0.9765625
1050 0.9765625
1051 0.9765625
1052 0.9765625
1053 0.9765625
1054 0.9765625
1055 0.9765625
1056 0.9765625
1057 0.9765625
1058 0.9765625
1059 0.9765625
1060 0.9765625
1061 0.9765625
1062 0.9765625
1063 0.9765625
1064 0.9765625
1065 0.9765625
1066 0.9765625
1067 0.9765625
1068 0.9765625
1069 0.9765625
1070 0.9765625
1071 0.9765625
1072 0.9765625
1073 0.9765625
1074 0.9765625
1075 0.9765625
1076 0.9765625
1077 0.9765625
1078 0.9765625
1079 0.9765625
1080 0.9765625
1081 0.9765625
1082 0.9765625
1083 0.9765625
1084 0.9765625
1085 0.9765625
1086 0.9765625
1087 0.9765625
1088 0.9765625
1089 0.9765625
1090 0.9765625
1091 0.9765625
1092 0.9765625
1093 0.9765625
1094 0.9765625
1095 0.9765625
1096 0.9765625
1097 0.9765625
1098 0.9765625
1099 0.9765625
1100 0.9765625
1101 0.9765625
1102 0.9765625
1103 0.9765625
1104 0.9765625
1105 0.9765625
1106 0.9765625
1107 0.9765625
1108 0.9765625
1109 0.9765625
1110 0.9765625
1111 0.9765625
1112 0.9765625
1113 0.9765625
1114 0.9765625
1115 0.9765625
1116 0.9765625
1117 0.9765625
1118 0.9765625
1119 0.9765625
1120 0.9765625
1121 0.9765625
1122 0.9765625
1123 0.9765625
1124 0.9765625
1125 0.9765625
1126 0.9765625
1127 0.9765625
1128 0.9765625
1129 0.9765625
1130 0.9765625
1131 0.9765625
1132 0.9765625
1133 0.9765625
1134 0.9765625
1135 0.9765625
1136 0.9765625
1137 0.9765625
1138 0.9765625
1139 0.9765625
1140 0.9765625
1141 0.9765625
1142 0.9765625
1143 0.9765625
1144 0.9765625
1145 0.9765625
1146 0.9765625
1147 0.9765625
1148 0.9765625
1149 0.9765625
1150 0.9765625
1151 0.9765625
1152 0.9765625
1153 0.9765625
1154 0.9765625
1155 0.9765625
1156 0.9765625
1157 0.9765625
1158 0.9765625
1159 0.9765625
1160 0.9765625
1161 0.9765625
1162 0.9765625
1163 0.9765625
1164 0.9765625
1165 0.9765625
1166 0.9765625
1167 0.9765625
1168 0.9765625
1169 0.9765625
1170 0.9765625
1171 0.9765625
1172 0.9765625
1173 0.9765625
1174 0.9765625
1175 0.9765625
1176 0.9765625
1177 0.9765625
1178 0.9765625
1179 0.9765625
1180 0.9765625
1181 0.9765625
1182 0.9765625
1183 0.9765625
1184 0.9765625
1185 0.9765625
1186 0.9765625
1187 0.9765625
1188 0.9765625
1189 0.9765625
1190 0.9765625
1191 0.9765625
1192 0.9765625
1193 0.9765625
1194 0.9765625
1195 0.9765625
1196 0.9765625
1197 0.9765625
1198 0.9765625
1199 0.9765625
1200 0.9765625
1201 0.9765625
1202 0.9765625
1203 0.9765625
1204 0.9765625
1205 0.9765625
1206 0.9765625
1207 0.9765625
1208 0.9765625
1209 0.9765625
1210 0.9765625
1211 0.9765625
1212 0.9765625
1213 0.9765625
1214 0.9765625
1215 0.9765625
1216 0.9765625
1217 0.9765625
1218 0.9765625
1219 0.9765625
1220 0.9765625
1221 0.9765625
1222 0.9765625
1223 0.9765625
1224 0.9765625
1225 0.9765625
1226 0.9765625
1227 0.9765625
1228 0.9765625
1229 0.9765625
1230 0.9765625
1231 0.9765625
1232 0.9765625
1233 0.9765625
1234 0.9765625
1235 0.9765625
1236 0.9765625
1237 0.9765625
1238 0.9765625
1239 0.9765625
1240 0.9765625
1241 0.9765625
1242 0.9765625
1243 0.9765625
1244 0.9765625
1245 0.9765625
1246 0.9765625
1247 0.9765625
1248 0.9765625
1249 0.9765625
1250 0.9765625
1251 0.9765625
1252 0.9765625
1253 0.9765625
1254 0.9765625
1255 0.9765625
1256 0.9765625
1257 0.9765625
1258 0.9765625
1259 0.9765625
1260 0.9765625
1261 0.9765625
1262 0.9765625
1263 0.9765625
1264 0.9765625
1265 0.9765625
1266 0.9765625
1267 0.9765625
1268 0.9765625
1269 0.9765625
1270 0.9765625
1271 0.9765625
1272 0.9765625
1273 0.9765625
1274 0.9765625
1275 0.9765625
1276 0.9765625
1277 0.9765625
1278 0.9765625
1279 0.9765625
1280 0.9765625
1281 0.9765625
1282 0.9765625
1283 0.9765625
1284 0.9765625
1285 0.9765625
1286 0.9765625
1287 0.9765625
1288 0.9765625
1289 0.9765625
1290 0.9765625
1291 0.9765625
1292 0.9765625
1293 0.9765625
1294 0.9765625
1295 0.9765625
1296 0.9765625
1297 0.9765625
1298 0.9765625
1299 0.9765625
1300 0.9765625
1301 0.9765625
1302 0.9765625
1303 0.9765625
1304 0.9765625
1305 0.9765625
1306 0.9765625
1307 0.9765625
1308 0.9765625
1309 0.9765625
1310 0.9765625
1311 0.9765625
1312 0.9765625
1313 0.9765625
1314 0.9765625
1315 0.9765625
1316 0.9765625
1317 0.9765625
1318 0.9765625
1319 0.9765625
1320 0.9765625
1321 0.9765625
1322 0.9765625
1323 0.9765625
1324 0.9765625
1325 0.9765625
1326 0.9765625
1327 0.9765625
1328 0.9765625
1329 0.9765625
1330 0.9765625
1331 0.9765625
1332 0.9765625
1333 0.9765625
1334 0.9765625
1335 0.9765625
1336 0.9765625
1337 0.9765625
1338 0.9765625
1339 0.9765625
1340 0.9765625
1341 0.9765625
1342 0.9765625
1343 0.9765625
1344 0.9765625
1345 0.9765625
1346 0.9765625
1347 0.9765625
1348 0.9765625
1349 0.9765625
1350 0.9765625
1351 0.9765625
1352 0.9765625
1353 0.9765625
1354 0.9765625
1355 0.9765625
1356 0.9765625
1357 0.9765625
1358 0.9765625
1359 0.9765625
1360 0.9765625
1361 0.9765625
1362 0.9765625
1363 0.9765625
1364 0.9765625
1365 0.9765625
1366 0.9765625
1367 0.9765625
1368 0.9765625
1369 0.9765625
1370 0.9765625
1371 0.9765625
1372 0.9765625
1373 0.9765625
1374 0.9765625
1375 0.9765625
1376 0.9765625
1377 0.9765625
1378 0.9765625
1379 0.9765625
1380 0.9765625
1381 0.9765625
1382 0.9765625
1383 0.9765625
1384 0.9765625
1385 0.9765625
1386 0.9765625
1387 0.9765625
1388 0.9765625
1389 0.9765625
1390 0.9765625
1391 0.9765625
1392 0.9765625
1393 0.9765625
1394 0.9765625
1395 0.9765625
1396 0.9765625
1397 0.9765625
1398 0.9765625
1399 0.9765625
1400 0.9765625
1401 0.9765625
1402 0.9765625
1403 0.9765625
1404 0.9765625
1405 0.9765625
1406 0.9765625
1407 0.9765625
1408 0.9765625
1409 0.9765625
1410 0.9765625
1411 0.9765625
1412 0.9765625
1413 0.9765625
1414 0.9765625
1415 0.9765625
1416 0.9765625
1417 0.9765625
1418 0.9765625
1419 0.9765625
1420 0.9765625
1421 0.9765625
1422 0.9765625
1423 0.9765625
1424 0.9765625
1425 0.9765625
1426 0.9765625
1427 0.9765625
1428 0.9765625
1429 0.9765625
1430 0.9765625
1431 0.9765625
1432 0.9765625
1433 0.9765625
1434 0.9765625
1435 0.9765625
1436 0.9765625
1437 0.9765625
1438 0.9765625
1439 0.9765625
1440 0.9765625
1441 0.9765625
1442 0.9765625
1443 0.9765625
1444 0.9765625
1445 0.9765625
1446 0.9765625
1447 0.9765625
1448 0.9765625
1449 0.9765625
1450 0.9765625
1451 0.9765625
1452 0.9765625
1453 0.9765625
1454 0.9765625
1455 0.9765625
1456 0.9765625
1457 0.9765625
1458 0.9765625
1459 0.9765625
1460 0.9765625
1461 0.9765625
1462 0.9765625
1463 0.9765625
1464 0.9765625
1465 0.9765625
1466 0.9765625
1467 0.9765625
1468 0.9765625
1469 0.9765625
1470 0.9765625
1471 0.9765625
1472 0.9765625
1473 0.9765625
1474 0.9765625
1475 0.9765625
1476 0.9765625
1477 0.9765625
1478 0.9765625
1479 0.9765625
1480 0.9765625
1481 0.9765625
1482 0.9765625
1483 0.9765625
1484 0.9765625
1485 0.9765625
1486 0.9765625
1487 0.9765625
1488 0.9765625
1489 0.9765625
1490 0.9765625
1491 0.9765625
1492 0.9765625
1493 0.9765625
1494 0.9765625
1495 0.9765625
1496 0.9765625
1497 0.9765625
1498 0.9765625
1499 0.9765625
1500 0.9765625
1501 0.9765625
1502 0.9765625
1503 0.9765625
1504 0.9765625
1505 0.9765625
1506 0.9765625
1507 0.9765625
1508 0.9765625
1509 0.9765625
1510 0.9765625
1511 0.9765625
1512 0.9765625
1513 0.9765625
1514 0.9765625
1515 0.9765625
1516 0.9765625
1517 0.9765625
1518 0.9765625
1519 0.9765625
1520 0.9765625
1521 0.9765625
1522 0.9765625
1523 0.9765625
1524 0.9765625
1525 0.9765625
1526 0.9765625
1527 0.9765625
1528 0.9765625
1529 0.9765625
1530 0.9765625
1531 0.9765625
1532 0.9765625
1533 0.9765625
1534 0.9765625
1535 0.9765625
1536 0.9765625
1537 0.9765625
1538 0.9765625
1539 0.9765625
1540 0.9765625
1541 0.9765625
1542 0.9765625
1543 0.9765625
1544 0.9765625
1545 0.9765625
1546 0.9765625
1547 0.9765625
1548 0.9765625
1549 0.9765625
1550 0.9765625
1551 0.9765625
1552 0.9765625
1553 0.9765625
1554 0.9765625
1555 0.9765625
1556 0.9765625
1557 0.9765625
1558 0.9765625
1559 0.9765625
1560 0.9765625
1561 0.9765625
1562 0.9765625
1563 0.9765625
1564 0.9765625
1565 0.9765625
1566 0.9765625
1567 0.9765625
1568 0.9765625
1569 0.9765625
1570 0.9765625
1571 0.9765625
1572 0.9765625
1573 0.9765625
1574 0.9765625
1575 0.9765625
1576 0.9765625
1577 0.9765625
1578 0.9765625
1579 0.9765625
1580 0.9765625
1581 0.9765625
1582 0.9765625
1583 0.9765625
1584 0.9765625
1585 0.9765625
1586 0.9765625
1587 0.9765625
1588 0.9765625
1589 0.9765625
1590 0.9765625
1591 0.9765625
1592 0.9765625
1593 0.9765625
1594 0.9765625
1595 0.9765625
1596 0.9765625
1597 0.9765625
1598 0.9765625
1599 0.9765625
1600 0.9765625
1601 0.9765625
1602 0.9765625
1603 0.9765625
1604 0.9765625
1605 0.9765625
1606 0.9765625
1607 0.9765625
1608 0.9765625
1609 0.9765625
1610 0.9765625
1611 0.9765625
1612 0.9765625
1613 0.9765625
1614 0.9765625
1615 0.9765625
1616 0.9765625
1617 0.9765625
1618 0.9765625
1619 0.9765625
1620 0.9765625
1621 0.9765625
1622 0.9765625
1623 0.9765625
1624 0.9765625
1625 0.9765625
1626 0.9765625
1627 0.9765625
1628 0.9765625
1629 0.9765625
1630 0.9765625
1631 0.9765625
1632 0.9765625
1633 0.9765625
1634 0.9765625
1635 0.9765625
1636 0.9765625
1637 0.9765625
1638 0.9765625
1639 0.9765625
1640 0.9765625
1641 0.9765625
1642 0.9765625
1643 0.9765625
1644 0.9765625
1645 0.9765625
1646 0.9765625
1647 0.9765625
1648 0.9765625
1649 0.9765625
1650 0.9765625
1651 0.9765625
1652 0.9765625
1653 0.9765625
1654 0.9765625
1655 0.9765625
1656 0.9765625
1657 0.9765625
1658 0.9765625
1659 0.9765625
1660 0.9765625
1661 0.9765625
1662 0.9765625
1663 0.9765625
1664 0.9765625
1665 0.9765625
1666 0.9765625
1667 0.9765625
1668 0.9765625
1669 0.9765625
1670 0.9765625
1671 0.9765625
1672 0.9765625
1673 0.9765625
1674 0.9765625
1675 0.9765625
1676 0.9765625
1677 0.9765625
1678 0.9765625
1679 0.9765625
1680 0.9765625
1681 0.9765625
1682 0.9765625
1683 0.9765625
1684 0.9765625
1685 0.9765625
1686 0.9765625
1687 0.9765625
1688 0.9765625
1689 0.9765625
1690 0.9765625
1691 0.9765625
1692 0.9765625
1693 0.9765625
1694 0.9765625
1695 0.9765625
1696 0.9765625
1697 0.9765625
1698 0.9765625
1699 0.9765625
1700 0.9765625
1701 0.9765625
1702 0.9765625
1703 0.9765625
1704 0.9765625
1705 0.9765625
1706 0.9765625
1707 0.9765625
1708 0.9765625
1709 0.9765625
1710 0.9765625
1711 0.9765625
1712 0.9765625
1713 0.9765625
1714 0.9765625
1715 0.9765625
1716 0.9765625
1717 0.9765625
1718 0.9765625
1719 0.9765625
1720 0.9765625
1721 0.9765625
1722 0.9765625
1723 0.9765625
1724 0.9765625
1725 0.9765625
1726 0.9765625
1727 0.9765625
1728 0.9765625
1729 0.9765625
1730 0.9765625
1731 0.9765625
1732 0.9765625
1733 0.9765625
1734 0.9765625
1735 0.9765625
1736 0.9765625
1737 0.9765625
1738 0.9765625
1739 0.9765625
1740 0.9765625
1741 0.9765625
1742 0.9765625
1743 0.9765625
1744 0.9765625
1745 0.9765625
1746 0.9765625
1747 0.9765625
1748 0.9765625
1749 0.9765625
1750 0.9765625
1751 0.9765625
1752 0.9765625
1753 0.9765625
1754 0.9765625
1755 0.9765625
1756 0.9765625
1757 0.9765625
1758 0.9765625
1759 0.9765625
1760 0.9765625
1761 0.9765625
1762 0.9765625
1763 0.9765625
1764 0.9765625
1765 0.9765625
1766 0.9765625
1767 0.9765625
1768 0.9765625
1769 0.9765625
1770 0.9765625
1771 0.9765625
1772 0.9765625
1773 0.9765625
1774 0.9765625
1775 0.9765625
1776 0.9765625
1777 0.9765625
1778 0.9765625
1779 0.9765625
1780 0.9765625
1781 0.9765625
1782 0.9765625
1783 0.9765625
1784 0.9765625
1785 0.9765625
1786 0.9765625
1787 0.9765625
1788 0.9765625
1789 0.9765625
1790 0.9765625
1791 0.9765625
1792 0.9765625
1793 0.9765625
1794 0.9765625
1795 0.9765625
1796 0.9765625
1797 0.9765625
1798 0.9765625
1799 0.9765625
1800 0.9765625
1801 0.9765625
1802 0.9765625
1803 0.9765625
1804 0.9765625
1805 0.9765625
1806 0.9765625
1807 0.9765625
1808 0.9765625
1809 0.9765625
1810 0.9765625
1811 0.9765625
1812 0.9765625
1813 0.9765625
1814 0.9765625
1815 0.9765625
1816 0.9765625
1817 0.9765625
1818 0.9765625
1819 0.9765625
1820 0.9765625
1821 0.9765625
1822 0.9765625
1823 0.9765625
1824 0.9765625
1825 0.9765625
1826 0.9765625
1827 0.9765625
1828 0.9765625
1829 0.9765625
1830 0.9765625
1831 0.9765625
1832 0.9765625
1833 0.9765625
1834 0.9765625
1835 0.9765625
1836 0.9765625
1837 0.9765625
1838 0.9765625
1839 0.9765625
1840 0.9765625
1841 0.9765625
1842 0.9765625
1843 0.9765625
1844 0.9765625
1845 0.9765625
1846 0.9765625
1847 0.9765625
1848 0.9765625
1849 0.9765625
1850 0.9765625
1851 0.9765625
1852 0.9765625
1853 0.9765625
1854 0.9765625
1855 0.9765625
1856 0.9765625
1857 0.9765625
1858 0.9765625
1859 0.9765625
1860 0.9765625
1861 0.9765625
1862 0.9765625
1863 0.9765625
1864 0.9765625
1865 0.9765625
1866 0.9765625
1867 0.9765625
1868 0.9765625
1869 0.9765625
1870 0.9765625
1871 0.9765625
1872 0.9765625
1873 0.9765625
1874 0.9765625
1875 0.9765625
1876 0.9765625
1877 0.9765625
1878 0.9765625
1879 0.9765625
1880 0.9765625
1881 0.9765625
1882 0.9765625
1883 0.9765625
1884 0.9765625
1885 0.9765625
1886 0.9765625
1887 0.9765625
1888 0.9765625
1889 0.9765625
1890 0.9765625
1891 0.9765625
1892 0.9765625
1893 0.9765625
1894 0.9765625
1895 0.9765625
1896 0.9765625
1897 0.9765625
1898 0.9765625
1899 0.9765625
1900 0.9765625
1901 0.9765625
1902 0.9765625
1903 0.9765625
1904 0.9765625
1905 0.9765625
1906 0.9765625
1907 0.9765625
1908 0.9765625
1909 0.9765625
1910 0.9765625
1911 0.9765625
1912 0.9765625
1913 0.9765625
1914 0.9765625
1915 0.9765625
1916 0.9765625
1917 0.9765625
1918 0.9765625
1919 0.9765625
1920 0.9765625
1921 0.9765625
1922 0.9765625
1923 0.9765625
1924 0.9765625
1925 0.9765625
1926 0.9765625
1927 0.9765625
1928 0.9765625
1929 0.9765625
1930 0.9765625
1931 0.9765625
1932 0.9765625
1933 0.9765625
1934 0.9765625
1935 0.9765625
1936 0.9765625
1937 0.9765625
1938 0.9765625
1939 0.9765625
1940 0.9765625
1941 0.9765625
1942 0.9765625
1943 0.9765625
1944 0.9765625
1945 0.9765625
1946 0.9765625
1947 0.9765625
1948 0.9765625
1949 0.9765625
1950 0.9765625
1951 0.9765625
1952 0.9765625
1953 0.9765625
1954 0.9765625
1955 0.9765625
1956 0.9765625
1957 0.9765625
1958 0.9765625
1959 0.9765625
1960 0.9765625
1961 0.9765625
1962 0.9765625
1963 0.9765625
1964 0.9765625
1965 0.9765625
1966 0.9765625
1967 0.9765625
1968 0.9765625
1969 0.9765625
1970 0.9765625
1971 0.9765625
1972 0.9765625
1973 0.9765625
1974 0.9765625
1975 0.9765625
1976 0.9765625
1977 0.9765625
1978 0.9765625
1979 0.9765625
1980 0.9765625
1981 0.9765625
1982 0.9765625
1983 0.9765625
1984 0.9765625
1985 0.9765625
1986 0.9765625
1987 0.9765625
1988 0.9765625
1989 0.9765625
1990 0.9765625
1991 0.9765625
1992 0.9765625
1993 0.9765625
1994 0.9765625
1995 0.9765625
1996 0.9765625
1997 0.9765625
1998 0.9765625
1999 0.9765625
2000 0.9765625
2001 0.9765625
2002 0.9765625
2003 0.9765625
2004 0.9765625
2005 0.9765625
2006 0.9765625
2007 0.9765625
2008 0.9765625
2009 0.9765625
2010 0.9765625
2011 0.9765625
2012 0.9765625
2013 0.9765625
2014 0.9765625
2015 0.9765625
2016 0.9765625
2017 0.9765625
2018 0.9765625
2019 0.9765625
2020 0.9765625
2021 0.9765625
2022 0.9765625
2023 0.9765625
2024 0.9765625
2025 0.9765625
2026 0.9765625
2027 0.9765625
2028 0.9765625
2029 0.9765625
2030 0.9765625
2031 0.9765625
2032 0.9765625
2033 0.9765625
2034 0.9765625
2035 0.9765625
2036 0.9765625
2037 0.9765625
2038 0.9765625
2039 0.9765625
2040 0.9765625
2041 0.9765625
2042 0.9765625
2043 0.9765625
2044 0.9765625
2045 0.9765625
2046 0.9765625
2047 0.9765625
2048 0.9765625
2049 0.9765625
2050 0.9765625
2051 0.9765625
2052 0.9765625
2053 0.9765625
2054 0.9765625
2055 0.9765625
2056 0.9765625
2057 0.9765625
2058 0.9765625
2059 0.9765625
2060 0.9765625
2061 0.9765625
2062 0.9765625
2063 0.9765625
2064 0.9765625
2065 0.9765625
2066 0.9765625
2067 0.9765625
2068 0.9765625
2069 0.9765625
2070 0.9765625
2071 0.9765625
2072 0.9765625
2073 0.9765625
2074 0.9765625
2075 0.9765625
2076 0.9765625
2077 0.9765625
2078 0.9765625
2079 0.9765625
2080 0.9765625
2081 0.9765625
2082 0.9765625
2083 0.9765625
2084 0.9765625
2085 0.9765625
2086 0.9765625
2087 0.9765625
2088 0.9765625
2089 0.9765625
2090 0.9765625
2091 0.9765625
2092 0.9765625
2093 0.9765625
2094 0.9765625
2095 0.9765625
2096 0.9765625
2097 0.9765625
2098 0.9765625
2099 0.9765625
2100 0.9765625
2101 0.9765625
2102 0.9765625
2103 0.9765625
2104 0.9765625
2105 0.9765625
2106 0.9765625
2107 0.9765625
2108 0.9765625
2109 0.9765625
2110 0.9765625
2111 0.9765625
2112 0.9765625
2113 0.9765625
2114 0.9765625
2115 0.9765625
2116 0.9765625
2117 0.9765625
2118 0.9765625
2119 0.9765625
2120 0.9765625
2121 0.9765625
2122 0.9765625
2123 0.9765625
2124 0.9765625
2125 0.9765625
2126 0.9765625
2127 0.9765625
2128 0.9765625
2129 0.9765625
2130 0.9765625
2131 0.9765625
2132 0.9765625
2133 0.9765625
2134 0.9765625
2135 0.9765625
2136 0.9765625
2137 0.9765625
2138 0.9765625
2139 0.9765625
2140 0.9765625
2141 0.9765625
2142 0.9765625
2143 0.9765625
2144 0.9765625
2145 0.9765625
2146 0.9765625
2147 0.9765625
2148 0.9765625
2149 0.9765625
2150 0.9765625
2151 0.9765625
2152 0.9765625
2153 0.9765625
2154 0.9765625
2155 0.9765625
2156 0.9765625
2157 0.9765625
2158 0.9765625
2159 0.9765625
2160 0.9765625
2161 0.9765625
2162 0.9765625
2163 0.9765625
2164 0.9765625
2165 0.9765625
2166 0.9765625
2167 0.9765625
2168 0.9765625
2169 0.9765625
2170 0.9765625
2171 0.9765625
2172 0.9765625
2173 0.9765625
2174 0.9765625
2175 0.9765625
2176 0.9765625
2177 0.9765625
2178 0.9765625
2179 0.9765625
2180 0.9765625
2181 0.9765625
2182 0.9765625
2183 0.9765625
2184 0.9765625
2185 0.9765625
2186 0.9765625
2187 0.9765625
2188 0.9765625
2189 0.9765625
2190 0.9765625
2191 0.9765625
2192 0.9765625
2193 0.9765625
2194 0.9765625
2195 0.9765625
2196 0.9765625
2197 0.9765625
2198 0.9765625
2199 0.9765625
2200 0.9765625
2201 0.9765625
2202 0.9765625
2203 0.9765625
2204 0.9765625
2205 0.9765625
2206 0.9765625
2207 0.9765625
2208 0.9765625
2209 0.9765625
2210 0.9765625
2211 0.9765625
2212 0.9765625
2213 0.9765625
2214 0.9765625
2215 0.9765625
2216 0.9765625
2217 0.9765625
2218 0.9765625
2219 0.9765625
2220 0.9765625
2221 0.9765625
2222 0.9765625
2223 0.9765625
2224 0.9765625
2225 0.9765625
2226 0.9765625
2227 0.9765625
2228 0.9765625
2229 0.9765625
2230 0.9765625
2231 0.9765625
2232 0.9765625
2233 0.9765625
2234 0.9765625
2235 0.9765625
2236 0.9765625
2237 0.9765625
2238 0.9765625
2239 0.9765625
2240 0.9765625
2241 0.9765625
2242 0.9765625
2243 0.9765625
2244 0.9765625
2245 0.9765625
2246 0.9765625
2247 0.9765625
2248 0.9765625
2249 0.9765625
2250 0.9765625
2251 0.9765625
2252 0.9765625
2253 0.9765625
2254 0.9765625
2255 0.9765625
2256 0.9765625
2257 0.9765625
2258 0.9765625
2259 0.9765625
2260 0.9765625
2261 0.9765625
2262 0.9765625
2263 0.9765625
2264 0.9765625
2265 0.9765625
2266 0.9765625
2267 0.9765625
2268 0.9765625
2269 0.9765625
2270 0.9765625
2271 0.9765625
2272 0.9765625
2273 0.9765625
2274 0.9765625
2275 0.9765625
2276 0.9765625
2277 0.9765625
2278 0.9765625
2279 0.9765625
2280 0.9765625
2281 0.9765625
2282 0.9765625
2283 0.9765625
2284 0.9765625
2285 0.9765625
2286 0.9765625
2287 0.9765625
2288 0.9765625
2289 0.9765625
2290 0.9765625
2291 0.9765625
2292 0.9765625
2293 0.9765625
2294 0.9765625
2295 0.9765625
2296 0.9765625
2297 0.9765625
2298 0.9765625
2299 0.9765625
2300 0.9765625
2301 0.9765625
2302 0.9765625
2303 0.9765625
2304 0.9765625
2305 0.9765625
2306 0.9765625
2307 0.9765625
2308 0.9765625
2309 0.9765625
2310 0.9765625
2311 0.9765625
2312 0.9765625
2313 0.9765625
2314 0.9765625
2315 0.9765625
2316 0.9765625
2317 0.9765625
2318 0.9765625
2319 0.9765625
2320 0.9765625
2321 0.9765625
2322 0.9765625
2323 0.9765625
2324 0.9765625
2325 0.9765625
2326 0.9765625
2327 0.9765625
2328 0.9765625
2329 0.9765625
2330 0.9765625
2331 0.9765625
2332 0.9765625
2333 0.9765625
2334 0.9765625
2335 0.9765625
2336 0.9765625
2337 0.9765625
2338 0.9765625
2339 0.9765625
2340 0.9765625
2341 0.9765625
2342 0.9765625
2343 0.9765625
2344 0.9765625
2345 0.9765625
2346 0.9765625
2347 0.9765625
2348 0.9765625
2349 0.9765625
2350 0.9765625
2351 0.9765625
2352 0.9765625
2353 0.9765625
2354 0.9765625
2355 0.9765625
2356 0.9765625
2357 0.9765625
2358 0.9765625
2359 0.9765625
2360 0.9765625
2361 0.9765625
2362 0.9765625
2363 0.9765625
2364 0.9765625
2365 0.9765625
2366 0.9765625
2367 0.9765625
2368 0.9765625
2369 0.9765625
2370 0.9765625
2371 0.9765625
2372 0.9765625
2373 0.9765625
2374 0.9765625
2375 0.9765625
2376 0.9765625
2377 0.9765625
2378 0.9765625
2379 0.9765625
2380 0.9765625
2381 0.9765625
2382 0.9765625
2383 0.9765625
2384 0.9765625
2385 0.9765625
2386 0.9765625
2387 0.9765625
2388 0.9765625
2389 0.9765625
2390 0.9765625
2391 0.9765625
2392 0.9765625
2393 0.9765625
2394 0.9765625
2395 0.9765625
2396 0.9765625
2397 0.9765625
2398 0.9765625
2399 0.9765625
2400 0.9765625
2401 0.9765625
2402 0.9765625
2403 0.9765625
2404 0.9765625
2405 0.9765625
2406 0.9765625
2407 0.9765625
2408 0.9765625
2409 0.9765625
2410 0.9765625
2411 0.9765625
2412 0.9765625
2413 0.9765625
2414 0.9765625
2415 0.9765625
2416 0.9765625
2417 0.9765625
2418 0.9765625
2419 0.9765625
2420 0.9765625
2421 0.9765625
2422 0.9765625
2423 0.9765625
2424 0.9765625
2425 0.9765625
2426 0.9765625
2427 0.9765625
2428 0.9765625
2429 0.9765625
2430 0.9765625
2431 0.9765625
2432 0.9765625
2433 0.9765625
2434 0.9765625
2435 0.9765625
2436 0.9765625
2437 0.9765625
2438 0.9765625
2439 0.9765625
2440 0.9765625
2441 0.9765625
2442 0.9765625
2443 0.9765625
2444 0.9765625
2445 0.9765625
2446 0.9765625
2447 0.9765625
2448 0.9765625
2449 0.9765625
2450 0.9765625
2451 0.9765625
2452 0.9765625
2453 0.9765625
2454 0.9765625
2455 0.9765625
2456 0.9765625
2457 0.9765625
2458 0.9765625
2459 0.9765625
2460 0.9765625
2461 0.9765625
2462 0.9765625
2463 0.9765625
2464 0.9765625
2465 0.9765625
2466 0.9765625
2467 0.9765625
2468 0.9765625
2469 0.9765625
2470 0.9765625
2471 0.9765625
2472 0.9765625
2473 0.9765625
2474 0.9765625
2475 0.9765625
2476 0.9765625
2477 0.9765625
2478 0.9765625
2479 0.9765625
2480 0.9765625
2481 0.9765625
2482 0.9765625
2483 0.9765625
2484 0.9765625
2485 0.9765625
2486 0.9765625
2487 0.9765625
2488 0.9765625
2489 0.9765625
2490 0.9765625
2491 0.9765625
2492 0.9765625
2493 0.9765625
2494 0.9765625
2495 0.9765625
2496 0.9765625
2497 0.9765625
2498 0.9765625
2499 0.9765625
