0 0.8080726410581994
1 0.8080726410581994
2 0.8080726410581994
3 0.8080726410581994
4 0.8080726410581994
5 0.8080726410581994
6 0.8080726410581994
7 0.8082512994242934
8 0.8082877296682993
9 0.8082877296682993
10 0.8082877296682993
11 0.8084996566527312
12 0.8084996566527312
13 0.8084996566527312
14 0.8084996566527312
15 0.8084996566527312
16 0.8084996566527312
17 0.8084996566527312
18 0.8084996566527312
19 0.8084996566527312
20 0.8086102541338147
21 0.8086102541338147
22 0.8086102541338147
23 0.8086725691921103
24 0.8087188348708813
25 0.8087188348708813
26 0.8087188348708813
27 0.8087188348708813
28 0.8087379269243364
29 0.8087379269243364
30 0.8087379269243364
31 0.8087379269243364
32 0.8087379269243364
33 0.8087379269243364
34 0.8087379269243364
35 0.8087567983634311
36 0.8087567983634311
37 0.8087567983634311
38 0.8087567983634311
39 0.8087567983634311
40 0.8087567983634311
41 0.8087567983634311
42 0.8087567983634311
43 0.8087567983634311
44 0.8087567983634311
45 0.8087567983634311
46 0.8087567983634311
47 0.8087567983634311
48 0.8087567983634311
49 0.8087567983634311
50 0.8087567983634311
51 0.8087567983634311
52 0.8087567983634311
53 0.8087567983634311
54 0.8087567983634311
55 0.8087567983634311
56 0.8087567983634311
57 0.8087567983634311
58 0.8087567983634311
59 0.8087567983634311
60 0.8087567983634311
61 0.8087567983634311
62 0.8087567983634311
63 0.8087567983634311
64 0.8087567983634311
65 0.8087567983634311
66 0.8087567983634311
67 0.8087568038329288
68 0.8087568038329288
69 0.8087568038329288
70 0.8087568038329288
71 0.8087568038329288
72 0.8087568038329288
73 0.8087568038329288
74 0.8087568038329288
75 0.8087568038329288
76 0.8087568038329288
77 0.8087568038329288
78 0.8087568038329288
79 0.8087568038329288
80 0.8087568038329288
81 0.8087568038329288
82 0.8087568038329288
83 0.8087568038329288
84 0.8087568038329288
85 0.8087568038329288
86 0.8087568038329288
87 0.8087568038329288
88 0.8087568038329288
89 0.8087568855235372
90 0.8087568855235372
91 0.8087568855235372
92 0.8087568855235372
93 0.8087568855235372
94 0.8087568855235372
95 0.8087568855235372
96 0.8087568855235372
97 0.8087652891935488
98 0.8087652891935488
99 0.8087652891935488
100 0.8087652891935488
101 0.8087652891935488
102 0.8087652891935488
103 0.8087652891935488
104 0.8087652891935488
105 0.8087652891935488
106 0.8087652891935488
107 0.8087652891935488
108 0.8087652891935488
109 0.8087653581925074
110 0.8087653581925074
111 0.8087653581925074
112 0.8087653581925074
113 0.8087653581925074
114 0.8087653581925074
115 0.8087653581925074
116 0.8087653581925074
117 0.8087653581925074
118 0.8087653581925074
119 0.8087653581925074
120 0.8087653581925074
121 0.8087653581925074
122 0.8087653581925074
123 0.8087653581925074
124 0.8087653581925074
125 0.8087653581925074
126 0.8087653581925074
127 0.8087653581925074
128 0.8087653581925074
129 0.8087653581925074
130 0.8087653581925074
131 0.8087653581925074
132 0.8087653581925074
133 0.8087653581925074
134 0.8087653581925074
135 0.8087653581925074
136 0.8087653581925074
137 0.8087653581925074
138 0.8087653581925074
139 0.8087653581925074
140 0.8087653581925074
141 0.8087653581925074
142 0.8087653581925074
143 0.8087653581925074
144 0.8087653581925074
145 0.8087653581925074
146 0.8087653581925074
147 0.8087653652918756
148 0.8087653652918756
149 0.8087653652918756
150 0.8087653652918756
151 0.8087653652918756
152 0.8087653652918756
153 0.8087653652918756
154 0.8087653652918756
155 0.8087653652918756
156 0.8087653652918756
157 0.8087653652918756
158 0.8087653652918756
159 0.8087653652918756
160 0.8087653652918756
161 0.8087653652918756
162 0.8087653652918756
163 0.8087653652918756
164 0.8087653652918756
165 0.8087653652918756
166 0.8087653652918756
167 0.8087653652918756
168 0.8087653652918756
169 0.8087653652918756
170 0.8087653652918756
171 0.8087653652918756
172 0.8087653652918756
173 0.8087653652918756
174 0.8087653652918756
175 0.8087653652918756
176 0.8087653652918756
177 0.8087653652918756
178 0.8087653652918756
179 0.8087653652918756
180 0.8087653652918756
181 0.8087653652918756
182 0.8087653652918756
183 0.8087653652918756
184 0.8087653714492916
185 0.8087653714492916
186 0.8087653714492916
187 0.8087653714492916
188 0.8087653714492916
189 0.8087653714492916
190 0.8087653714492916
191 0.8087653714492916
192 0.8087653714492916
193 0.8087653714492916
194 0.8087653714492916
195 0.8087653714492916
196 0.8087653714492916
197 0.8087653714492916
198 0.8087653714492916
199 0.8087653714492916
200 0.8087653714492916
201 0.8087653714492916
202 0.8087653714492916
203 0.8087653714492916
204 0.8087653714492916
205 0.8087653714492916
206 0.8087653714492916
207 0.8087653714492916
208 0.8087653714492916
209 0.8087653714492916
210 0.8087653714492916
211 0.8087653714492916
212 0.8087653714492916
213 0.8087653714492916
214 0.8087653714492916
215 0.8087653714492916
216 0.8087653714492916
217 0.8087653714492916
218 0.8087653714492916
219 0.8087653714492916
220 0.8087653714492916
221 0.8087653714492916
222 0.8087653714492916
223 0.8087653714492916
224 0.8087653714492916
225 0.8087653714492916
226 0.8087653714492916
227 0.8087653714492916
228 0.8087653714492916
229 0.8087653714492916
230 0.8087653714492916
231 0.8087653714492916
232 0.8087653714492916
233 0.8087653714492916
234 0.8087653714492916
235 0.8087653714492916
236 0.8087653714492916
237 0.8087653714492916
238 0.8087653714492916
239 0.8087653714492916
240 0.8087653714492916
241 0.8087653714492916
242 0.8087653714492916
243 0.8087653714492916
244 0.8087653714492916
245 0.8087653714492916
246 0.8087653714492916
247 0.8087653714492916
248 0.8087653714492916
249 0.8087653714492916
250 0.8087653714492916
251 0.8087653714492916
252 0.8087653714492916
253 0.8087653714492916
254 0.8087653714492916
255 0.8087653714492916
256 0.8087653714492916
257 0.8087653717928984
258 0.8087653717928984
259 0.8087653717928984
260 0.8087653718480072
261 0.8087653718480072
262 0.8087653718480072
263 0.8087653718480072
264 0.8087653718480072
265 0.8087653718480072
266 0.8087653718480072
267 0.8087653718480072
268 0.8087653718480072
269 0.8087653718480072
270 0.8087653718480072
271 0.8087653718480072
272 0.8087653718480072
273 0.8087653718480072
274 0.8087653718480072
275 0.8087653718480072
276 0.8087653718480072
277 0.8087653718480072
278 0.8087653718480072
279 0.8087653718480072
280 0.8087653718480072
281 0.8087653718480072
282 0.8087653718480072
283 0.8087653718480072
284 0.8087653718480072
285 0.8087653718480072
286 0.8087653718480072
287 0.8087653718480072
288 0.8087653718480072
289 0.8087653718666277
290 0.8087653718666277
291 0.8087653718666277
292 0.8087653718755837
293 0.8087653718755837
294 0.8087653718755837
295 0.8087653718755837
296 0.8087653718755837
297 0.8087653718755837
298 0.8087653718755837
299 0.8087653718755837
300 0.8087653718755837
301 0.8087653718755837
302 0.8087653718755837
303 0.8087653718755837
304 0.8087653718755837
305 0.8087653718755837
306 0.8087653718755837
307 0.8087653718755837
308 0.8087653718755837
309 0.8087653718755837
310 0.8087653718755837
311 0.8087653718755837
312 0.8087653718755837
313 0.8087653718755837
314 0.8087653718755837
315 0.8087653718755837
316 0.8087653718755837
317 0.8087653718755837
318 0.8087653720827662
319 0.8087653720827662
320 0.8087653720827662
321 0.8087653720827662
322 0.8087653720827662
323 0.8087653720827662
324 0.8087653720827662
325 0.8087653720827662
326 0.8087653720827662
327 0.8087653720827662
328 0.8087653720827662
329 0.8087653720827662
330 0.8087653720827662
331 0.8087653720840365
332 0.8087653720840365
333 0.8087653720840365
334 0.8087653720840365
335 0.8087653720840365
336 0.8087653720840365
337 0.8087653720840365
338 0.8087653720840365
339 0.8087653720840365
340 0.8087653720840365
341 0.8087653720840365
342 0.8087653720840365
343 0.8087653720840365
344 0.8087653720840365
345 0.8087653720840365
346 0.8087653720840365
347 0.8087653720840365
348 0.8087653720840365
349 0.8087653720840365
350 0.8087653720840365
351 0.8087653720840365
352 0.8087653720840365
353 0.8087653720840365
354 0.8087653720840365
355 0.8087653720840365
356 0.8087653720848182
357 0.8087653720848182
358 0.8087653720848182
359 0.8087653720848182
360 0.8087653720848182
361 0.8087653720848182
362 0.8087653720848182
363 0.8087653720848182
364 0.8087653720848182
365 0.8087653720848182
366 0.8087653720848182
367 0.8087653720848182
368 0.8087653720848182
369 0.8087653720848182
370 0.8087653720848182
371 0.8087653720848182
372 0.8087653720848182
373 0.8087653720848182
374 0.8087653720848182
375 0.8087653720848182
376 0.8087653720852545
377 0.8087653720856333
378 0.8087653720856333
379 0.8087653720856333
380 0.8087653720856333
381 0.8087653720856333
382 0.8087653720856333
383 0.8087653720856333
384 0.8087653720856333
385 0.8087653720856333
386 0.8087653720856333
387 0.8087653720856333
388 0.8087653720856333
389 0.8087653720856333
390 0.8087653720856333
391 0.8087653720856333
392 0.8087653720856333
393 0.8087653720856333
394 0.8087653720856333
395 0.8087653720856333
396 0.8087653720856333
397 0.808765372085672
398 0.808765372085672
399 0.808765372085672
400 0.808765372085672
401 0.808765372085672
402 0.808765372085672
403 0.808765372085672
404 0.808765372085672
405 0.808765372085672
406 0.808765372085672
407 0.808765372085672
408 0.808765372085672
409 0.808765372085672
410 0.808765372085672
411 0.808765372085672
412 0.808765372085672
413 0.808765372085672
414 0.808765372085672
415 0.808765372085672
416 0.808765372085672
417 0.808765372085672
418 0.808765372085672
419 0.808765372085672
420 0.808765372085672
421 0.808765372085672
422 0.808765372085672
423 0.808765372085672
424 0.808765372085672
425 0.808765372085672
426 0.808765372085672
427 0.808765372085672
428 0.808765372085672
429 0.808765372085672
430 0.808765372085672
431 0.8087653720856742
432 0.8087653720856742
433 0.8087653720856742
434 0.8087653720856742
435 0.8087653720856742
436 0.8087653720856742
437 0.8087653720856742
438 0.808765372085683
439 0.808765372085683
440 0.808765372085683
441 0.808765372085683
442 0.808765372085683
443 0.808765372085683
444 0.808765372085683
445 0.808765372085683
446 0.8087653720856887
447 0.8087653720856887
448 0.8087653720856887
449 0.8087653720856887
450 0.8087653720856887
451 0.8087653720856887
452 0.8087653720856999
453 0.8087653720856999
454 0.8087653720856999
455 0.8087653720856999
456 0.8087653720856999
457 0.8087653720856999
458 0.8087653720856999
459 0.8087653720856999
460 0.8087653720856999
461 0.8087653720856999
462 0.8087653720856999
463 0.8087653720856999
464 0.8087653720856999
465 0.8087653720856999
466 0.8087653720856999
467 0.8087653720856999
468 0.8087653720856999
469 0.8087653720856999
470 0.8087653720856999
471 0.8087653720856999
472 0.8087653720856999
473 0.8087653720856999
474 0.8087653720856999
475 0.8087653720856999
476 0.8087653720856999
477 0.8087653720857025
478 0.8087653720857025
479 0.8087653720857025
480 0.8087653720857025
481 0.8087653720857025
482 0.8087653720857025
483 0.8087653720857025
484 0.8087653720857025
485 0.8087653720857025
486 0.8087653720857025
487 0.8087653720857025
488 0.8087653720857025
489 0.8087653720857025
490 0.8087653720857025
491 0.8087653720857025
492 0.8087653720857025
493 0.8087653720857025
494 0.8087653720857025
495 0.8087653720857025
496 0.8087653720857025
497 0.8087653720857025
498 0.808765372085703
499 0.808765372085703
500 0.808765372085703
501 0.808765372085703
502 0.808765372085703
503 0.808765372085703
504 0.808765372085703
505 0.808765372085703
506 0.808765372085703
507 0.808765372085703
508 0.808765372085703
509 0.808765372085703
510 0.808765372085703
511 0.808765372085703
512 0.808765372085703
513 0.808765372085703
514 0.808765372085703
515 0.808765372085703
516 0.808765372085703
517 0.808765372085703
518 0.808765372085703
519 0.808765372085703
520 0.808765372085703
521 0.808765372085703
522 0.808765372085703
523 0.808765372085703
524 0.808765372085703
525 0.808765372085703
526 0.808765372085703
527 0.808765372085703
528 0.808765372085703
529 0.808765372085703
530 0.808765372085703
531 0.808765372085703
532 0.808765372085703
533 0.808765372085703
534 0.808765372085703
535 0.808765372085703
536 0.808765372085703
537 0.808765372085703
538 0.808765372085703
539 0.808765372085703
540 0.808765372085703
541 0.808765372085703
542 0.808765372085703
543 0.808765372085703
544 0.808765372085703
545 0.808765372085703
546 0.808765372085703
547 0.808765372085703
548 0.808765372085703
549 0.808765372085703
550 0.808765372085703
551 0.808765372085703
552 0.808765372085703
553 0.808765372085703
554 0.808765372085703
555 0.808765372085703
556 0.808765372085703
557 0.808765372085703
558 0.808765372085703
559 0.808765372085703
560 0.808765372085703
561 0.808765372085703
562 0.808765372085703
563 0.808765372085703
564 0.808765372085703
565 0.8087653720857034
566 0.8087653720857034
567 0.8087653720857034
568 0.8087653720857034
569 0.8087653720857034
570 0.8087653720857034
571 0.8087653720857034
572 0.8087653720857034
573 0.8087653720857034
574 0.8087653720857034
575 0.8087653720857034
576 0.8087653720857034
577 0.8087653720857034
578 0.8087653720857034
579 0.8087653720857034
580 0.8087653720857034
581 0.8087653720857034
582 0.8087653720857034
583 0.8087653720857034
584 0.8087653720857034
585 0.8087653720857034
586 0.8087653720857034
587 0.8087653720857034
588 0.8087653720857034
589 0.8087653720857034
590 0.8087653720857034
591 0.8087653720857034
592 0.8087653720857034
593 0.8087653720857034
594 0.8087653720857034
595 0.8087653720857034
596 0.8087653720857034
597 0.8087653720857034
598 0.8087653720857034
599 0.8087653720857034
600 0.8087653720857034
601 0.8087653720857034
602 0.8087653720857034
603 0.8087653720857034
604 0.8087653720857034
605 0.8087653720857034
606 0.8087653720857034
607 0.8087653720857034
608 0.8087653720857034
609 0.8087653720857034
610 0.8087653720857034
611 0.8087653720857034
612 0.8087653720857034
613 0.8087653720857034
614 0.8087653720857034
615 0.8087653720857034
616 0.8087653720857034
617 0.8087653720857034
618 0.8087653720857034
619 0.8087653720857034
620 0.8087653720857034
621 0.8087653720857034
622 0.8087653720857034
623 0.8087653720857034
624 0.8087653720857034
625 0.8087653720857034
626 0.8087653720857034
627 0.8087653720857034
628 0.8087653720857034
629 0.8087653720857034
630 0.8087653720857034
631 0.8087653720857034
632 0.8087653720857034
633 0.8087653720857034
634 0.8087653720857034
635 0.8087653720857034
636 0.8087653720857034
637 0.8087653720857034
638 0.8087653720857034
639 0.8087653720857034
640 0.8087653720857034
641 0.8087653720857034
642 0.8087653720857034
643 0.8087653720857034
644 0.8087653720857034
645 0.8087653720857034
646 0.8087653720857034
647 0.8087670026094541
648 0.8087670026094541
649 0.8087670026094541
650 0.8087670026094541
651 0.8087670026094541
652 0.8087670026094541
653 0.8087670026094541
654 0.8087670026094541
655 0.8087670026094541
656 0.8087670026094541
657 0.8087670026094541
658 0.8087670026094541
659 0.8087670026094541
660 0.8087670026094541
661 0.8087670026094541
662 0.8087670026094541
663 0.8087670026094541
664 0.8087670026094541
665 0.8087670026094541
666 0.8087670026094541
667 0.8087670026094541
668 0.8087670026094541
669 0.8087670026094541
670 0.8087670026094541
671 0.8087670026094541
672 0.8087670026094541
673 0.8087670026094541
674 0.8087670026094541
675 0.8087670026094541
676 0.8087670026094541
677 0.8087670026094541
678 0.8087670026094541
679 0.8087670026094541
680 0.8087670026094541
681 0.8087670026094541
682 0.8087670026094541
683 0.8087670026094541
684 0.8087670026094541
685 0.8087670026094541
686 0.8087670026094541
687 0.8087670026094541
688 0.8087670026094541
689 0.8087670026094541
690 0.8087670026094541
691 0.8087670026094541
692 0.8087670026094541
693 0.8087670026094541
694 0.8087670026094541
695 0.8087670026094541
696 0.8087670026094541
697 0.8087670026094541
698 0.8087670026094541
699 0.8087670026094541
700 0.8087670026094541
701 0.8087670026094541
702 0.8087670026094541
703 0.8087670026094541
704 0.8087670026094541
705 0.8087670026094541
706 0.8087670026094541
707 0.8087670026094541
708 0.8087670026094541
709 0.8087670026094541
710 0.8087670026094541
711 0.8087670026094541
712 0.8087670026094541
713 0.8087670026094541
714 0.8087670026094541
715 0.8087670026094541
716 0.8087670026094541
717 0.8087670026094542
718 0.8087670026094542
719 0.8087670026094542
720 0.8087670026094542
721 0.8087670026094542
722 0.8087670026094542
723 0.8087670026094542
724 0.8087670026094542
725 0.8087670026094542
726 0.8087670026094542
727 0.8087670026094542
728 0.8087670026094542
729 0.8087670026094547
730 0.8087670026094547
731 0.8087670026094547
732 0.8087670026094547
733 0.8087670026094547
734 0.8087670026094547
735 0.8087670026094547
736 0.8087670026094547
737 0.8087670026094547
738 0.8087670026094547
739 0.8087670026094547
740 0.8087670026094547
741 0.8087670026094547
742 0.8087670026094547
743 0.8087670026094547
744 0.8087670026094547
745 0.8087670026094547
746 0.8087670026094547
747 0.8087670026094547
748 0.8087670026094547
749 0.8087670026094547
750 0.8087670026094547
751 0.8087670026094547
752 0.8087670026094547
753 0.8087670026094547
754 0.8087670026094547
755 0.8087670026094547
756 0.8087670026094547
757 0.8087670026094547
758 0.8087670026094547
759 0.8087670026094547
760 0.8087670026094547
761 0.8087670026094547
762 0.8087670026094547
763 0.8087670026094547
764 0.8087670026094547
765 0.8087670026094547
766 0.8087670026094547
767 0.8087670026094547
768 0.8087670026094547
769 0.8087670026094547
770 0.8087670026094547
771 0.8087670026094547
772 0.8087670026094547
773 0.8087670026094547
774 0.8087670026094547
775 0.8087670026094547
776 0.8087670026094547
777 0.8087670026094547
778 0.8087670026094547
779 0.8087670026094547
780 0.8087670026094547
781 0.8087670026094547
782 0.8087670026094547
783 0.8087670026094547
784 0.8087670026094547
785 0.8087670026094547
786 0.8087670026094547
787 0.8087670026094547
788 0.8087670026094547
789 0.8087670026094547
790 0.8087670026094547
791 0.8087670026094547
792 0.8087670026094547
793 0.8087670026094547
794 0.8087670026094547
795 0.8087670026094547
796 0.8087670026094547
797 0.8087670026094547
798 0.8087670026094547
799 0.8087670026094547
800 0.8087670026094547
801 0.8087670026094547
802 0.8087670026094547
803 0.8087670026094547
804 0.8087670026094547
805 0.8087670026094547
806 0.8087670026094547
807 0.8087670026094547
808 0.8087670026094547
809 0.8087670026094547
810 0.8087670026094547
811 0.8087670026094547
812 0.8087670026094547
813 0.8087670026094547
814 0.8087670026094547
815 0.8087670026094547
816 0.8087670026094547
817 0.8087670026094547
818 0.8087670026094547
819 0.8087670026094547
820 0.8087670026094547
821 0.8087670026094547
822 0.8087670026094547
823 0.8087670026094547
824 0.8087670026094547
825 0.8087670026094547
826 0.8087670026094547
827 0.8087670026094547
828 0.8087670026094547
829 0.8087670026094547
830 0.8087670026094547
831 0.8087670026094547
832 0.8087670026094547
833 0.8087670026094547
834 0.8087670026094547
835 0.8087670026094547
836 0.8087670026094547
837 0.8087670026094547
838 0.8087670026094547
839 0.8087670026094547
840 0.8087670026094547
841 0.8087670026094547
842 0.8087670026094547
843 0.8087670026094547
844 0.8087670026094547
845 0.8087670026094547
846 0.8087670026094547
847 0.8087670026094547
848 0.8087670026094547
849 0.8087670026094547
850 0.8087670026094547
851 0.8087670026094547
852 0.8087670026094547
853 0.8087670026094547
854 0.8087670026094547
855 0.8087670026094547
856 0.8087670026094547
857 0.8087670026094547
858 0.8087670026094547
859 0.8087670026094547
860 0.8087670026094547
861 0.8087670026094547
862 0.8087670026094547
863 0.8087670026094547
864 0.8087670026094547
865 0.8087670026094547
866 0.8087670026094547
867 0.8087670026094547
868 0.8087670026094547
869 0.8087670026094547
870 0.8087670026094547
871 0.8087670026094547
872 0.8087670026094547
873 0.8087670026094547
874 0.8087670026094547
875 0.8087670026094547
876 0.8087670026094547
877 0.8087670026094547
878 0.8087670026094547
879 0.8087670026094547
880 0.8087670026094547
881 0.8087670026094547
882 0.8087670026094547
883 0.8087670026094547
884 0.8087670026094547
885 0.8087670026094547
886 0.8087670026094547
887 0.8087670026094547
888 0.8087670026094547
889 0.8087670026094547
890 0.8087670026094547
891 0.8087670026094547
892 0.8087670026094547
893 0.8087670026094547
894 0.8087670026094547
895 0.8087670026094547
896 0.8087670026094547
897 0.8087670026094547
898 0.8087670026094547
899 0.8087670026094547
900 0.8087670026094547
901 0.8087670026094547
902 0.8087670026094547
903 0.8087670026094547
904 0.8087670026094547
905 0.8087670026094547
906 0.8087670026094547
907 0.8087670026094547
908 0.8087670026094547
909 0.8087670026094547
910 0.8087670026094547
911 0.8087670026094547
912 0.8087670026094547
913 0.8087670026094547
914 0.8087670026094547
915 0.8087670026094547
916 0.8087670026094547
917 0.8087677833840397
918 0.8087677833840397
919 0.8087677833840397
920 0.8087677833840397
921 0.8087677833840397
922 0.8087677833840397
923 0.8087677833840397
924 0.8087677833840397
925 0.8087677833840397
926 0.8087677833840397
927 0.8087677833840397
928 0.8087677833840397
929 0.8087677833840397
930 0.8087677833840397
931 0.8087677833840397
932 0.8087677833840397
933 0.8087677833840397
934 0.8087677833840397
935 0.8087677833840397
936 0.8087677833840397
937 0.8087677833840397
938 0.8087677833840397
939 0.8087677833840397
940 0.8087677833840397
941 0.8087677833840397
942 0.8087677833840397
943 0.8087677833840397
944 0.8087677833840397
945 0.8087677833840397
946 0.8087677833840399
947 0.8087677833840399
948 0.8087677833840399
949 0.8087677833840399
950 0.8087677833840399
951 0.8087677833840399
952 0.8087677833840399
953 0.8087677833840399
954 0.8087677833840399
955 0.8087677833840399
956 0.8087677833840399
957 0.8087677833840399
958 0.8087677833840399
959 0.8087677833840399
960 0.8087677833840399
961 0.8087677833840399
962 0.8087677833840399
963 0.8087677833840399
964 0.8087677833840399
965 0.8087677833840399
966 0.8087677833840399
967 0.8087677833840399
968 0.8087677833840399
969 0.8087677833840399
970 0.8087677833840399
971 0.8087677833840399
972 0.8087677833840399
973 0.8087677833840399
974 0.8087677833840399
975 0.8087677833840399
976 0.8087677833840399
977 0.8087677833840399
978 0.8087677833840399
979 0.8087677833840399
980 0.8087677833840399
981 0.8087677833840399
982 0.8087677833840399
983 0.8087677833840399
984 0.8087677833840399
985 0.8087677833840399
986 0.8087677833840399
987 0.8087677833840399
988 0.8087677833840399
989 0.8087677833840399
990 0.8087677833840399
991 0.8087677833840399
992 0.8087677833840399
993 0.8087677833840399
994 0.8087677833840399
995 0.8087677833840399
996 0.8087677833840399
997 0.8087677833840399
998 0.8087677833840399
999 0.8087677833840399
1000 0.8087677833840399
1001 0.8087677833840399
1002 0.8087677833840399
1003 0.8087677833840399
1004 0.8087677833840399
1005 0.8087677833840399
1006 0.8087677833840399
1007 0.8087677833840399
1008 0.8087677833840399
1009 0.8087677833840399
1010 0.8087677833840399
1011 0.8087677833840399
1012 0.8087677833840399
1013 0.8087677833840399
1014 0.8087677833840399
1015 0.8087677833840399
1016 0.8087677833840399
1017 0.8087677833840399
1018 0.8087677833840399
1019 0.8087677833840399
1020 0.8087677833840399
1021 0.8087677833840399
1022 0.8087679495538502
1023 0.8087679495538502
1024 0.8087679495538502
1025 0.8087679495538502
1026 0.8087679495538502
1027 0.8087679495538502
1028 0.8087679495538502
1029 0.8087679495538502
1030 0.8087679495538502
1031 0.8087679495538502
1032 0.8087679495538502
1033 0.8087679495538502
1034 0.8087679495538502
1035 0.8087679495538502
1036 0.8087679495538502
1037 0.8087679495538502
1038 0.8087679495538502
1039 0.8087679495538502
1040 0.8087679495538502
1041 0.8087679495538502
1042 0.8087679495538502
1043 0.8087679495538502
1044 0.8087679495538502
1045 0.8087679495538502
1046 0.8087679495538502
1047 0.8087679495538502
1048 0.8087679495538502
1049 0.8087679495538507
1050 0.8087679495538507
1051 0.8087679495538507
1052 0.8087679495538507
1053 0.8087679495538507
1054 0.8087679495538507
1055 0.8087679495538507
1056 0.8087679495538507
1057 0.8087679495538507
1058 0.8087679495538507
1059 0.8087679495538507
1060 0.8087679495538507
1061 0.8087679495538507
1062 0.8087679495538507
1063 0.8087679495538507
1064 0.8087679495538507
1065 0.8087679495538507
1066 0.8087679497474156
1067 0.8087679497474156
1068 0.8087679497474156
1069 0.8087679497474156
1070 0.8087679497474156
1071 0.8087679497474156
1072 0.8087679497474156
1073 0.8087679497474156
1074 0.8087679497474156
1075 0.8087679497474156
1076 0.8087679497474156
1077 0.8087679497474156
1078 0.8087679497474156
1079 0.8087679497474156
1080 0.8087679497474156
1081 0.8087679497474156
1082 0.8087679497474156
1083 0.8087679497474156
1084 0.8087679497474156
1085 0.8087679497474156
1086 0.8087679497474156
1087 0.8087679497474156
1088 0.8087679497474156
1089 0.8087679497474156
1090 0.8087679497474156
1091 0.8087679497474156
1092 0.8087679497474156
1093 0.8087679497474156
1094 0.8087679497474156
1095 0.8087679497474156
1096 0.8087679497474156
1097 0.8087679539225276
1098 0.8087679539225276
1099 0.8087679539225276
1100 0.8087679539225276
1101 0.8087679539225276
1102 0.8087679539225276
1103 0.8087679539225276
1104 0.8087679539225276
1105 0.8087679539225276
1106 0.8087679539225276
1107 0.8087679539225276
1108 0.8087679539225276
1109 0.8087679539225276
1110 0.8087679539225276
1111 0.8087679539225276
1112 0.8087679539225276
1113 0.8087679539225276
1114 0.8087679539225276
1115 0.8087679539225276
1116 0.8087679539225276
1117 0.8087679539225276
1118 0.8087679539225276
1119 0.8087679539225276
1120 0.8087679539225276
1121 0.8087679539225276
1122 0.8087679539225276
1123 0.8087679539225276
1124 0.8087679539225276
1125 0.8087679539225276
1126 0.8087679539225276
1127 0.8087679539225276
1128 0.8087679539225276
1129 0.8087679539225276
1130 0.8087679539225276
1131 0.8087679539225276
1132 0.8087679539225276
1133 0.8087679539225276
1134 0.8087679539225276
1135 0.8087679539225276
1136 0.8087679539225276
1137 0.8087679539225276
1138 0.8087679539225276
1139 0.8087679539225276
1140 0.8087679539225276
1141 0.8087679539225276
1142 0.8087679539225281
1143 0.8087679539225281
1144 0.8087679539225281
1145 0.8087679539225281
1146 0.8087679539225281
1147 0.8087679539225281
1148 0.8087679539225281
1149 0.8087679539225281
1150 0.8087679539225281
1151 0.8087679539225281
1152 0.8087679539225281
1153 0.8087679539225281
1154 0.8087679539225281
1155 0.8087679539225281
1156 0.8087679539225281
1157 0.8087679539225281
1158 0.8087679539225281
1159 0.8087679539225281
1160 0.8087679539225281
1161 0.8087679539225281
1162 0.8087679539225281
1163 0.8087679539225281
1164 0.8087679539225281
1165 0.8087679539225281
1166 0.8087679539225281
1167 0.8087679539225281
1168 0.8087679539225281
1169 0.8087679539225281
1170 0.8087679539225281
1171 0.8087679539225281
1172 0.8087679539225281
1173 0.8087679539225281
1174 0.8087679539225281
1175 0.8087679539225281
1176 0.8087679539225281
1177 0.8087679539225281
1178 0.8087679539225281
1179 0.8087679539225281
1180 0.8087679539225281
1181 0.8087679539225281
1182 0.8087679539225281
1183 0.8087679539225281
1184 0.8087679539225281
1185 0.8087679539225281
1186 0.8087679539225281
1187 0.8087679539225281
1188 0.8087679539225281
1189 0.8087679539225281
1190 0.8087679539225281
1191 0.8087679539225281
1192 0.8087679539225281
1193 0.8087679539225281
1194 0.8087679539225281
1195 0.8087679539225281
1196 0.8087679539225281
1197 0.8087679539225281
1198 0.8087679539225281
1199 0.8087679539225281
1200 0.8087679539225281
1201 0.8087679539225281
1202 0.8087679539225281
1203 0.8087679539225281
1204 0.8087679539225281
1205 0.8087679539225281
1206 0.8087679539225281
1207 0.8087679539225281
1208 0.8087679539225281
1209 0.8087679539225281
1210 0.8087679539225281
1211 0.8087679539225281
1212 0.8087679539225281
1213 0.8087679539225281
1214 0.8087679539225281
1215 0.8087679539225281
1216 0.8087679539225281
1217 0.8087679539225281
1218 0.8087679539225281
1219 0.8087679539225281
1220 0.8087679539225281
1221 0.8087679539225281
1222 0.8087679539225281
1223 0.8087679539225281
1224 0.8087679539225281
1225 0.8087679539225281
1226 0.8087679539225281
1227 0.8087679539225281
1228 0.8087679585745425
1229 0.8087680086480333
1230 0.8087680086480333
1231 0.8087680086480333
1232 0.8087680086480333
1233 0.8087680086480333
1234 0.8087680086480333
1235 0.8087680086480333
1236 0.8087680905800471
1237 0.8087680905800471
1238 0.8087680905800471
1239 0.8087680905800471
1240 0.8087684697758444
1241 0.8087684697758444
1242 0.8087684697758444
1243 0.8087684697758444
1244 0.8087684697758444
1245 0.8087684697758444
1246 0.8087684697758444
1247 0.8087684697758444
1248 0.8087684697758444
1249 0.8087684697758444
1250 0.8087684697758444
1251 0.8087684697758444
1252 0.8087684697758444
1253 0.8087684697758444
1254 0.8087684697758444
1255 0.8087684697758444
1256 0.8087684697758444
1257 0.8087684697758444
1258 0.8087684697758444
1259 0.8087684697758444
1260 0.8087684697758444
1261 0.8087684697758444
1262 0.8087684697758444
1263 0.8087684697758444
1264 0.8087684697758444
1265 0.8087684697758444
1266 0.8087684697758444
1267 0.8087684697758444
1268 0.8087684697758444
1269 0.8087684697758444
1270 0.8087684697758444
1271 0.8087684697758444
1272 0.8087684697758444
1273 0.8087684697758444
1274 0.8087684697758444
1275 0.8087684697758444
1276 0.8087684697758444
1277 0.8087684697758444
1278 0.8087684697758444
1279 0.8087684697758444
1280 0.8087684697758444
1281 0.8087684697758444
1282 0.8087684697758444
1283 0.8087684697758444
1284 0.8087684697758444
1285 0.8087684697758444
1286 0.8087684697758444
1287 0.8087684697758444
1288 0.8087684697758444
1289 0.8087684697758444
1290 0.8087684697758444
1291 0.8087684697758444
1292 0.8087684697758444
1293 0.8087684697758444
1294 0.8087684697758444
1295 0.8087684697758444
1296 0.8087684697758444
1297 0.8087684697758444
1298 0.8087684697758444
1299 0.8087684697758444
1300 0.8087684697758444
1301 0.8087684697758444
1302 0.8087684697758444
1303 0.8087684697758444
1304 0.8087684697758444
1305 0.8087684697758444
1306 0.8087684697758444
1307 0.8087684697758444
1308 0.8087684697758444
1309 0.8087684697758444
1310 0.8087684697758444
1311 0.8087684697758444
1312 0.8087684697758444
1313 0.8087684697758444
1314 0.8087684697758444
1315 0.8087684697758444
1316 0.8087684697758444
1317 0.8087684697758444
1318 0.8087684697758444
1319 0.8087684697758444
1320 0.8087684697758444
1321 0.8087684697758444
1322 0.8087684697758444
1323 0.8087684697758444
1324 0.8087684697758444
1325 0.8087684697758444
1326 0.8087684697758444
1327 0.8087684697758444
1328 0.8087684697758444
1329 0.8087684697758444
1330 0.8087684697758444
1331 0.8087684697758444
1332 0.8087684697758444
1333 0.8087684697758444
1334 0.8087684697758444
1335 0.8087684697758444
1336 0.8087684697758444
1337 0.8087684697758444
1338 0.8087684697758444
1339 0.8087684697758444
1340 0.8087684697758444
1341 0.8087684697758444
1342 0.8087684697758444
1343 0.8087684697758444
1344 0.8087684697758444
1345 0.8087684697758444
1346 0.8087684697758444
1347 0.8087684697758444
1348 0.8087684697758444
1349 0.8087684697758444
1350 0.8087684697758444
1351 0.8087684697758444
1352 0.8087684697758444
1353 0.8087684697758444
1354 0.8087684697758444
1355 0.8087684697758444
1356 0.8087684697758444
1357 0.8087684697758444
1358 0.8087684697758444
1359 0.8087684697758444
1360 0.8087684697758444
1361 0.8087684697758444
1362 0.8087684697758444
1363 0.8087684697758444
1364 0.8087684697758444
1365 0.8087684697758444
1366 0.8087684697758444
1367 0.8087684697758444
1368 0.8087684697758444
1369 0.8087684697758444
1370 0.8087684697758444
1371 0.8087684697758444
1372 0.8087684697758444
1373 0.8087684697758444
1374 0.8087684697758444
1375 0.8087684697758444
1376 0.8087684697758444
1377 0.8087684697758444
1378 0.8087684697758444
1379 0.8087684697758444
1380 0.8087684697758444
1381 0.8087684697758444
1382 0.8087684697758444
1383 0.8087684697758444
1384 0.8087684697758444
1385 0.8087684697758444
1386 0.8087684697758444
1387 0.8087684697758444
1388 0.8087684697758444
1389 0.8087684697758444
1390 0.8087684697758444
1391 0.8087684697758444
1392 0.8087684697758444
1393 0.8087684697758444
1394 0.8087684697758444
1395 0.8087684697758444
1396 0.8087684697758444
1397 0.8087684697758444
1398 0.8087684697758444
1399 0.8087684697758444
1400 0.8087684697758444
1401 0.8087684697758444
1402 0.8087684697758444
1403 0.8087684697758444
1404 0.8087684697758444
1405 0.8087684697758444
1406 0.8087684697758444
1407 0.8087684697758444
1408 0.8087684697758444
1409 0.8087684697758444
1410 0.8087684697758444
1411 0.8087684697758444
1412 0.8087684697758444
1413 0.8087684697758444
1414 0.8087684697758444
1415 0.8087684697758444
1416 0.8087684697758444
1417 0.8087684697758444
1418 0.8087684697758444
1419 0.8087684697758444
1420 0.8087684697758444
1421 0.8087684697758444
1422 0.8087684697758444
1423 0.8087684697758444
1424 0.8087684697758444
1425 0.8087684697758444
1426 0.8087684697758444
1427 0.8087684697758444
1428 0.8087684697758444
1429 0.8087684697758444
1430 0.8087684697758444
1431 0.8087684697758444
1432 0.8087684833845512
1433 0.8087684833845512
1434 0.8087684833845512
1435 0.8087684833845512
1436 0.8087684833845512
1437 0.8087684833845512
1438 0.8087684833845512
1439 0.8087684833845512
1440 0.8087684833845512
1441 0.8087684833845512
1442 0.8087684833845512
1443 0.8087684833845512
1444 0.8087684833845512
1445 0.8087684833845512
1446 0.8087684833845512
1447 0.8087684833845512
1448 0.8087684833845512
1449 0.8087684833845512
1450 0.8087684833845512
1451 0.8087684833845512
1452 0.8087684833845512
1453 0.8087684833845512
1454 0.8087684833845512
1455 0.8087684833845512
1456 0.8087684833845512
1457 0.8087684833845512
1458 0.8087684833845512
1459 0.8087684833845512
1460 0.8087684833845512
1461 0.8087684833845512
1462 0.8087684833845512
1463 0.8087684833845512
1464 0.8087684833845512
1465 0.8087684833845512
1466 0.8087684833845512
1467 0.8087684833845512
1468 0.8087684833845512
1469 0.8087684833845512
1470 0.8087684833845512
1471 0.8087684833845512
1472 0.8087684833845512
1473 0.8087684833845512
1474 0.8087684833845512
1475 0.8087684833845512
1476 0.8087684833845512
1477 0.8087684833845512
1478 0.8087684833845512
1479 0.8087684833845512
1480 0.8087684833845512
1481 0.8087684833845512
1482 0.8087684833845512
1483 0.8087684833845512
1484 0.8087684833845512
1485 0.8087684833845512
1486 0.8087684833845512
1487 0.8087684833845512
1488 0.8087684833845512
1489 0.8087684833845512
1490 0.8087684833845512
1491 0.8087684833845512
1492 0.8087684833845512
1493 0.8087684833845512
1494 0.8087684833845512
1495 0.8087684833845512
1496 0.8087684833845512
1497 0.8087684833845512
1498 0.8087684833845512
1499 0.8087684833845512
