0 0.71484375
1 0.71875
2 0.71875
3 0.71875
4 0.7236328125
5 0.7587890625
6 0.7646484375
7 0.787109375
8 0.787109375
9 0.7880859375
10 0.7880859375
11 0.7890625
12 0.8076171875
13 0.8076171875
14 0.8251953125
15 0.8251953125
16 0.8251953125
17 0.8251953125
18 0.8408203125
19 0.8505859375
20 0.8544921875
21 0.8837890625
22 0.8837890625
23 0.8955078125
24 0.8955078125
25 0.8955078125
26 0.8955078125
27 0.8974609375
28 0.8974609375
29 0.9013671875
30 0.9013671875
31 0.9013671875
32 0.908203125
33 0.908203125
34 0.908203125
35 0.916015625
36 0.916015625
37 0.916015625
38 0.916015625
39 0.916015625
40 0.9208984375
41 0.927734375
42 0.927734375
43 0.927734375
44 0.927734375
45 0.927734375
46 0.927734375
47 0.927734375
48 0.927734375
49 0.93359375
50 0.93359375
51 0.935546875
52 0.935546875
53 0.943359375
54 0.943359375
55 0.943359375
56 0.943359375
57 0.943359375
58 0.943359375
59 0.943359375
60 0.9462890625
61 0.9560546875
62 0.9560546875
63 0.9560546875
64 0.9560546875
65 0.9560546875
66 0.9560546875
67 0.9560546875
68 0.9560546875
69 0.9560546875
70 0.9560546875
71 0.9560546875
72 0.966796875
73 0.966796875
74 0.966796875
75 0.966796875
76 0.966796875
77 0.966796875
78 0.966796875
79 0.966796875
80 0.966796875
81 0.966796875
82 0.966796875
83 0.970703125
84 0.970703125
85 0.970703125
86 0.970703125
87 0.970703125
88 0.970703125
89 0.970703125
90 0.970703125
91 0.9716796875
92 0.9716796875
93 0.9716796875
94 0.9716796875
95 0.9716796875
96 0.97265625
97 0.97265625
98 0.97265625
99 0.97265625
100 0.97265625
101 0.97265625
102 0.9755859375
103 0.9755859375
104 0.9755859375
105 0.9755859375
106 0.9755859375
107 0.9755859375
108 0.9755859375
109 0.9755859375
110 0.9755859375
111 0.9755859375
112 0.9755859375
113 0.9755859375
114 0.9755859375
115 0.9765625
116 0.9765625
117 0.9765625
118 0.9765625
119 0.9765625
120 0.9765625
121 0.9765625
122 0.9765625
123 0.9765625
124 0.9765625
125 0.9765625
126 0.9765625
127 0.9775390625
128 0.9775390625
129 0.9794921875
130 0.9794921875
131 0.98046875
132 0.98046875
133 0.98046875
134 0.98046875
135 0.982421875
136 0.982421875
137 0.982421875
138 0.982421875
139 0.982421875
140 0.982421875
141 0.982421875
142 0.982421875
143 0.982421875
144 0.982421875
145 0.982421875
146 0.982421875
147 0.982421875
148 0.982421875
149 0.982421875
150 0.982421875
151 0.982421875
152 0.982421875
153 0.982421875
154 0.982421875
155 0.982421875
156 0.982421875
157 0.982421875
158 0.982421875
159 0.982421875
160 0.982421875
161 0.982421875
162 0.982421875
163 0.982421875
164 0.982421875
165 0.982421875
166 0.982421875
167 0.9833984375
168 0.9833984375
169 0.9833984375
170 0.9833984375
171 0.9833984375
172 0.9833984375
173 0.9833984375
174 0.9833984375
175 0.9833984375
176 0.9833984375
177 0.9833984375
178 0.9833984375
179 0.9833984375
180 0.9833984375
181 0.9833984375
182 0.9833984375
183 0.9833984375
184 0.9833984375
185 0.984375
186 0.984375
187 0.984375
188 0.984375
189 0.984375
190 0.984375
191 0.984375
192 0.984375
193 0.984375
194 0.984375
195 0.984375
196 0.984375
197 0.984375
198 0.984375
199 0.984375
200 0.984375
201 0.984375
202 0.984375
203 0.984375
204 0.984375
205 0.984375
206 0.984375
207 0.984375
208 0.984375
209 0.984375
210 0.984375
211 0.984375
212 0.984375
213 0.984375
214 0.984375
215 0.984375
216 0.984375
217 0.984375
218 0.984375
219 0.984375
220 0.984375
221 0.984375
222 0.984375
223 0.984375
224 0.984375
225 0.984375
226 0.984375
227 0.984375
228 0.984375
229 0.984375
230 0.984375
231 0.984375
232 0.984375
233 0.984375
234 0.984375
235 0.984375
236 0.984375
237 0.984375
238 0.984375
239 0.984375
240 0.984375
241 0.984375
242 0.984375
243 0.984375
244 0.984375
245 0.984375
246 0.986328125
247 0.986328125
248 0.986328125
249 0.986328125
250 0.986328125
251 0.986328125
252 0.986328125
253 0.986328125
254 0.986328125
255 0.986328125
256 0.986328125
257 0.986328125
258 0.986328125
259 0.986328125
260 0.986328125
261 0.986328125
262 0.986328125
263 0.986328125
264 0.986328125
265 0.986328125
266 0.986328125
267 0.986328125
268 0.986328125
269 0.986328125
270 0.986328125
271 0.986328125
272 0.986328125
273 0.986328125
274 0.986328125
275 0.986328125
276 0.986328125
277 0.986328125
278 0.986328125
279 0.986328125
280 0.986328125
281 0.986328125
282 0.986328125
283 0.986328125
284 0.986328125
285 0.986328125
286 0.986328125
287 0.986328125
288 0.986328125
289 0.986328125
290 0.986328125
291 0.986328125
292 0.986328125
293 0.986328125
294 0.986328125
295 0.986328125
296 0.986328125
297 0.986328125
298 0.986328125
299 0.986328125
300 0.986328125
301 0.986328125
302 0.986328125
303 0.986328125
304 0.986328125
305 0.986328125
306 0.986328125
307 0.986328125
308 0.986328125
309 0.986328125
310 0.986328125
311 0.986328125
312 0.986328125
313 0.986328125
314 0.986328125
315 0.986328125
316 0.986328125
317 0.986328125
318 0.986328125
319 0.986328125
320 0.986328125
321 0.986328125
322 0.986328125
323 0.986328125
324 0.986328125
325 0.986328125
326 0.986328125
327 0.986328125
328 0.986328125
329 0.986328125
330 0.986328125
331 0.986328125
332 0.986328125
333 0.986328125
334 0.986328125
335 0.986328125
336 0.986328125
337 0.986328125
338 0.986328125
339 0.986328125
340 0.986328125
341 0.986328125
342 0.986328125
343 0.986328125
344 0.986328125
345 0.986328125
346 0.986328125
347 0.986328125
348 0.986328125
349 0.986328125
350 0.986328125
351 0.986328125
352 0.986328125
353 0.986328125
354 0.986328125
355 0.986328125
356 0.986328125
357 0.986328125
358 0.986328125
359 0.986328125
360 0.986328125
361 0.986328125
362 0.986328125
363 0.986328125
364 0.986328125
365 0.986328125
366 0.9873046875
367 0.9873046875
368 0.9873046875
369 0.9873046875
370 0.9873046875
371 0.9873046875
372 0.9873046875
373 0.9873046875
374 0.9873046875
375 0.9873046875
376 0.9873046875
377 0.9873046875
378 0.9873046875
379 0.9873046875
380 0.9873046875
381 0.9873046875
382 0.9873046875
383 0.9873046875
384 0.9873046875
385 0.9873046875
386 0.9873046875
387 0.9873046875
388 0.9873046875
389 0.9873046875
390 0.9873046875
391 0.9873046875
392 0.9873046875
393 0.9873046875
394 0.9873046875
395 0.9873046875
396 0.9873046875
397 0.9873046875
398 0.9873046875
399 0.9873046875
400 0.9873046875
401 0.9873046875
402 0.9873046875
403 0.9873046875
404 0.9873046875
405 0.9873046875
406 0.9873046875
407 0.9873046875
408 0.9873046875
409 0.9873046875
410 0.9873046875
411 0.9873046875
412 0.9873046875
413 0.9873046875
414 0.9873046875
415 0.9873046875
416 0.9873046875
417 0.9873046875
418 0.9873046875
419 0.9873046875
420 0.9873046875
421 0.9873046875
422 0.9873046875
423 0.9873046875
424 0.9873046875
425 0.9873046875
426 0.9873046875
427 0.9873046875
428 0.9873046875
429 0.9873046875
430 0.9873046875
431 0.9873046875
432 0.9873046875
433 0.9873046875
434 0.9873046875
435 0.9873046875
436 0.9873046875
437 0.9873046875
438 0.9873046875
439 0.9873046875
440 0.9873046875
441 0.9873046875
442 0.9873046875
443 0.9873046875
444 0.9873046875
445 0.9873046875
446 0.9873046875
447 0.9873046875
448 0.9873046875
449 0.9873046875
450 0.9873046875
451 0.9873046875
452 0.9873046875
453 0.9873046875
454 0.9873046875
455 0.9873046875
456 0.9873046875
457 0.9873046875
458 0.9873046875
459 0.9873046875
460 0.9873046875
461 0.9873046875
462 0.9873046875
463 0.9873046875
464 0.9873046875
465 0.9873046875
466 0.9873046875
467 0.9873046875
468 0.9873046875
469 0.9873046875
470 0.9873046875
471 0.9873046875
472 0.9873046875
473 0.9873046875
474 0.9873046875
475 0.9873046875
476 0.9873046875
477 0.9873046875
478 0.9873046875
479 0.9873046875
480 0.9873046875
481 0.9873046875
482 0.9873046875
483 0.9873046875
484 0.9873046875
485 0.9873046875
486 0.9873046875
487 0.9873046875
488 0.9873046875
489 0.9873046875
490 0.9873046875
491 0.9873046875
492 0.9873046875
493 0.9873046875
494 0.9873046875
495 0.9873046875
496 0.9873046875
497 0.9873046875
498 0.9873046875
499 0.9873046875
500 0.9873046875
501 0.9873046875
502 0.9873046875
503 0.9873046875
504 0.9873046875
505 0.9873046875
506 0.9873046875
507 0.9873046875
508 0.9873046875
509 0.9873046875
510 0.9873046875
511 0.9873046875
512 0.9873046875
513 0.9873046875
514 0.9873046875
515 0.9873046875
516 0.9873046875
517 0.9873046875
518 0.9873046875
519 0.9873046875
520 0.9873046875
521 0.9873046875
522 0.9873046875
523 0.9873046875
524 0.9873046875
525 0.9873046875
526 0.9873046875
527 0.9873046875
528 0.9873046875
529 0.9873046875
530 0.9873046875
531 0.9873046875
532 0.9873046875
533 0.9873046875
534 0.9873046875
535 0.9873046875
536 0.9873046875
537 0.9873046875
538 0.9873046875
539 0.9873046875
540 0.9873046875
541 0.9873046875
542 0.9873046875
543 0.9873046875
544 0.9873046875
545 0.9873046875
546 0.9873046875
547 0.9873046875
548 0.9873046875
549 0.9873046875
550 0.9873046875
551 0.9873046875
552 0.9873046875
553 0.9873046875
554 0.9873046875
555 0.9873046875
556 0.9873046875
557 0.9873046875
558 0.9873046875
559 0.9873046875
560 0.9873046875
561 0.9873046875
562 0.9873046875
563 0.9873046875
564 0.9873046875
565 0.9873046875
566 0.9873046875
567 0.9873046875
568 0.9873046875
569 0.9873046875
570 0.9873046875
571 0.9873046875
572 0.9873046875
573 0.9873046875
574 0.9873046875
575 0.9873046875
576 0.9873046875
577 0.9873046875
578 0.9873046875
579 0.9873046875
580 0.9873046875
581 0.9873046875
582 0.9873046875
583 0.9873046875
584 0.9873046875
585 0.9873046875
586 0.9873046875
587 0.9873046875
588 0.9873046875
589 0.9873046875
590 0.9873046875
591 0.9873046875
592 0.9873046875
593 0.9873046875
594 0.9873046875
595 0.9873046875
596 0.9873046875
597 0.9873046875
598 0.9873046875
599 0.9873046875
600 0.9873046875
601 0.9873046875
602 0.9873046875
603 0.9873046875
604 0.9873046875
605 0.9873046875
606 0.9873046875
607 0.9873046875
608 0.9873046875
609 0.9873046875
610 0.9873046875
611 0.9873046875
612 0.9873046875
613 0.9873046875
614 0.9873046875
615 0.9873046875
616 0.9873046875
617 0.9873046875
618 0.9873046875
619 0.9873046875
620 0.9873046875
621 0.9873046875
622 0.9873046875
623 0.9873046875
624 0.9873046875
625 0.9873046875
626 0.9873046875
627 0.9873046875
628 0.9873046875
629 0.9873046875
630 0.9873046875
631 0.9873046875
632 0.9873046875
633 0.9873046875
634 0.9873046875
635 0.9873046875
636 0.9873046875
637 0.9873046875
638 0.9873046875
639 0.9873046875
640 0.9873046875
641 0.9873046875
642 0.9873046875
643 0.9873046875
644 0.9873046875
645 0.9873046875
646 0.9873046875
647 0.9873046875
648 0.9873046875
649 0.9873046875
650 0.9873046875
651 0.9873046875
652 0.9873046875
653 0.9873046875
654 0.9873046875
655 0.9873046875
656 0.9873046875
657 0.9873046875
658 0.9873046875
659 0.9873046875
660 0.9873046875
661 0.9873046875
662 0.9873046875
663 0.9873046875
664 0.9873046875
665 0.9873046875
666 0.9873046875
667 0.9873046875
668 0.9873046875
669 0.9873046875
670 0.9873046875
671 0.9873046875
672 0.9873046875
673 0.9873046875
674 0.9873046875
675 0.9873046875
676 0.9873046875
677 0.9873046875
678 0.9873046875
679 0.9873046875
680 0.9873046875
681 0.9873046875
682 0.9873046875
683 0.9873046875
684 0.9873046875
685 0.9873046875
686 0.9873046875
687 0.9873046875
688 0.9873046875
689 0.9873046875
690 0.9873046875
691 0.9873046875
692 0.9873046875
693 0.9873046875
694 0.9873046875
695 0.9873046875
696 0.9873046875
697 0.9873046875
698 0.9873046875
699 0.990234375
700 0.990234375
701 0.990234375
702 0.990234375
703 0.990234375
704 0.990234375
705 0.990234375
706 0.990234375
707 0.990234375
708 0.990234375
709 0.990234375
710 0.990234375
711 0.990234375
712 0.990234375
713 0.990234375
714 0.990234375
715 0.990234375
716 0.990234375
717 0.990234375
718 0.990234375
719 0.990234375
720 0.990234375
721 0.990234375
722 0.990234375
723 0.990234375
724 0.990234375
725 0.990234375
726 0.990234375
727 0.990234375
728 0.990234375
729 0.990234375
730 0.990234375
731 0.990234375
732 0.990234375
733 0.990234375
734 0.990234375
735 0.990234375
736 0.990234375
737 0.990234375
738 0.990234375
739 0.990234375
740 0.990234375
741 0.990234375
742 0.990234375
743 0.990234375
744 0.990234375
745 0.990234375
746 0.990234375
747 0.990234375
748 0.990234375
749 0.990234375
750 0.990234375
751 0.990234375
752 0.990234375
753 0.990234375
754 0.990234375
755 0.990234375
756 0.990234375
757 0.990234375
758 0.990234375
759 0.990234375
760 0.990234375
761 0.990234375
762 0.990234375
763 0.990234375
764 0.990234375
765 0.990234375
766 0.990234375
767 0.990234375
768 0.990234375
769 0.990234375
770 0.990234375
771 0.990234375
772 0.990234375
773 0.990234375
774 0.990234375
775 0.990234375
776 0.990234375
777 0.990234375
778 0.990234375
779 0.990234375
780 0.990234375
781 0.990234375
782 0.990234375
783 0.990234375
784 0.990234375
785 0.990234375
786 0.990234375
787 0.990234375
788 0.990234375
789 0.990234375
790 0.990234375
791 0.990234375
792 0.990234375
793 0.990234375
794 0.990234375
795 0.990234375
796 0.990234375
797 0.990234375
798 0.990234375
799 0.990234375
800 0.990234375
801 0.990234375
802 0.990234375
803 0.990234375
804 0.990234375
805 0.990234375
806 0.990234375
807 0.990234375
808 0.990234375
809 0.990234375
810 0.990234375
811 0.990234375
812 0.990234375
813 0.990234375
814 0.990234375
815 0.990234375
816 0.990234375
817 0.990234375
818 0.990234375
819 0.990234375
820 0.990234375
821 0.990234375
822 0.990234375
823 0.990234375
824 0.990234375
825 0.990234375
826 0.990234375
827 0.990234375
828 0.990234375
829 0.990234375
830 0.990234375
831 0.990234375
832 0.990234375
833 0.990234375
834 0.990234375
835 0.990234375
836 0.990234375
837 0.990234375
838 0.990234375
839 0.990234375
840 0.990234375
841 0.990234375
842 0.990234375
843 0.990234375
844 0.990234375
845 0.990234375
846 0.990234375
847 0.990234375
848 0.990234375
849 0.990234375
850 0.990234375
851 0.990234375
852 0.990234375
853 0.990234375
854 0.990234375
855 0.990234375
856 0.990234375
857 0.990234375
858 0.990234375
859 0.990234375
860 0.990234375
861 0.990234375
862 0.990234375
863 0.990234375
864 0.990234375
865 0.990234375
866 0.990234375
867 0.990234375
868 0.990234375
869 0.990234375
870 0.990234375
871 0.990234375
872 0.990234375
873 0.990234375
874 0.990234375
875 0.990234375
876 0.990234375
877 0.990234375
878 0.990234375
879 0.9921875
880 0.9921875
881 0.9921875
882 0.9921875
883 0.9921875
884 0.9921875
885 0.9921875
886 0.9921875
887 0.9921875
888 0.9921875
889 0.9921875
890 0.9921875
891 0.9921875
892 0.9921875
893 0.9921875
894 0.9921875
895 0.9921875
896 0.9921875
897 0.9921875
898 0.9921875
899 0.9921875
900 0.9921875
901 0.9921875
902 0.9921875
903 0.9921875
904 0.9921875
905 0.9921875
906 0.9921875
907 0.9921875
908 0.9921875
909 0.9921875
910 0.9921875
911 0.9921875
912 0.9921875
913 0.9921875
914 0.9921875
915 0.9921875
916 0.9921875
917 0.9921875
918 0.9921875
919 0.9921875
920 0.9921875
921 0.9921875
922 0.9921875
923 0.9921875
924 0.9921875
925 0.9921875
926 0.9921875
927 0.9921875
928 0.9921875
929 0.9921875
930 0.9921875
931 0.9921875
932 0.9921875
933 0.9921875
934 0.9921875
935 0.9921875
936 0.9921875
937 0.9921875
938 0.9921875
939 0.9921875
940 0.9921875
941 0.9921875
942 0.9921875
943 0.9921875
944 0.9921875
945 0.9921875
946 0.9921875
947 0.9921875
948 0.9921875
949 0.9921875
950 0.9921875
951 0.9921875
952 0.9921875
953 0.9921875
954 0.9921875
955 0.9921875
956 0.9921875
957 0.9921875
958 0.9921875
959 0.9921875
960 0.9921875
961 0.9921875
962 0.9921875
963 0.9921875
964 0.9921875
965 0.9921875
966 0.9921875
967 0.9921875
968 0.9921875
969 0.9921875
970 0.9921875
971 0.9921875
972 0.9921875
973 0.9921875
974 0.9921875
975 0.9921875
976 0.9921875
977 0.9921875
978 0.9921875
979 0.9921875
980 0.9921875
981 0.9921875
982 0.9921875
983 0.9921875
984 0.9921875
985 0.9921875
986 0.9921875
987 0.9921875
988 0.9921875
989 0.9921875
990 0.9921875
991 0.9921875
992 0.9921875
993 0.9921875
994 0.9921875
995 0.9921875
996 0.9921875
997 0.9921875
998 0.9921875
999 0.9921875
1000 0.9921875
1001 0.9921875
1002 0.9921875
1003 0.9921875
1004 0.9921875
1005 0.9921875
1006 0.9921875
1007 0.9921875
1008 0.9921875
1009 0.9921875
1010 0.9921875
1011 0.9921875
1012 0.9921875
1013 0.9921875
1014 0.9921875
1015 0.9921875
1016 0.9921875
1017 0.9921875
1018 0.9921875
1019 0.9921875
1020 0.9921875
1021 0.9921875
1022 0.9921875
1023 0.9921875
1024 0.9921875
1025 0.9921875
1026 0.9921875
1027 0.9921875
1028 0.9921875
1029 0.9921875
1030 0.9921875
1031 0.9921875
1032 0.9921875
1033 0.9921875
1034 0.9921875
1035 0.9921875
1036 0.9921875
1037 0.9921875
1038 0.9921875
1039 0.9921875
1040 0.9921875
1041 0.9921875
1042 0.9921875
1043 0.9921875
1044 0.9921875
1045 0.9921875
1046 0.9921875
1047 0.9921875
1048 0.9921875
1049 0.9921875
1050 0.9921875
1051 0.9921875
1052 0.9921875
1053 0.9921875
1054 0.9921875
1055 0.9921875
1056 0.9921875
1057 0.9921875
1058 0.9921875
1059 0.9921875
1060 0.9921875
1061 0.9921875
1062 0.9921875
1063 0.9921875
1064 0.9921875
1065 0.9921875
1066 0.9921875
1067 0.9921875
1068 0.9921875
1069 0.9921875
1070 0.9921875
1071 0.9921875
1072 0.9921875
1073 0.9921875
1074 0.9921875
1075 0.9921875
1076 0.9921875
1077 0.9921875
1078 0.9921875
1079 0.9921875
1080 0.9921875
1081 0.9921875
1082 0.9921875
1083 0.9921875
1084 0.9921875
1085 0.9921875
1086 0.9921875
1087 0.9921875
1088 0.9921875
1089 0.9921875
1090 0.9921875
1091 0.9921875
1092 0.9921875
1093 0.9921875
1094 0.9921875
1095 0.9921875
1096 0.9921875
1097 0.9921875
1098 0.9921875
1099 0.9921875
1100 0.9921875
1101 0.9921875
1102 0.9921875
1103 0.9921875
1104 0.9921875
1105 0.9921875
1106 0.9921875
1107 0.9921875
1108 0.9921875
1109 0.9921875
1110 0.9921875
1111 0.9921875
1112 0.9921875
1113 0.9921875
1114 0.9921875
1115 0.9921875
1116 0.9921875
1117 0.9921875
1118 0.9921875
1119 0.9921875
1120 0.9921875
1121 0.9921875
1122 0.9921875
1123 0.9921875
1124 0.9921875
1125 0.9921875
1126 0.9921875
1127 0.9921875
1128 0.9921875
1129 0.9921875
1130 0.9921875
1131 0.9921875
1132 0.9921875
1133 0.9921875
1134 0.9921875
1135 0.9921875
1136 0.9921875
1137 0.9921875
1138 0.9921875
1139 0.9921875
1140 0.9921875
1141 0.9921875
1142 0.9921875
1143 0.9921875
1144 0.9921875
1145 0.9921875
1146 0.9921875
1147 0.9921875
1148 0.9921875
1149 0.9921875
1150 0.9921875
1151 0.9921875
1152 0.9921875
1153 0.9921875
1154 0.9921875
1155 0.9921875
1156 0.9921875
1157 0.9921875
1158 0.9921875
1159 0.9921875
1160 0.9921875
1161 0.9921875
1162 0.9921875
1163 0.9921875
1164 0.9921875
1165 0.9921875
1166 0.9921875
1167 0.9921875
1168 0.9921875
1169 0.9921875
1170 0.9921875
1171 0.9921875
1172 0.9921875
1173 0.9921875
1174 0.9921875
1175 0.9921875
1176 0.9921875
1177 0.9921875
1178 0.9921875
1179 0.9921875
1180 0.9921875
1181 0.9921875
1182 0.9921875
1183 0.9921875
1184 0.9921875
1185 0.9921875
1186 0.9921875
1187 0.9921875
1188 0.9921875
1189 0.9921875
1190 0.9921875
1191 0.9921875
1192 0.9921875
1193 0.9921875
1194 0.9921875
1195 0.9921875
1196 0.9921875
1197 0.9921875
1198 0.9921875
1199 0.9921875
1200 0.9921875
1201 0.9921875
1202 0.9921875
1203 0.9921875
1204 0.9921875
1205 0.9921875
1206 0.9921875
1207 0.9921875
1208 0.9921875
1209 0.9921875
1210 0.9921875
1211 0.9921875
1212 0.9921875
1213 0.9921875
1214 0.9921875
1215 0.9921875
1216 0.9921875
1217 0.9921875
1218 0.9921875
1219 0.9921875
1220 0.9921875
1221 0.9921875
1222 0.9921875
1223 0.9921875
1224 0.9921875
1225 0.9921875
1226 0.9921875
1227 0.9921875
1228 0.9921875
1229 0.9921875
1230 0.9921875
1231 0.9921875
1232 0.9921875
1233 0.9921875
1234 0.9921875
1235 0.9921875
1236 0.9921875
1237 0.9921875
1238 0.9921875
1239 0.9921875
1240 0.9921875
1241 0.9921875
1242 0.9921875
1243 0.9921875
1244 0.9921875
1245 0.9921875
1246 0.9921875
1247 0.9921875
1248 0.9921875
1249 0.9921875
1250 0.9921875
1251 0.9921875
1252 0.9921875
1253 0.9921875
1254 0.9921875
1255 0.9921875
1256 0.9921875
1257 0.9921875
1258 0.9921875
1259 0.9921875
1260 0.9921875
1261 0.9921875
1262 0.9921875
1263 0.9921875
1264 0.9921875
1265 0.9921875
1266 0.9921875
1267 0.9921875
1268 0.9921875
1269 0.9921875
1270 0.9921875
1271 0.9921875
1272 0.9921875
1273 0.9921875
1274 0.9921875
1275 0.9921875
1276 0.9921875
1277 0.9921875
1278 0.9921875
1279 0.9921875
1280 0.9921875
1281 0.9921875
1282 0.9921875
1283 0.9921875
1284 0.9921875
1285 0.9921875
1286 0.9921875
1287 0.9921875
1288 0.9921875
1289 0.9921875
1290 0.9921875
1291 0.9921875
1292 0.9921875
1293 0.9921875
1294 0.9921875
1295 0.9921875
1296 0.9921875
1297 0.9921875
1298 0.9921875
1299 0.9921875
1300 0.9921875
1301 0.9921875
1302 0.9921875
1303 0.9921875
1304 0.9921875
1305 0.9921875
1306 0.9921875
1307 0.9921875
1308 0.9921875
1309 0.9921875
1310 0.9921875
1311 0.9921875
1312 0.9921875
1313 0.9921875
1314 0.9921875
1315 0.9921875
1316 0.9921875
1317 0.9921875
1318 0.9921875
1319 0.9921875
1320 0.9921875
1321 0.9921875
1322 0.9921875
1323 0.9921875
1324 0.9921875
1325 0.9921875
1326 0.9921875
1327 0.9921875
1328 0.9921875
1329 0.9921875
1330 0.9921875
1331 0.9921875
1332 0.9921875
1333 0.9921875
1334 0.9921875
1335 0.9921875
1336 0.9921875
1337 0.9921875
1338 0.9921875
1339 0.9921875
1340 0.9921875
1341 0.9921875
1342 0.9921875
1343 0.9921875
1344 0.9921875
1345 0.9921875
1346 0.9921875
1347 0.9921875
1348 0.9921875
1349 0.9921875
1350 0.9921875
1351 0.9921875
1352 0.9921875
1353 0.9921875
1354 0.9921875
1355 0.9921875
1356 0.9921875
1357 0.9921875
1358 0.9921875
1359 0.9921875
1360 0.9921875
1361 0.9921875
1362 0.9921875
1363 0.9921875
1364 0.9921875
1365 0.9921875
1366 0.9921875
1367 0.9921875
1368 0.9921875
1369 0.9921875
1370 0.9921875
1371 0.9921875
1372 0.9921875
1373 0.9921875
1374 0.9921875
1375 0.9921875
1376 0.9921875
1377 0.9921875
1378 0.9921875
1379 0.9921875
1380 0.9921875
1381 0.9921875
1382 0.9921875
1383 0.9921875
1384 0.9921875
1385 0.9921875
1386 0.9921875
1387 0.9921875
1388 0.9921875
1389 0.9921875
1390 0.9921875
1391 0.9921875
1392 0.9921875
1393 0.9921875
1394 0.9921875
1395 0.9921875
1396 0.9921875
1397 0.9921875
1398 0.9921875
1399 0.9921875
1400 0.9921875
1401 0.9921875
1402 0.9921875
1403 0.9921875
1404 0.9921875
1405 0.9921875
1406 0.9921875
1407 0.9921875
1408 0.9921875
1409 0.9921875
1410 0.9921875
1411 0.9921875
1412 0.9921875
1413 0.9921875
1414 0.9921875
1415 0.9921875
1416 0.9921875
1417 0.9921875
1418 0.9921875
1419 0.9921875
1420 0.9921875
1421 0.9921875
1422 0.9921875
1423 0.9921875
1424 0.9921875
1425 0.9921875
1426 0.9921875
1427 0.9921875
1428 0.9921875
1429 0.9921875
1430 0.9921875
1431 0.9921875
1432 0.9921875
1433 0.9921875
1434 0.9921875
1435 0.9921875
1436 0.9921875
1437 0.9921875
1438 0.9921875
1439 0.9921875
1440 0.9921875
1441 0.9921875
1442 0.9921875
1443 0.9921875
1444 0.9921875
1445 0.9921875
1446 0.9921875
1447 0.9921875
1448 0.9921875
1449 0.9921875
1450 0.9921875
1451 0.9921875
1452 0.9921875
1453 0.9921875
1454 0.9921875
1455 0.9921875
1456 0.9921875
1457 0.9921875
1458 0.9921875
1459 0.9921875
1460 0.9921875
1461 0.9921875
1462 0.9921875
1463 0.9921875
1464 0.9921875
1465 0.9921875
1466 0.9921875
1467 0.9921875
1468 0.9921875
1469 0.9921875
1470 0.9921875
1471 0.9921875
1472 0.9921875
1473 0.9921875
1474 0.9921875
1475 0.9921875
1476 0.9921875
1477 0.9921875
1478 0.9921875
1479 0.9921875
1480 0.9921875
1481 0.9921875
1482 0.9921875
1483 0.9921875
1484 0.9921875
1485 0.9921875
1486 0.9921875
1487 0.9921875
1488 0.9921875
1489 0.9921875
1490 0.9921875
1491 0.9921875
1492 0.9921875
1493 0.9921875
1494 0.9921875
1495 0.9921875
1496 0.9921875
1497 0.9921875
1498 0.9921875
1499 0.9921875
1500 0.9921875
1501 0.9921875
1502 0.9921875
1503 0.9921875
1504 0.9921875
1505 0.9921875
1506 0.9921875
1507 0.9921875
1508 0.9921875
1509 0.9921875
1510 0.9921875
1511 0.9921875
1512 0.9921875
1513 0.9921875
1514 0.9921875
1515 0.9921875
1516 0.9921875
1517 0.9921875
1518 0.9921875
1519 0.9921875
1520 0.9921875
1521 0.9921875
1522 0.9921875
1523 0.9921875
1524 0.9921875
1525 0.9921875
1526 0.9921875
1527 0.9921875
1528 0.9921875
1529 0.9921875
1530 0.9921875
1531 0.9921875
1532 0.9921875
1533 0.9921875
1534 0.9921875
1535 0.9921875
1536 0.9921875
1537 0.9921875
1538 0.9921875
1539 0.9921875
1540 0.9921875
1541 0.9921875
1542 0.9921875
1543 0.9921875
1544 0.9921875
1545 0.9921875
1546 0.9921875
1547 0.9921875
1548 0.9921875
1549 0.9921875
1550 0.9921875
1551 0.9921875
1552 0.9921875
1553 0.9921875
1554 0.9921875
1555 0.9921875
1556 0.9921875
1557 0.9921875
1558 0.9921875
1559 0.9921875
1560 0.9921875
1561 0.9921875
1562 0.9921875
1563 0.9921875
1564 0.9921875
1565 0.9921875
1566 0.9921875
1567 0.9921875
1568 0.9921875
1569 0.9921875
1570 0.9921875
1571 0.9921875
1572 0.9921875
1573 0.9921875
1574 0.9921875
1575 0.9921875
1576 0.9921875
1577 0.9921875
1578 0.9921875
1579 0.9921875
1580 0.9921875
1581 0.9921875
1582 0.9921875
1583 0.9921875
1584 0.9921875
1585 0.9921875
1586 0.9921875
1587 0.9921875
1588 0.9921875
1589 0.9921875
1590 0.9921875
1591 0.9921875
1592 0.9921875
1593 0.9921875
1594 0.9921875
1595 0.9921875
1596 0.9921875
1597 0.9921875
1598 0.9921875
1599 0.9921875
1600 0.9921875
1601 0.9921875
1602 0.9921875
1603 0.9921875
1604 0.9921875
1605 0.9921875
1606 0.9921875
1607 0.9921875
1608 0.9921875
1609 0.9921875
1610 0.9921875
1611 0.9921875
1612 0.9921875
1613 0.9921875
1614 0.9921875
1615 0.9921875
1616 0.9921875
1617 0.9921875
1618 0.9921875
1619 0.9921875
1620 0.9921875
1621 0.9921875
1622 0.9921875
1623 0.9921875
1624 0.9921875
1625 0.9921875
1626 0.9921875
1627 0.9921875
1628 0.9921875
1629 0.9921875
1630 0.9921875
1631 0.9921875
1632 0.9921875
1633 0.9921875
1634 0.9921875
1635 0.9921875
1636 0.9921875
1637 0.9921875
1638 0.9921875
1639 0.9921875
1640 0.9921875
1641 0.9921875
1642 0.9921875
1643 0.9921875
1644 0.9921875
1645 0.9921875
1646 0.9921875
1647 0.9921875
1648 0.9921875
1649 0.9921875
1650 0.9921875
1651 0.9921875
1652 0.9921875
1653 0.9921875
1654 0.9921875
1655 0.9921875
1656 0.9921875
1657 0.9921875
1658 0.9921875
1659 0.9921875
1660 0.9921875
1661 0.9921875
1662 0.9921875
1663 0.9921875
1664 0.9921875
1665 0.9921875
1666 0.9921875
1667 0.9921875
1668 0.9921875
1669 0.9921875
1670 0.9921875
1671 0.9921875
1672 0.9921875
1673 0.9921875
1674 0.9921875
1675 0.9921875
1676 0.9921875
1677 0.9921875
1678 0.9921875
1679 0.9921875
1680 0.9921875
1681 0.9921875
1682 0.9921875
1683 0.9921875
1684 0.9921875
1685 0.9921875
1686 0.9921875
1687 0.9921875
1688 0.9921875
1689 0.9921875
1690 0.9921875
1691 0.9921875
1692 0.9921875
1693 0.9921875
1694 0.9921875
1695 0.9921875
1696 0.9921875
1697 0.9921875
1698 0.9921875
1699 0.9921875
1700 0.9921875
1701 0.9921875
1702 0.9921875
1703 0.9921875
1704 0.9921875
1705 0.9921875
1706 0.9921875
1707 0.9921875
1708 0.9921875
1709 0.9921875
1710 0.9921875
1711 0.9921875
1712 0.9921875
1713 0.9921875
1714 0.9921875
1715 0.9921875
1716 0.9921875
1717 0.9921875
1718 0.9921875
1719 0.9921875
1720 0.9921875
1721 0.9921875
1722 0.9921875
1723 0.9921875
1724 0.9921875
1725 0.9921875
1726 0.9921875
1727 0.9921875
1728 0.9921875
1729 0.9921875
1730 0.9921875
1731 0.9921875
1732 0.9921875
1733 0.9921875
1734 0.9921875
1735 0.9921875
1736 0.9921875
1737 0.9921875
1738 0.9921875
1739 0.9921875
1740 0.9921875
1741 0.9921875
1742 0.9921875
1743 0.9921875
1744 0.9921875
1745 0.9921875
1746 0.9921875
1747 0.9921875
1748 0.9921875
1749 0.9921875
1750 0.9921875
1751 0.9921875
1752 0.9921875
1753 0.9921875
1754 0.9921875
1755 0.9921875
1756 0.9921875
1757 0.9921875
1758 0.9921875
1759 0.9921875
1760 0.9921875
1761 0.9921875
1762 0.9921875
1763 0.9921875
1764 0.9921875
1765 0.9921875
1766 0.9921875
1767 0.9921875
1768 0.9921875
1769 0.9921875
1770 1.0
1771 1.0
1772 1.0
1773 1.0
1774 1.0
1775 1.0
1776 1.0
1777 1.0
1778 1.0
1779 1.0
1780 1.0
1781 1.0
1782 1.0
1783 1.0
1784 1.0
1785 1.0
1786 1.0
1787 1.0
1788 1.0
1789 1.0
1790 1.0
1791 1.0
1792 1.0
1793 1.0
1794 1.0
1795 1.0
1796 1.0
1797 1.0
1798 1.0
1799 1.0
1800 1.0
1801 1.0
1802 1.0
1803 1.0
1804 1.0
1805 1.0
1806 1.0
1807 1.0
1808 1.0
1809 1.0
1810 1.0
1811 1.0
1812 1.0
1813 1.0
1814 1.0
1815 1.0
1816 1.0
1817 1.0
1818 1.0
1819 1.0
1820 1.0
1821 1.0
1822 1.0
1823 1.0
1824 1.0
1825 1.0
1826 1.0
1827 1.0
1828 1.0
1829 1.0
1830 1.0
1831 1.0
1832 1.0
1833 1.0
1834 1.0
1835 1.0
1836 1.0
1837 1.0
1838 1.0
1839 1.0
1840 1.0
1841 1.0
1842 1.0
1843 1.0
1844 1.0
1845 1.0
1846 1.0
1847 1.0
1848 1.0
1849 1.0
1850 1.0
1851 1.0
1852 1.0
1853 1.0
1854 1.0
1855 1.0
1856 1.0
1857 1.0
1858 1.0
1859 1.0
1860 1.0
1861 1.0
1862 1.0
1863 1.0
1864 1.0
1865 1.0
1866 1.0
1867 1.0
1868 1.0
1869 1.0
1870 1.0
1871 1.0
1872 1.0
1873 1.0
1874 1.0
1875 1.0
1876 1.0
1877 1.0
1878 1.0
1879 1.0
1880 1.0
1881 1.0
1882 1.0
1883 1.0
1884 1.0
1885 1.0
1886 1.0
1887 1.0
1888 1.0
1889 1.0
1890 1.0
1891 1.0
1892 1.0
1893 1.0
1894 1.0
1895 1.0
1896 1.0
1897 1.0
1898 1.0
1899 1.0
1900 1.0
1901 1.0
1902 1.0
1903 1.0
1904 1.0
1905 1.0
1906 1.0
1907 1.0
1908 1.0
1909 1.0
1910 1.0
1911 1.0
1912 1.0
1913 1.0
1914 1.0
1915 1.0
1916 1.0
1917 1.0
1918 1.0
1919 1.0
1920 1.0
1921 1.0
1922 1.0
1923 1.0
1924 1.0
1925 1.0
1926 1.0
1927 1.0
1928 1.0
1929 1.0
1930 1.0
1931 1.0
1932 1.0
1933 1.0
1934 1.0
1935 1.0
1936 1.0
1937 1.0
1938 1.0
1939 1.0
1940 1.0
1941 1.0
1942 1.0
1943 1.0
1944 1.0
1945 1.0
1946 1.0
1947 1.0
1948 1.0
1949 1.0
1950 1.0
1951 1.0
1952 1.0
1953 1.0
1954 1.0
1955 1.0
1956 1.0
1957 1.0
1958 1.0
1959 1.0
1960 1.0
1961 1.0
1962 1.0
1963 1.0
1964 1.0
1965 1.0
1966 1.0
1967 1.0
1968 1.0
1969 1.0
1970 1.0
1971 1.0
1972 1.0
1973 1.0
1974 1.0
1975 1.0
1976 1.0
1977 1.0
1978 1.0
1979 1.0
1980 1.0
1981 1.0
1982 1.0
1983 1.0
1984 1.0
1985 1.0
1986 1.0
1987 1.0
1988 1.0
1989 1.0
1990 1.0
1991 1.0
1992 1.0
1993 1.0
1994 1.0
1995 1.0
1996 1.0
1997 1.0
1998 1.0
1999 1.0
2000 1.0
2001 1.0
2002 1.0
2003 1.0
2004 1.0
2005 1.0
2006 1.0
2007 1.0
2008 1.0
2009 1.0
2010 1.0
2011 1.0
2012 1.0
2013 1.0
2014 1.0
2015 1.0
2016 1.0
2017 1.0
2018 1.0
2019 1.0
2020 1.0
2021 1.0
2022 1.0
2023 1.0
2024 1.0
2025 1.0
2026 1.0
2027 1.0
2028 1.0
2029 1.0
2030 1.0
2031 1.0
2032 1.0
2033 1.0
2034 1.0
2035 1.0
2036 1.0
2037 1.0
2038 1.0
2039 1.0
2040 1.0
2041 1.0
2042 1.0
2043 1.0
2044 1.0
2045 1.0
2046 1.0
2047 1.0
2048 1.0
2049 1.0
2050 1.0
2051 1.0
2052 1.0
2053 1.0
2054 1.0
2055 1.0
2056 1.0
2057 1.0
2058 1.0
2059 1.0
2060 1.0
2061 1.0
2062 1.0
2063 1.0
2064 1.0
2065 1.0
2066 1.0
2067 1.0
2068 1.0
2069 1.0
2070 1.0
2071 1.0
2072 1.0
2073 1.0
2074 1.0
2075 1.0
2076 1.0
2077 1.0
2078 1.0
2079 1.0
2080 1.0
2081 1.0
2082 1.0
2083 1.0
2084 1.0
2085 1.0
2086 1.0
2087 1.0
2088 1.0
2089 1.0
2090 1.0
2091 1.0
2092 1.0
2093 1.0
2094 1.0
2095 1.0
2096 1.0
2097 1.0
2098 1.0
2099 1.0
2100 1.0
2101 1.0
2102 1.0
2103 1.0
2104 1.0
2105 1.0
2106 1.0
2107 1.0
2108 1.0
2109 1.0
2110 1.0
2111 1.0
2112 1.0
2113 1.0
2114 1.0
2115 1.0
2116 1.0
2117 1.0
2118 1.0
2119 1.0
2120 1.0
2121 1.0
2122 1.0
2123 1.0
2124 1.0
2125 1.0
2126 1.0
2127 1.0
2128 1.0
2129 1.0
2130 1.0
2131 1.0
2132 1.0
2133 1.0
2134 1.0
2135 1.0
2136 1.0
2137 1.0
2138 1.0
2139 1.0
2140 1.0
2141 1.0
2142 1.0
2143 1.0
2144 1.0
2145 1.0
2146 1.0
2147 1.0
2148 1.0
2149 1.0
2150 1.0
2151 1.0
2152 1.0
2153 1.0
2154 1.0
2155 1.0
2156 1.0
2157 1.0
2158 1.0
2159 1.0
2160 1.0
2161 1.0
2162 1.0
2163 1.0
2164 1.0
2165 1.0
2166 1.0
2167 1.0
2168 1.0
2169 1.0
2170 1.0
2171 1.0
2172 1.0
2173 1.0
2174 1.0
2175 1.0
2176 1.0
2177 1.0
2178 1.0
2179 1.0
2180 1.0
2181 1.0
2182 1.0
2183 1.0
2184 1.0
2185 1.0
2186 1.0
2187 1.0
2188 1.0
2189 1.0
2190 1.0
2191 1.0
2192 1.0
2193 1.0
2194 1.0
2195 1.0
2196 1.0
2197 1.0
2198 1.0
2199 1.0
2200 1.0
2201 1.0
2202 1.0
2203 1.0
2204 1.0
2205 1.0
2206 1.0
2207 1.0
2208 1.0
2209 1.0
2210 1.0
2211 1.0
2212 1.0
2213 1.0
2214 1.0
2215 1.0
2216 1.0
2217 1.0
2218 1.0
2219 1.0
2220 1.0
2221 1.0
2222 1.0
2223 1.0
2224 1.0
2225 1.0
2226 1.0
2227 1.0
2228 1.0
2229 1.0
2230 1.0
2231 1.0
2232 1.0
2233 1.0
2234 1.0
2235 1.0
2236 1.0
2237 1.0
2238 1.0
2239 1.0
2240 1.0
2241 1.0
2242 1.0
2243 1.0
2244 1.0
2245 1.0
2246 1.0
2247 1.0
2248 1.0
2249 1.0
2250 1.0
2251 1.0
2252 1.0
2253 1.0
2254 1.0
2255 1.0
2256 1.0
2257 1.0
2258 1.0
2259 1.0
2260 1.0
2261 1.0
2262 1.0
2263 1.0
2264 1.0
2265 1.0
2266 1.0
2267 1.0
2268 1.0
2269 1.0
2270 1.0
2271 1.0
2272 1.0
2273 1.0
2274 1.0
2275 1.0
2276 1.0
2277 1.0
2278 1.0
2279 1.0
2280 1.0
2281 1.0
2282 1.0
2283 1.0
2284 1.0
2285 1.0
2286 1.0
2287 1.0
2288 1.0
2289 1.0
2290 1.0
2291 1.0
2292 1.0
2293 1.0
2294 1.0
2295 1.0
2296 1.0
2297 1.0
2298 1.0
2299 1.0
2300 1.0
2301 1.0
2302 1.0
2303 1.0
2304 1.0
2305 1.0
2306 1.0
2307 1.0
2308 1.0
2309 1.0
2310 1.0
2311 1.0
2312 1.0
2313 1.0
2314 1.0
2315 1.0
2316 1.0
2317 1.0
2318 1.0
2319 1.0
2320 1.0
2321 1.0
2322 1.0
2323 1.0
2324 1.0
2325 1.0
2326 1.0
2327 1.0
2328 1.0
2329 1.0
2330 1.0
2331 1.0
2332 1.0
2333 1.0
2334 1.0
2335 1.0
2336 1.0
2337 1.0
2338 1.0
2339 1.0
2340 1.0
2341 1.0
2342 1.0
2343 1.0
2344 1.0
2345 1.0
2346 1.0
2347 1.0
2348 1.0
2349 1.0
2350 1.0
2351 1.0
2352 1.0
2353 1.0
2354 1.0
2355 1.0
2356 1.0
2357 1.0
2358 1.0
2359 1.0
2360 1.0
2361 1.0
2362 1.0
2363 1.0
2364 1.0
2365 1.0
2366 1.0
2367 1.0
2368 1.0
2369 1.0
2370 1.0
2371 1.0
2372 1.0
2373 1.0
2374 1.0
2375 1.0
2376 1.0
2377 1.0
2378 1.0
2379 1.0
2380 1.0
2381 1.0
2382 1.0
2383 1.0
2384 1.0
2385 1.0
2386 1.0
2387 1.0
2388 1.0
2389 1.0
2390 1.0
2391 1.0
2392 1.0
2393 1.0
2394 1.0
2395 1.0
2396 1.0
2397 1.0
2398 1.0
2399 1.0
2400 1.0
2401 1.0
2402 1.0
2403 1.0
2404 1.0
2405 1.0
2406 1.0
2407 1.0
2408 1.0
2409 1.0
2410 1.0
2411 1.0
2412 1.0
2413 1.0
2414 1.0
2415 1.0
2416 1.0
2417 1.0
2418 1.0
2419 1.0
2420 1.0
2421 1.0
2422 1.0
2423 1.0
2424 1.0
2425 1.0
2426 1.0
2427 1.0
2428 1.0
2429 1.0
2430 1.0
2431 1.0
2432 1.0
2433 1.0
2434 1.0
2435 1.0
2436 1.0
2437 1.0
2438 1.0
2439 1.0
2440 1.0
2441 1.0
2442 1.0
2443 1.0
2444 1.0
2445 1.0
2446 1.0
2447 1.0
2448 1.0
2449 1.0
2450 1.0
2451 1.0
2452 1.0
2453 1.0
2454 1.0
2455 1.0
2456 1.0
2457 1.0
2458 1.0
2459 1.0
2460 1.0
2461 1.0
2462 1.0
2463 1.0
2464 1.0
2465 1.0
2466 1.0
2467 1.0
2468 1.0
2469 1.0
2470 1.0
2471 1.0
2472 1.0
2473 1.0
2474 1.0
2475 1.0
2476 1.0
2477 1.0
2478 1.0
2479 1.0
2480 1.0
2481 1.0
2482 1.0
2483 1.0
2484 1.0
2485 1.0
2486 1.0
2487 1.0
2488 1.0
2489 1.0
2490 1.0
2491 1.0
2492 1.0
2493 1.0
2494 1.0
2495 1.0
2496 1.0
2497 1.0
2498 1.0
2499 1.0
2500 1.0
2501 1.0
2502 1.0
2503 1.0
2504 1.0
2505 1.0
2506 1.0
2507 1.0
2508 1.0
2509 1.0
2510 1.0
2511 1.0
2512 1.0
2513 1.0
2514 1.0
2515 1.0
2516 1.0
2517 1.0
2518 1.0
2519 1.0
2520 1.0
2521 1.0
2522 1.0
2523 1.0
2524 1.0
2525 1.0
2526 1.0
2527 1.0
2528 1.0
2529 1.0
2530 1.0
2531 1.0
2532 1.0
2533 1.0
2534 1.0
2535 1.0
2536 1.0
2537 1.0
2538 1.0
2539 1.0
2540 1.0
2541 1.0
2542 1.0
2543 1.0
2544 1.0
2545 1.0
2546 1.0
2547 1.0
2548 1.0
2549 1.0
2550 1.0
2551 1.0
2552 1.0
2553 1.0
2554 1.0
2555 1.0
2556 1.0
2557 1.0
2558 1.0
2559 1.0
2560 1.0
2561 1.0
2562 1.0
2563 1.0
2564 1.0
2565 1.0
2566 1.0
2567 1.0
2568 1.0
2569 1.0
2570 1.0
2571 1.0
2572 1.0
2573 1.0
2574 1.0
2575 1.0
2576 1.0
2577 1.0
2578 1.0
2579 1.0
2580 1.0
2581 1.0
2582 1.0
2583 1.0
2584 1.0
2585 1.0
2586 1.0
2587 1.0
2588 1.0
2589 1.0
2590 1.0
2591 1.0
2592 1.0
2593 1.0
2594 1.0
2595 1.0
2596 1.0
2597 1.0
2598 1.0
2599 1.0
2600 1.0
2601 1.0
2602 1.0
2603 1.0
2604 1.0
2605 1.0
2606 1.0
2607 1.0
2608 1.0
2609 1.0
2610 1.0
2611 1.0
2612 1.0
2613 1.0
2614 1.0
2615 1.0
2616 1.0
2617 1.0
2618 1.0
2619 1.0
2620 1.0
2621 1.0
2622 1.0
2623 1.0
2624 1.0
2625 1.0
2626 1.0
2627 1.0
2628 1.0
2629 1.0
2630 1.0
2631 1.0
2632 1.0
2633 1.0
2634 1.0
2635 1.0
2636 1.0
2637 1.0
2638 1.0
2639 1.0
2640 1.0
2641 1.0
2642 1.0
2643 1.0
2644 1.0
2645 1.0
2646 1.0
2647 1.0
2648 1.0
2649 1.0
2650 1.0
2651 1.0
2652 1.0
2653 1.0
2654 1.0
2655 1.0
2656 1.0
2657 1.0
2658 1.0
2659 1.0
2660 1.0
2661 1.0
2662 1.0
2663 1.0
2664 1.0
2665 1.0
2666 1.0
2667 1.0
2668 1.0
2669 1.0
2670 1.0
2671 1.0
2672 1.0
2673 1.0
2674 1.0
2675 1.0
2676 1.0
2677 1.0
2678 1.0
2679 1.0
2680 1.0
2681 1.0
2682 1.0
2683 1.0
2684 1.0
2685 1.0
2686 1.0
2687 1.0
2688 1.0
2689 1.0
2690 1.0
2691 1.0
2692 1.0
2693 1.0
2694 1.0
2695 1.0
2696 1.0
2697 1.0
2698 1.0
2699 1.0
2700 1.0
2701 1.0
2702 1.0
2703 1.0
2704 1.0
2705 1.0
2706 1.0
2707 1.0
2708 1.0
2709 1.0
2710 1.0
2711 1.0
2712 1.0
2713 1.0
2714 1.0
2715 1.0
2716 1.0
2717 1.0
2718 1.0
2719 1.0
2720 1.0
2721 1.0
2722 1.0
2723 1.0
2724 1.0
2725 1.0
2726 1.0
2727 1.0
2728 1.0
2729 1.0
2730 1.0
2731 1.0
2732 1.0
2733 1.0
2734 1.0
2735 1.0
2736 1.0
2737 1.0
2738 1.0
2739 1.0
2740 1.0
2741 1.0
2742 1.0
2743 1.0
2744 1.0
2745 1.0
2746 1.0
2747 1.0
2748 1.0
2749 1.0
2750 1.0
2751 1.0
2752 1.0
2753 1.0
2754 1.0
2755 1.0
2756 1.0
2757 1.0
2758 1.0
2759 1.0
2760 1.0
2761 1.0
2762 1.0
2763 1.0
2764 1.0
2765 1.0
2766 1.0
2767 1.0
2768 1.0
2769 1.0
2770 1.0
2771 1.0
2772 1.0
2773 1.0
2774 1.0
2775 1.0
2776 1.0
2777 1.0
2778 1.0
2779 1.0
2780 1.0
2781 1.0
2782 1.0
2783 1.0
2784 1.0
2785 1.0
2786 1.0
2787 1.0
2788 1.0
2789 1.0
2790 1.0
2791 1.0
2792 1.0
2793 1.0
2794 1.0
2795 1.0
2796 1.0
2797 1.0
2798 1.0
2799 1.0
2800 1.0
2801 1.0
2802 1.0
2803 1.0
2804 1.0
2805 1.0
2806 1.0
2807 1.0
2808 1.0
2809 1.0
2810 1.0
2811 1.0
2812 1.0
2813 1.0
2814 1.0
2815 1.0
2816 1.0
2817 1.0
2818 1.0
2819 1.0
2820 1.0
2821 1.0
2822 1.0
2823 1.0
2824 1.0
2825 1.0
2826 1.0
2827 1.0
2828 1.0
2829 1.0
2830 1.0
2831 1.0
2832 1.0
2833 1.0
2834 1.0
2835 1.0
2836 1.0
2837 1.0
2838 1.0
2839 1.0
2840 1.0
2841 1.0
2842 1.0
2843 1.0
2844 1.0
2845 1.0
2846 1.0
2847 1.0
2848 1.0
2849 1.0
2850 1.0
2851 1.0
2852 1.0
2853 1.0
2854 1.0
2855 1.0
2856 1.0
2857 1.0
2858 1.0
2859 1.0
2860 1.0
2861 1.0
2862 1.0
2863 1.0
2864 1.0
2865 1.0
2866 1.0
2867 1.0
2868 1.0
2869 1.0
2870 1.0
2871 1.0
2872 1.0
2873 1.0
2874 1.0
2875 1.0
2876 1.0
2877 1.0
2878 1.0
2879 1.0
2880 1.0
2881 1.0
2882 1.0
2883 1.0
2884 1.0
2885 1.0
2886 1.0
2887 1.0
2888 1.0
2889 1.0
2890 1.0
2891 1.0
2892 1.0
2893 1.0
2894 1.0
2895 1.0
2896 1.0
2897 1.0
2898 1.0
2899 1.0
2900 1.0
2901 1.0
2902 1.0
2903 1.0
2904 1.0
2905 1.0
2906 1.0
2907 1.0
2908 1.0
2909 1.0
2910 1.0
2911 1.0
2912 1.0
2913 1.0
2914 1.0
2915 1.0
2916 1.0
2917 1.0
2918 1.0
2919 1.0
2920 1.0
2921 1.0
2922 1.0
2923 1.0
2924 1.0
2925 1.0
2926 1.0
2927 1.0
2928 1.0
2929 1.0
2930 1.0
2931 1.0
2932 1.0
2933 1.0
2934 1.0
2935 1.0
2936 1.0
2937 1.0
2938 1.0
2939 1.0
2940 1.0
2941 1.0
2942 1.0
2943 1.0
2944 1.0
2945 1.0
2946 1.0
2947 1.0
2948 1.0
2949 1.0
2950 1.0
2951 1.0
2952 1.0
2953 1.0
2954 1.0
2955 1.0
2956 1.0
2957 1.0
2958 1.0
2959 1.0
2960 1.0
2961 1.0
2962 1.0
2963 1.0
2964 1.0
2965 1.0
2966 1.0
2967 1.0
2968 1.0
2969 1.0
2970 1.0
2971 1.0
2972 1.0
2973 1.0
2974 1.0
2975 1.0
2976 1.0
2977 1.0
2978 1.0
2979 1.0
2980 1.0
2981 1.0
2982 1.0
2983 1.0
2984 1.0
2985 1.0
2986 1.0
2987 1.0
2988 1.0
2989 1.0
2990 1.0
2991 1.0
2992 1.0
2993 1.0
2994 1.0
2995 1.0
2996 1.0
2997 1.0
2998 1.0
2999 1.0
3000 1.0
3001 1.0
3002 1.0
3003 1.0
3004 1.0
3005 1.0
3006 1.0
3007 1.0
3008 1.0
3009 1.0
3010 1.0
3011 1.0
3012 1.0
3013 1.0
3014 1.0
3015 1.0
3016 1.0
3017 1.0
3018 1.0
3019 1.0
3020 1.0
3021 1.0
3022 1.0
3023 1.0
3024 1.0
3025 1.0
3026 1.0
3027 1.0
3028 1.0
3029 1.0
3030 1.0
3031 1.0
3032 1.0
3033 1.0
3034 1.0
3035 1.0
3036 1.0
3037 1.0
3038 1.0
3039 1.0
3040 1.0
3041 1.0
3042 1.0
3043 1.0
3044 1.0
3045 1.0
3046 1.0
3047 1.0
3048 1.0
3049 1.0
3050 1.0
3051 1.0
3052 1.0
3053 1.0
3054 1.0
3055 1.0
3056 1.0
3057 1.0
3058 1.0
3059 1.0
3060 1.0
3061 1.0
3062 1.0
3063 1.0
3064 1.0
3065 1.0
3066 1.0
3067 1.0
3068 1.0
3069 1.0
3070 1.0
3071 1.0
3072 1.0
3073 1.0
3074 1.0
3075 1.0
3076 1.0
3077 1.0
3078 1.0
3079 1.0
3080 1.0
3081 1.0
3082 1.0
3083 1.0
3084 1.0
3085 1.0
3086 1.0
3087 1.0
3088 1.0
3089 1.0
3090 1.0
3091 1.0
3092 1.0
3093 1.0
3094 1.0
3095 1.0
3096 1.0
3097 1.0
3098 1.0
3099 1.0
3100 1.0
3101 1.0
3102 1.0
3103 1.0
3104 1.0
3105 1.0
3106 1.0
3107 1.0
3108 1.0
3109 1.0
3110 1.0
3111 1.0
3112 1.0
3113 1.0
3114 1.0
3115 1.0
3116 1.0
3117 1.0
3118 1.0
3119 1.0
3120 1.0
3121 1.0
3122 1.0
3123 1.0
3124 1.0
3125 1.0
3126 1.0
3127 1.0
3128 1.0
3129 1.0
3130 1.0
3131 1.0
3132 1.0
3133 1.0
3134 1.0
3135 1.0
3136 1.0
3137 1.0
3138 1.0
3139 1.0
3140 1.0
3141 1.0
3142 1.0
3143 1.0
3144 1.0
3145 1.0
3146 1.0
3147 1.0
3148 1.0
3149 1.0
3150 1.0
3151 1.0
3152 1.0
3153 1.0
3154 1.0
3155 1.0
3156 1.0
3157 1.0
3158 1.0
3159 1.0
3160 1.0
3161 1.0
3162 1.0
3163 1.0
3164 1.0
3165 1.0
3166 1.0
3167 1.0
3168 1.0
3169 1.0
3170 1.0
3171 1.0
3172 1.0
3173 1.0
3174 1.0
3175 1.0
3176 1.0
3177 1.0
3178 1.0
3179 1.0
3180 1.0
3181 1.0
3182 1.0
3183 1.0
3184 1.0
3185 1.0
3186 1.0
3187 1.0
3188 1.0
3189 1.0
3190 1.0
3191 1.0
3192 1.0
3193 1.0
3194 1.0
3195 1.0
3196 1.0
3197 1.0
3198 1.0
3199 1.0
3200 1.0
3201 1.0
3202 1.0
3203 1.0
3204 1.0
3205 1.0
3206 1.0
3207 1.0
3208 1.0
3209 1.0
3210 1.0
3211 1.0
3212 1.0
3213 1.0
3214 1.0
3215 1.0
3216 1.0
3217 1.0
3218 1.0
3219 1.0
3220 1.0
3221 1.0
3222 1.0
3223 1.0
3224 1.0
3225 1.0
3226 1.0
3227 1.0
3228 1.0
3229 1.0
3230 1.0
3231 1.0
3232 1.0
3233 1.0
3234 1.0
3235 1.0
3236 1.0
3237 1.0
3238 1.0
3239 1.0
3240 1.0
3241 1.0
3242 1.0
3243 1.0
3244 1.0
3245 1.0
3246 1.0
3247 1.0
3248 1.0
3249 1.0
3250 1.0
3251 1.0
3252 1.0
3253 1.0
3254 1.0
3255 1.0
3256 1.0
3257 1.0
3258 1.0
3259 1.0
3260 1.0
3261 1.0
3262 1.0
3263 1.0
3264 1.0
3265 1.0
3266 1.0
3267 1.0
3268 1.0
3269 1.0
3270 1.0
3271 1.0
3272 1.0
3273 1.0
3274 1.0
3275 1.0
3276 1.0
3277 1.0
3278 1.0
3279 1.0
3280 1.0
3281 1.0
3282 1.0
3283 1.0
3284 1.0
3285 1.0
3286 1.0
3287 1.0
3288 1.0
3289 1.0
3290 1.0
3291 1.0
3292 1.0
3293 1.0
3294 1.0
3295 1.0
3296 1.0
3297 1.0
3298 1.0
3299 1.0
3300 1.0
3301 1.0
3302 1.0
3303 1.0
3304 1.0
3305 1.0
3306 1.0
3307 1.0
3308 1.0
3309 1.0
3310 1.0
3311 1.0
3312 1.0
3313 1.0
3314 1.0
3315 1.0
3316 1.0
3317 1.0
3318 1.0
3319 1.0
3320 1.0
3321 1.0
3322 1.0
3323 1.0
3324 1.0
3325 1.0
3326 1.0
3327 1.0
3328 1.0
3329 1.0
3330 1.0
3331 1.0
3332 1.0
3333 1.0
3334 1.0
3335 1.0
3336 1.0
3337 1.0
3338 1.0
3339 1.0
3340 1.0
3341 1.0
3342 1.0
3343 1.0
3344 1.0
3345 1.0
3346 1.0
3347 1.0
3348 1.0
3349 1.0
3350 1.0
3351 1.0
3352 1.0
3353 1.0
3354 1.0
3355 1.0
3356 1.0
3357 1.0
3358 1.0
3359 1.0
3360 1.0
3361 1.0
3362 1.0
3363 1.0
3364 1.0
3365 1.0
3366 1.0
3367 1.0
3368 1.0
3369 1.0
3370 1.0
3371 1.0
3372 1.0
3373 1.0
3374 1.0
3375 1.0
3376 1.0
3377 1.0
3378 1.0
3379 1.0
3380 1.0
3381 1.0
3382 1.0
3383 1.0
3384 1.0
3385 1.0
3386 1.0
3387 1.0
3388 1.0
3389 1.0
3390 1.0
3391 1.0
3392 1.0
3393 1.0
3394 1.0
3395 1.0
3396 1.0
3397 1.0
3398 1.0
3399 1.0
3400 1.0
3401 1.0
3402 1.0
3403 1.0
3404 1.0
3405 1.0
3406 1.0
3407 1.0
3408 1.0
3409 1.0
3410 1.0
3411 1.0
3412 1.0
3413 1.0
3414 1.0
3415 1.0
3416 1.0
3417 1.0
3418 1.0
3419 1.0
3420 1.0
3421 1.0
3422 1.0
3423 1.0
3424 1.0
3425 1.0
3426 1.0
3427 1.0
3428 1.0
3429 1.0
3430 1.0
3431 1.0
3432 1.0
3433 1.0
3434 1.0
3435 1.0
3436 1.0
3437 1.0
3438 1.0
3439 1.0
3440 1.0
3441 1.0
3442 1.0
3443 1.0
3444 1.0
3445 1.0
3446 1.0
3447 1.0
3448 1.0
3449 1.0
3450 1.0
3451 1.0
3452 1.0
3453 1.0
3454 1.0
3455 1.0
3456 1.0
3457 1.0
3458 1.0
3459 1.0
3460 1.0
3461 1.0
3462 1.0
3463 1.0
3464 1.0
3465 1.0
3466 1.0
3467 1.0
3468 1.0
3469 1.0
3470 1.0
3471 1.0
3472 1.0
3473 1.0
3474 1.0
3475 1.0
3476 1.0
3477 1.0
3478 1.0
3479 1.0
3480 1.0
3481 1.0
3482 1.0
3483 1.0
3484 1.0
3485 1.0
3486 1.0
3487 1.0
3488 1.0
3489 1.0
3490 1.0
3491 1.0
3492 1.0
3493 1.0
3494 1.0
3495 1.0
3496 1.0
3497 1.0
3498 1.0
3499 1.0
3500 1.0
3501 1.0
3502 1.0
3503 1.0
3504 1.0
3505 1.0
3506 1.0
3507 1.0
3508 1.0
3509 1.0
3510 1.0
3511 1.0
3512 1.0
3513 1.0
3514 1.0
3515 1.0
3516 1.0
3517 1.0
3518 1.0
3519 1.0
3520 1.0
3521 1.0
3522 1.0
3523 1.0
3524 1.0
3525 1.0
3526 1.0
3527 1.0
3528 1.0
3529 1.0
3530 1.0
3531 1.0
3532 1.0
3533 1.0
3534 1.0
3535 1.0
3536 1.0
3537 1.0
3538 1.0
3539 1.0
3540 1.0
3541 1.0
3542 1.0
3543 1.0
3544 1.0
3545 1.0
3546 1.0
3547 1.0
3548 1.0
3549 1.0
3550 1.0
3551 1.0
3552 1.0
3553 1.0
3554 1.0
3555 1.0
3556 1.0
3557 1.0
3558 1.0
3559 1.0
3560 1.0
3561 1.0
3562 1.0
3563 1.0
3564 1.0
3565 1.0
3566 1.0
3567 1.0
3568 1.0
3569 1.0
3570 1.0
3571 1.0
3572 1.0
3573 1.0
3574 1.0
3575 1.0
3576 1.0
3577 1.0
3578 1.0
3579 1.0
3580 1.0
3581 1.0
3582 1.0
3583 1.0
3584 1.0
3585 1.0
3586 1.0
3587 1.0
3588 1.0
3589 1.0
3590 1.0
3591 1.0
3592 1.0
3593 1.0
3594 1.0
3595 1.0
3596 1.0
3597 1.0
3598 1.0
3599 1.0
3600 1.0
3601 1.0
3602 1.0
3603 1.0
3604 1.0
3605 1.0
3606 1.0
3607 1.0
3608 1.0
3609 1.0
3610 1.0
3611 1.0
3612 1.0
3613 1.0
3614 1.0
3615 1.0
3616 1.0
3617 1.0
3618 1.0
3619 1.0
3620 1.0
3621 1.0
3622 1.0
3623 1.0
3624 1.0
3625 1.0
3626 1.0
3627 1.0
3628 1.0
3629 1.0
3630 1.0
3631 1.0
3632 1.0
3633 1.0
3634 1.0
3635 1.0
3636 1.0
3637 1.0
3638 1.0
3639 1.0
3640 1.0
3641 1.0
3642 1.0
3643 1.0
3644 1.0
3645 1.0
3646 1.0
3647 1.0
3648 1.0
3649 1.0
3650 1.0
3651 1.0
3652 1.0
3653 1.0
3654 1.0
3655 1.0
3656 1.0
3657 1.0
3658 1.0
3659 1.0
3660 1.0
3661 1.0
3662 1.0
3663 1.0
3664 1.0
3665 1.0
3666 1.0
3667 1.0
3668 1.0
3669 1.0
3670 1.0
3671 1.0
3672 1.0
3673 1.0
3674 1.0
3675 1.0
3676 1.0
3677 1.0
3678 1.0
3679 1.0
3680 1.0
3681 1.0
3682 1.0
3683 1.0
3684 1.0
3685 1.0
3686 1.0
3687 1.0
3688 1.0
3689 1.0
3690 1.0
3691 1.0
3692 1.0
3693 1.0
3694 1.0
3695 1.0
3696 1.0
3697 1.0
3698 1.0
3699 1.0
3700 1.0
3701 1.0
3702 1.0
3703 1.0
3704 1.0
3705 1.0
3706 1.0
3707 1.0
3708 1.0
3709 1.0
3710 1.0
3711 1.0
3712 1.0
3713 1.0
3714 1.0
3715 1.0
3716 1.0
3717 1.0
3718 1.0
3719 1.0
3720 1.0
3721 1.0
3722 1.0
3723 1.0
3724 1.0
3725 1.0
3726 1.0
3727 1.0
3728 1.0
3729 1.0
3730 1.0
3731 1.0
3732 1.0
3733 1.0
3734 1.0
3735 1.0
3736 1.0
3737 1.0
3738 1.0
3739 1.0
3740 1.0
3741 1.0
3742 1.0
3743 1.0
3744 1.0
3745 1.0
3746 1.0
3747 1.0
3748 1.0
3749 1.0
3750 1.0
3751 1.0
3752 1.0
3753 1.0
3754 1.0
3755 1.0
3756 1.0
3757 1.0
3758 1.0
3759 1.0
3760 1.0
3761 1.0
3762 1.0
3763 1.0
3764 1.0
3765 1.0
3766 1.0
3767 1.0
3768 1.0
3769 1.0
3770 1.0
3771 1.0
3772 1.0
3773 1.0
3774 1.0
3775 1.0
3776 1.0
3777 1.0
3778 1.0
3779 1.0
3780 1.0
3781 1.0
3782 1.0
3783 1.0
3784 1.0
3785 1.0
3786 1.0
3787 1.0
3788 1.0
3789 1.0
3790 1.0
3791 1.0
3792 1.0
3793 1.0
3794 1.0
3795 1.0
3796 1.0
3797 1.0
3798 1.0
3799 1.0
3800 1.0
3801 1.0
3802 1.0
3803 1.0
3804 1.0
3805 1.0
3806 1.0
3807 1.0
3808 1.0
3809 1.0
3810 1.0
3811 1.0
3812 1.0
3813 1.0
3814 1.0
3815 1.0
3816 1.0
3817 1.0
3818 1.0
3819 1.0
3820 1.0
3821 1.0
3822 1.0
3823 1.0
3824 1.0
3825 1.0
3826 1.0
3827 1.0
3828 1.0
3829 1.0
3830 1.0
3831 1.0
3832 1.0
3833 1.0
3834 1.0
3835 1.0
3836 1.0
3837 1.0
3838 1.0
3839 1.0
3840 1.0
3841 1.0
3842 1.0
3843 1.0
3844 1.0
3845 1.0
3846 1.0
3847 1.0
3848 1.0
3849 1.0
3850 1.0
3851 1.0
3852 1.0
3853 1.0
3854 1.0
3855 1.0
3856 1.0
3857 1.0
3858 1.0
3859 1.0
3860 1.0
3861 1.0
3862 1.0
3863 1.0
3864 1.0
3865 1.0
3866 1.0
3867 1.0
3868 1.0
3869 1.0
3870 1.0
3871 1.0
3872 1.0
3873 1.0
3874 1.0
3875 1.0
3876 1.0
3877 1.0
3878 1.0
3879 1.0
3880 1.0
3881 1.0
3882 1.0
3883 1.0
3884 1.0
3885 1.0
3886 1.0
3887 1.0
3888 1.0
3889 1.0
3890 1.0
3891 1.0
3892 1.0
3893 1.0
3894 1.0
3895 1.0
3896 1.0
3897 1.0
3898 1.0
3899 1.0
3900 1.0
3901 1.0
3902 1.0
3903 1.0
3904 1.0
3905 1.0
3906 1.0
3907 1.0
3908 1.0
3909 1.0
3910 1.0
3911 1.0
3912 1.0
3913 1.0
3914 1.0
3915 1.0
3916 1.0
3917 1.0
3918 1.0
3919 1.0
3920 1.0
3921 1.0
3922 1.0
3923 1.0
3924 1.0
3925 1.0
3926 1.0
3927 1.0
3928 1.0
3929 1.0
3930 1.0
3931 1.0
3932 1.0
3933 1.0
3934 1.0
3935 1.0
3936 1.0
3937 1.0
3938 1.0
3939 1.0
3940 1.0
3941 1.0
3942 1.0
3943 1.0
3944 1.0
3945 1.0
3946 1.0
3947 1.0
3948 1.0
3949 1.0
3950 1.0
3951 1.0
3952 1.0
3953 1.0
3954 1.0
3955 1.0
3956 1.0
3957 1.0
3958 1.0
3959 1.0
3960 1.0
3961 1.0
3962 1.0
3963 1.0
3964 1.0
3965 1.0
3966 1.0
3967 1.0
3968 1.0
3969 1.0
3970 1.0
3971 1.0
3972 1.0
3973 1.0
3974 1.0
3975 1.0
3976 1.0
3977 1.0
3978 1.0
3979 1.0
3980 1.0
3981 1.0
3982 1.0
3983 1.0
3984 1.0
3985 1.0
3986 1.0
3987 1.0
3988 1.0
3989 1.0
3990 1.0
3991 1.0
3992 1.0
3993 1.0
3994 1.0
3995 1.0
3996 1.0
3997 1.0
3998 1.0
3999 1.0
4000 1.0
4001 1.0
4002 1.0
4003 1.0
4004 1.0
4005 1.0
4006 1.0
4007 1.0
4008 1.0
4009 1.0
4010 1.0
4011 1.0
4012 1.0
4013 1.0
4014 1.0
4015 1.0
4016 1.0
4017 1.0
4018 1.0
4019 1.0
4020 1.0
4021 1.0
4022 1.0
4023 1.0
4024 1.0
4025 1.0
4026 1.0
4027 1.0
4028 1.0
4029 1.0
4030 1.0
4031 1.0
4032 1.0
4033 1.0
4034 1.0
4035 1.0
4036 1.0
4037 1.0
4038 1.0
4039 1.0
4040 1.0
4041 1.0
4042 1.0
4043 1.0
4044 1.0
4045 1.0
4046 1.0
4047 1.0
4048 1.0
4049 1.0
4050 1.0
4051 1.0
4052 1.0
4053 1.0
4054 1.0
4055 1.0
4056 1.0
4057 1.0
4058 1.0
4059 1.0
4060 1.0
4061 1.0
4062 1.0
4063 1.0
4064 1.0
4065 1.0
4066 1.0
4067 1.0
4068 1.0
4069 1.0
4070 1.0
4071 1.0
4072 1.0
4073 1.0
4074 1.0
4075 1.0
4076 1.0
4077 1.0
4078 1.0
4079 1.0
4080 1.0
4081 1.0
4082 1.0
4083 1.0
4084 1.0
4085 1.0
4086 1.0
4087 1.0
4088 1.0
4089 1.0
4090 1.0
4091 1.0
4092 1.0
4093 1.0
4094 1.0
4095 1.0
4096 1.0
4097 1.0
4098 1.0
4099 1.0
4100 1.0
4101 1.0
4102 1.0
4103 1.0
4104 1.0
4105 1.0
4106 1.0
4107 1.0
4108 1.0
4109 1.0
4110 1.0
4111 1.0
4112 1.0
4113 1.0
4114 1.0
4115 1.0
4116 1.0
4117 1.0
4118 1.0
4119 1.0
4120 1.0
4121 1.0
4122 1.0
4123 1.0
4124 1.0
4125 1.0
4126 1.0
4127 1.0
4128 1.0
4129 1.0
4130 1.0
4131 1.0
4132 1.0
4133 1.0
4134 1.0
4135 1.0
4136 1.0
4137 1.0
4138 1.0
4139 1.0
4140 1.0
4141 1.0
4142 1.0
4143 1.0
4144 1.0
4145 1.0
4146 1.0
4147 1.0
4148 1.0
4149 1.0
4150 1.0
4151 1.0
4152 1.0
4153 1.0
4154 1.0
4155 1.0
4156 1.0
4157 1.0
4158 1.0
4159 1.0
4160 1.0
4161 1.0
4162 1.0
4163 1.0
4164 1.0
4165 1.0
4166 1.0
4167 1.0
4168 1.0
4169 1.0
4170 1.0
4171 1.0
4172 1.0
4173 1.0
4174 1.0
4175 1.0
4176 1.0
4177 1.0
4178 1.0
4179 1.0
4180 1.0
4181 1.0
4182 1.0
4183 1.0
4184 1.0
4185 1.0
4186 1.0
4187 1.0
4188 1.0
4189 1.0
4190 1.0
4191 1.0
4192 1.0
4193 1.0
4194 1.0
4195 1.0
4196 1.0
4197 1.0
4198 1.0
4199 1.0
4200 1.0
4201 1.0
4202 1.0
4203 1.0
4204 1.0
4205 1.0
4206 1.0
4207 1.0
4208 1.0
4209 1.0
4210 1.0
4211 1.0
4212 1.0
4213 1.0
4214 1.0
4215 1.0
4216 1.0
4217 1.0
4218 1.0
4219 1.0
4220 1.0
4221 1.0
4222 1.0
4223 1.0
4224 1.0
4225 1.0
4226 1.0
4227 1.0
4228 1.0
4229 1.0
4230 1.0
4231 1.0
4232 1.0
4233 1.0
4234 1.0
4235 1.0
4236 1.0
4237 1.0
4238 1.0
4239 1.0
4240 1.0
4241 1.0
4242 1.0
4243 1.0
4244 1.0
4245 1.0
4246 1.0
4247 1.0
4248 1.0
4249 1.0
4250 1.0
4251 1.0
4252 1.0
4253 1.0
4254 1.0
4255 1.0
4256 1.0
4257 1.0
4258 1.0
4259 1.0
4260 1.0
4261 1.0
4262 1.0
4263 1.0
4264 1.0
4265 1.0
4266 1.0
4267 1.0
4268 1.0
4269 1.0
4270 1.0
4271 1.0
4272 1.0
4273 1.0
4274 1.0
4275 1.0
4276 1.0
4277 1.0
4278 1.0
4279 1.0
4280 1.0
4281 1.0
4282 1.0
4283 1.0
4284 1.0
4285 1.0
4286 1.0
4287 1.0
4288 1.0
4289 1.0
4290 1.0
4291 1.0
4292 1.0
4293 1.0
4294 1.0
4295 1.0
4296 1.0
4297 1.0
4298 1.0
4299 1.0
4300 1.0
4301 1.0
4302 1.0
4303 1.0
4304 1.0
4305 1.0
4306 1.0
4307 1.0
4308 1.0
4309 1.0
4310 1.0
4311 1.0
4312 1.0
4313 1.0
4314 1.0
4315 1.0
4316 1.0
4317 1.0
4318 1.0
4319 1.0
4320 1.0
4321 1.0
4322 1.0
4323 1.0
4324 1.0
4325 1.0
4326 1.0
4327 1.0
4328 1.0
4329 1.0
4330 1.0
4331 1.0
4332 1.0
4333 1.0
4334 1.0
4335 1.0
4336 1.0
4337 1.0
4338 1.0
4339 1.0
4340 1.0
4341 1.0
4342 1.0
4343 1.0
4344 1.0
4345 1.0
4346 1.0
4347 1.0
4348 1.0
4349 1.0
4350 1.0
4351 1.0
4352 1.0
4353 1.0
4354 1.0
4355 1.0
4356 1.0
4357 1.0
4358 1.0
4359 1.0
4360 1.0
4361 1.0
4362 1.0
4363 1.0
4364 1.0
4365 1.0
4366 1.0
4367 1.0
4368 1.0
4369 1.0
4370 1.0
4371 1.0
4372 1.0
4373 1.0
4374 1.0
4375 1.0
4376 1.0
4377 1.0
4378 1.0
4379 1.0
4380 1.0
4381 1.0
4382 1.0
4383 1.0
4384 1.0
4385 1.0
4386 1.0
4387 1.0
4388 1.0
4389 1.0
4390 1.0
4391 1.0
4392 1.0
4393 1.0
4394 1.0
4395 1.0
4396 1.0
4397 1.0
4398 1.0
4399 1.0
4400 1.0
4401 1.0
4402 1.0
4403 1.0
4404 1.0
4405 1.0
4406 1.0
4407 1.0
4408 1.0
4409 1.0
4410 1.0
4411 1.0
4412 1.0
4413 1.0
4414 1.0
4415 1.0
4416 1.0
4417 1.0
4418 1.0
4419 1.0
4420 1.0
4421 1.0
4422 1.0
4423 1.0
4424 1.0
4425 1.0
4426 1.0
4427 1.0
4428 1.0
4429 1.0
4430 1.0
4431 1.0
4432 1.0
4433 1.0
4434 1.0
4435 1.0
4436 1.0
4437 1.0
4438 1.0
4439 1.0
4440 1.0
4441 1.0
4442 1.0
4443 1.0
4444 1.0
4445 1.0
4446 1.0
4447 1.0
4448 1.0
4449 1.0
4450 1.0
4451 1.0
4452 1.0
4453 1.0
4454 1.0
4455 1.0
4456 1.0
4457 1.0
4458 1.0
4459 1.0
4460 1.0
4461 1.0
4462 1.0
4463 1.0
4464 1.0
4465 1.0
4466 1.0
4467 1.0
4468 1.0
4469 1.0
4470 1.0
4471 1.0
4472 1.0
4473 1.0
4474 1.0
4475 1.0
4476 1.0
4477 1.0
4478 1.0
4479 1.0
4480 1.0
4481 1.0
4482 1.0
4483 1.0
4484 1.0
4485 1.0
4486 1.0
4487 1.0
4488 1.0
4489 1.0
4490 1.0
4491 1.0
4492 1.0
4493 1.0
4494 1.0
4495 1.0
4496 1.0
4497 1.0
4498 1.0
4499 1.0
4500 1.0
4501 1.0
4502 1.0
4503 1.0
4504 1.0
4505 1.0
4506 1.0
4507 1.0
4508 1.0
4509 1.0
4510 1.0
4511 1.0
4512 1.0
4513 1.0
4514 1.0
4515 1.0
4516 1.0
4517 1.0
4518 1.0
4519 1.0
4520 1.0
4521 1.0
4522 1.0
4523 1.0
4524 1.0
4525 1.0
4526 1.0
4527 1.0
4528 1.0
4529 1.0
4530 1.0
4531 1.0
4532 1.0
4533 1.0
4534 1.0
4535 1.0
4536 1.0
4537 1.0
4538 1.0
4539 1.0
4540 1.0
4541 1.0
4542 1.0
4543 1.0
4544 1.0
4545 1.0
4546 1.0
4547 1.0
4548 1.0
4549 1.0
4550 1.0
4551 1.0
4552 1.0
4553 1.0
4554 1.0
4555 1.0
4556 1.0
4557 1.0
4558 1.0
4559 1.0
4560 1.0
4561 1.0
4562 1.0
4563 1.0
4564 1.0
4565 1.0
4566 1.0
4567 1.0
4568 1.0
4569 1.0
4570 1.0
4571 1.0
4572 1.0
4573 1.0
4574 1.0
4575 1.0
4576 1.0
4577 1.0
4578 1.0
4579 1.0
4580 1.0
4581 1.0
4582 1.0
4583 1.0
4584 1.0
4585 1.0
4586 1.0
4587 1.0
4588 1.0
4589 1.0
4590 1.0
4591 1.0
4592 1.0
4593 1.0
4594 1.0
4595 1.0
4596 1.0
4597 1.0
4598 1.0
4599 1.0
4600 1.0
4601 1.0
4602 1.0
4603 1.0
4604 1.0
4605 1.0
4606 1.0
4607 1.0
4608 1.0
4609 1.0
4610 1.0
4611 1.0
4612 1.0
4613 1.0
4614 1.0
4615 1.0
4616 1.0
4617 1.0
4618 1.0
4619 1.0
4620 1.0
4621 1.0
4622 1.0
4623 1.0
4624 1.0
4625 1.0
4626 1.0
4627 1.0
4628 1.0
4629 1.0
4630 1.0
4631 1.0
4632 1.0
4633 1.0
4634 1.0
4635 1.0
4636 1.0
4637 1.0
4638 1.0
4639 1.0
4640 1.0
4641 1.0
4642 1.0
4643 1.0
4644 1.0
4645 1.0
4646 1.0
4647 1.0
4648 1.0
4649 1.0
4650 1.0
4651 1.0
4652 1.0
4653 1.0
4654 1.0
4655 1.0
4656 1.0
4657 1.0
4658 1.0
4659 1.0
4660 1.0
4661 1.0
4662 1.0
4663 1.0
4664 1.0
4665 1.0
4666 1.0
4667 1.0
4668 1.0
4669 1.0
4670 1.0
4671 1.0
4672 1.0
4673 1.0
4674 1.0
4675 1.0
4676 1.0
4677 1.0
4678 1.0
4679 1.0
4680 1.0
4681 1.0
4682 1.0
4683 1.0
4684 1.0
4685 1.0
4686 1.0
4687 1.0
4688 1.0
4689 1.0
4690 1.0
4691 1.0
4692 1.0
4693 1.0
4694 1.0
4695 1.0
4696 1.0
4697 1.0
4698 1.0
4699 1.0
4700 1.0
4701 1.0
4702 1.0
4703 1.0
4704 1.0
4705 1.0
4706 1.0
4707 1.0
4708 1.0
4709 1.0
4710 1.0
4711 1.0
4712 1.0
4713 1.0
4714 1.0
4715 1.0
4716 1.0
4717 1.0
4718 1.0
4719 1.0
4720 1.0
4721 1.0
4722 1.0
4723 1.0
4724 1.0
4725 1.0
4726 1.0
4727 1.0
4728 1.0
4729 1.0
4730 1.0
4731 1.0
4732 1.0
4733 1.0
4734 1.0
4735 1.0
4736 1.0
4737 1.0
4738 1.0
4739 1.0
4740 1.0
4741 1.0
4742 1.0
4743 1.0
4744 1.0
4745 1.0
4746 1.0
4747 1.0
4748 1.0
4749 1.0
4750 1.0
4751 1.0
4752 1.0
4753 1.0
4754 1.0
4755 1.0
4756 1.0
4757 1.0
4758 1.0
4759 1.0
4760 1.0
4761 1.0
4762 1.0
4763 1.0
4764 1.0
4765 1.0
4766 1.0
4767 1.0
4768 1.0
4769 1.0
4770 1.0
4771 1.0
4772 1.0
4773 1.0
4774 1.0
4775 1.0
4776 1.0
4777 1.0
4778 1.0
4779 1.0
4780 1.0
4781 1.0
4782 1.0
4783 1.0
4784 1.0
4785 1.0
4786 1.0
4787 1.0
4788 1.0
4789 1.0
4790 1.0
4791 1.0
4792 1.0
4793 1.0
4794 1.0
4795 1.0
4796 1.0
4797 1.0
4798 1.0
4799 1.0
4800 1.0
4801 1.0
4802 1.0
4803 1.0
4804 1.0
4805 1.0
4806 1.0
4807 1.0
4808 1.0
4809 1.0
4810 1.0
4811 1.0
4812 1.0
4813 1.0
4814 1.0
4815 1.0
4816 1.0
4817 1.0
4818 1.0
4819 1.0
4820 1.0
4821 1.0
4822 1.0
4823 1.0
4824 1.0
4825 1.0
4826 1.0
4827 1.0
4828 1.0
4829 1.0
4830 1.0
4831 1.0
4832 1.0
4833 1.0
4834 1.0
4835 1.0
4836 1.0
4837 1.0
4838 1.0
4839 1.0
4840 1.0
4841 1.0
4842 1.0
4843 1.0
4844 1.0
4845 1.0
4846 1.0
4847 1.0
4848 1.0
4849 1.0
4850 1.0
4851 1.0
4852 1.0
4853 1.0
4854 1.0
4855 1.0
4856 1.0
4857 1.0
4858 1.0
4859 1.0
4860 1.0
4861 1.0
4862 1.0
4863 1.0
4864 1.0
4865 1.0
4866 1.0
4867 1.0
4868 1.0
4869 1.0
4870 1.0
4871 1.0
4872 1.0
4873 1.0
4874 1.0
4875 1.0
4876 1.0
4877 1.0
4878 1.0
4879 1.0
4880 1.0
4881 1.0
4882 1.0
4883 1.0
4884 1.0
4885 1.0
4886 1.0
4887 1.0
4888 1.0
4889 1.0
4890 1.0
4891 1.0
4892 1.0
4893 1.0
4894 1.0
4895 1.0
4896 1.0
4897 1.0
4898 1.0
4899 1.0
4900 1.0
4901 1.0
4902 1.0
4903 1.0
4904 1.0
4905 1.0
4906 1.0
4907 1.0
4908 1.0
4909 1.0
4910 1.0
4911 1.0
4912 1.0
4913 1.0
4914 1.0
4915 1.0
4916 1.0
4917 1.0
4918 1.0
4919 1.0
4920 1.0
4921 1.0
4922 1.0
4923 1.0
4924 1.0
4925 1.0
4926 1.0
4927 1.0
4928 1.0
4929 1.0
4930 1.0
4931 1.0
4932 1.0
4933 1.0
4934 1.0
4935 1.0
4936 1.0
4937 1.0
4938 1.0
4939 1.0
4940 1.0
4941 1.0
4942 1.0
4943 1.0
4944 1.0
4945 1.0
4946 1.0
4947 1.0
4948 1.0
4949 1.0
4950 1.0
4951 1.0
4952 1.0
4953 1.0
4954 1.0
4955 1.0
4956 1.0
4957 1.0
4958 1.0
4959 1.0
4960 1.0
4961 1.0
4962 1.0
4963 1.0
4964 1.0
4965 1.0
4966 1.0
4967 1.0
4968 1.0
4969 1.0
4970 1.0
4971 1.0
4972 1.0
4973 1.0
4974 1.0
4975 1.0
4976 1.0
4977 1.0
4978 1.0
4979 1.0
4980 1.0
4981 1.0
4982 1.0
4983 1.0
4984 1.0
4985 1.0
4986 1.0
4987 1.0
4988 1.0
4989 1.0
4990 1.0
4991 1.0
4992 1.0
4993 1.0
4994 1.0
4995 1.0
4996 1.0
4997 1.0
4998 1.0
4999 1.0
