0 0.8087444856392874
1 0.8087444856392874
2 0.8087444856392874
3 0.8087444856392874
4 0.8087444856392874
5 0.8087444856392874
6 0.8087444856392874
7 0.8087444856392874
8 0.8087444856392874
9 0.8087444856392874
10 0.8087444856392874
11 0.8087444856392874
12 0.8087444856392874
13 0.8087444856392874
14 0.8087444856392874
15 0.8087502544642431
16 0.8087502544642431
17 0.8087502544642431
18 0.8087502544642431
19 0.8087502544642431
20 0.8087502544642431
21 0.8087502544642431
22 0.8087502544642431
23 0.8087502544642431
24 0.8087502544642431
25 0.8087502544642431
26 0.8087502544642431
27 0.8087502544642431
28 0.8087502544642431
29 0.8087502544642431
30 0.8087502544642431
31 0.8087502544642431
32 0.8087502544642431
33 0.8087502544642431
34 0.8087502544642431
35 0.8087502544642431
36 0.8087502544642431
37 0.8087502544642431
38 0.8087502544642431
39 0.8087502544642431
40 0.8087502544642431
41 0.8087502544642431
42 0.8087502544642431
43 0.8087502544642431
44 0.8087502544642431
45 0.8087502544642431
46 0.8087502544642431
47 0.8087502544642431
48 0.8087502544642431
49 0.8087502544642431
50 0.8087502544642431
51 0.8087502544642431
52 0.8087502544642431
53 0.8087502544642431
54 0.8087506204343603
55 0.8087506204343603
56 0.8087506204343603
57 0.8087506204343603
58 0.8087506204343603
59 0.8087506204343603
60 0.8087506204343603
61 0.8087506204343603
62 0.8087506204343603
63 0.8087506204343603
64 0.8087506204343603
65 0.8087506204343603
66 0.8087506204343603
67 0.8087506204343603
68 0.8087506204343603
69 0.8087506204343603
70 0.8087506204343603
71 0.8087506204343603
72 0.8087506204343603
73 0.8087506204343603
74 0.8087506204343603
75 0.8087506204343603
76 0.8087514313046702
77 0.8087514313046702
78 0.8087514313046702
79 0.8087514313046702
80 0.8087514313046702
81 0.8087514313046702
82 0.8087514313046702
83 0.8087514313046702
84 0.8087514313046702
85 0.8087514313046702
86 0.8087514313046702
87 0.8087514313046702
88 0.8087514313046702
89 0.8087514837236314
90 0.8087514837236314
91 0.8087514837236314
92 0.8087514837236314
93 0.8087601678570228
94 0.8087601678570228
95 0.8087601678570228
96 0.8087601678570228
97 0.8087601678570228
98 0.8087601678570228
99 0.8087601678570228
100 0.8087601678570228
101 0.8087601678570228
102 0.8087601678570228
103 0.8087601678570228
104 0.8087601678570228
105 0.8087601678570228
106 0.8087601678570228
107 0.8087601678570228
108 0.8087601678570228
109 0.8087601678570228
110 0.8087601678570228
111 0.8087601678570228
112 0.8087601678570228
113 0.8087601678570228
114 0.8087601678570228
115 0.8087601678570228
116 0.8087601678570228
117 0.8087601678570228
118 0.8087601678570228
119 0.8087601678570228
120 0.8087601678570228
121 0.8087601678570228
122 0.8087601678570228
123 0.8087601678570228
124 0.8087601678570228
125 0.8087601678570228
126 0.8087601678570228
127 0.8087601678570228
128 0.8087601678570228
129 0.8087601678570228
130 0.8087601678570228
131 0.8087601678570228
132 0.8087601678570228
133 0.8087601678570228
134 0.8087601678570228
135 0.8087601678570228
136 0.8087601678570228
137 0.8087601678570228
138 0.8087601678570228
139 0.8087601678570228
140 0.8087601678570228
141 0.8087601678570228
142 0.8087632539098143
143 0.8087632539098143
144 0.8087632539098143
145 0.8087632539098143
146 0.8087632539098143
147 0.8087632539098143
148 0.8087632539098143
149 0.8087632539098143
150 0.8087632539098143
151 0.8087632539098143
152 0.8087632539098143
153 0.8087632539098143
154 0.8087632539098143
155 0.8087632539098143
156 0.8087632539098143
157 0.8087632539098143
158 0.8087632539098143
159 0.8087632539098143
160 0.8087632539098143
161 0.8087632539098143
162 0.8087632539098143
163 0.8087632539098143
164 0.8087632539098143
165 0.8087632539098143
166 0.8087632539098143
167 0.8087649597831144
168 0.8087649597831144
169 0.8087649597831144
170 0.8087649597831144
171 0.8087649597831144
172 0.8087649597831144
173 0.8087649597831144
174 0.8087649597831144
175 0.8087649597831144
176 0.8087649597831144
177 0.8087649597831144
178 0.8087649597831144
179 0.8087652440000289
180 0.8087652440000289
181 0.8087652440000289
182 0.8087671869712467
183 0.8087671869712467
184 0.8087671869712467
185 0.8087671869712467
186 0.8087671869712467
187 0.8087672104557958
188 0.8087672104557958
189 0.8087672104557958
190 0.8087672104557958
191 0.8087672104557958
192 0.8087672104557958
193 0.8087672104557958
194 0.8087672104557958
195 0.8087672104557958
196 0.8087672104557958
197 0.8087672104557958
198 0.8087672104557958
199 0.8087672104557958
200 0.8087672104557958
201 0.8087672104557958
202 0.8087672104557958
203 0.8087672104557958
204 0.808768185797899
205 0.808768185797899
206 0.808768185797899
207 0.808768185797899
208 0.808768185797899
209 0.808768185797899
210 0.808768185797899
211 0.808768185797899
212 0.808768185797899
213 0.808768185797899
214 0.808768185797899
215 0.808768185797899
216 0.808768185797899
217 0.808768185797899
218 0.808768185797899
219 0.808768185797899
220 0.808768185797899
221 0.808768185797899
222 0.808768185797899
223 0.808768185797899
224 0.808768185797899
225 0.808768185797899
226 0.808768185797899
227 0.808768185797899
228 0.808768185797899
229 0.808768185797899
230 0.808768185797899
231 0.808768185797899
232 0.808768185797899
233 0.808768245127008
234 0.808768245127008
235 0.808768527325225
236 0.808768527325225
237 0.808768527325225
238 0.808768527325225
239 0.808768527325225
240 0.808768527325225
241 0.808768527325225
242 0.808768527325225
243 0.808768527325225
244 0.808768527325225
245 0.808768527325225
246 0.808768527325225
247 0.808768527325225
248 0.808768527325225
249 0.808768527325225
250 0.808768527325225
251 0.808768527325225
252 0.808768527325225
253 0.808768527325225
254 0.808768527325225
255 0.808768527325225
256 0.808768527325225
257 0.808768527325225
258 0.808768527325225
259 0.808768527325225
260 0.808768527325225
261 0.808768527325225
262 0.808768527325225
263 0.808768527325225
264 0.808768527325225
265 0.808768527325225
266 0.808768527325225
267 0.808768527325225
268 0.808768527325225
269 0.808768527325225
270 0.808768527325225
271 0.808768527325225
272 0.8087685369122184
273 0.8087685369122184
274 0.8087685369122184
275 0.8087685369122184
276 0.8087685369122184
277 0.8087687109714797
278 0.8087687109714797
279 0.8087687109714797
280 0.8087687109714797
281 0.8087687109714797
282 0.8087687109714797
283 0.8087687109714797
284 0.8087687109714797
285 0.8087687109714797
286 0.8087687109714797
287 0.8087687109714797
288 0.8087687109714797
289 0.8087687109714797
290 0.8087687109714797
291 0.8087687109714797
292 0.8087687109714797
293 0.8087687109714797
294 0.8087687109714797
295 0.8087687109714797
296 0.8087687109714797
297 0.8087687109714797
298 0.8087687109714797
299 0.8087687109714797
300 0.8087687109714797
301 0.8087687109714797
302 0.8087687109714797
303 0.8087687109714797
304 0.8087688280710402
305 0.8087688280710402
306 0.8087688280710402
307 0.8087688280710402
308 0.8087688280710402
309 0.8087688280710402
310 0.8087688280710402
311 0.8087688280710402
312 0.8087688280710402
313 0.8087688280710402
314 0.8087688280710402
315 0.8087688280710402
316 0.8087688280710402
317 0.8087688280710402
318 0.8087688280710402
319 0.8087688280710402
320 0.8087688280710402
321 0.8087688280710402
322 0.8087688280710402
323 0.8087688280710402
324 0.8087688280710402
325 0.8087688280710402
326 0.8087688280710402
327 0.8087688280710402
328 0.8087688280710402
329 0.8087688280710402
330 0.8087688280710402
331 0.8087688280710402
332 0.8087688280710402
333 0.8087688280710402
334 0.8087688280710402
335 0.8087688280710402
336 0.8087688280710402
337 0.8087688280710402
338 0.8087688280710402
339 0.8087688280710402
340 0.8087688280710402
341 0.8087688280710402
342 0.8087688280710402
343 0.8087688280710402
344 0.8087688280710402
345 0.8087688280710402
346 0.8087688280710402
347 0.8087688280710402
348 0.8087688280710402
349 0.8087688280710402
350 0.8087688280710402
351 0.8087688280710402
352 0.8087688280710402
353 0.8087688280710402
354 0.8087688280710402
355 0.8087688280710402
356 0.8087688280710402
357 0.8087688280710402
358 0.8087688280710402
359 0.8087688280710402
360 0.8087688280710402
361 0.8087688280710402
362 0.8087688280710402
363 0.8087688280710402
364 0.8087688280710402
365 0.8087688280710402
366 0.8087688280710402
367 0.8087688280710402
368 0.8087688280710402
369 0.8087688280710402
370 0.8087688280710402
371 0.8087688280710402
372 0.808768848618487
373 0.808768848618487
374 0.808768848618487
375 0.808768848618487
376 0.808768848618487
377 0.808768848618487
378 0.808768848618487
379 0.808768848618487
380 0.808768848618487
381 0.808768848618487
382 0.808768848618487
383 0.808768848618487
384 0.808768848618487
385 0.808768848618487
386 0.808768848618487
387 0.808768848618487
388 0.808768848618487
389 0.808768848618487
390 0.808768848618487
391 0.808768848618487
392 0.808768848618487
393 0.808768848618487
394 0.808768848618487
395 0.808768848618487
396 0.808768848618487
397 0.808768848618487
398 0.808768848618487
399 0.808768848618487
400 0.808768848618487
401 0.808768848618487
402 0.808768848618487
403 0.808768848618487
404 0.808768848618487
405 0.808768848618487
406 0.808768848618487
407 0.808768848618487
408 0.808768848618487
409 0.808768848618487
410 0.808768848618487
411 0.808768848618487
412 0.808768848618487
413 0.808768848618487
414 0.808768848618487
415 0.808768848618487
416 0.808768848618487
417 0.808768848618487
418 0.808768848618487
419 0.808768848618487
420 0.808768848618487
421 0.808768848618487
422 0.808768848618487
423 0.808768848618487
424 0.808768848618487
425 0.808768848618487
426 0.808768848618487
427 0.808768848618487
428 0.808768848618487
429 0.808768848618487
430 0.808768848618487
431 0.808768848618487
432 0.808768848618487
433 0.808768848618487
434 0.808768848618487
435 0.808768848618487
436 0.808768848618487
437 0.808768848618487
438 0.808768848618487
439 0.808768848618487
440 0.808768848618487
441 0.808768848618487
442 0.808768848618487
443 0.808768848618487
444 0.808768848618487
445 0.808768848618487
446 0.808768848618487
447 0.808768848618487
448 0.808768848618487
449 0.808768848618487
450 0.808768848618487
451 0.808768848618487
452 0.808768848618487
453 0.808768848618487
454 0.808768848618487
455 0.808768848618487
456 0.808768848618487
457 0.808768848618487
458 0.808768848618487
459 0.808768848618487
460 0.808768848618487
461 0.808768848618487
462 0.808768848618487
463 0.808768848618487
464 0.808768848618487
465 0.808768848618487
466 0.808768848618487
467 0.808768848618487
468 0.808768848618487
469 0.808768848618487
470 0.808768848618487
471 0.808768848618487
472 0.808768848618487
473 0.808768848618487
474 0.808768848618487
475 0.8087688545113229
476 0.8087688545113229
477 0.8087688545113229
478 0.8087688545113229
479 0.8087688545113229
480 0.8087688545113229
481 0.8087688545113229
482 0.8087688545113229
483 0.8087688623811743
484 0.8087688623811743
485 0.8087688623811743
486 0.8087688623811743
487 0.8087688623811743
488 0.8087688623811743
489 0.8087688623811743
490 0.8087688623811743
491 0.8087688623811743
492 0.8087688623811743
493 0.8087688623811743
494 0.8087688623811743
495 0.8087688623811743
496 0.8087688623811743
497 0.8087688623811743
498 0.8087688623811743
499 0.8087688623811743
500 0.8087688623811743
501 0.8087688623811743
502 0.8087688623811743
503 0.8087688623811743
504 0.808768864544166
505 0.808768864544166
506 0.808768864544166
507 0.808768864544166
508 0.808768864544166
509 0.808768864544166
510 0.808768864544166
511 0.808768864544166
512 0.808768864544166
513 0.808768864544166
514 0.808768864544166
515 0.808768864544166
516 0.808768864544166
517 0.808768864544166
518 0.808768864544166
519 0.808768864544166
520 0.808768864544166
521 0.808768864544166
522 0.808768864544166
523 0.808768864544166
524 0.808768864544166
525 0.808768864544166
526 0.808768864544166
527 0.808768864544166
528 0.808768864544166
529 0.808768864544166
530 0.808768864544166
531 0.808768864544166
532 0.808768864544166
533 0.808768864544166
534 0.808768864544166
535 0.808768864544166
536 0.808768864544166
537 0.808768864544166
538 0.808768864544166
539 0.808768864544166
540 0.808768864544166
541 0.808768864544166
542 0.808768864544166
543 0.808768864544166
544 0.808768864544166
545 0.808768864544166
546 0.808768864544166
547 0.808768864544166
548 0.808768864544166
549 0.808768864544166
550 0.808768864544166
551 0.808768864544166
552 0.808768864544166
553 0.808768864544166
554 0.808768864544166
555 0.808768864544166
556 0.808768864544166
557 0.808768864544166
558 0.808768864544166
559 0.808768864544166
560 0.808768864544166
561 0.808768864653656
562 0.808768864653656
563 0.808768864653656
564 0.808768864653656
565 0.808768864653656
566 0.808768864653656
567 0.808768864653656
568 0.808768864653656
569 0.808768864653656
570 0.808768864653656
571 0.808768864653656
572 0.808768864653656
573 0.808768864653656
574 0.808768864653656
575 0.808768864653656
576 0.808768864653656
577 0.808768864653656
578 0.808768864653656
579 0.808768864653656
580 0.808768864653656
581 0.808768864653656
582 0.808768864653656
583 0.808768864653656
584 0.808768864653656
585 0.808768864653656
586 0.808768864653656
587 0.808768864653656
588 0.808768864653656
589 0.808768864653656
590 0.808768864653656
591 0.808768864653656
592 0.808768864653656
593 0.808768864653656
594 0.808768864653656
595 0.808768864653656
596 0.808768864653656
597 0.808768864653656
598 0.808768864653656
599 0.808768864653656
600 0.808768864653656
601 0.808768864653656
602 0.808768864653656
603 0.808768864653656
604 0.808768864653656
605 0.808768864653656
606 0.808768864653656
607 0.808768864653656
608 0.808768864653656
609 0.808768864653656
610 0.808768864653656
611 0.808768864653656
612 0.808768864653656
613 0.808768864653656
614 0.808768864653656
615 0.808768864653656
616 0.808768864653656
617 0.808768864653656
618 0.808768864653656
619 0.808768864653656
620 0.808768864653656
621 0.808768864653656
622 0.808768864653656
623 0.808768864653656
624 0.808768864653656
625 0.808768864653656
626 0.808768864653656
627 0.808768864653656
628 0.808768864653656
629 0.808768864653656
630 0.808768864653656
631 0.808768864653656
632 0.808768864653656
633 0.808768864653656
634 0.808768864653656
635 0.808768864653656
636 0.808768864653656
637 0.808768864653656
638 0.808768864653656
639 0.808768864653656
640 0.808768864653656
641 0.808768864653656
642 0.808768864653656
643 0.808768864653656
644 0.808768864653656
645 0.808768864653656
646 0.808768864653656
647 0.808768864653656
648 0.808768864653656
649 0.808768864653656
650 0.808768864653656
651 0.808768864653656
652 0.808768864653656
653 0.808768864653656
654 0.808768864653656
655 0.808768864653656
656 0.808768864653656
657 0.808768864653656
658 0.808768864653656
659 0.808768864653656
660 0.808768864653656
661 0.808768864653656
662 0.808768864653656
663 0.808768864653656
664 0.808768864653656
665 0.808768864653656
666 0.808768864653656
667 0.808768864653656
668 0.808768864653656
669 0.808768864653656
670 0.808768864653656
671 0.808768864653656
672 0.808768864653656
673 0.808768864653656
674 0.808768864653656
675 0.808768864653656
676 0.808768864653656
677 0.808768864653656
678 0.808768864653656
679 0.808768864653656
680 0.808768864653656
681 0.808768864653656
682 0.808768864653656
683 0.808768864653656
684 0.808768864653656
685 0.808768864653656
686 0.808768864653656
687 0.808768864653656
688 0.808768864653656
689 0.808768864653656
690 0.808768864653656
691 0.808768864653656
692 0.808768864653656
693 0.808768864653656
694 0.808768864653656
695 0.808768864653656
696 0.808768864653656
697 0.808768864653656
698 0.808768864653656
699 0.808768864653656
700 0.808768864653656
701 0.808768864653656
702 0.808768864653656
703 0.808768864653656
704 0.808768864653656
705 0.808768864653656
706 0.808768864653656
707 0.808768864653656
708 0.808768864653656
709 0.808768864653656
710 0.808768864653656
711 0.808768864653656
712 0.808768864653656
713 0.808768864653656
714 0.808768864653656
715 0.808768864653656
716 0.808768864653656
717 0.808768864653656
718 0.808768864653656
719 0.808768864653656
720 0.808768864653656
721 0.808768864653656
722 0.808768864653656
723 0.808768864653656
724 0.808768864653656
725 0.808768864653656
726 0.808768864653656
727 0.808768864653656
728 0.808768864653656
729 0.808768864653656
730 0.808768864653656
731 0.808768864653656
732 0.808768864653656
733 0.808768864653656
734 0.808768864653656
735 0.808768864653656
736 0.808768864653656
737 0.808768864653656
738 0.808768864653656
739 0.808768864653656
740 0.808768864653656
741 0.808768864653656
742 0.808768864653656
743 0.808768864653656
744 0.808768864653656
745 0.808768864653656
746 0.808768864653656
747 0.808768864653656
748 0.808768864653656
749 0.808768864653656
750 0.808768864653656
751 0.808768864653656
752 0.808768864653656
753 0.808768864653656
754 0.808768864653656
755 0.808768864653656
756 0.808768864653656
757 0.808768864653656
758 0.808768864653656
759 0.808768864653656
760 0.808768864653656
761 0.808768864653656
762 0.808768864653656
763 0.808768864653656
764 0.808768864653656
765 0.808768864653656
766 0.808768864653656
767 0.808768864653656
768 0.808768864653656
769 0.808768864653656
770 0.808768864653656
771 0.808768864653656
772 0.808768864653656
773 0.808768864653656
774 0.808768864653656
775 0.808768864653656
776 0.808768864653656
777 0.808768864653656
778 0.808768864653656
779 0.808768864653656
780 0.808768864653656
781 0.808768864653656
782 0.808768864653656
783 0.808768864653656
784 0.808768864653656
785 0.808768864653656
786 0.808768864653656
787 0.808768864653656
788 0.808768864653656
789 0.808768864653656
790 0.808768864653656
791 0.808768864653656
792 0.808768864653656
793 0.808768864653656
794 0.808768864653656
795 0.808768864653656
796 0.808768864653656
797 0.808768864653656
798 0.808768864653656
799 0.808768864653656
800 0.808768864653656
801 0.808768864653656
802 0.808768864653656
803 0.808768864653656
804 0.808768864653656
805 0.808768864653656
806 0.808768864653656
807 0.808768864653656
808 0.808768864653656
809 0.808768864653656
810 0.808768864653656
811 0.808768864653656
812 0.808768864653656
813 0.808768864653656
814 0.808768864653656
815 0.808768864653656
816 0.808768864653656
817 0.808768864653656
818 0.808768864653656
819 0.808768864653656
820 0.808768864653656
821 0.808768864653656
822 0.808768864653656
823 0.808768864653656
824 0.808768864653656
825 0.808768864653656
826 0.808768864653656
827 0.808768864653656
828 0.808768864653656
829 0.808768864653656
830 0.808768864653656
831 0.808768864653656
832 0.808768864653656
833 0.808768864653656
834 0.808768864653656
835 0.808768864653656
836 0.808768864653656
837 0.808768864653656
838 0.808768864653656
839 0.808768864653656
840 0.808768864653656
841 0.808768864653656
842 0.808768864653656
843 0.808768864653656
844 0.808768864653656
845 0.808768864653656
846 0.808768864653656
847 0.808768864653656
848 0.808768864653656
849 0.808768864653656
850 0.808768864653656
851 0.808768864653656
852 0.808768864653656
853 0.808768864653656
854 0.808768864653656
855 0.808768864653656
856 0.808768864653656
857 0.808768864653656
858 0.808768864653656
859 0.808768864653656
860 0.808768864653656
861 0.808768864653656
862 0.808768864653656
863 0.808768864653656
864 0.808768864653656
865 0.808768864653656
866 0.808768864653656
867 0.808768864653656
868 0.808768864653656
869 0.808768864653656
870 0.808768864653656
871 0.808768864653656
872 0.808768864653656
873 0.808768864653656
874 0.808768864653656
875 0.808768864653656
876 0.808768864653656
877 0.808768864653656
878 0.808768864653656
879 0.808768864653656
880 0.808768864653656
881 0.808768864653656
882 0.808768864653656
883 0.808768864653656
884 0.808768864653656
885 0.808768864653656
886 0.808768864653656
887 0.808768864653656
888 0.808768864653656
889 0.808768864653656
890 0.808768864653656
891 0.808768864653656
892 0.808768864653656
893 0.808768864653656
894 0.808768864653656
895 0.808768864653656
896 0.808768864653656
897 0.808768864653656
898 0.808768864653656
899 0.808768864653656
900 0.808768864653656
901 0.808768864653656
902 0.808768864653656
903 0.808768864653656
904 0.808768864653656
905 0.808768864653656
906 0.808768864653656
907 0.808768864653656
908 0.808768864653656
909 0.808768864653656
910 0.808768864653656
911 0.808768864653656
912 0.808768864653656
913 0.808768864653656
914 0.808768864653656
915 0.808768864653656
916 0.808768864653656
917 0.808768864653656
918 0.808768864653656
919 0.808768864653656
920 0.808768864653656
921 0.808768864653656
922 0.808768864653656
923 0.808768864653656
924 0.808768864653656
925 0.808768864653656
926 0.808768864653656
927 0.808768864653656
928 0.808768864653656
929 0.808768864653656
930 0.808768864653656
931 0.808768864653656
932 0.808768864653656
933 0.808768864653656
934 0.808768864653656
935 0.808768864653656
936 0.808768864653656
937 0.808768864653656
938 0.808768864653656
939 0.808768864653656
940 0.808768864653656
941 0.808768864653656
942 0.808768864653656
943 0.808768864653656
944 0.808768864653656
945 0.808768864653656
946 0.808768864653656
947 0.808768864653656
948 0.808768864653656
949 0.808768864653656
950 0.808768864653656
951 0.808768864653656
952 0.808768864653656
953 0.808768864653656
954 0.808768864653656
955 0.808768864653656
956 0.808768864653656
957 0.808768864653656
958 0.808768864653656
959 0.808768864653656
960 0.808768864653656
961 0.808768864653656
962 0.808768864653656
963 0.808768864653656
964 0.808768864653656
965 0.808768864653656
966 0.808768864653656
967 0.808768864653656
968 0.808768864653656
969 0.808768864653656
970 0.808768864653656
971 0.808768864653656
972 0.808768864653656
973 0.808768864653656
974 0.808768864653656
975 0.808768864653656
976 0.808768864653656
977 0.808768864653656
978 0.808768864653656
979 0.808768864653656
980 0.808768864653656
981 0.808768864653656
982 0.808768864653656
983 0.808768864653656
984 0.808768864653656
985 0.808768864653656
986 0.808768864653656
987 0.808768864653656
988 0.808768864653656
989 0.808768864653656
990 0.808768864653656
991 0.808768864653656
992 0.808768864653656
993 0.808768864653656
994 0.808768864653656
995 0.808768864653656
996 0.808768864653656
997 0.808768864653656
998 0.808768864653656
999 0.808768864653656
1000 0.808768864653656
1001 0.808768864653656
1002 0.808768864653656
1003 0.808768864653656
1004 0.808768864653656
1005 0.808768864653656
1006 0.808768864653656
1007 0.808768864653656
1008 0.808768864653656
1009 0.808768864653656
1010 0.808768864653656
1011 0.808768864653656
1012 0.808768864653656
1013 0.808768864653656
1014 0.808768864653656
1015 0.808768864653656
1016 0.808768864653656
1017 0.808768864653656
1018 0.808768864653656
1019 0.808768864653656
1020 0.808768864653656
1021 0.808768864653656
1022 0.808768864653656
1023 0.808768864653656
1024 0.808768864653656
1025 0.808768864653656
1026 0.808768864653656
1027 0.808768864653656
1028 0.808768864653656
1029 0.808768864653656
1030 0.808768864653656
1031 0.808768864653656
1032 0.808768864653656
1033 0.808768864653656
1034 0.808768864653656
1035 0.808768864653656
1036 0.808768864653656
1037 0.808768864653656
1038 0.808768864653656
1039 0.808768864653656
1040 0.808768864653656
1041 0.808768864653656
1042 0.808768864653656
1043 0.808768864653656
1044 0.808768864653656
1045 0.808768864653656
1046 0.808768864653656
1047 0.808768864653656
1048 0.808768864653656
1049 0.808768864653656
1050 0.808768864653656
1051 0.808768864653656
1052 0.808768864653656
1053 0.808768864653656
1054 0.808768864653656
1055 0.808768864653656
1056 0.808768864653656
1057 0.808768864653656
1058 0.808768864653656
1059 0.808768864653656
1060 0.808768864653656
1061 0.808768864653656
1062 0.808768864653656
1063 0.808768864653656
1064 0.808768864653656
1065 0.808768864653656
1066 0.808768864653656
1067 0.808768864653656
1068 0.808768864653656
1069 0.808768864653656
1070 0.808768864653656
1071 0.808768864653656
1072 0.808768864653656
1073 0.808768864653656
1074 0.808768864653656
1075 0.808768864653656
1076 0.808768864653656
1077 0.808768864653656
1078 0.808768864653656
1079 0.808768864653656
1080 0.808768864653656
1081 0.808768864653656
1082 0.808768864653656
1083 0.808768864653656
1084 0.808768864653656
1085 0.808768864653656
1086 0.808768864653656
1087 0.808768864653656
1088 0.808768864653656
1089 0.808768864653656
1090 0.808768864653656
1091 0.808768864653656
1092 0.808768864653656
1093 0.808768864653656
1094 0.808768864653656
1095 0.808768864653656
1096 0.808768864653656
1097 0.808768864653656
1098 0.808768864653656
1099 0.808768864653656
1100 0.808768864653656
1101 0.808768864653656
1102 0.808768864653656
1103 0.808768864653656
1104 0.808768864653656
1105 0.808768864653656
1106 0.808768864653656
1107 0.808768864653656
1108 0.808768864653656
1109 0.808768864653656
1110 0.808768864653656
1111 0.808768864653656
1112 0.808768864653656
1113 0.808768864653656
1114 0.808768864653656
1115 0.808768864653656
1116 0.808768864653656
1117 0.808768864653656
1118 0.808768864653656
1119 0.808768864653656
1120 0.808768864653656
1121 0.808768864653656
1122 0.808768864653656
1123 0.808768864653656
1124 0.808768864653656
1125 0.808768864653656
1126 0.808768864653656
1127 0.808768864653656
1128 0.808768864653656
1129 0.808768864653656
1130 0.808768864653656
1131 0.808768864653656
1132 0.808768864653656
1133 0.808768864653656
1134 0.808768864653656
1135 0.808768864653656
1136 0.808768864653656
1137 0.808768864653656
1138 0.808768864653656
1139 0.808768864653656
1140 0.808768864653656
1141 0.808768864653656
1142 0.808768864653656
1143 0.808768864653656
1144 0.808768864653656
1145 0.808768864653656
1146 0.808768864653656
1147 0.808768864653656
1148 0.808768864653656
1149 0.808768864653656
1150 0.808768864653656
1151 0.808768864653656
1152 0.808768864653656
1153 0.808768864653656
1154 0.808768864653656
1155 0.808768864653656
1156 0.808768864653656
1157 0.808768864653656
1158 0.808768864653656
1159 0.808768864653656
1160 0.808768864653656
1161 0.808768864653656
1162 0.808768864653656
1163 0.808768864653656
1164 0.808768864653656
1165 0.808768864653656
1166 0.808768864653656
1167 0.808768864653656
1168 0.808768864653656
1169 0.808768864653656
1170 0.808768864653656
1171 0.808768864653656
1172 0.808768864653656
1173 0.808768864653656
1174 0.808768864653656
1175 0.808768864653656
1176 0.808768864653656
1177 0.808768864653656
1178 0.808768864653656
1179 0.808768864653656
1180 0.808768864653656
1181 0.808768864653656
1182 0.808768864653656
1183 0.808768864653656
1184 0.808768864653656
1185 0.808768864653656
1186 0.808768864653656
1187 0.808768864653656
1188 0.808768864653656
1189 0.808768864653656
1190 0.808768864653656
1191 0.808768864653656
1192 0.808768864653656
1193 0.808768864653656
1194 0.808768864653656
1195 0.808768864653656
1196 0.808768864653656
1197 0.808768864653656
1198 0.808768864653656
1199 0.808768864653656
1200 0.808768864653656
1201 0.808768864653656
1202 0.808768864653656
1203 0.808768864653656
1204 0.808768864653656
1205 0.808768864653656
1206 0.808768864653656
1207 0.808768864653656
1208 0.808768864653656
1209 0.808768864653656
1210 0.808768864653656
1211 0.808768864653656
1212 0.808768864653656
1213 0.808768864653656
1214 0.808768864653656
1215 0.808768864653656
1216 0.808768864653656
1217 0.808768864653656
1218 0.808768864653656
1219 0.808768864653656
1220 0.808768864653656
1221 0.808768864653656
1222 0.808768864653656
1223 0.808768864653656
1224 0.808768864653656
1225 0.808768864653656
1226 0.808768864653656
1227 0.808768864653656
1228 0.808768864653656
1229 0.808768864653656
1230 0.808768864653656
1231 0.808768864653656
1232 0.808768864653656
1233 0.808768864653656
1234 0.808768864653656
1235 0.808768864653656
1236 0.808768864653656
1237 0.808768864653656
1238 0.808768864653656
1239 0.808768864653656
1240 0.808768864653656
1241 0.808768864653656
1242 0.808768864653656
1243 0.808768864653656
1244 0.808768864653656
1245 0.808768864653656
1246 0.808768864653656
1247 0.808768864653656
1248 0.808768864653656
1249 0.808768864653656
1250 0.808768864653656
1251 0.808768864653656
1252 0.808768864653656
1253 0.808768864653656
1254 0.808768864653656
1255 0.808768864653656
1256 0.808768864653656
1257 0.808768864653656
1258 0.808768864653656
1259 0.808768864653656
1260 0.808768864653656
1261 0.808768864653656
1262 0.808768864653656
1263 0.808768864653656
1264 0.808768864653656
1265 0.808768864653656
1266 0.808768864653656
1267 0.808768864653656
1268 0.808768864653656
1269 0.808768864653656
1270 0.808768864653656
1271 0.808768864653656
1272 0.808768864653656
1273 0.808768864653656
1274 0.808768864653656
1275 0.808768864653656
1276 0.808768864653656
1277 0.808768864653656
1278 0.808768864653656
1279 0.808768864653656
1280 0.808768864653656
1281 0.808768864653656
1282 0.808768864653656
1283 0.808768864653656
1284 0.808768864653656
1285 0.808768864653656
1286 0.808768864653656
1287 0.808768864653656
1288 0.808768864653656
1289 0.808768864653656
1290 0.808768864653656
1291 0.808768864653656
1292 0.808768864653656
1293 0.808768864653656
1294 0.808768864653656
1295 0.808768864653656
1296 0.808768864653656
1297 0.808768864653656
1298 0.808768864653656
1299 0.808768864653656
1300 0.808768864653656
1301 0.808768864653656
1302 0.808768864653656
1303 0.808768864653656
1304 0.808768864653656
1305 0.808768864653656
1306 0.808768864653656
1307 0.808768864653656
1308 0.808768864653656
1309 0.808768864653656
1310 0.808768864653656
1311 0.808768864653656
1312 0.808768864653656
1313 0.808768864653656
1314 0.808768864653656
1315 0.808768864653656
1316 0.808768864653656
1317 0.808768864653656
1318 0.808768864653656
1319 0.808768864653656
1320 0.808768864653656
1321 0.808768864653656
1322 0.808768864653656
1323 0.808768864653656
1324 0.808768864653656
1325 0.808768864653656
1326 0.808768864653656
1327 0.808768864653656
1328 0.808768864653656
1329 0.808768864653656
1330 0.808768864653656
1331 0.808768864653656
1332 0.808768864653656
1333 0.808768864653656
1334 0.808768864653656
1335 0.808768864653656
1336 0.808768864653656
1337 0.808768864653656
1338 0.808768864653656
1339 0.808768864653656
1340 0.808768864653656
1341 0.808768864653656
1342 0.808768864653656
1343 0.808768864653656
1344 0.808768864653656
1345 0.808768864653656
1346 0.808768864653656
1347 0.808768864653656
1348 0.808768864653656
1349 0.808768864653656
1350 0.808768864653656
1351 0.808768864653656
1352 0.808768864653656
1353 0.808768864653656
1354 0.808768864653656
1355 0.808768864653656
1356 0.808768864653656
1357 0.808768864653656
1358 0.808768864653656
1359 0.808768864653656
1360 0.808768864653656
1361 0.808768864653656
1362 0.808768864653656
1363 0.808768864653656
1364 0.808768864653656
1365 0.808768864653656
1366 0.808768864653656
1367 0.808768864653656
1368 0.808768864653656
1369 0.808768864653656
1370 0.808768864653656
1371 0.808768864653656
1372 0.808768864653656
1373 0.808768864653656
1374 0.808768864653656
1375 0.808768864653656
1376 0.808768864653656
1377 0.808768864653656
1378 0.808768864653656
1379 0.808768864653656
1380 0.808768864653656
1381 0.8087688646536957
1382 0.8087688646536957
1383 0.8087688646536957
1384 0.8087688646536957
1385 0.8087688646536957
1386 0.8087688646536957
1387 0.8087688646536957
1388 0.8087688646536957
1389 0.8087688646536957
1390 0.8087688646536957
1391 0.8087688646536957
1392 0.8087688646536957
1393 0.8087688646536957
1394 0.8087688646536957
1395 0.8087688646536957
1396 0.8087688646536957
1397 0.8087688646536957
1398 0.8087688646536957
1399 0.8087688646536957
1400 0.8087688646536957
1401 0.8087688646536957
1402 0.8087688646536957
1403 0.8087688646536957
1404 0.8087688646536957
1405 0.8087688646536957
1406 0.8087688646536957
1407 0.8087688646536957
1408 0.8087688646536957
1409 0.8087688646536957
1410 0.8087688646536957
1411 0.8087688646536957
1412 0.8087688646536957
1413 0.8087688646536957
1414 0.8087688646536957
1415 0.8087688646538308
1416 0.8087688646538308
1417 0.8087688646538308
1418 0.8087688646538308
1419 0.8087688646538308
1420 0.8087688646538308
1421 0.8087688646538308
1422 0.8087688646538308
1423 0.8087688646538308
1424 0.8087688646538308
1425 0.8087688646538308
1426 0.8087688646538308
1427 0.8087688646538308
1428 0.8087688646538308
1429 0.8087688646538308
1430 0.8087688646538308
1431 0.8087688646766588
1432 0.8087688646766588
1433 0.8087688646766588
1434 0.8087688646766588
1435 0.8087688646766588
1436 0.8087688646766588
1437 0.8087688646766588
1438 0.8087688646766588
1439 0.8087688646766588
1440 0.8087688646766588
1441 0.8087688646766588
1442 0.8087688646766588
1443 0.8087688646766588
1444 0.8087688646766588
1445 0.8087688646766588
1446 0.8087688646766588
1447 0.8087688646766588
1448 0.8087688646766588
1449 0.8087688646766588
1450 0.8087688646766588
1451 0.8087688646766588
1452 0.8087688646766588
1453 0.8087688646766588
1454 0.8087688646766588
1455 0.8087688646768301
1456 0.8087688646768301
1457 0.8087688646768301
1458 0.8087688646768301
1459 0.8087688646768301
1460 0.8087688646768301
1461 0.8087688646768301
1462 0.8087688646768301
1463 0.8087688646768301
1464 0.8087688646768301
1465 0.8087688646768301
1466 0.8087688646768301
1467 0.8087688646768301
1468 0.8087688646768301
1469 0.8087688646768301
1470 0.808768864677441
1471 0.808768864677441
1472 0.808768864677441
1473 0.808768864677441
1474 0.808768864677441
1475 0.808768864677441
1476 0.808768864677441
1477 0.808768864677441
1478 0.808768864677441
1479 0.808768864677441
1480 0.808768864677441
1481 0.808768864677441
1482 0.808768864677441
1483 0.808768864677441
1484 0.808768864677441
1485 0.808768864677441
1486 0.808768864677441
1487 0.808768864677441
1488 0.808768864677441
1489 0.808768864677441
1490 0.808768864677441
1491 0.808768864677441
1492 0.808768864677441
1493 0.808768864677441
1494 0.808768864677441
1495 0.808768864677441
1496 0.808768864677441
1497 0.808768864677441
1498 0.808768864677441
1499 0.808768864677441
