0 -0.0008854166666666666
1 0.14700520833333333
2 0.22104166666666666
3 0.17848958333333334
4 0.09708333333333333
5 0.10622395833333333
6 0.12682291666666667
7 0.18442708333333332
8 0.27424479166666665
9 0.30453125
10 0.315625
11 0.32208333333333333
12 0.32296875
13 0.3266145833333333
14 0.3410416666666667
15 0.354140625
16 0.1378125
17 -0.023255208333333333
18 -0.02296875
19 -0.028723958333333334
20 -0.009947916666666667
21 -0.009947916666666667
22 -0.008984375
23 0.010026041666666667
24 0.026692708333333332
25 0.028229166666666666
26 0.029869791666666666
27 0.03145833333333333
28 0.03208333333333333
29 -0.020026041666666668
30 -0.019453125
31 -0.028645833333333332
32 -0.03078125
33 -0.021328125
34 0.007604166666666667
35 0.03661458333333333
36 0.04578125
37 0.046171875
38 0.05528645833333334
39 0.050807291666666664
40 0.05138020833333334
41 0.11723958333333333
42 0.11666666666666667
43 0.11200520833333333
44 0.24669270833333334
45 0.273515625
46 0.31002604166666664
47 0.32190104166666667
48 0.319921875
49 0.31169270833333335
50 0.47890625
51 0.4833854166666667
52 0.48755208333333333
53 0.500390625
54 0.510234375
55 0.5105729166666667
56 0.5115364583333334
57 0.5125520833333334
58 0.514296875
59 0.5156510416666666
60 0.518515625
61 0.523828125
62 0.523828125
63 0.5134895833333334
64 0.5110416666666666
65 0.51078125
66 0.5108854166666666
67 0.5102864583333333
68 0.5122916666666667
69 0.514765625
70 0.514765625
71 0.514765625
72 0.51640625
73 0.51640625
74 0.51640625
75 0.5170052083333333
76 0.517109375
77 0.517109375
78 0.5175260416666667
79 0.51890625
80 0.39307291666666666
81 0.39307291666666666
82 0.3946354166666667
83 0.396328125
84 0.396328125
85 0.3985677083333333
86 0.40033854166666666
87 0.40033854166666666
88 0.40033854166666666
89 0.40033854166666666
90 0.400390625
91 0.40044270833333334
92 0.476640625
93 0.46338541666666666
94 0.39286458333333335
95 0.272578125
96 0.24809895833333334
97 0.2508854166666667
98 0.2518229166666667
99 0.2518229166666667
100 0.2521875
101 0.252734375
102 0.252734375
103 0.253515625
104 0.2534635416666667
105 0.25442708333333336
106 0.2568489583333333
107 0.267109375
108 0.27716145833333333
109 0.28643229166666667
110 0.31463541666666667
111 0.30182291666666666
112 0.30182291666666666
113 0.30182291666666666
114 0.2917708333333333
115 0.2917708333333333
116 0.301953125
117 0.30223958333333334
118 0.30223958333333334
119 0.30223958333333334
120 0.30223958333333334
121 0.30223958333333334
122 0.31307291666666665
123 0.31307291666666665
124 0.3141145833333333
125 0.3142447916666667
126 0.324609375
127 0.324609375
128 0.325078125
129 0.325078125
130 0.32513020833333334
131 0.32513020833333334
132 0.3349739583333333
133 0.33515625
134 0.3251041666666667
135 0.3251041666666667
136 0.3251041666666667
137 0.3251822916666667
138 0.3355208333333333
139 0.3355208333333333
140 0.3355208333333333
141 0.3355208333333333
142 0.3355208333333333
143 0.33567708333333335
144 0.3254166666666667
145 0.3254166666666667
146 0.3258333333333333
147 0.33619791666666665
148 0.33619791666666665
149 0.3363541666666667
150 0.3260416666666667
151 0.3260416666666667
152 0.3260416666666667
153 0.3260416666666667
154 0.3260416666666667
155 0.32614583333333336
156 0.32614583333333336
157 0.32614583333333336
158 0.32614583333333336
159 0.32614583333333336
160 0.32614583333333336
161 0.32614583333333336
162 0.32614583333333336
163 0.32614583333333336
164 0.32622395833333334
165 0.32622395833333334
166 0.32622395833333334
167 0.32622395833333334
168 0.32622395833333334
169 0.32622395833333334
170 0.32622395833333334
171 0.33625
172 0.33625
173 0.32565104166666664
174 0.32565104166666664
175 0.32565104166666664
176 0.32565104166666664
177 0.32565104166666664
178 0.32565104166666664
179 0.32565104166666664
180 0.325703125
181 0.325703125
182 0.325546875
183 0.325703125
184 0.325703125
185 0.325703125
186 0.32533854166666665
187 0.32513020833333334
188 0.32513020833333334
189 0.32513020833333334
190 0.32513020833333334
191 0.32513020833333334
192 0.32513020833333334
193 0.31450520833333334
194 0.314765625
195 0.31502604166666665
196 0.31502604166666665
197 0.31502604166666665
198 0.31502604166666665
199 0.30518229166666666
