0 -99.52056229108928
1 -99.52056229108928
2 2.218959554305431
3 2.218959554305431
4 2.218959554305431
5 2.218959554305431
6 2.218959554305431
7 2.218959554305431
8 2.218959554305431
9 2.218959554305431
10 2.218959554305431
11 2.415626094533394
12 2.415626094533394
13 2.415626094533394
14 2.415626094533394
15 2.415626094533394
16 2.415626094533394
17 2.415626094533394
18 22.14806040891344
19 22.14806040891344
20 22.14806040891344
21 22.14806040891344
22 22.14806040891344
23 22.14806040891344
24 22.14806040891344
25 32.176175002975484
26 32.176175002975484
27 34.3275709706609
28 34.3275709706609
29 51.13645925967681
30 51.13645925967681
31 51.13645925967681
32 55.5770050441493
33 59.8442358082467
34 59.8442358082467
35 59.8442358082467
36 59.8442358082467
37 59.8442358082467
38 59.8442358082467
39 59.8442358082467
40 59.8442358082467
41 59.8442358082467
42 59.8442358082467
43 59.8442358082467
44 95.23304696842305
45 95.23304696842305
46 95.23304696842305
47 114.53876203680393
48 114.53876203680393
49 114.53876203680393
50 114.53876203680393
51 114.53876203680393
52 114.53876203680393
53 114.53876203680393
54 114.53876203680393
55 114.53876203680393
56 114.53876203680393
57 114.53876203680393
58 114.53876203680393
59 114.53876203680393
60 116.79890030951354
61 116.79890030951354
62 116.79890030951354
63 116.79890030951354
64 116.79890030951354
65 116.79890030951354
66 116.79890030951354
67 116.79890030951354
68 116.79890030951354
69 116.79890030951354
70 116.79890030951354
71 116.79890030951354
72 116.79890030951354
73 116.79890030951354
74 135.50992736611843
75 135.50992736611843
76 135.50992736611843
77 135.50992736611843
78 135.50992736611843
79 135.50992736611843
80 135.50992736611843
81 135.50992736611843
82 135.50992736611843
83 135.50992736611843
84 135.50992736611843
85 147.25555980121672
86 147.25555980121672
87 147.25555980121672
88 147.25555980121672
89 147.25555980121672
90 147.25555980121672
91 147.25555980121672
92 147.25555980121672
93 147.25555980121672
94 147.25555980121672
95 147.25555980121672
96 147.25555980121672
97 147.25555980121672
98 147.25555980121672
99 147.25555980121672
100 147.25555980121672
101 147.25555980121672
102 147.25555980121672
103 147.25555980121672
104 147.25555980121672
105 147.25555980121672
106 147.25555980121672
107 155.05086976218112
108 155.05086976218112
109 155.05086976218112
110 155.05086976218112
111 155.05086976218112
112 155.05086976218112
113 155.05086976218112
114 155.05086976218112
115 155.05086976218112
116 155.05086976218112
117 155.05086976218112
118 155.05086976218112
119 155.05086976218112
120 155.05086976218112
121 155.05086976218112
122 155.05086976218112
123 155.05086976218112
124 155.05086976218112
125 155.05086976218112
126 155.05086976218112
127 155.05086976218112
128 155.05086976218112
129 155.05086976218112
130 158.40550885746575
131 158.40550885746575
132 158.40550885746575
133 158.40550885746575
134 158.40550885746575
135 158.40550885746575
136 158.40550885746575
137 158.40550885746575
138 178.03917973738055
139 178.03917973738055
140 178.03917973738055
141 178.03917973738055
142 178.03917973738055
143 178.03917973738055
144 178.03917973738055
145 178.03917973738055
146 178.03917973738055
147 178.03917973738055
148 178.03917973738055
149 178.03917973738055
150 178.03917973738055
151 178.03917973738055
152 178.03917973738055
153 178.03917973738055
154 178.03917973738055
155 178.03917973738055
156 178.03917973738055
157 178.03917973738055
158 178.03917973738055
159 178.03917973738055
160 178.03917973738055
161 178.03917973738055
162 178.03917973738055
163 178.03917973738055
164 178.03917973738055
165 178.03917973738055
166 178.03917973738055
167 178.03917973738055
168 178.03917973738055
169 178.03917973738055
170 178.03917973738055
171 178.03917973738055
172 178.03917973738055
173 178.03917973738055
174 178.03917973738055
175 178.03917973738055
176 178.03917973738055
177 178.03917973738055
178 178.03917973738055
179 178.03917973738055
180 178.03917973738055
181 178.03917973738055
182 178.03917973738055
183 178.03917973738055
184 179.5084411084441
185 179.5084411084441
186 179.5084411084441
187 179.5084411084441
188 179.5084411084441
189 179.5084411084441
190 179.5084411084441
191 179.5084411084441
192 187.96436510110686
193 187.96436510110686
194 187.96436510110686
195 187.96436510110686
196 190.97131670774203
197 190.97131670774203
198 198.21165995858405
199 198.21165995858405
200 198.21165995858405
201 198.21165995858405
202 198.21165995858405
203 198.21165995858405
204 198.21165995858405
205 198.21165995858405
206 198.21165995858405
207 198.21165995858405
208 198.21165995858405
209 198.21165995858405
210 198.21165995858405
211 198.21165995858405
212 198.21165995858405
213 198.21165995858405
214 198.21165995858405
215 198.21165995858405
216 198.21165995858405
217 198.21165995858405
218 198.21165995858405
219 198.21165995858405
220 198.21165995858405
221 198.21165995858405
222 198.21165995858405
223 198.21165995858405
224 198.21165995858405
225 199.28830644071897
226 199.28830644071897
227 199.28830644071897
228 199.28830644071897
229 200.8605095583334
230 200.8605095583334
231 200.8605095583334
232 200.8605095583334
233 200.8605095583334
234 200.8605095583334
235 200.8605095583334
236 200.8605095583334
237 200.8605095583334
238 200.8605095583334
239 200.8605095583334
240 200.8605095583334
241 200.8605095583334
242 200.8605095583334
243 200.8605095583334
244 200.8605095583334
245 200.8605095583334
246 200.8605095583334
247 200.8605095583334
248 200.8605095583334
249 200.8605095583334
250 200.8605095583334
251 200.8605095583334
252 200.8605095583334
253 200.8605095583334
254 200.8605095583334
255 200.8605095583334
256 200.8605095583334
257 200.8605095583334
258 200.8605095583334
259 200.8605095583334
260 200.8605095583334
261 200.8605095583334
262 200.8605095583334
263 200.8605095583334
264 200.8605095583334
265 200.8605095583334
266 200.8605095583334
267 200.8605095583334
268 200.8605095583334
269 200.8605095583334
270 200.8605095583334
271 200.8605095583334
272 200.8605095583334
273 200.8605095583334
274 200.8605095583334
275 200.8605095583334
276 200.8605095583334
277 200.8605095583334
278 200.8605095583334
279 200.8605095583334
280 200.8605095583334
281 200.8605095583334
282 200.8605095583334
283 200.8605095583334
284 200.8605095583334
285 200.8605095583334
286 200.8605095583334
287 200.8605095583334
288 200.8605095583334
289 200.8605095583334
290 200.8605095583334
291 200.8605095583334
292 200.8605095583334
293 200.8605095583334
294 200.8605095583334
295 200.8605095583334
296 200.8605095583334
297 200.8605095583334
298 200.8605095583334
299 200.8605095583334
300 200.8605095583334
301 200.8605095583334
302 200.8605095583334
303 200.8605095583334
304 200.8605095583334
305 200.8605095583334
306 200.8605095583334
307 200.8605095583334
308 200.8605095583334
309 200.8605095583334
310 200.8605095583334
311 200.8605095583334
312 200.8605095583334
313 200.8605095583334
314 200.8605095583334
315 200.8605095583334
316 200.8605095583334
317 200.8605095583334
318 200.8605095583334
319 200.8605095583334
320 200.8605095583334
321 200.8605095583334
322 200.8605095583334
323 200.8605095583334
324 200.8605095583334
325 200.8605095583334
326 200.8605095583334
327 200.8605095583334
328 204.07990020809646
329 204.07990020809646
330 204.07990020809646
331 204.07990020809646
332 204.07990020809646
333 204.07990020809646
334 204.07990020809646
335 204.07990020809646
336 204.07990020809646
337 204.07990020809646
338 204.07990020809646
339 204.07990020809646
340 204.07990020809646
341 204.07990020809646
342 204.07990020809646
343 204.07990020809646
344 204.07990020809646
345 204.07990020809646
346 204.07990020809646
347 204.07990020809646
348 204.07990020809646
349 204.07990020809646
350 204.07990020809646
351 204.18254928810956
352 204.18254928810956
353 204.18254928810956
354 204.18254928810956
355 204.18254928810956
356 204.18254928810956
357 204.18254928810956
358 204.18254928810956
359 204.18254928810956
360 204.18254928810956
361 204.18254928810956
362 204.18254928810956
363 204.18254928810956
364 204.18254928810956
365 204.18254928810956
366 204.18254928810956
367 204.18254928810956
368 204.18254928810956
369 204.18254928810956
370 204.18254928810956
371 204.18254928810956
372 204.18254928810956
373 204.18254928810956
374 204.18254928810956
375 204.18254928810956
376 204.18254928810956
377 204.18254928810956
378 204.18254928810956
379 204.18254928810956
380 204.18254928810956
381 204.18254928810956
382 204.18254928810956
383 204.18254928810956
384 204.18254928810956
385 204.18254928810956
386 204.18254928810956
387 204.18254928810956
388 204.18254928810956
389 204.18254928810956
390 204.18254928810956
391 204.18254928810956
392 204.18254928810956
393 204.18254928810956
394 204.18254928810956
395 204.18254928810956
396 204.18254928810956
397 204.18254928810956
398 204.18254928810956
399 204.18254928810956
400 204.18254928810956
401 204.18254928810956
402 204.18254928810956
403 204.18254928810956
404 204.18254928810956
405 204.18254928810956
406 204.18254928810956
407 204.18254928810956
408 204.18254928810956
409 204.18254928810956
410 204.18254928810956
411 204.18254928810956
412 204.18254928810956
413 204.18254928810956
414 204.18254928810956
415 204.18254928810956
416 204.18254928810956
417 204.18254928810956
418 204.18254928810956
419 204.18254928810956
420 204.18254928810956
421 204.18254928810956
422 204.18254928810956
423 204.18254928810956
424 204.18254928810956
425 204.18254928810956
426 204.18254928810956
427 204.18254928810956
428 204.18254928810956
429 204.18254928810956
430 204.18254928810956
431 204.18254928810956
432 204.18254928810956
433 204.18254928810956
434 204.18254928810956
435 204.18254928810956
436 204.18254928810956
437 204.18254928810956
438 204.18254928810956
439 204.18254928810956
440 204.18254928810956
441 204.18254928810956
442 204.18254928810956
443 204.18254928810956
444 204.18254928810956
445 204.18254928810956
446 204.18254928810956
447 204.18254928810956
448 204.18254928810956
449 204.18254928810956
450 204.18254928810956
451 204.18254928810956
452 204.18254928810956
453 204.18254928810956
454 204.18254928810956
455 204.18254928810956
456 204.18254928810956
457 204.18254928810956
458 204.18254928810956
459 204.18254928810956
460 204.18254928810956
461 204.18254928810956
462 204.18254928810956
463 204.18254928810956
464 204.18254928810956
465 204.18254928810956
466 204.18254928810956
467 204.18254928810956
468 204.18254928810956
469 204.18254928810956
470 204.18254928810956
471 204.18254928810956
472 204.18254928810956
473 204.18254928810956
474 204.18254928810956
475 204.18254928810956
476 204.18254928810956
477 204.18254928810956
478 204.18254928810956
479 204.18254928810956
480 204.18254928810956
481 204.18254928810956
482 204.18254928810956
483 204.18254928810956
484 204.18254928810956
485 204.18254928810956
486 204.18254928810956
487 204.18254928810956
488 204.18254928810956
489 204.18254928810956
490 204.18254928810956
491 204.18254928810956
492 204.18254928810956
493 204.18254928810956
494 204.18254928810956
495 204.18254928810956
496 204.18254928810956
497 204.18254928810956
498 204.18254928810956
499 204.18254928810956
500 204.18254928810956
501 204.18254928810956
502 204.18254928810956
503 204.18254928810956
504 204.18254928810956
505 204.18254928810956
506 204.18254928810956
507 204.18254928810956
508 204.18254928810956
509 204.18254928810956
510 204.18254928810956
511 204.18254928810956
512 204.18254928810956
513 204.18254928810956
514 204.18254928810956
515 204.18254928810956
516 204.18254928810956
517 204.18254928810956
518 204.18254928810956
519 204.18254928810956
520 204.18254928810956
521 204.18254928810956
522 204.18254928810956
523 204.18254928810956
524 204.18254928810956
525 204.18254928810956
526 204.18254928810956
527 204.18254928810956
528 204.18254928810956
529 204.18254928810956
530 204.18254928810956
531 204.18254928810956
532 204.18254928810956
533 204.18254928810956
534 204.18254928810956
535 204.18254928810956
536 204.18254928810956
537 204.18254928810956
538 204.18254928810956
539 204.18254928810956
540 204.18254928810956
541 204.18254928810956
542 204.18254928810956
543 204.18254928810956
544 204.18254928810956
545 204.18254928810956
546 204.18254928810956
547 204.18254928810956
548 204.18254928810956
549 204.18254928810956
550 204.18254928810956
551 204.18254928810956
552 204.18254928810956
553 204.18254928810956
554 204.18254928810956
555 204.18254928810956
556 204.18254928810956
557 204.18254928810956
558 204.48046464332705
559 204.48046464332705
560 204.48046464332705
561 204.48046464332705
562 204.48046464332705
563 204.48046464332705
564 204.48046464332705
565 204.48046464332705
566 204.48046464332705
567 204.48046464332705
568 204.48046464332705
569 204.48046464332705
570 204.48046464332705
571 204.48046464332705
572 204.48046464332705
573 204.48046464332705
574 204.48046464332705
575 204.48046464332705
576 204.48046464332705
577 204.48046464332705
578 204.48046464332705
579 204.48046464332705
580 204.48046464332705
581 204.48046464332705
582 204.48046464332705
583 204.48046464332705
584 204.48046464332705
585 204.48046464332705
586 204.48046464332705
587 204.48046464332705
588 204.48046464332705
589 204.48046464332705
590 204.48046464332705
591 204.48046464332705
592 204.48046464332705
593 204.48046464332705
594 204.48046464332705
595 204.48046464332705
596 204.48046464332705
597 204.48046464332705
598 204.48046464332705
599 204.48046464332705
600 204.48046464332705
601 204.48046464332705
602 204.48046464332705
603 210.2499033079379
604 210.2499033079379
605 210.2499033079379
606 210.2499033079379
607 210.2499033079379
608 210.2499033079379
609 210.2499033079379
610 210.2499033079379
611 210.2499033079379
612 210.2499033079379
613 210.2499033079379
614 210.2499033079379
615 210.2499033079379
616 210.2499033079379
617 210.2499033079379
618 210.2499033079379
619 210.2499033079379
620 210.2499033079379
621 210.2499033079379
622 210.2499033079379
623 210.2499033079379
624 210.2499033079379
625 210.2499033079379
626 210.2499033079379
627 210.2499033079379
628 210.2499033079379
629 210.2499033079379
630 210.4870561362323
631 210.4870561362323
632 210.4870561362323
633 210.4870561362323
634 210.4870561362323
635 210.4870561362323
636 210.4870561362323
637 210.4870561362323
638 210.4870561362323
639 210.4870561362323
640 210.4870561362323
641 210.4870561362323
642 210.4870561362323
643 210.4870561362323
644 210.4870561362323
645 210.4870561362323
646 210.4870561362323
647 210.4870561362323
648 210.4870561362323
649 210.4870561362323
650 210.4870561362323
651 210.4870561362323
652 210.4870561362323
653 210.4870561362323
654 210.4870561362323
655 210.4870561362323
656 210.4870561362323
657 210.4870561362323
658 210.4870561362323
659 210.4870561362323
660 210.4870561362323
661 210.4870561362323
662 210.4870561362323
663 210.4870561362323
664 210.4870561362323
665 210.4870561362323
666 210.4870561362323
667 210.4870561362323
668 210.4870561362323
669 210.4870561362323
670 210.4870561362323
671 210.4870561362323
672 210.4870561362323
673 210.4870561362323
674 210.4870561362323
675 210.4870561362323
676 210.4870561362323
677 210.4870561362323
678 210.4870561362323
679 210.4870561362323
680 210.4870561362323
681 210.4870561362323
682 210.4870561362323
683 210.4870561362323
684 210.4870561362323
685 210.4870561362323
686 210.4870561362323
687 210.4870561362323
688 210.4870561362323
689 210.4870561362323
690 210.4870561362323
691 210.4870561362323
692 210.4870561362323
693 210.4870561362323
694 210.4870561362323
695 210.4870561362323
696 210.4870561362323
697 210.4870561362323
698 210.4870561362323
699 210.4870561362323
700 210.4870561362323
701 210.4870561362323
702 210.4870561362323
703 210.4870561362323
704 210.4870561362323
705 210.4870561362323
706 210.4870561362323
707 210.4870561362323
708 210.4870561362323
709 210.4870561362323
710 210.4870561362323
711 210.4870561362323
712 210.4870561362323
713 210.4870561362323
714 210.4870561362323
715 210.4870561362323
716 210.4870561362323
717 210.4870561362323
718 210.4870561362323
719 210.4870561362323
720 210.4870561362323
721 210.4870561362323
722 210.4870561362323
723 210.4870561362323
724 210.4870561362323
725 210.4870561362323
726 210.4870561362323
727 210.4870561362323
728 210.4870561362323
729 210.4870561362323
730 210.4870561362323
731 210.4870561362323
732 210.4870561362323
733 210.4870561362323
734 210.4870561362323
735 210.4870561362323
736 210.4870561362323
737 210.4870561362323
738 210.4870561362323
739 210.4870561362323
740 210.4870561362323
741 210.4870561362323
742 210.4870561362323
743 210.4870561362323
744 210.4870561362323
745 210.4870561362323
746 210.4870561362323
747 210.4870561362323
748 210.4870561362323
749 210.4870561362323
750 210.4870561362323
751 210.4870561362323
752 210.4870561362323
753 210.4870561362323
754 210.4870561362323
755 210.4870561362323
756 210.4870561362323
757 210.4870561362323
758 210.4870561362323
759 210.4870561362323
760 210.4870561362323
761 210.4870561362323
762 210.4870561362323
763 210.4870561362323
764 210.4870561362323
765 210.4870561362323
766 210.4870561362323
767 210.4870561362323
768 210.4870561362323
769 210.4870561362323
770 210.4870561362323
771 210.4870561362323
772 210.4870561362323
773 210.4870561362323
774 210.4870561362323
775 210.4870561362323
776 210.4870561362323
777 210.4870561362323
778 210.4870561362323
779 210.4870561362323
780 210.4870561362323
781 210.4870561362323
782 210.4870561362323
783 210.4870561362323
784 210.4870561362323
785 210.4870561362323
786 210.4870561362323
787 210.4870561362323
788 210.4870561362323
789 210.4870561362323
790 210.4870561362323
791 210.4870561362323
792 210.4870561362323
793 210.4870561362323
794 210.4870561362323
795 210.4870561362323
796 210.4870561362323
797 210.4870561362323
798 210.4870561362323
799 210.4870561362323
800 210.4870561362323
801 210.4870561362323
802 210.4870561362323
803 210.4870561362323
804 210.4870561362323
805 210.4870561362323
806 210.4870561362323
807 210.4870561362323
808 210.4870561362323
809 210.4870561362323
810 210.4870561362323
811 210.4870561362323
812 210.4870561362323
813 210.4870561362323
814 210.4870561362323
815 210.4870561362323
816 210.4870561362323
817 210.4870561362323
818 210.4870561362323
819 210.4870561362323
820 210.4870561362323
821 210.4870561362323
822 210.4870561362323
823 210.4870561362323
824 210.4870561362323
825 210.4870561362323
826 210.4870561362323
827 210.4870561362323
828 210.4870561362323
829 210.4870561362323
830 210.4870561362323
831 210.4870561362323
832 210.4870561362323
833 210.4870561362323
834 210.4870561362323
835 210.4870561362323
836 210.4870561362323
837 210.4870561362323
838 210.4870561362323
839 210.4870561362323
840 210.4870561362323
841 210.4870561362323
842 210.4870561362323
843 210.4870561362323
844 210.4870561362323
845 210.4870561362323
846 210.4870561362323
847 210.4870561362323
848 210.4870561362323
849 210.4870561362323
850 210.4870561362323
851 210.4870561362323
852 210.4870561362323
853 210.4870561362323
854 210.4870561362323
855 210.4870561362323
856 210.4870561362323
857 210.4870561362323
858 210.4870561362323
859 210.4870561362323
860 210.4870561362323
861 210.4870561362323
862 210.4870561362323
863 210.4870561362323
864 210.4870561362323
865 210.4870561362323
866 210.4870561362323
867 210.4870561362323
868 210.4870561362323
869 210.4870561362323
870 210.4870561362323
871 210.4870561362323
872 210.4870561362323
873 210.4870561362323
874 210.4870561362323
875 210.4870561362323
876 210.4870561362323
877 210.4870561362323
878 210.4870561362323
879 210.4870561362323
880 210.4870561362323
881 210.4870561362323
882 210.4870561362323
883 210.4870561362323
884 210.4870561362323
885 210.4870561362323
886 210.4870561362323
887 210.4870561362323
888 210.4870561362323
889 210.4870561362323
890 210.4870561362323
891 210.4870561362323
892 210.4870561362323
893 210.4870561362323
894 210.4870561362323
895 210.4870561362323
896 210.4870561362323
897 210.4870561362323
898 210.4870561362323
899 210.4870561362323
900 210.4870561362323
901 210.4870561362323
902 210.4870561362323
903 210.4870561362323
904 210.4870561362323
905 210.4870561362323
906 210.4870561362323
907 210.4870561362323
908 210.4870561362323
909 210.4870561362323
910 210.4870561362323
911 210.4870561362323
912 210.4870561362323
913 210.4870561362323
914 210.4870561362323
915 210.4870561362323
916 210.4870561362323
917 210.4870561362323
918 210.4870561362323
919 210.4870561362323
920 210.4870561362323
921 210.4870561362323
922 210.4870561362323
923 210.4870561362323
924 210.4870561362323
925 210.4870561362323
926 210.4870561362323
927 210.4870561362323
928 210.4870561362323
929 210.4870561362323
930 210.4870561362323
931 210.4870561362323
932 210.4870561362323
933 210.4870561362323
934 210.4870561362323
935 210.4870561362323
936 210.4870561362323
937 210.4870561362323
938 210.4870561362323
939 210.4870561362323
940 210.4870561362323
941 210.4870561362323
942 210.4870561362323
943 210.4870561362323
944 210.4870561362323
945 210.4870561362323
946 210.4870561362323
947 210.4870561362323
948 210.4870561362323
949 210.4870561362323
950 210.4870561362323
951 210.4870561362323
952 210.4870561362323
953 210.4870561362323
954 210.4870561362323
955 216.04356897363988
956 216.04356897363988
957 216.04356897363988
958 216.04356897363988
959 216.04356897363988
960 216.04356897363988
961 216.04356897363988
962 216.04356897363988
963 216.04356897363988
964 216.04356897363988
965 216.04356897363988
966 216.04356897363988
967 216.04356897363988
968 216.04356897363988
969 216.04356897363988
970 216.04356897363988
971 216.04356897363988
972 216.04356897363988
973 216.04356897363988
974 216.04356897363988
975 216.04356897363988
976 216.04356897363988
977 216.04356897363988
978 216.04356897363988
979 216.04356897363988
980 216.04356897363988
981 216.04356897363988
982 216.04356897363988
983 216.04356897363988
984 216.04356897363988
985 216.04356897363988
986 216.04356897363988
987 216.04356897363988
988 216.04356897363988
989 216.04356897363988
990 216.04356897363988
991 216.04356897363988
992 216.04356897363988
993 216.04356897363988
994 216.04356897363988
995 216.04356897363988
996 216.04356897363988
997 216.04356897363988
998 216.04356897363988
999 216.04356897363988
1000 216.04356897363988
1001 216.04356897363988
1002 216.04356897363988
1003 216.04356897363988
1004 216.04356897363988
1005 216.04356897363988
1006 216.04356897363988
1007 216.04356897363988
1008 216.04356897363988
1009 216.04356897363988
1010 216.04356897363988
1011 216.04356897363988
1012 216.04356897363988
1013 216.04356897363988
1014 216.04356897363988
1015 216.04356897363988
1016 216.04356897363988
1017 216.04356897363988
1018 216.04356897363988
1019 216.04356897363988
1020 216.04356897363988
1021 216.04356897363988
1022 216.04356897363988
1023 216.04356897363988
1024 216.04356897363988
1025 216.04356897363988
1026 216.04356897363988
1027 216.04356897363988
1028 216.04356897363988
1029 216.04356897363988
1030 216.04356897363988
1031 216.04356897363988
1032 216.04356897363988
1033 216.04356897363988
1034 216.04356897363988
1035 216.04356897363988
1036 216.04356897363988
1037 216.04356897363988
1038 216.04356897363988
1039 216.04356897363988
1040 216.04356897363988
1041 216.04356897363988
1042 216.04356897363988
1043 216.04356897363988
1044 216.04356897363988
1045 216.04356897363988
1046 216.04356897363988
1047 216.04356897363988
1048 216.04356897363988
1049 216.04356897363988
1050 216.04356897363988
1051 216.04356897363988
1052 216.04356897363988
1053 216.04356897363988
1054 216.04356897363988
1055 216.04356897363988
1056 216.04356897363988
1057 216.04356897363988
1058 216.04356897363988
1059 216.04356897363988
1060 216.04356897363988
1061 216.04356897363988
1062 216.04356897363988
1063 216.04356897363988
1064 216.04356897363988
1065 216.04356897363988
1066 216.04356897363988
1067 216.04356897363988
1068 216.04356897363988
1069 216.04356897363988
1070 216.04356897363988
1071 216.04356897363988
1072 216.04356897363988
1073 216.04356897363988
1074 216.04356897363988
1075 216.04356897363988
1076 216.04356897363988
1077 216.04356897363988
1078 216.04356897363988
1079 216.04356897363988
1080 216.04356897363988
1081 216.04356897363988
1082 216.04356897363988
1083 216.04356897363988
1084 216.04356897363988
1085 216.04356897363988
1086 216.04356897363988
1087 216.04356897363988
1088 216.04356897363988
1089 216.04356897363988
1090 216.04356897363988
1091 216.04356897363988
1092 216.04356897363988
1093 216.04356897363988
1094 216.04356897363988
1095 216.04356897363988
1096 216.04356897363988
1097 216.04356897363988
1098 216.04356897363988
1099 216.04356897363988
1100 216.04356897363988
1101 216.04356897363988
1102 216.04356897363988
1103 216.04356897363988
1104 216.04356897363988
1105 216.04356897363988
1106 216.04356897363988
1107 216.04356897363988
1108 216.04356897363988
1109 216.04356897363988
1110 216.04356897363988
1111 216.04356897363988
1112 216.04356897363988
1113 216.04356897363988
1114 216.04356897363988
1115 216.04356897363988
1116 216.04356897363988
1117 216.04356897363988
1118 216.04356897363988
1119 216.04356897363988
1120 216.04356897363988
1121 216.04356897363988
1122 216.04356897363988
1123 216.04356897363988
1124 216.04356897363988
1125 216.04356897363988
1126 216.04356897363988
1127 216.04356897363988
1128 216.04356897363988
1129 216.04356897363988
1130 216.04356897363988
1131 216.04356897363988
1132 216.04356897363988
1133 216.04356897363988
1134 216.04356897363988
1135 216.04356897363988
1136 216.04356897363988
1137 216.04356897363988
1138 216.04356897363988
1139 216.04356897363988
1140 216.04356897363988
1141 216.04356897363988
1142 216.04356897363988
1143 216.04356897363988
1144 216.04356897363988
1145 216.04356897363988
1146 216.04356897363988
1147 216.04356897363988
1148 216.04356897363988
1149 216.04356897363988
1150 216.04356897363988
1151 216.04356897363988
1152 216.04356897363988
1153 216.04356897363988
1154 216.04356897363988
1155 216.04356897363988
1156 216.04356897363988
1157 216.04356897363988
1158 216.04356897363988
1159 216.04356897363988
1160 216.04356897363988
1161 216.04356897363988
1162 216.04356897363988
1163 216.04356897363988
1164 216.04356897363988
1165 216.04356897363988
1166 216.04356897363988
1167 216.04356897363988
1168 216.04356897363988
1169 216.04356897363988
1170 216.04356897363988
1171 216.04356897363988
1172 216.04356897363988
1173 216.04356897363988
1174 216.04356897363988
1175 216.04356897363988
1176 216.04356897363988
1177 216.04356897363988
1178 216.04356897363988
1179 216.04356897363988
1180 216.04356897363988
1181 216.04356897363988
1182 216.04356897363988
1183 216.04356897363988
1184 216.04356897363988
1185 216.04356897363988
1186 216.04356897363988
1187 216.04356897363988
1188 216.04356897363988
1189 216.04356897363988
1190 216.04356897363988
1191 216.04356897363988
1192 216.04356897363988
1193 216.04356897363988
1194 216.04356897363988
1195 216.04356897363988
1196 216.04356897363988
1197 216.04356897363988
1198 216.04356897363988
1199 216.04356897363988
1200 216.04356897363988
1201 216.04356897363988
1202 216.04356897363988
1203 216.04356897363988
1204 216.04356897363988
1205 216.04356897363988
1206 216.04356897363988
1207 216.04356897363988
1208 216.04356897363988
1209 216.04356897363988
1210 216.04356897363988
1211 216.04356897363988
1212 216.04356897363988
1213 216.04356897363988
1214 216.04356897363988
1215 216.04356897363988
1216 216.04356897363988
1217 216.04356897363988
1218 216.04356897363988
1219 216.04356897363988
1220 216.04356897363988
1221 216.04356897363988
1222 216.04356897363988
1223 216.04356897363988
1224 216.04356897363988
1225 216.04356897363988
1226 216.04356897363988
1227 216.04356897363988
1228 216.04356897363988
1229 216.04356897363988
1230 216.04356897363988
1231 216.04356897363988
1232 216.04356897363988
1233 216.04356897363988
1234 216.04356897363988
1235 216.04356897363988
1236 216.04356897363988
1237 216.04356897363988
1238 216.04356897363988
1239 216.04356897363988
1240 216.04356897363988
1241 216.04356897363988
1242 216.04356897363988
1243 216.04356897363988
1244 216.04356897363988
1245 216.04356897363988
1246 216.04356897363988
1247 216.04356897363988
1248 216.04356897363988
1249 216.04356897363988
1250 216.04356897363988
1251 216.04356897363988
1252 216.04356897363988
1253 216.04356897363988
1254 216.04356897363988
1255 216.04356897363988
1256 216.04356897363988
1257 216.04356897363988
1258 216.04356897363988
1259 216.04356897363988
1260 216.04356897363988
1261 216.04356897363988
1262 216.04356897363988
1263 216.04356897363988
1264 216.04356897363988
1265 216.04356897363988
1266 216.04356897363988
1267 216.04356897363988
1268 216.04356897363988
1269 216.04356897363988
1270 216.04356897363988
1271 216.04356897363988
1272 216.04356897363988
1273 216.04356897363988
1274 216.04356897363988
1275 216.04356897363988
1276 216.04356897363988
1277 216.04356897363988
1278 216.04356897363988
1279 216.04356897363988
1280 216.04356897363988
1281 216.04356897363988
1282 216.04356897363988
1283 216.04356897363988
1284 216.04356897363988
1285 216.04356897363988
1286 216.04356897363988
1287 216.04356897363988
1288 216.04356897363988
1289 216.04356897363988
1290 216.04356897363988
1291 216.04356897363988
1292 216.04356897363988
1293 216.04356897363988
1294 216.04356897363988
1295 216.04356897363988
1296 216.04356897363988
1297 216.04356897363988
1298 216.04356897363988
1299 216.04356897363988
1300 216.04356897363988
1301 216.04356897363988
1302 216.04356897363988
1303 216.04356897363988
1304 216.04356897363988
1305 216.04356897363988
1306 216.04356897363988
1307 216.04356897363988
1308 216.04356897363988
1309 216.04356897363988
1310 216.04356897363988
1311 216.04356897363988
1312 216.04356897363988
1313 216.04356897363988
1314 216.04356897363988
1315 216.04356897363988
1316 216.04356897363988
1317 216.04356897363988
1318 216.04356897363988
1319 216.04356897363988
1320 216.04356897363988
1321 216.04356897363988
1322 216.04356897363988
1323 216.04356897363988
1324 216.04356897363988
1325 216.04356897363988
1326 216.04356897363988
1327 216.04356897363988
1328 216.04356897363988
1329 216.04356897363988
1330 216.04356897363988
1331 216.04356897363988
1332 216.04356897363988
1333 216.04356897363988
1334 216.04356897363988
1335 216.04356897363988
1336 216.04356897363988
1337 216.04356897363988
1338 216.04356897363988
1339 216.04356897363988
1340 216.04356897363988
1341 216.04356897363988
1342 216.04356897363988
1343 216.04356897363988
1344 216.04356897363988
1345 216.04356897363988
1346 216.04356897363988
1347 216.04356897363988
1348 216.04356897363988
1349 216.04356897363988
1350 216.04356897363988
1351 216.04356897363988
1352 216.04356897363988
1353 216.04356897363988
1354 216.04356897363988
1355 216.04356897363988
1356 216.04356897363988
1357 216.04356897363988
1358 216.04356897363988
1359 216.04356897363988
1360 216.04356897363988
1361 216.04356897363988
1362 216.04356897363988
1363 216.04356897363988
1364 216.04356897363988
1365 216.04356897363988
1366 216.04356897363988
1367 216.04356897363988
1368 216.04356897363988
1369 216.04356897363988
1370 216.04356897363988
1371 216.04356897363988
1372 216.04356897363988
1373 216.04356897363988
1374 216.04356897363988
1375 216.04356897363988
1376 216.04356897363988
1377 216.04356897363988
1378 216.04356897363988
1379 216.04356897363988
1380 216.04356897363988
1381 216.04356897363988
1382 216.04356897363988
1383 216.04356897363988
1384 216.04356897363988
1385 216.04356897363988
1386 216.04356897363988
1387 216.04356897363988
1388 216.04356897363988
1389 216.04356897363988
1390 216.04356897363988
1391 216.04356897363988
1392 216.04356897363988
1393 216.04356897363988
1394 216.04356897363988
1395 216.04356897363988
1396 216.04356897363988
1397 216.04356897363988
1398 216.04356897363988
1399 216.04356897363988
1400 216.04356897363988
1401 216.04356897363988
1402 216.04356897363988
1403 216.04356897363988
1404 216.04356897363988
1405 216.04356897363988
1406 216.04356897363988
1407 216.04356897363988
1408 216.04356897363988
1409 216.04356897363988
1410 216.04356897363988
1411 216.04356897363988
1412 216.04356897363988
1413 216.04356897363988
1414 216.04356897363988
1415 216.04356897363988
1416 216.04356897363988
1417 216.04356897363988
1418 216.04356897363988
1419 216.04356897363988
1420 216.04356897363988
1421 216.04356897363988
1422 216.04356897363988
1423 216.04356897363988
1424 216.04356897363988
1425 216.04356897363988
1426 216.04356897363988
1427 216.04356897363988
1428 216.04356897363988
1429 216.04356897363988
1430 216.04356897363988
1431 216.04356897363988
1432 216.04356897363988
1433 216.04356897363988
1434 216.04356897363988
1435 216.04356897363988
1436 216.04356897363988
1437 216.04356897363988
1438 216.04356897363988
1439 216.04356897363988
1440 216.04356897363988
1441 216.04356897363988
1442 216.04356897363988
1443 216.04356897363988
1444 216.04356897363988
1445 216.04356897363988
1446 216.04356897363988
1447 216.04356897363988
1448 216.04356897363988
1449 216.04356897363988
1450 216.04356897363988
1451 216.04356897363988
1452 216.04356897363988
1453 216.04356897363988
1454 216.04356897363988
1455 216.04356897363988
1456 216.04356897363988
1457 216.04356897363988
1458 216.04356897363988
1459 216.04356897363988
1460 216.04356897363988
1461 216.04356897363988
1462 216.04356897363988
1463 216.04356897363988
1464 216.04356897363988
1465 216.04356897363988
1466 216.04356897363988
1467 216.04356897363988
1468 216.04356897363988
1469 216.04356897363988
1470 216.04356897363988
1471 216.04356897363988
1472 216.04356897363988
1473 216.04356897363988
1474 216.04356897363988
1475 216.04356897363988
1476 216.04356897363988
1477 216.04356897363988
1478 216.04356897363988
1479 216.04356897363988
1480 216.04356897363988
1481 216.04356897363988
1482 216.04356897363988
1483 216.04356897363988
1484 216.04356897363988
1485 216.04356897363988
1486 216.04356897363988
1487 216.04356897363988
1488 216.04356897363988
1489 216.04356897363988
1490 216.04356897363988
1491 216.04356897363988
1492 216.04356897363988
1493 216.04356897363988
1494 216.04356897363988
1495 216.04356897363988
1496 216.04356897363988
1497 216.04356897363988
1498 216.04356897363988
1499 216.04356897363988
1500 216.04356897363988
1501 216.04356897363988
1502 216.04356897363988
1503 216.04356897363988
1504 216.04356897363988
1505 216.04356897363988
1506 216.04356897363988
1507 216.04356897363988
1508 216.04356897363988
1509 216.04356897363988
1510 216.04356897363988
1511 216.04356897363988
1512 216.04356897363988
1513 216.04356897363988
1514 216.04356897363988
1515 216.04356897363988
1516 216.04356897363988
1517 216.04356897363988
1518 216.04356897363988
1519 216.04356897363988
1520 216.04356897363988
1521 216.04356897363988
1522 216.04356897363988
1523 216.04356897363988
1524 216.04356897363988
1525 216.04356897363988
1526 216.04356897363988
1527 216.04356897363988
1528 216.04356897363988
1529 216.04356897363988
1530 216.04356897363988
1531 216.04356897363988
1532 216.04356897363988
1533 216.04356897363988
1534 216.04356897363988
1535 216.04356897363988
1536 216.04356897363988
1537 216.04356897363988
1538 216.04356897363988
1539 216.04356897363988
1540 216.04356897363988
1541 216.04356897363988
1542 216.04356897363988
1543 216.04356897363988
1544 216.04356897363988
1545 216.04356897363988
1546 216.04356897363988
1547 216.04356897363988
1548 216.04356897363988
1549 216.04356897363988
1550 216.04356897363988
1551 216.04356897363988
1552 216.04356897363988
1553 216.04356897363988
1554 216.04356897363988
1555 216.04356897363988
1556 216.04356897363988
1557 216.04356897363988
1558 216.04356897363988
1559 216.04356897363988
1560 216.04356897363988
1561 216.04356897363988
1562 216.04356897363988
1563 216.04356897363988
1564 216.04356897363988
1565 216.04356897363988
1566 216.04356897363988
1567 216.04356897363988
1568 216.04356897363988
1569 216.04356897363988
1570 216.04356897363988
1571 216.04356897363988
1572 216.04356897363988
1573 216.04356897363988
1574 216.04356897363988
1575 216.04356897363988
1576 216.04356897363988
1577 216.04356897363988
1578 216.04356897363988
1579 216.04356897363988
1580 216.04356897363988
1581 216.04356897363988
1582 216.04356897363988
1583 216.04356897363988
1584 216.04356897363988
1585 216.04356897363988
1586 216.04356897363988
1587 216.04356897363988
1588 216.04356897363988
1589 216.04356897363988
1590 216.04356897363988
1591 216.04356897363988
1592 216.04356897363988
1593 216.04356897363988
1594 216.04356897363988
1595 216.04356897363988
1596 216.04356897363988
1597 216.04356897363988
1598 216.04356897363988
1599 216.04356897363988
1600 216.04356897363988
1601 216.04356897363988
1602 216.04356897363988
1603 216.04356897363988
1604 216.04356897363988
1605 216.04356897363988
1606 216.04356897363988
1607 216.04356897363988
1608 216.04356897363988
1609 216.04356897363988
1610 216.04356897363988
1611 216.04356897363988
1612 216.04356897363988
1613 216.04356897363988
1614 216.04356897363988
1615 216.04356897363988
1616 216.04356897363988
1617 216.04356897363988
1618 216.04356897363988
1619 216.04356897363988
1620 216.04356897363988
1621 216.04356897363988
1622 216.04356897363988
1623 216.04356897363988
1624 216.04356897363988
1625 216.04356897363988
1626 216.04356897363988
1627 216.04356897363988
1628 216.04356897363988
1629 216.04356897363988
1630 216.04356897363988
1631 216.04356897363988
1632 216.04356897363988
1633 216.04356897363988
1634 216.04356897363988
1635 216.04356897363988
1636 216.04356897363988
1637 216.04356897363988
1638 216.04356897363988
1639 216.04356897363988
1640 216.04356897363988
1641 216.04356897363988
1642 216.04356897363988
1643 216.04356897363988
1644 216.04356897363988
1645 216.04356897363988
1646 216.04356897363988
1647 216.04356897363988
1648 216.04356897363988
1649 216.04356897363988
1650 216.04356897363988
1651 216.04356897363988
1652 216.04356897363988
1653 216.04356897363988
1654 216.04356897363988
1655 216.04356897363988
1656 216.04356897363988
1657 216.04356897363988
1658 216.04356897363988
1659 216.04356897363988
1660 216.04356897363988
1661 216.04356897363988
1662 216.04356897363988
1663 216.04356897363988
1664 216.04356897363988
1665 216.04356897363988
1666 216.04356897363988
1667 216.04356897363988
1668 216.04356897363988
1669 216.04356897363988
1670 216.04356897363988
1671 216.04356897363988
1672 216.04356897363988
1673 216.04356897363988
1674 216.04356897363988
1675 216.04356897363988
1676 216.04356897363988
1677 216.04356897363988
1678 216.04356897363988
1679 216.04356897363988
1680 216.04356897363988
1681 216.04356897363988
1682 216.04356897363988
1683 216.04356897363988
1684 216.04356897363988
1685 216.04356897363988
1686 216.04356897363988
1687 216.04356897363988
1688 216.04356897363988
1689 216.04356897363988
1690 216.04356897363988
1691 216.04356897363988
1692 216.04356897363988
1693 216.04356897363988
1694 216.04356897363988
1695 216.04356897363988
1696 216.04356897363988
1697 216.04356897363988
1698 216.04356897363988
1699 216.04356897363988
1700 216.04356897363988
1701 216.04356897363988
1702 216.04356897363988
1703 216.04356897363988
1704 216.04356897363988
1705 216.04356897363988
1706 216.04356897363988
1707 216.04356897363988
1708 216.04356897363988
1709 216.04356897363988
1710 216.04356897363988
1711 216.04356897363988
1712 216.04356897363988
1713 216.04356897363988
1714 216.04356897363988
1715 216.04356897363988
1716 216.04356897363988
1717 216.04356897363988
1718 216.04356897363988
1719 216.04356897363988
1720 216.04356897363988
1721 216.04356897363988
1722 216.04356897363988
1723 216.04356897363988
1724 216.04356897363988
1725 216.04356897363988
1726 216.04356897363988
1727 216.04356897363988
1728 216.04356897363988
1729 216.04356897363988
1730 216.04356897363988
1731 216.04356897363988
1732 216.04356897363988
1733 216.04356897363988
1734 216.04356897363988
1735 216.04356897363988
1736 216.04356897363988
1737 216.04356897363988
1738 216.04356897363988
1739 216.04356897363988
1740 216.04356897363988
1741 216.04356897363988
1742 216.04356897363988
1743 216.04356897363988
1744 216.04356897363988
1745 216.04356897363988
1746 216.04356897363988
1747 216.04356897363988
1748 216.04356897363988
1749 216.04356897363988
1750 216.04356897363988
1751 216.04356897363988
1752 216.04356897363988
1753 216.04356897363988
1754 216.04356897363988
1755 216.04356897363988
1756 216.04356897363988
1757 216.04356897363988
1758 216.04356897363988
1759 216.04356897363988
1760 216.04356897363988
1761 216.04356897363988
1762 216.04356897363988
1763 216.04356897363988
1764 216.04356897363988
1765 216.04356897363988
1766 216.04356897363988
1767 216.04356897363988
1768 216.04356897363988
1769 216.04356897363988
1770 216.04356897363988
1771 216.04356897363988
1772 216.04356897363988
1773 216.04356897363988
1774 216.04356897363988
1775 216.04356897363988
1776 216.04356897363988
1777 216.04356897363988
1778 216.04356897363988
1779 216.04356897363988
1780 216.04356897363988
1781 216.04356897363988
1782 216.04356897363988
1783 216.04356897363988
1784 216.04356897363988
1785 216.04356897363988
1786 216.04356897363988
1787 216.04356897363988
1788 216.04356897363988
1789 216.04356897363988
1790 216.04356897363988
1791 216.04356897363988
1792 216.04356897363988
1793 216.04356897363988
1794 216.04356897363988
1795 216.04356897363988
1796 216.04356897363988
1797 216.04356897363988
1798 216.04356897363988
1799 216.04356897363988
1800 216.04356897363988
1801 216.04356897363988
1802 216.04356897363988
1803 216.04356897363988
1804 216.04356897363988
1805 216.04356897363988
1806 216.04356897363988
1807 216.04356897363988
1808 216.04356897363988
1809 216.04356897363988
1810 216.04356897363988
1811 216.04356897363988
1812 216.04356897363988
1813 216.04356897363988
1814 216.04356897363988
1815 216.04356897363988
1816 216.04356897363988
1817 216.04356897363988
1818 216.04356897363988
1819 216.04356897363988
1820 216.04356897363988
1821 216.04356897363988
1822 216.04356897363988
1823 216.04356897363988
1824 216.04356897363988
1825 216.04356897363988
1826 216.04356897363988
1827 216.04356897363988
1828 216.04356897363988
1829 216.04356897363988
1830 216.04356897363988
1831 216.04356897363988
1832 216.04356897363988
1833 216.04356897363988
1834 216.04356897363988
1835 216.04356897363988
1836 216.04356897363988
1837 216.04356897363988
1838 216.04356897363988
1839 216.04356897363988
1840 216.04356897363988
1841 216.04356897363988
1842 216.04356897363988
1843 216.04356897363988
1844 216.04356897363988
1845 216.04356897363988
1846 216.04356897363988
1847 216.04356897363988
1848 216.04356897363988
1849 216.04356897363988
1850 216.04356897363988
1851 216.04356897363988
1852 216.04356897363988
1853 216.04356897363988
1854 216.04356897363988
1855 216.04356897363988
1856 216.04356897363988
1857 216.04356897363988
1858 216.04356897363988
1859 216.04356897363988
1860 216.04356897363988
1861 216.04356897363988
1862 216.04356897363988
1863 216.04356897363988
1864 216.04356897363988
1865 216.04356897363988
1866 216.04356897363988
1867 216.04356897363988
1868 216.04356897363988
1869 216.04356897363988
1870 216.04356897363988
1871 216.04356897363988
1872 216.04356897363988
1873 216.04356897363988
1874 216.04356897363988
1875 216.04356897363988
1876 216.04356897363988
1877 216.04356897363988
1878 216.04356897363988
1879 216.04356897363988
1880 216.04356897363988
1881 216.04356897363988
1882 216.04356897363988
1883 216.04356897363988
1884 216.04356897363988
1885 216.04356897363988
1886 216.04356897363988
1887 216.04356897363988
1888 216.04356897363988
1889 216.04356897363988
1890 216.04356897363988
1891 216.04356897363988
1892 216.04356897363988
1893 216.04356897363988
1894 216.04356897363988
1895 216.04356897363988
1896 216.04356897363988
1897 216.04356897363988
1898 216.04356897363988
1899 216.04356897363988
1900 216.04356897363988
1901 216.04356897363988
1902 216.04356897363988
1903 216.04356897363988
1904 216.04356897363988
1905 216.04356897363988
1906 216.04356897363988
1907 216.04356897363988
1908 216.04356897363988
1909 216.04356897363988
1910 216.04356897363988
1911 216.04356897363988
1912 216.04356897363988
1913 216.04356897363988
1914 216.04356897363988
1915 216.04356897363988
1916 216.04356897363988
1917 216.04356897363988
1918 216.04356897363988
1919 216.04356897363988
1920 216.04356897363988
1921 216.04356897363988
1922 216.04356897363988
1923 216.04356897363988
1924 216.04356897363988
1925 216.04356897363988
1926 216.04356897363988
1927 216.04356897363988
1928 216.04356897363988
1929 216.04356897363988
1930 216.04356897363988
1931 216.04356897363988
1932 216.04356897363988
1933 216.04356897363988
1934 216.04356897363988
1935 216.04356897363988
1936 216.04356897363988
1937 216.04356897363988
1938 216.04356897363988
1939 216.04356897363988
1940 216.04356897363988
1941 216.04356897363988
1942 216.04356897363988
1943 216.04356897363988
1944 216.04356897363988
1945 216.04356897363988
1946 216.04356897363988
1947 216.04356897363988
1948 216.04356897363988
1949 216.04356897363988
1950 216.04356897363988
1951 216.04356897363988
1952 216.04356897363988
1953 216.04356897363988
1954 216.04356897363988
1955 216.04356897363988
1956 216.04356897363988
1957 216.04356897363988
1958 216.04356897363988
1959 216.04356897363988
1960 216.04356897363988
1961 216.04356897363988
1962 216.04356897363988
1963 216.04356897363988
1964 216.04356897363988
1965 216.04356897363988
1966 216.04356897363988
1967 216.04356897363988
1968 216.04356897363988
1969 216.04356897363988
1970 216.04356897363988
1971 216.04356897363988
1972 216.04356897363988
1973 216.04356897363988
1974 216.04356897363988
1975 216.04356897363988
1976 216.04356897363988
1977 216.04356897363988
1978 216.04356897363988
1979 216.04356897363988
1980 216.04356897363988
1981 216.04356897363988
1982 216.04356897363988
1983 216.04356897363988
1984 216.04356897363988
1985 216.04356897363988
1986 216.04356897363988
1987 216.04356897363988
1988 216.04356897363988
1989 216.04356897363988
1990 216.04356897363988
1991 216.04356897363988
1992 216.04356897363988
1993 216.04356897363988
1994 216.04356897363988
1995 216.04356897363988
1996 216.04356897363988
1997 216.04356897363988
1998 216.04356897363988
1999 216.04356897363988
