0 0.4478294450886364
1 0.557703171039944
2 0.557703171039944
3 0.6555813590052592
4 0.6813125962645685
5 0.6813125962645685
6 0.6813125962645685
7 0.6813125962645685
8 0.6813125962645685
9 0.6813125962645685
10 0.6813125962645685
11 0.6813125962645685
12 0.6813125962645685
13 0.6813125962645685
14 0.6813125962645685
15 0.6813125962645685
16 0.6813125962645685
17 0.6813125962645685
18 0.6829218833150734
19 0.6829218833150734
20 0.6829218833150734
21 0.6829218833150734
22 0.6829218833150734
23 0.6829218833150734
24 0.6829218833150734
25 0.6829218833150734
26 0.6829218833150734
27 0.6829218833150734
28 0.6885592402937243
29 0.6885592402937243
30 0.6893117383405801
31 0.6893117383405801
32 0.6893117383405801
33 0.6914886689634119
34 0.6914886689634119
35 0.6914886689634119
36 0.6914886689634119
37 0.6914886689634119
38 0.6914886689634119
39 0.6914886689634119
40 0.6914886689634119
41 0.6914886689634119
42 0.6914886689634119
43 0.6914886689634119
44 0.6914886689634119
45 0.6914886689634119
46 0.6914886689634119
47 0.6914886689634119
48 0.6914886689634119
49 0.6914886689634119
50 0.6914886689634119
51 0.6914886689634119
52 0.6914886689634119
53 0.6914886689634119
54 0.6914886689634119
55 0.6914886689634119
56 0.6914886689634119
57 0.6914886689634119
58 0.6914886689634119
59 0.6914886689634119
60 0.6914886689634119
61 0.6914886689634119
62 0.6914886689634119
63 0.6914886689634119
64 0.6914886689634119
65 0.6914886689634119
66 0.6914886689634119
67 0.6914886689634119
68 0.6914886689634119
69 0.6914886689634119
70 0.6914886689634119
71 0.6914886689634119
72 0.6914886689634119
73 0.6914886689634119
74 0.6914886689634119
75 0.6914886689634119
76 0.6914886689634119
77 0.6914886689634119
78 0.6914886689634119
79 0.6914886689634119
80 0.6914886689634119
81 0.6914886689634119
82 0.6914886689634119
83 0.6914886689634119
84 0.6914886689634119
85 0.6914886689634119
86 0.6914886689634119
87 0.6914886689634119
88 0.6914886689634119
89 0.6914886689634119
90 0.6914886689634119
91 0.6914886689634119
92 0.6914886689634119
93 0.6914886689634119
94 0.6914886689634119
95 0.6914886689634119
96 0.6914886689634119
97 0.6914886689634119
98 0.6914886689634119
99 0.6914886689634119
100 0.6914886689634119
101 0.6914886689634119
102 0.6914886689634119
103 0.6914886689634119
104 0.6914886689634119
105 0.6914886689634119
106 0.6914886689634119
107 0.6914886689634119
108 0.6914886689634119
109 0.6914886689634119
110 0.6914886689634119
111 0.6914886689634119
112 0.6914886689634119
113 0.6914886689634119
114 0.6914886689634119
115 0.6914886689634119
116 0.6914886689634119
117 0.6914886689634119
118 0.6914886689634119
119 0.6914886689634119
120 0.6914886689634119
121 0.6914886689634119
122 0.6914886689634119
123 0.6914886689634119
124 0.6914886689634119
125 0.6914886689634119
126 0.6914886689634119
127 0.6914886689634119
128 0.6914886689634119
129 0.6914886689634119
130 0.6914886689634119
131 0.6914886689634119
132 0.6914886689634119
133 0.6914886689634119
134 0.6914886689634119
135 0.6914886689634119
136 0.6914886689634119
137 0.6914886689634119
138 0.6914886689634119
139 0.6914886689634119
140 0.6914886689634119
141 0.6914886689634119
142 0.6914886689634119
143 0.6914886689634119
144 0.6914886689634119
145 0.6914886689634119
146 0.6914886689634119
147 0.6914886689634119
148 0.6914886689634119
149 0.6914886689634119
150 0.6914886689634119
151 0.6914886689634119
152 0.6914886689634119
153 0.6914886689634119
154 0.6914886689634119
155 0.6914886689634119
156 0.6914886689634119
157 0.6914886689634119
158 0.6914886689634119
159 0.6914886689634119
160 0.6914886689634119
161 0.6914886689634119
162 0.6914886689634119
163 0.6914886689634119
164 0.6914886689634119
165 0.6914886689634119
166 0.6914886689634119
167 0.6914886689634119
168 0.6914886689634119
169 0.6914886689634119
170 0.6914886689634119
171 0.6914886689634119
172 0.6914886689634119
173 0.6914886689634119
174 0.6914886689634119
175 0.6914886689634119
176 0.6914886689634119
177 0.6914886689634119
178 0.6914886689634119
179 0.6914886689634119
180 0.6914886689634119
181 0.6914886689634119
182 0.6914886689634119
183 0.6914886689634119
184 0.6914886689634119
185 0.6914886689634119
186 0.6914886689634119
187 0.6914886689634119
188 0.6914886689634119
189 0.6914886689634119
190 0.6914886689634119
191 0.6914886689634119
192 0.6914886689634119
193 0.6914886689634119
194 0.6914886689634119
195 0.6914886689634119
196 0.6914886689634119
197 0.6914886689634119
198 0.6914886689634119
199 0.6914886689634119
200 0.6914886689634119
201 0.6914886689634119
202 0.6914886689634119
203 0.6914886689634119
204 0.6914886689634119
205 0.6914886689634119
206 0.6914886689634119
207 0.6923016722554948
208 0.6923016722554948
209 0.6923016722554948
210 0.6923016722554948
211 0.6923016722554948
212 0.6923016722554948
213 0.6923016722554948
214 0.6923016722554948
215 0.6923016722554948
216 0.6923016722554948
217 0.6923016722554948
218 0.6923016722554948
219 0.6925238551005027
220 0.6925238551005027
221 0.6925238551005027
222 0.6925238551005027
223 0.6925238551005027
224 0.6925238551005027
225 0.6925238551005027
226 0.6925238551005027
227 0.6925238551005027
228 0.6925238551005027
229 0.6925238551005027
230 0.6925238551005027
231 0.6925238551005027
232 0.6925238551005027
233 0.6925238551005027
234 0.6925238551005027
235 0.6925238551005027
236 0.6925238551005027
237 0.6925238551005027
238 0.6925238551005027
239 0.6925238551005027
240 0.6925238551005027
241 0.6925238551005027
242 0.6925238551005027
243 0.6925238551005027
244 0.6925238551005027
245 0.6925238551005027
246 0.6925238551005027
247 0.6925238551005027
248 0.6925238551005027
249 0.6925238551005027
250 0.6925238551005027
251 0.6925238551005027
252 0.6925238551005027
253 0.6925238551005027
254 0.6925238551005027
255 0.6925238551005027
256 0.6925238551005027
257 0.6925238551005027
258 0.6925238551005027
259 0.6925238551005027
260 0.6925238551005027
261 0.6925238551005027
262 0.6925238551005027
263 0.6925238551005027
264 0.6925238551005027
265 0.6925238551005027
266 0.6925238551005027
267 0.6925238551005027
268 0.6925238551005027
269 0.6925238551005027
270 0.6925238551005027
271 0.6925238551005027
272 0.6925238551005027
273 0.6925238551005027
274 0.6925238551005027
275 0.6925238551005027
276 0.6925238551005027
277 0.6925238551005027
278 0.6925238551005027
279 0.6925238551005027
280 0.6925238551005027
281 0.6925238551005027
282 0.6925238551005027
283 0.6925238551005027
284 0.6925238551005027
285 0.6925238551005027
286 0.6925238551005027
287 0.6925238551005027
288 0.6925238551005027
289 0.6925238551005027
290 0.6925238551005027
291 0.6925238551005027
292 0.6925238551005027
293 0.6925238551005027
294 0.6925238551005027
295 0.6925238551005027
296 0.6925238551005027
297 0.6925238551005027
298 0.6925238551005027
299 0.6925238551005027
300 0.6925238551005027
301 0.6925238551005027
302 0.6925238551005027
303 0.6925238551005027
304 0.6925238551005027
305 0.6925238551005027
306 0.6925238551005027
307 0.6925238551005027
308 0.6925238551005027
309 0.6925238551005027
310 0.6925238551005027
311 0.6925238551005027
312 0.6925238551005027
313 0.6925238551005027
314 0.6925238551005027
315 0.6925238551005027
316 0.6925238551005027
317 0.6925238551005027
318 0.6925238551005027
319 0.6925238551005027
320 0.6925238551005027
321 0.6925238551005027
322 0.6925238551005027
323 0.6930767460942148
324 0.6930767460942148
325 0.6930767460942148
326 0.6930767460942148
327 0.6930767460942148
328 0.6930767460942148
329 0.6930767460942148
330 0.6930767460942148
331 0.6930767460942148
332 0.6930767460942148
333 0.6930767460942148
334 0.6930767460942148
335 0.6930767460942148
336 0.6930767460942148
337 0.6930767460942148
338 0.6930767460942148
339 0.6930767460942148
340 0.6930767460942148
341 0.6930767460942148
342 0.6930767460942148
343 0.6930767460942148
344 0.6930767460942148
345 0.6930767460942148
346 0.6930767460942148
347 0.6930767460942148
348 0.6930767460942148
349 0.6930767460942148
350 0.6930767460942148
351 0.6930767460942148
352 0.6930767460942148
353 0.6930767460942148
354 0.6930767460942148
355 0.6930767460942148
356 0.6930767460942148
357 0.6930767460942148
358 0.6930767460942148
359 0.6930767460942148
360 0.6930767460942148
361 0.6930767460942148
362 0.6930767460942148
363 0.6930767460942148
364 0.6930767460942148
365 0.6930767460942148
366 0.6930767460942148
367 0.6930767460942148
368 0.6930767460942148
369 0.6930767460942148
370 0.6930767460942148
371 0.6930767460942148
372 0.6930767460942148
373 0.6930767460942148
374 0.6930767460942148
375 0.6930767460942148
376 0.6930767460942148
377 0.6930767460942148
378 0.6930767460942148
379 0.6930767460942148
380 0.6930767460942148
381 0.6930767460942148
382 0.6930767460942148
383 0.6930767460942148
384 0.6930767460942148
385 0.6930767460942148
386 0.6930767460942148
387 0.6930767460942148
388 0.6930767460942148
389 0.6930767460942148
390 0.6930767460942148
391 0.6930767460942148
392 0.6930767460942148
393 0.6930767460942148
394 0.6930767460942148
395 0.6930767460942148
396 0.6930767460942148
397 0.6930767460942148
398 0.6930767460942148
399 0.6930767460942148
400 0.6930767460942148
401 0.6930767460942148
402 0.6930767460942148
403 0.6930767460942148
404 0.6930767460942148
405 0.6930767460942148
406 0.6930767460942148
407 0.6930767460942148
408 0.6930767460942148
409 0.6930767460942148
410 0.6930767460942148
411 0.6930767460942148
412 0.6930767460942148
413 0.6930767460942148
414 0.6930767460942148
415 0.6930767460942148
416 0.6930767460942148
417 0.6930767460942148
418 0.6930767460942148
419 0.6930767460942148
420 0.6930767460942148
421 0.6930767460942148
422 0.6930767460942148
423 0.6930767460942148
424 0.6930767460942148
425 0.6939211811195899
426 0.6939211811195899
427 0.6939211811195899
428 0.6939211811195899
429 0.6939211811195899
430 0.6939211811195899
431 0.6939211811195899
432 0.6939211811195899
433 0.6939211811195899
434 0.6939211811195899
435 0.6939211811195899
436 0.6939211811195899
437 0.6939211811195899
438 0.6939211811195899
439 0.6939211811195899
440 0.6939211811195899
441 0.6939211811195899
442 0.6939211811195899
443 0.6939211811195899
444 0.6939211811195899
445 0.6939211811195899
446 0.6939211811195899
447 0.6939211811195899
448 0.6939211811195899
449 0.6939211811195899
450 0.6939211811195899
451 0.6939211811195899
452 0.6939211811195899
453 0.6939211811195899
454 0.6939211811195899
455 0.6939211811195899
456 0.6939211811195899
457 0.6939211811195899
458 0.6939211811195899
459 0.6939211811195899
460 0.6939211811195899
461 0.6939211811195899
462 0.6939211811195899
463 0.6939211811195899
464 0.6939211811195899
465 0.6939211811195899
466 0.6939211811195899
467 0.6939211811195899
468 0.6939211811195899
469 0.6939211811195899
470 0.6939211811195899
471 0.6939211811195899
472 0.6939211811195899
473 0.6939211811195899
474 0.6939393457997888
475 0.6939393457997888
476 0.6939393457997888
477 0.6939393457997888
478 0.6939393457997888
479 0.6939393457997888
480 0.6939393457997888
481 0.6939393457997888
482 0.6939393457997888
483 0.6939393457997888
484 0.6939393457997888
485 0.6939393457997888
486 0.6939393457997888
487 0.6939393457997888
488 0.6939393457997888
489 0.6939393457997888
490 0.6939393457997888
491 0.6939393457997888
492 0.6939393457997888
493 0.6939393457997888
494 0.6939393457997888
495 0.6939393457997888
496 0.6939393457997888
497 0.6939393457997888
498 0.6939393457997888
499 0.6939393457997888
500 0.6939393457997888
501 0.6939393457997888
502 0.6939393457997888
503 0.6939393457997888
504 0.6939393457997888
505 0.6939393457997888
506 0.6939393457997888
507 0.6939393457997888
508 0.6939393457997888
509 0.6939393457997888
510 0.6939393457997888
511 0.6939393457997888
512 0.6939393457997888
513 0.6939393457997888
514 0.6939393457997888
515 0.6939393457997888
516 0.6939393457997888
517 0.6939393457997888
518 0.6939393457997888
519 0.6939393457997888
520 0.6939393457997888
521 0.6939393457997888
522 0.6939393457997888
523 0.6939393457997888
524 0.6939393457997888
525 0.6939393457997888
526 0.6939393457997888
527 0.6939393457997888
528 0.6939393457997888
529 0.6939393457997888
530 0.6939393457997888
531 0.6939393457997888
532 0.6939393457997888
533 0.6939393457997888
534 0.6939393457997888
535 0.6939393457997888
536 0.6939393457997888
537 0.6939393457997888
538 0.6939393457997888
539 0.6939393457997888
540 0.6939393457997888
541 0.6939393457997888
542 0.6939393457997888
543 0.6939393457997888
544 0.6939393457997888
545 0.6939393457997888
546 0.6939393457997888
547 0.6939393457997888
548 0.6939393457997888
549 0.6939393457997888
550 0.6939393457997888
551 0.6939393457997888
552 0.6939393457997888
553 0.6939393457997888
554 0.6939393457997888
555 0.6939393457997888
556 0.6939393457997888
557 0.6939393457997888
558 0.6939393457997888
559 0.6939393457997888
560 0.6939393457997888
561 0.6939393457997888
562 0.6939393457997888
563 0.6939393457997888
564 0.6939393457997888
565 0.6939393457997888
566 0.6939393457997888
567 0.6939393457997888
568 0.6939393457997888
569 0.6939393457997888
570 0.6939393457997888
571 0.6939393457997888
572 0.6939393457997888
573 0.6939393457997888
574 0.6939393457997888
575 0.6939393457997888
576 0.6939393457997888
577 0.6939393457997888
578 0.6939393457997888
579 0.6939393457997888
580 0.6939393457997888
581 0.6939393457997888
582 0.6939393457997888
583 0.6939393457997888
584 0.6939393457997888
585 0.6939393457997888
586 0.6939393457997888
587 0.6939393457997888
588 0.6939393457997888
589 0.6939393457997888
590 0.6939393457997888
591 0.6939393457997888
592 0.6939393457997888
593 0.6939393457997888
594 0.6939393457997888
595 0.6939393457997888
596 0.6939393457997888
597 0.6939393457997888
598 0.6939393457997888
599 0.6939393457997888
600 0.6939393457997888
601 0.6939393457997888
602 0.6939393457997888
603 0.6939393457997888
604 0.6939393457997888
605 0.6939393457997888
606 0.6939393457997888
607 0.6939393457997888
608 0.6939393457997888
609 0.6939393457997888
610 0.6939393457997888
611 0.6939393457997888
612 0.6939393457997888
613 0.6939393457997888
614 0.6939393457997888
615 0.6939393457997888
616 0.6939393457997888
617 0.6939393457997888
618 0.6939393457997888
619 0.6939393457997888
620 0.6939393457997888
621 0.6939393457997888
622 0.6939393457997888
623 0.6939393457997888
624 0.6939393457997888
625 0.6939393457997888
626 0.6939393457997888
627 0.6939393457997888
628 0.6939393457997888
629 0.6939393457997888
630 0.6939393457997888
631 0.6939393457997888
632 0.6939393457997888
633 0.6939393457997888
634 0.6939393457997888
635 0.6939393457997888
636 0.6939393457997888
637 0.6939393457997888
638 0.6939393457997888
639 0.6939393457997888
640 0.6939393457997888
641 0.6939393457997888
642 0.6939393457997888
643 0.6939393457997888
644 0.6939393457997888
645 0.6939393457997888
646 0.6939393457997888
647 0.6939393457997888
648 0.6939393457997888
649 0.6939393457997888
650 0.6939393457997888
651 0.6939393457997888
652 0.6939393457997888
653 0.6939393457997888
654 0.6939393457997888
655 0.6939393457997888
656 0.6939393457997888
657 0.6939393457997888
658 0.6939393457997888
659 0.6939393457997888
660 0.6939393457997888
661 0.6939393457997888
662 0.7403587741927079
663 0.7403587741927079
664 0.7403587741927079
665 0.7403587741927079
666 0.7403587741927079
667 0.7403587741927079
668 0.7403587741927079
669 0.7403587741927079
670 0.7403587741927079
671 0.7403587741927079
672 0.7403587741927079
673 0.7403587741927079
674 0.7403587741927079
675 0.7403587741927079
676 0.7403587741927079
677 0.7403587741927079
678 0.7403587741927079
679 0.7403587741927079
680 0.7403587741927079
681 0.7403587741927079
682 0.7403587741927079
683 0.7403587741927079
684 0.7403587741927079
685 0.7403587741927079
686 0.7403587741927079
687 0.7403587741927079
688 0.7403587741927079
689 0.7403587741927079
690 0.7403587741927079
691 0.7403587741927079
692 0.7403587741927079
693 0.7403587741927079
694 0.7403587741927079
695 0.7403587741927079
696 0.7403587741927079
697 0.7403587741927079
698 0.7403587741927079
699 0.7403587741927079
700 0.7403587741927079
701 0.7403587741927079
702 0.7403587741927079
703 0.7403587741927079
704 0.7403587741927079
705 0.7403587741927079
706 0.7403587741927079
707 0.7403587741927079
708 0.7403587741927079
709 0.7403587741927079
710 0.7403587741927079
711 0.7403587741927079
712 0.7403587741927079
713 0.7403587741927079
714 0.7403587741927079
715 0.7403587741927079
716 0.7403587741927079
717 0.7403587741927079
718 0.7403587741927079
719 0.7403587741927079
720 0.7403587741927079
721 0.7403587741927079
722 0.7403587741927079
723 0.7403587741927079
724 0.7403587741927079
725 0.7403587741927079
726 0.7403587741927079
727 0.7403587741927079
728 0.7403587741927079
729 0.7403587741927079
730 0.7403587741927079
731 0.7403587741927079
732 0.7403587741927079
733 0.7403587741927079
734 0.7403587741927079
735 0.7403587741927079
736 0.7403587741927079
737 0.7403587741927079
738 0.7403587741927079
739 0.7403587741927079
740 0.7403587741927079
741 0.7403587741927079
742 0.7403587741927079
743 0.7403587741927079
744 0.7403587741927079
745 0.7403587741927079
746 0.7403587741927079
747 0.7403587741927079
748 0.7403587741927079
749 0.7403587741927079
750 0.7673788574252921
751 0.7673788574252921
752 0.7673788574252921
753 0.8328015027991453
754 0.8328015027991453
755 0.8328015027991453
756 0.8328015027991453
757 0.8328015027991453
758 0.8328015027991453
759 0.8328015027991453
760 0.8328015027991453
761 0.8328015027991453
762 0.8328015027991453
763 0.8328015027991453
764 0.8328015027991453
765 0.8328015027991453
766 0.8328015027991453
767 0.8328015027991453
768 0.8328015027991453
769 0.8328015027991453
770 0.8328015027991453
771 0.8328015027991453
772 0.8328015027991453
773 0.8328015027991453
774 0.8328015027991453
775 0.8328015027991453
776 0.8328015027991453
777 0.8328015027991453
778 0.8328015027991453
779 0.8328015027991453
780 0.8328015027991453
781 0.8328015027991453
782 0.8328015027991453
783 0.8328015027991453
784 0.8328015027991453
785 0.8328015027991453
786 0.8328015027991453
787 0.8328015027991453
788 0.8328015027991453
789 0.8328015027991453
790 0.8328015027991453
791 0.8328015027991453
792 0.8328015027991453
793 0.8328015027991453
794 0.8328015027991453
795 0.8328015027991453
796 0.8328015027991453
797 0.8328015027991453
798 0.8328015027991453
799 0.8328015027991453
800 0.8328015027991453
801 0.8328015027991453
802 0.8328015027991453
803 0.8328015027991453
804 0.8328015027991453
805 0.8328015027991453
806 0.8328015027991453
807 0.8328015027991453
808 0.8328015027991453
809 0.8328015027991453
810 0.8328015027991453
811 0.8328015027991453
812 0.8328015027991453
813 0.8328015027991453
814 0.8328015027991453
815 0.8328015027991453
816 0.8328015027991453
817 0.8328015027991453
818 0.8328015027991453
819 0.8328015027991453
820 0.8328015027991453
821 0.8328015027991453
822 0.8328015027991453
823 0.8328015027991453
824 0.8328015027991453
825 0.8328015027991453
826 0.8328015027991453
827 0.8328015027991453
828 0.8328015027991453
829 0.8328015027991453
830 0.8328015027991453
831 0.8328015027991453
832 0.8328015027991453
833 0.8328015027991453
834 0.8328015027991453
835 0.8328015027991453
836 0.8328015027991453
837 0.8328015027991453
838 0.8328015027991453
839 0.8328015027991453
840 0.8328015027991453
841 0.8328015027991453
842 0.8328015027991453
843 0.8328015027991453
844 0.8328015027991453
845 0.8328015027991453
846 0.8328015027991453
847 0.8328015027991453
848 0.8328015027991453
849 0.8328015027991453
850 0.8328015027991453
851 0.8328015027991453
852 0.8328015027991453
853 0.8328015027991453
854 0.8328015027991453
855 0.8328015027991453
856 0.8328015027991453
857 0.8328015027991453
858 0.8328015027991453
859 0.8328015027991453
860 0.8328015027991453
861 0.8328015027991453
862 0.8328015027991453
863 0.8328015027991453
864 0.8328015027991453
865 0.8328015027991453
866 0.8328015027991453
867 0.8328015027991453
868 0.8328015027991453
869 0.8328015027991453
870 0.8328015027991453
871 0.8328015027991453
872 0.8328015027991453
873 0.8328015027991453
874 0.8328015027991453
875 0.8328015027991453
876 0.8328015027991453
877 0.8328015027991453
878 0.8328015027991453
879 0.8328015027991453
880 0.8328015027991453
881 0.8328015027991453
882 0.8328015027991453
883 0.8328015027991453
884 0.8328015027991453
885 0.8328015027991453
886 0.8328015027991453
887 0.8328015027991453
888 0.8328015027991453
889 0.8328015027991453
890 0.8328015027991453
891 0.8328015027991453
892 0.8328015027991453
893 0.8328015027991453
894 0.8328015027991453
895 0.8328015027991453
896 0.8328015027991453
897 0.8328015027991453
898 0.8328015027991453
899 0.8328015027991453
900 0.8328015027991453
901 0.8328015027991453
902 0.8328015027991453
903 0.8328015027991453
904 0.8328015027991453
905 0.8328015027991453
906 0.8328015027991453
907 0.8328015027991453
908 0.8328015027991453
909 0.8328015027991453
910 0.8328015027991453
911 0.8328015027991453
912 0.8328015027991453
913 0.8328015027991453
914 0.8328015027991453
915 0.8328015027991453
916 0.8328015027991453
917 0.8328015027991453
918 0.8328015027991453
919 0.8328015027991453
920 0.8328015027991453
921 0.8328015027991453
922 0.8328015027991453
923 0.8328015027991453
924 0.8328015027991453
925 0.8328015027991453
926 0.8328015027991453
927 0.8328015027991453
928 0.8328015027991453
929 0.8328015027991453
930 0.8328015027991453
931 0.8328015027991453
932 0.8328015027991453
933 0.8328015027991453
934 0.8328015027991453
935 0.8328015027991453
936 0.8328015027991453
937 0.8328015027991453
938 0.8328015027991453
939 0.8328015027991453
940 0.8328015027991453
941 0.8328015027991453
942 0.8328015027991453
943 0.8328015027991453
944 0.8328015027991453
945 0.8328015027991453
946 0.8328015027991453
947 0.8328015027991453
948 0.8328015027991453
949 0.8328015027991453
950 0.8328015027991453
951 0.8328015027991453
952 0.8328015027991453
953 0.8328015027991453
954 0.8328015027991453
955 0.8328015027991453
956 0.8328015027991453
957 0.8328015027991453
958 0.8328015027991453
959 0.8328015027991453
960 0.8328015027991453
961 0.8328015027991453
962 0.8328015027991453
963 0.8328015027991453
964 0.8328015027991453
965 0.8328015027991453
966 0.8328015027991453
967 0.8328015027991453
968 0.8328015027991453
969 0.8328015027991453
970 0.8328015027991453
971 0.8328015027991453
972 0.8328015027991453
973 0.8328015027991453
974 0.8328015027991453
975 0.8328015027991453
976 0.8328015027991453
977 0.8328015027991453
978 0.8328015027991453
979 0.8328015027991453
980 0.8328015027991453
981 0.8328015027991453
982 0.8328015027991453
983 0.8328015027991453
984 0.8328015027991453
985 0.8328015027991453
986 0.8328015027991453
987 0.8328015027991453
988 0.8328015027991453
989 0.8328015027991453
990 0.8328015027991453
991 0.8328015027991453
992 0.8328015027991453
993 0.8328015027991453
994 0.8328015027991453
995 0.8328015027991453
996 0.8328015027991453
997 0.8328015027991453
998 0.8328015027991453
999 0.8328015027991453
