0 0.666301100864267
1 0.6914181349235229
2 0.6914181349235229
3 0.69259851254522
4 0.69259851254522
5 0.69259851254522
6 0.69259851254522
7 0.6925985544636921
8 0.69281415342071
9 0.6933949848697609
10 0.7067321453139016
11 0.7067321453139016
12 0.7067321453139016
13 0.7067321453139016
14 0.7067321453139016
15 0.7067321453139016
16 0.7067321453139016
17 0.7067323080568767
18 0.7236960717514171
19 0.7236960717514171
20 0.723696206380587
21 0.723696206380587
22 0.723696206380587
23 0.723696206380587
24 0.723913449910805
25 0.7242089278954407
26 0.7242089278954407
27 0.7242089278954407
28 0.7242089278954407
29 0.7242089278954407
30 0.7243067348036086
31 0.7245443491801054
32 0.7245443491801054
33 0.7248958818685197
34 0.7248958818685197
35 0.7248958818685197
36 0.7248958818685197
37 0.7248958818685197
38 0.7248958818685197
39 0.7248958818685197
40 0.7248958818685197
41 0.7248958818685197
42 0.7248958818685197
43 0.7248958818685197
44 0.7248958818685197
45 0.7248958818685197
46 0.7248958818685197
47 0.7248958818685197
48 0.7248958818685197
49 0.7248958818685197
50 0.7248958818685197
51 0.7248958818685197
52 0.7248958818685197
53 0.7248958818685197
54 0.7248958818685197
55 0.7248958818685197
56 0.7248958818685197
57 0.7248958818685197
58 0.7248958818685197
59 0.7248958818685197
60 0.7248958818685197
61 0.7248958818685197
62 0.724901732974417
63 0.724901732974417
64 0.724901732974417
65 0.724901732974417
66 0.724901732974417
67 0.724901732974417
68 0.724901732974417
69 0.724901732974417
70 0.724901732974417
71 0.724901732974417
72 0.724901732974417
73 0.724901732974417
74 0.724901732974417
75 0.724901732974417
76 0.7249050633828529
77 0.7249050633828529
78 0.7249050633828529
79 0.7249050633828529
80 0.7249050633828529
81 0.7249050633828529
82 0.7249050633828529
83 0.7249050633828529
84 0.7249050633828529
85 0.7249050633828529
86 0.7249050633828529
87 0.7249050633828529
88 0.7249050633828529
89 0.7249050633828529
90 0.7249050633828529
91 0.7249050633828529
92 0.8332416068149604
93 0.8332416068149604
94 0.8332416068149604
95 0.8332416068149604
96 0.8332416068149604
97 0.8332416068150034
98 0.8332416068150034
99 0.8332416068150034
100 0.8332416068150034
101 0.8332416068150034
102 0.8332416068150034
103 0.8332416068150034
104 0.8332416068150034
105 0.8687249039284813
106 0.8687249039284813
107 0.8687249039284813
108 0.8687249039284813
109 0.8687249039284813
110 0.8687249039284813
111 0.8687249039284813
112 0.8687249039284813
113 0.8687249039284813
114 0.8687249039284813
115 0.8687249039284813
116 0.8687249039284813
117 0.8687249039284813
118 0.8687249039284813
119 0.8687249039284813
120 0.8687249039284813
121 0.8687249039284813
122 0.8687254951356048
123 0.8687254951356048
124 0.8687254951356048
125 0.8687254951356048
126 0.8687254951356048
127 0.8687254951356048
128 0.8687254951356048
129 0.8687254951356048
130 0.8687254951356048
131 0.8687254951356048
132 0.8687254951356048
133 0.8687254951356048
134 0.8687264263720273
135 0.8687264263720273
136 0.9116131064353761
137 0.9116131064353761
138 0.9116131064353761
139 0.9116131064353761
140 0.9116131064353761
141 0.9116131064353761
142 0.9116131064353761
143 0.9116131064353761
144 0.9116131064353761
145 0.9116131064353761
146 0.9116131064353761
147 0.9116131064353761
148 0.9116131064353761
149 0.9116131064353761
150 0.9116131064353761
151 0.9116131064353761
152 0.911631876466285
153 0.911631876466285
154 0.911631876466285
155 0.9119387324541088
156 0.9119408365374265
157 0.9119408365374265
158 0.9119408365374265
159 0.9119408365374265
160 0.9119408365374265
161 0.9119408365374265
162 0.9119408365374265
163 0.9119408365374265
164 0.9119408365374265
165 0.9119408365374265
166 0.9119408365374265
167 0.9119408365374265
168 0.9119408365374265
169 0.9125089476739504
170 0.9125089476739504
171 0.9125089476739504
172 0.9125089476739504
173 0.9125089476739504
174 0.9125089476739504
175 0.9125089476739504
176 0.9125089476739504
177 0.9125089476739504
178 0.9125089476739504
179 0.9125089476739504
180 0.9125089476739504
181 0.9125089476739504
182 0.9125089476739504
183 0.9125089476739504
184 0.9125089476739504
185 0.9125091674338837
186 0.9125091674338837
187 0.9125091674338837
188 0.9125091674338837
189 0.9125091674338837
190 0.9125091674338837
191 0.9125091674338837
192 0.9125091674338837
193 0.9125091674338837
194 0.9125091674338837
195 0.9125091674338837
196 0.9125091674338837
197 0.9125091674338837
198 0.9125091674338837
199 0.9125091674338837
200 0.9125091674338837
201 0.9125091674338837
202 0.9125091674338837
203 0.9125091674338837
204 0.9125091674338837
205 0.9125091674338837
206 0.9125091674338837
207 0.9125091674338837
208 0.9125091674338837
209 0.9125091674338837
210 0.9125091674338837
211 0.9125091674338837
212 0.9125091674338837
213 0.9125091674338837
214 0.9125091674338837
215 0.9125091674338837
216 0.9125102091615679
217 0.9125102091615679
218 0.9125102091615679
219 0.9125102091615679
220 0.9125102091615679
221 0.9125102091615679
222 0.9125102091615679
223 0.9125102091615679
224 0.9125102091615679
225 0.9125102091615679
226 0.9125102091615679
227 0.9125102091615679
228 0.9125102091615679
229 0.912515371833641
230 0.9125271505601338
231 0.9125271505601338
232 0.9125271505601338
233 0.9125271505601338
234 0.9125271505601338
235 0.9125271505601338
236 0.9125271505601338
237 0.9125271505601338
238 0.9125271505601338
239 0.9125271505601338
240 0.9125271505601338
241 0.9125271505601338
242 0.9125271505601338
243 0.9125271505601338
244 0.9125271505601338
245 0.9125271505601338
246 0.9125271505601338
247 0.9125271505601338
248 0.9125271505601338
249 0.9125271505608589
250 0.9125271597051359
251 0.9125271597051359
252 0.9125271597051359
253 0.9125271597051359
254 0.9125271597051359
255 0.9125271597051359
256 0.9125271597051359
257 0.9125271597051359
258 0.9125271597051359
259 0.9125271597051359
260 0.9125271597051359
261 0.9125271597051359
262 0.9125271597051359
263 0.9125271597051359
264 0.9125271597051359
265 0.9125271597051359
266 0.9125271597051359
267 0.9125271597051359
268 0.9125271597051359
269 0.9125271918482901
270 0.9125271918482901
271 0.9125271918482901
272 0.9125271918482901
273 0.9125273490975236
274 0.9125273490975236
275 0.9125273490975236
276 0.9125273490975236
277 0.9125273490975236
278 0.9125273490975236
279 0.9125273490975236
280 0.9125273490975236
281 0.9125273490975236
282 0.9125273490975236
283 0.9125273490975236
284 0.9125273490975236
285 0.9125273490975236
286 0.9125273490975236
287 0.9125273490975236
288 0.9125273490975236
289 0.9125273490975236
290 0.9125273490975236
291 0.9125273490975236
292 0.9125273490975236
293 0.9125273490975236
294 0.9125273490975236
295 0.9125273490975236
296 0.9125273490975236
297 0.9125273490975236
298 0.9125273490975236
299 0.9125273490975236
300 0.9125273490975236
301 0.9125273490975236
302 0.9125273490975236
303 0.9125273490975236
304 0.9125273490975236
305 0.9125273490975236
306 0.9125273490975236
307 0.9125273490975236
308 0.9125273490975236
309 0.9125273490975236
310 0.9125273490975236
311 0.9125273490979805
312 0.9125273490979805
313 0.9125273490979805
314 0.9125273491006892
315 0.9125273491006892
316 0.9125273491006892
317 0.9125273491006892
318 0.9125273491006892
319 0.9125273491006892
320 0.9125273491006892
321 0.9125273491006892
322 0.9125273491006892
323 0.9125273491006892
324 0.9125273491006892
325 0.9125273491006892
326 0.9125273491006892
327 0.9125273491006892
328 0.9125273491006892
329 0.9125273491006892
330 0.9125273491006892
331 0.9125273491006892
332 0.912527362667811
333 0.912527362667811
334 0.912527362667811
335 0.912527362667811
336 0.912527362667811
337 0.912527362667811
338 0.912527362667811
339 0.912527362667811
340 0.912527362667811
341 0.912527362667811
342 0.912527362667811
343 0.912527362667811
344 0.912527362667811
345 0.912527362667811
346 0.912527362667811
347 0.912527362667811
348 0.912527433768947
349 0.912527433768947
350 0.912527433768947
351 0.912527433768947
352 0.912527433768947
353 0.912527433768947
354 0.912527433768947
355 0.912527433768947
356 0.912527433768947
357 0.912527433768947
358 0.912527433768947
359 0.912527433768947
360 0.912527433768947
361 0.912527433768947
362 0.912527433768947
363 0.912527433768947
364 0.912527433768947
365 0.912527433768947
366 0.912527433768947
367 0.912527433768947
368 0.912527433768947
369 0.912527433768947
370 0.912527433768947
371 0.912527433768947
372 0.912527433768947
373 0.912527433768947
374 0.912527433768947
375 0.912527433768947
376 0.912527433768947
377 0.912527433768947
378 0.912527433768947
379 0.912527433768947
380 0.912527433768947
381 0.912527433768947
382 0.912527433768947
383 0.912527433768947
384 0.912527433768947
385 0.912527433768947
386 0.912527433768947
387 0.912527433768947
388 0.912527433768947
389 0.912527433768947
390 0.912527433768947
391 0.912527433768947
392 0.912527433768947
393 0.912527433768947
394 0.912527433768947
395 0.912527433768947
396 0.912527433768947
397 0.912527433768947
398 0.912527433768947
399 0.912527433768947
400 0.912527433768947
401 0.912527433768947
402 0.912527433768947
403 0.912527433768947
404 0.912527433768947
405 0.912527433768947
406 0.912527433768947
407 0.912527433768947
408 0.912527433768947
409 0.912527433768947
410 0.912527433768947
411 0.912527433768947
412 0.912527433768947
413 0.9254997277803025
414 0.9254997277803025
415 0.9254997277803025
416 0.9254997277803025
417 0.9254997277803025
418 0.9254997277803025
419 0.9254997277803025
420 0.9254997277803025
421 0.9254997277803025
422 0.9254997277803025
423 0.9254997277803025
424 0.9254997277803025
425 0.9254997277803025
426 0.9254997277803025
427 0.9254997277803025
428 0.9254997277803025
429 0.9254997277803025
430 0.9254997277803025
431 0.9254997277803025
432 0.9254997277803025
433 0.9254997277803025
434 0.9254997277838699
435 0.9254997277838699
436 0.9254997277838699
437 0.9254997277838699
438 0.9254997277838699
439 0.9254997277838699
440 0.9254997288530402
441 0.9254997288530402
442 0.9254997288530402
443 0.9254997288530402
444 0.9254997288530402
445 0.9254997288530402
446 0.9254997288530402
447 0.9254997298859321
448 0.9254997298859321
449 0.9254997298859321
450 0.9254997298859321
451 0.9254997298859321
452 0.9254997298859321
453 0.9254997298859321
454 0.9254997298859321
455 0.9254997298859321
456 0.9254997298859321
457 0.9255004250595484
458 0.9255004250595484
459 0.9255004250595484
460 0.9255004250595484
461 0.9255004250595484
462 0.9255004250595484
463 0.9255004250595484
464 0.9255004250595484
465 0.9255004250595484
466 0.9255014599643328
467 0.9255014599643328
468 0.9255314552787565
469 0.9256135100336892
470 0.9256135100336892
471 0.9256135100336892
472 0.9256135100336892
473 0.9256135100336892
474 0.9256135100336892
475 0.9256135100336892
476 0.9256135100336892
477 0.9256135100336892
478 0.9256135100336892
479 0.9256135471967573
480 0.9256135471967573
481 0.9256135471967573
482 0.9256278883045741
483 0.9256278883045741
484 0.9256278883045741
485 0.9256278883045741
486 0.9256278883045741
487 0.9256278883045741
488 0.9256278883045741
489 0.9256278883045741
490 0.9256278883045741
491 0.9256278883045741
492 0.9256278883045741
493 0.9256278883045741
494 0.9256278883045741
495 0.9256278883045741
496 0.9256278883045741
497 0.9256278883045741
498 0.9256278883045741
499 0.9256278883045741
500 0.9256278883045741
501 0.9256278883045741
502 0.9256278883045741
503 0.9256278883045741
504 0.9256278883045741
505 0.9256278883045741
506 0.9256278883045741
507 0.9256278883045741
508 0.9256278883045741
509 0.9256278883045741
510 0.9256278883045741
511 0.9256278883045741
512 0.9256278883045741
513 0.9256278883045741
514 0.9256278883045741
515 0.9256278883045741
516 0.9256278883045741
517 0.9256278883045741
518 0.9256278883045741
519 0.9256278883045741
520 0.9256278883045741
521 0.9256404948173365
522 0.9256404948173365
523 0.9256404948173365
524 0.9256404948173365
525 0.9256404948173365
526 0.9256404948173365
527 0.9256404948173365
528 0.9256404948173365
529 0.9256404948173365
530 0.9256404948173365
531 0.9256404948173365
532 0.9256404948173365
533 0.9256404948173365
534 0.9256404948173365
535 0.9256404948173365
536 0.9256404948173365
537 0.9256404948173365
538 0.9256404948173365
539 0.9256404948173365
540 0.9256404948173365
541 0.9256404948173365
542 0.9256404948173365
543 0.9256404948173365
544 0.9256404948173365
545 0.9256404948173365
546 0.9256404948173365
547 0.9256404948173365
548 0.9256404948173365
549 0.9256404948173365
550 0.9256404948173365
551 0.9256404948173365
552 0.9256404948173365
553 0.9256404948173365
554 0.9256452326645477
555 0.9256452326645477
556 0.9256452326645477
557 0.9256452326645477
558 0.9256452326645477
559 0.9256452326645477
560 0.9256452326645477
561 0.9256452326645477
562 0.9256452326645477
563 0.9256452326645477
564 0.9256452326645477
565 0.9256452326645477
566 0.9256452326645477
567 0.9256452326645477
568 0.9256452326645477
569 0.9256452326645477
570 0.9256452326645477
571 0.9256452326645477
572 0.9256452326645477
573 0.9256452326645477
574 0.9256452326645477
575 0.9256452326645477
576 0.9256454610202771
577 0.9256454610202771
578 0.9256454610202771
579 0.9256454610202771
580 0.9256454610202771
581 0.9256457568603892
582 0.9256457568603892
583 0.9256457568603892
584 0.9256457568603892
585 0.9256457568603892
586 0.9256457568603892
587 0.9256457568603892
588 0.9256457568603892
589 0.9256457568603892
590 0.9256457568603892
591 0.9256457568603892
592 0.9256457568603892
593 0.9256457568603892
594 0.9256457568603892
595 0.9256457568603892
596 0.9256457568603892
597 0.9256457568603892
598 0.9256457568603892
599 0.9256457568603892
600 0.9256457568603892
601 0.9256457568603892
602 0.9256457568603892
603 0.9256457568603892
604 0.9256457568603892
605 0.9256457568603892
606 0.9256457568603892
607 0.9256457568603892
608 0.9256457568603892
609 0.9256457568603892
610 0.9256457568603892
611 0.9256457568603892
612 0.9256457568603892
613 0.9256457568603892
614 0.9256457568603892
615 0.9256457568603892
616 0.9256457568603892
617 0.9256457568603892
618 0.9256457568603892
619 0.9256457568603892
620 0.9256457568603892
621 0.9256457568603892
622 0.9256457568603892
623 0.9256457568603892
624 0.9256457568603892
625 0.9256457568603892
626 0.9256457568603892
627 0.9256457568603892
628 0.9256457568603892
629 0.9256457568603892
630 0.9256457568603892
631 0.9256457568603892
632 0.9256457568603892
633 0.9256457568603892
634 0.9256457568603892
635 0.9256457568603892
636 0.9256457568603892
637 0.9256457568603892
638 0.9256457568603892
639 0.9256457568603892
640 0.9256457568603892
641 0.9256457568603892
642 0.9256457568603892
643 0.9256457568603892
644 0.9256457568603892
645 0.9256457568603892
646 0.9256457568603892
647 0.9256457568603892
648 0.9256457568603892
649 0.9256457568603892
650 0.9256457568603892
651 0.9256457568603892
652 0.9256457568603892
653 0.9256457568603892
654 0.9256457568603892
655 0.9256457568603892
656 0.9256457568603892
657 0.9256457568603892
658 0.9256457568603892
659 0.9256457568603892
660 0.9256457568603892
661 0.9256457568603892
662 0.9256457568603892
663 0.9256457568603892
664 0.9256457568603892
665 0.9256457568603892
666 0.9256457568603892
667 0.9256457568603892
668 0.9256457568603892
669 0.9256457568603892
670 0.9256457568603892
671 0.9256457568603892
672 0.9256457568603892
673 0.9256457568603892
674 0.9256457568603892
675 0.9256457568603892
676 0.9256457568603892
677 0.9256457568603892
678 0.9256457568603892
679 0.9256457568603892
680 0.9256457568603892
681 0.9256457568603892
682 0.9256457568603892
683 0.9256457568603892
684 0.9256457568603892
685 0.9256457568603892
686 0.9256457568603892
687 0.9256457568603892
688 0.9256457568603892
689 0.9256457568603892
690 0.9256457568603892
691 0.9256457568603892
692 0.9256457568603892
693 0.9256457568603892
694 0.9256457568603892
695 0.9256457568603892
696 0.9256457568603892
697 0.9256457568603892
698 0.9256457568603892
699 0.9256457568603892
700 0.9256457568603892
701 0.9256457568603892
702 0.9256457568603892
703 0.9256457568603892
704 0.9256457568603892
705 0.9256457568603892
706 0.9256457568603892
707 0.9256457568603892
708 0.9256457568603892
709 0.9256457568603892
710 0.9256457568603892
711 0.9256457568603892
712 0.9256457568603892
713 0.9256457568603892
714 0.9256457568603892
715 0.9256457568603892
716 0.9256457568603892
717 0.9256457568603892
718 0.9256457568603892
719 0.9256457568603892
720 0.9256457568603892
721 0.9256457568603892
722 0.9256457568603892
723 0.9256457568603892
724 0.9256457568603892
725 0.9256457568603892
726 0.9256457568603892
727 0.9256457568603892
728 0.9256457568603892
729 0.9256457568603892
730 0.9256457568603892
731 0.9256457568603892
732 0.9256457568603892
733 0.9256457568603892
734 0.9256457568603892
735 0.9256457568603892
736 0.9256457568603892
737 0.9256457568603892
738 0.9256457568603892
739 0.9256457568603892
740 0.9256457568603892
741 0.9256457568603892
742 0.9256457568603892
743 0.9256538618722041
744 0.9256538618722041
745 0.9256538618722041
746 0.9256538618722041
747 0.9256538618722041
748 0.9256538618722041
749 0.9256538618722041
750 0.9256538618722041
751 0.9256538618722041
752 0.9256538618722041
753 0.9256538618722041
754 0.9256538618722041
755 0.9256538618722041
756 0.9256538618722041
757 0.9256538618722041
758 0.9256538618722041
759 0.9256538618722041
760 0.9256538618722041
761 0.9256538618722041
762 0.9256538618722041
763 0.9256538618722041
764 0.9256538618722041
765 0.9256538618722041
766 0.9256538618722041
767 0.9256538618722041
768 0.9256538618722041
769 0.9256538618722041
770 0.9256538618722041
771 0.9256538618722041
772 0.9256538618722041
773 0.9256538618722041
774 0.9256538618722041
775 0.9256538618722041
776 0.9256538618722041
777 0.9256538618722041
778 0.9256538618722041
779 0.9256538618722041
780 0.9256538618722041
781 0.9256538618722041
782 0.9256538618722041
783 0.9256538618722041
784 0.9256538618722041
785 0.9256538618722041
786 0.9256538618722041
787 0.9256538618722041
788 0.9256538618722041
789 0.9256538618722041
790 0.9256538618722041
791 0.9256538618722041
792 0.9256538618722041
793 0.9256538618722041
794 0.9256538618722041
795 0.9256538618722041
796 0.9256538618722041
797 0.9256538618722041
798 0.9256538618722041
799 0.9256538618722041
800 0.9256538618722041
801 0.9256538618722041
802 0.9257420036342753
803 0.9257420036342753
804 0.9257420036342753
805 0.9257420036342753
806 0.9257420036342753
807 0.9257420036342753
808 0.9257420036342753
809 0.9257420036342753
810 0.9257420036342753
811 0.9257420036342753
812 0.9257420036342753
813 0.9257420036342753
814 0.9257420036342753
815 0.9257420036342753
816 0.9257420036342753
817 0.9257420036342753
818 0.9257420036342753
819 0.9257420036342753
820 0.9257420036342753
821 0.9257420036342753
822 0.9257420036342753
823 0.9257420036342753
824 0.9257420036342753
825 0.9257420036342753
826 0.9257420036342753
827 0.9257420036342753
828 0.9257420036342753
829 0.9257420036342753
830 0.9257420036342753
831 0.9257420036342753
832 0.9257420036342753
833 0.9257420036342753
834 0.9257420036342753
835 0.9257420036342753
836 0.9257420036342753
837 0.9257420036342753
838 0.9257420036342753
839 0.9257420036342753
840 0.9257420036342753
841 0.9257420036342753
842 0.9257420036342753
843 0.9257420036342753
844 0.9257420036342753
845 0.9257420036342753
846 0.9257420036342753
847 0.9257420036342753
848 0.9257420036342753
849 0.9257420036342753
850 0.9257420036342753
851 0.9257420036342753
852 0.9257420036342753
853 0.9257420036342753
854 0.9257420036342753
855 0.9257420036342753
856 0.9257420036342753
857 0.9257420036342753
858 0.9257420036342753
859 0.9257420036342753
860 0.9257420036342753
861 0.9257420036342753
862 0.9257420036342753
863 0.9257420036342753
864 0.9257420036342753
865 0.9257420036342753
866 0.9257420036342753
867 0.9257420036342753
868 0.9257420036342753
869 0.9257420036342753
870 0.9257420036342753
871 0.9257420036342753
872 0.9257420036342753
873 0.9257420036342753
874 0.9257420036342753
875 0.9257420036342753
876 0.9257420036342753
877 0.9257420036342753
878 0.9257420036342753
879 0.9257420036342753
880 0.9257420036342753
881 0.9257420036342753
882 0.9257420036342753
883 0.9257420036342753
884 0.9257420036342753
885 0.9257420036342753
886 0.9257420036342753
887 0.9257420036342753
888 0.9257420036342753
889 0.9257420036342753
890 0.9257420036342753
891 0.9257420036342753
892 0.9257420036342753
893 0.9257420036342753
894 0.9257420036342753
895 0.9257420036342753
896 0.9257420036342753
897 0.9257420036342753
898 0.9257420036342753
899 0.9257420036342753
900 0.9257420036342753
901 0.9257420036342753
902 0.9257420036342753
903 0.9257420036342753
904 0.9257420036342753
905 0.9257420036342753
906 0.9257420036342753
907 0.9257420036342753
908 0.9257420036342753
909 0.9257420036342753
910 0.9257420036342753
911 0.9257420036342753
912 0.9257772603009695
913 0.9257772603009695
914 0.9257772603009695
915 0.9257772603009695
916 0.9257772603009695
917 0.9257772603009695
918 0.9257772603009695
919 0.9257772603009695
920 0.9257772603009695
921 0.9257772603009695
922 0.9257772603009695
923 0.9257772603009695
924 0.9257772603009695
925 0.9257772603009695
926 0.9257772603009695
927 0.9257772603009695
928 0.9257772603009695
929 0.9257772603009695
930 0.9257772603009695
931 0.9257772603009695
932 0.9257772603009695
933 0.9257772603009695
934 0.9257772603009695
935 0.9257772603009695
936 0.9257772603009695
937 0.9257772603009695
938 0.9257772603009695
939 0.9257772603009695
940 0.9257772603009695
941 0.9257772603009695
942 0.9257772603009695
943 0.9257772603009695
944 0.9257772603009695
945 0.9257772603009695
946 0.9257772603009695
947 0.9257772603009695
948 0.9257772603009695
949 0.9257772603009695
950 0.9257772603009695
951 0.9257772603009695
952 0.9257772603009695
953 0.9257772603009695
954 0.9257772603009695
955 0.9257772603009695
956 0.9257772603009695
957 0.9257772603009695
958 0.9257772603009695
959 0.9257772603009695
960 0.9257772603009695
961 0.9257787710749512
962 0.9257787710749512
963 0.9257787710749512
964 0.9257787710749512
965 0.9257787710749512
966 0.9257787710749512
967 0.9257787710749512
968 0.9257787710749512
969 0.9257787710749512
970 0.9257787710749512
971 0.9257787710749512
972 0.9257787710749512
973 0.9257787710749512
974 0.9257787710749512
975 0.9257787710749512
976 0.9257787710749512
977 0.9257787710749512
978 0.9257787710749512
979 0.9257787710749512
980 0.9257787710749512
981 0.9257787710749512
982 0.9257787710749512
983 0.9257787710749512
984 0.9257787710749512
985 0.9257787710749512
986 0.9257787710749512
987 0.9257787710749512
988 0.9257787710749512
989 0.9257787710749512
990 0.9257787710749512
991 0.9257787710749512
992 0.9257787710749512
993 0.9257787710749512
994 0.9257787710749512
995 0.9257787710749512
996 0.9257787710749512
997 0.9257787710749512
998 0.9257787710749512
999 0.9257787710749512
1000 0.9257787710749512
1001 0.9257787710749512
1002 0.9257787710749512
1003 0.9257787710749512
1004 0.9257787710749512
1005 0.9257787710749512
1006 0.9257787710749512
1007 0.9257787710749512
1008 0.9257787710749512
1009 0.9257787710749512
1010 0.9257787710749512
1011 0.9257787710749512
1012 0.9257787710749512
1013 0.9257787710749512
1014 0.9257787710749512
1015 0.9257787710749512
1016 0.9257787710749512
1017 0.9257787710749512
1018 0.9257787710749512
1019 0.9257787710749512
1020 0.9257787710749512
1021 0.9257787710749512
1022 0.9257787710749512
1023 0.9257787710749512
1024 0.9257787710749512
1025 0.9257787710749512
1026 0.9257787710749512
1027 0.9257787710749512
1028 0.9257787710749512
1029 0.9257787710749512
1030 0.9257787710749512
1031 0.9257787710749512
1032 0.9257787710749512
1033 0.9257787710749512
1034 0.9257787710749512
1035 0.9257787710749512
1036 0.9257787710749512
1037 0.9257787710749512
1038 0.9257787710749512
1039 0.9257787710749512
1040 0.9257787710749512
1041 0.9257787710749512
1042 0.9257787710749512
1043 0.9257787710749512
1044 0.9257787710749512
1045 0.9257787710749512
1046 0.9257787710749512
1047 0.9257787710749512
1048 0.9257787710749512
1049 0.9257787710749512
1050 0.9257787710749512
1051 0.9257787710749512
1052 0.9257787710749512
1053 0.9257787710749512
1054 0.9257787710749512
1055 0.9257787710749512
1056 0.9257787710749512
1057 0.9257787710749512
1058 0.9257787710749512
1059 0.9257787710749512
1060 0.9257787710749512
1061 0.9257787710749512
1062 0.9257787710749512
1063 0.9257787710749512
1064 0.9257787710749512
1065 0.9257787710749512
1066 0.9257787710749512
1067 0.9257787710749512
1068 0.9257787710749512
1069 0.9257787710749512
1070 0.9257787710749512
1071 0.9257787710749512
1072 0.9257787710749512
1073 0.9257787710749512
1074 0.9257787710749512
1075 0.9257787710749512
1076 0.9257787710749512
1077 0.9257787710749512
1078 0.9257787710749512
1079 0.9257787710749512
1080 0.9257787710749512
1081 0.9257787710749512
1082 0.9257787710749512
1083 0.9257787710749512
1084 0.9257787710749512
1085 0.9257787710749512
1086 0.9257787710749512
1087 0.9257787710749512
1088 0.9257787710749512
1089 0.9257787710749512
1090 0.9257787710749512
1091 0.9257787710749512
1092 0.9257787710749512
1093 0.9257787710749512
1094 0.9257787710749512
1095 0.9257787710749512
1096 0.9257787710749512
1097 0.9257787710749512
1098 0.9257787710749512
1099 0.9257787710749512
1100 0.9257787710749512
1101 0.9257787710749512
1102 0.9257787710749512
1103 0.9257787710749512
1104 0.9257787710749512
1105 0.9257787710749512
1106 0.9257787710749512
1107 0.9257787710749512
1108 0.9257787710749512
1109 0.9257787710749512
1110 0.9257787710749512
1111 0.9257787710749512
1112 0.9257787710749512
1113 0.9257787710749512
1114 0.9257787710749512
1115 0.9257787710749512
1116 0.9257787710749512
1117 0.9257787710749512
1118 0.9257787710749512
1119 0.9257787710749512
1120 0.9257787710749512
1121 0.9257787710749512
1122 0.9257787710749512
1123 0.9257787710749512
1124 0.9257787710749512
1125 0.9257787710749512
1126 0.9257787710749512
1127 0.9257787710749512
1128 0.9257787710749512
1129 0.9257787710749512
1130 0.9257787710749512
1131 0.9257787710749512
1132 0.9257787710749512
1133 0.9257787710749512
1134 0.9257787710749512
1135 0.9257787710749512
1136 0.9257787710749512
1137 0.9257787710749512
1138 0.9257787710749512
1139 0.9257787710749512
1140 0.9257787710749512
1141 0.9257787710749512
1142 0.9257787710749512
1143 0.9257787710749512
1144 0.9257787710749512
1145 0.9257787710749512
1146 0.9257787710749512
1147 0.9257787710749512
1148 0.9257787710749512
1149 0.9257787710749512
1150 0.9257787710749512
1151 0.9257787710749512
1152 0.9257787710749512
1153 0.9257787710749512
1154 0.9257787710749512
1155 0.9257787710749512
1156 0.9257787710749512
1157 0.9257787710749512
1158 0.9257787710749512
1159 0.9257787710749512
1160 0.9257787710749512
1161 0.9257787710749512
1162 0.9257787710749512
1163 0.9257787710749512
1164 0.9257787710749512
1165 0.9257787710749512
1166 0.9257787710749512
1167 0.9257787710749512
1168 0.9257787710749512
1169 0.9257787710749512
1170 0.9257787710749512
1171 0.9257787710749512
1172 0.9257787710749512
1173 0.9257787710749512
1174 0.9257787710749512
1175 0.9257787710749512
1176 0.9257787710749512
1177 0.9257787710749512
1178 0.9257787710749512
1179 0.9257787710749512
1180 0.9257787710749512
1181 0.9257787710749512
1182 0.9257787710749512
1183 0.9257787710749512
1184 0.9257787710749512
1185 0.9257787710749512
1186 0.9257787710749512
1187 0.9257787710749512
1188 0.9257787710749512
1189 0.9257787710749512
1190 0.9257787710749512
1191 0.9257787710749512
1192 0.9257787710749512
1193 0.9257787710749512
1194 0.9257787710749512
1195 0.9257787710749512
1196 0.9257787710749512
1197 0.9257787710749512
1198 0.9257787710749512
1199 0.9257787710749512
1200 0.9257787710749512
1201 0.9257787710749512
1202 0.9257787710749512
1203 0.9257787710749512
1204 0.9257787710749512
1205 0.9257787710749512
1206 0.9257787710749512
1207 0.9257787710749512
1208 0.9257787710749512
1209 0.9257787710749512
1210 0.9257787710749512
1211 0.9257787710749512
1212 0.9257787710749512
1213 0.9257787710749512
1214 0.9257787710749512
1215 0.9257787710749512
1216 0.9257787710749512
1217 0.9257787710749512
1218 0.9257787710749512
1219 0.9257787710749512
1220 0.9257787710749512
1221 0.9257787710749512
1222 0.9257787710749512
1223 0.9257787710749512
1224 0.9257787710749512
1225 0.9257787710749512
1226 0.9257787710749512
1227 0.9257787710749512
1228 0.9257787710749512
1229 0.9257787710749512
1230 0.9257787710749512
1231 0.9257787710749512
1232 0.9257787710749512
1233 0.9257787710749512
1234 0.9257787710749512
1235 0.9257787710749512
1236 0.9257787710749512
1237 0.9257787710749512
1238 0.9257787710749512
1239 0.9257787710749512
1240 0.9257787710749512
1241 0.9257787710749512
1242 0.9257787710749512
1243 0.9257787710749512
1244 0.9257787710749512
1245 0.9257787710749512
1246 0.9257787710749512
1247 0.9257787710749512
1248 0.9257787710749512
1249 0.9257787710749512
1250 0.9257787710749512
1251 0.9257787710749512
1252 0.9257787710749512
1253 0.9257787710749512
1254 0.9257787710749512
1255 0.9257787710749512
1256 0.9257787710749512
1257 0.9257787710749512
1258 0.9257787710749512
1259 0.9257787710749512
1260 0.9257787710749512
1261 0.9257787710749512
1262 0.9257787710749512
1263 0.9257787710749512
1264 0.9257787710749512
1265 0.9257787710749512
1266 0.9257787710749512
1267 0.9257787710749512
1268 0.9257787710749512
1269 0.9257787710749512
1270 0.9257787710749512
1271 0.9257787710749512
1272 0.9257787710749512
1273 0.9257787710749512
1274 0.9257787710749512
1275 0.9257787710749512
1276 0.9257787710749512
1277 0.9257787710749512
1278 0.9257787710749512
1279 0.9257787710749512
1280 0.9257787710749512
1281 0.9257787710749512
1282 0.9257787710749512
1283 0.9257787710749512
1284 0.9257787710749512
1285 0.9257787710749512
1286 0.9257787710749512
1287 0.9257787710749512
1288 0.9257787710749512
1289 0.9257787710749512
1290 0.9257787710749512
1291 0.9257787710749512
1292 0.9257787710749512
1293 0.9257787710749512
1294 0.9257787710749512
1295 0.9257787710749512
1296 0.9257787710749512
1297 0.9257787710749512
1298 0.9257787710749512
1299 0.9257787710749512
1300 0.9257787710749512
1301 0.9257787710749512
1302 0.9257787710749512
1303 0.9257787710749512
1304 0.9257787710749512
1305 0.9257787710749512
1306 0.9257787710749512
1307 0.9257787710749512
1308 0.9257787710749512
1309 0.9257787710749512
1310 0.9257787710749512
1311 0.9257787710749512
1312 0.9257787710749512
1313 0.9257787710749512
1314 0.9257787710749512
1315 0.9257787710749512
1316 0.9257787710749512
1317 0.9257787710749512
1318 0.9257787710749512
1319 0.9257787710749512
1320 0.9257787710749512
1321 0.9257787710749512
1322 0.9257787710749512
1323 0.9257787710749512
1324 0.9257787710749512
1325 0.9257787710749512
1326 0.9257787710749512
1327 0.9257787710749512
1328 0.9257787710749512
1329 0.9257787710749512
1330 0.9257787710749512
1331 0.9257787710749512
1332 0.9257787710749512
1333 0.9257787710749512
1334 0.9257787710749512
1335 0.9257787710749512
1336 0.9257787710749512
1337 0.9257787710749512
1338 0.9257787710749512
1339 0.9257787710749512
1340 0.9257787710749512
1341 0.9257787710749512
1342 0.936178349841196
1343 0.936178349841196
1344 0.936178349841196
1345 0.936178349841196
1346 0.936178349841196
1347 0.936178349841196
1348 0.936178349841196
1349 0.936178349841196
1350 0.936178349841196
1351 0.9361783638606036
1352 0.9361783640458456
1353 0.9361783640458456
1354 0.9361783640458456
1355 0.93617836431927
1356 0.93617836431927
1357 0.93617836431927
1358 0.93617836431927
1359 0.93617836431927
1360 0.93617836431927
1361 0.93617836431927
1362 0.93617836431927
1363 0.93617836431927
1364 0.93617836431927
1365 0.93617836431927
1366 0.936178364329404
1367 0.936178364329404
1368 0.936178364329404
1369 0.936178364329404
1370 0.936178364329404
1371 0.9361783645048416
1372 0.9361783645048416
1373 0.9361783645048416
1374 0.9361783645048416
1375 0.9361783645048416
1376 0.9361783645048416
1377 0.9361783645048416
1378 0.9361783645048416
1379 0.9361783645048416
1380 0.9361783645048416
1381 0.9361783645048416
1382 0.9361783645048416
1383 0.9361783645048416
1384 0.9361783645048416
1385 0.9361783645048631
1386 0.9361783645048631
1387 0.9361783645048631
1388 0.9361783645397916
1389 0.9361783646154048
1390 0.9361783646154048
1391 0.9361783648514527
1392 0.9361783649553242
1393 0.9361783649553242
1394 0.936178369844272
1395 0.936178369844272
1396 0.936178369844272
1397 0.936178369844272
1398 0.936178369844272
1399 0.936178369844272
1400 0.936178369844272
1401 0.9361804211771481
1402 0.9361804211771481
1403 0.9361804211771481
1404 0.9361804211771481
1405 0.9361804211771481
1406 0.9361804211771481
1407 0.9361804211771481
1408 0.9361804211777309
1409 0.9361804211777309
1410 0.9361804211777309
1411 0.9361804211777309
1412 0.9361804211777309
1413 0.9361804211777309
1414 0.9361804211777309
1415 0.9361804211777309
1416 0.9361804211777309
1417 0.9361804211777309
1418 0.9361820107599628
1419 0.9361820107599628
1420 0.9361820107599628
1421 0.9361820107599628
1422 0.9361820107599628
1423 0.9361820107599628
1424 0.9361820107599628
1425 0.9361820107599628
1426 0.9361820107599628
1427 0.9361820107599628
1428 0.9361820107599628
1429 0.9361820107599628
1430 0.9361820107599628
1431 0.9361820107599628
1432 0.9361820107599628
1433 0.9361820107599628
1434 0.9361820107599628
1435 0.9361820107599628
1436 0.9361820107599628
1437 0.9361820107599628
1438 0.9361820107599628
1439 0.9361820107599628
1440 0.9361820107599628
1441 0.9361820107599628
1442 0.9361820107599628
1443 0.9361820107599628
1444 0.9361820107599628
1445 0.9361820107599628
1446 0.9361820107599628
1447 0.9361820107599628
1448 0.9361820107599628
1449 0.9361820107599628
1450 0.9361825369919285
1451 0.9361825369919285
1452 0.9361825369919285
1453 0.9361837261544015
1454 0.9361837261544015
1455 0.9361837261544015
1456 0.9361837261544015
1457 0.9361837261544015
1458 0.9361837261544015
1459 0.9361837261544015
1460 0.9361837261544015
1461 0.9361837261544015
1462 0.9361837261544015
1463 0.9361837261544015
1464 0.9361837261544015
1465 0.9361837261544015
1466 0.9361837261544015
1467 0.9361837261544015
1468 0.9361837261544015
1469 0.9361837261544015
1470 0.9361837261544015
1471 0.9361837261544015
1472 0.9361837261544015
1473 0.9361837261544015
1474 0.9361837261544015
1475 0.9361837261544015
1476 0.9361837261544015
1477 0.9361837261544015
1478 0.9361837261544015
1479 0.9361837261544015
1480 0.9361837261544015
1481 0.9361837261544015
1482 0.9361837261544015
1483 0.9361837261544015
1484 0.9361837261544015
1485 0.9361837261544015
1486 0.9361837261544015
1487 0.9361837261544015
1488 0.9361838585513232
1489 0.9361838585513232
1490 0.9361838585513232
1491 0.9361838585513232
1492 0.9361838585513232
1493 0.9361838585513232
1494 0.9361838585513232
1495 0.9361841061318166
1496 0.9361841061318166
1497 0.9361841061318166
1498 0.9361841061318166
1499 0.9361841061318166
