0 0.7275390625
1 0.7275390625
2 0.759765625
3 0.7685546875
4 0.7939453125
5 0.80078125
6 0.80078125
7 0.8369140625
8 0.8369140625
9 0.8369140625
10 0.8369140625
11 0.8369140625
12 0.8369140625
13 0.8564453125
14 0.8564453125
15 0.869140625
16 0.869140625
17 0.869140625
18 0.869140625
19 0.869140625
20 0.8818359375
21 0.8876953125
22 0.8876953125
23 0.896484375
24 0.8994140625
25 0.8994140625
26 0.90625
27 0.90625
28 0.90625
29 0.90625
30 0.90625
31 0.90625
32 0.912109375
33 0.912109375
34 0.912109375
35 0.912109375
36 0.912109375
37 0.912109375
38 0.9150390625
39 0.9150390625
40 0.9150390625
41 0.9150390625
42 0.9150390625
43 0.9189453125
44 0.9189453125
45 0.9189453125
46 0.9189453125
47 0.9296875
48 0.9296875
49 0.9296875
50 0.9296875
51 0.9296875
52 0.9296875
53 0.9296875
54 0.9296875
55 0.9296875
56 0.9296875
57 0.9306640625
58 0.9326171875
59 0.9326171875
60 0.9326171875
61 0.9326171875
62 0.9326171875
63 0.9345703125
64 0.9345703125
65 0.9345703125
66 0.9345703125
67 0.9345703125
68 0.9345703125
69 0.935546875
70 0.935546875
71 0.935546875
72 0.935546875
73 0.935546875
74 0.935546875
75 0.935546875
76 0.935546875
77 0.9365234375
78 0.9365234375
79 0.9365234375
80 0.9365234375
81 0.9365234375
82 0.9365234375
83 0.9365234375
84 0.9365234375
85 0.9365234375
86 0.9365234375
87 0.9365234375
88 0.9365234375
89 0.9365234375
90 0.9365234375
91 0.9365234375
92 0.9365234375
93 0.9365234375
94 0.9365234375
95 0.9365234375
96 0.9365234375
97 0.9365234375
98 0.9365234375
99 0.9365234375
100 0.9365234375
101 0.9365234375
102 0.9365234375
103 0.9365234375
104 0.9375
105 0.9375
106 0.9375
107 0.9375
108 0.9375
109 0.9375
110 0.9375
111 0.9375
112 0.9375
113 0.9375
114 0.9375
115 0.9375
116 0.9375
117 0.9375
118 0.9384765625
119 0.9384765625
120 0.9404296875
121 0.9404296875
122 0.9404296875
123 0.9404296875
124 0.9404296875
125 0.9404296875
126 0.9404296875
127 0.9404296875
128 0.9404296875
129 0.9404296875
130 0.9404296875
131 0.9423828125
132 0.9423828125
133 0.9423828125
134 0.9423828125
135 0.9423828125
136 0.9423828125
137 0.9423828125
138 0.9423828125
139 0.9423828125
140 0.9423828125
141 0.9423828125
142 0.943359375
143 0.943359375
144 0.943359375
145 0.943359375
146 0.943359375
147 0.943359375
148 0.943359375
149 0.943359375
150 0.943359375
151 0.9443359375
152 0.9443359375
153 0.9443359375
154 0.9443359375
155 0.9443359375
156 0.9443359375
157 0.9443359375
158 0.9443359375
159 0.9443359375
160 0.9443359375
161 0.9443359375
162 0.9443359375
163 0.9443359375
164 0.9443359375
165 0.9443359375
166 0.9443359375
167 0.9443359375
168 0.9443359375
169 0.9443359375
170 0.9443359375
171 0.9443359375
172 0.9443359375
173 0.9443359375
174 0.9443359375
175 0.9443359375
176 0.9443359375
177 0.9443359375
178 0.9443359375
179 0.9443359375
180 0.9443359375
181 0.9443359375
182 0.9443359375
183 0.9443359375
184 0.9443359375
185 0.9443359375
186 0.9443359375
187 0.9443359375
188 0.9443359375
189 0.9443359375
190 0.9443359375
191 0.9443359375
192 0.9443359375
193 0.9443359375
194 0.9443359375
195 0.9443359375
196 0.9443359375
197 0.9443359375
198 0.9443359375
199 0.9443359375
200 0.9443359375
201 0.9443359375
202 0.9453125
203 0.9453125
204 0.9453125
205 0.9453125
206 0.9453125
207 0.9453125
208 0.9453125
209 0.9453125
210 0.9453125
211 0.9453125
212 0.9453125
213 0.9453125
214 0.9453125
215 0.9453125
216 0.9453125
217 0.9453125
218 0.9453125
219 0.9453125
220 0.9453125
221 0.9453125
222 0.9453125
223 0.9453125
224 0.9453125
225 0.9453125
226 0.9453125
227 0.9453125
228 0.9453125
229 0.9453125
230 0.9453125
231 0.9453125
232 0.9453125
233 0.9453125
234 0.9453125
235 0.9453125
236 0.9453125
237 0.9453125
238 0.9453125
239 0.9453125
240 0.9453125
241 0.9453125
242 0.9453125
243 0.9453125
244 0.9453125
245 0.9453125
246 0.9453125
247 0.9453125
248 0.9453125
249 0.9453125
250 0.9453125
251 0.9453125
252 0.9453125
253 0.9453125
254 0.9453125
255 0.9453125
256 0.9453125
257 0.9453125
258 0.9453125
259 0.9453125
260 0.9462890625
261 0.9462890625
262 0.9462890625
263 0.9462890625
264 0.9462890625
265 0.9462890625
266 0.9462890625
267 0.947265625
268 0.947265625
269 0.947265625
270 0.947265625
271 0.947265625
272 0.947265625
273 0.947265625
274 0.947265625
275 0.947265625
276 0.947265625
277 0.947265625
278 0.947265625
279 0.947265625
280 0.947265625
281 0.947265625
282 0.947265625
283 0.947265625
284 0.947265625
285 0.9482421875
286 0.9482421875
287 0.94921875
288 0.94921875
289 0.94921875
290 0.94921875
291 0.94921875
292 0.94921875
293 0.94921875
294 0.951171875
295 0.951171875
296 0.951171875
297 0.951171875
298 0.951171875
299 0.951171875
300 0.951171875
301 0.951171875
302 0.951171875
303 0.951171875
304 0.951171875
305 0.951171875
306 0.951171875
307 0.951171875
308 0.951171875
309 0.951171875
310 0.951171875
311 0.951171875
312 0.951171875
313 0.951171875
314 0.951171875
315 0.951171875
316 0.951171875
317 0.953125
318 0.953125
319 0.953125
320 0.953125
321 0.953125
322 0.953125
323 0.953125
324 0.955078125
325 0.955078125
326 0.955078125
327 0.955078125
328 0.955078125
329 0.955078125
330 0.955078125
331 0.955078125
332 0.955078125
333 0.955078125
334 0.955078125
335 0.955078125
336 0.955078125
337 0.955078125
338 0.955078125
339 0.955078125
340 0.955078125
341 0.955078125
342 0.955078125
343 0.955078125
344 0.955078125
345 0.955078125
346 0.955078125
347 0.955078125
348 0.955078125
349 0.955078125
350 0.955078125
351 0.955078125
352 0.955078125
353 0.955078125
354 0.955078125
355 0.955078125
356 0.955078125
357 0.955078125
358 0.955078125
359 0.955078125
360 0.955078125
361 0.955078125
362 0.955078125
363 0.955078125
364 0.955078125
365 0.955078125
366 0.955078125
367 0.955078125
368 0.955078125
369 0.955078125
370 0.955078125
371 0.955078125
372 0.955078125
373 0.955078125
374 0.955078125
375 0.955078125
376 0.955078125
377 0.955078125
378 0.955078125
379 0.955078125
380 0.955078125
381 0.955078125
382 0.955078125
383 0.955078125
384 0.955078125
385 0.955078125
386 0.955078125
387 0.955078125
388 0.955078125
389 0.955078125
390 0.955078125
391 0.955078125
392 0.955078125
393 0.955078125
394 0.955078125
395 0.955078125
396 0.955078125
397 0.955078125
398 0.955078125
399 0.955078125
400 0.955078125
401 0.955078125
402 0.955078125
403 0.955078125
404 0.955078125
405 0.955078125
406 0.955078125
407 0.955078125
408 0.955078125
409 0.955078125
410 0.955078125
411 0.955078125
412 0.955078125
413 0.955078125
414 0.955078125
415 0.955078125
416 0.955078125
417 0.955078125
418 0.955078125
419 0.955078125
420 0.955078125
421 0.955078125
422 0.955078125
423 0.955078125
424 0.955078125
425 0.955078125
426 0.955078125
427 0.955078125
428 0.955078125
429 0.955078125
430 0.955078125
431 0.955078125
432 0.955078125
433 0.955078125
434 0.955078125
435 0.955078125
436 0.955078125
437 0.955078125
438 0.955078125
439 0.955078125
440 0.955078125
441 0.955078125
442 0.955078125
443 0.955078125
444 0.955078125
445 0.955078125
446 0.955078125
447 0.955078125
448 0.955078125
449 0.955078125
450 0.955078125
451 0.955078125
452 0.955078125
453 0.955078125
454 0.955078125
455 0.955078125
456 0.955078125
457 0.955078125
458 0.955078125
459 0.955078125
460 0.955078125
461 0.955078125
462 0.955078125
463 0.955078125
464 0.955078125
465 0.955078125
466 0.955078125
467 0.955078125
468 0.955078125
469 0.955078125
470 0.955078125
471 0.955078125
472 0.955078125
473 0.955078125
474 0.955078125
475 0.955078125
476 0.955078125
477 0.955078125
478 0.955078125
479 0.955078125
480 0.955078125
481 0.955078125
482 0.955078125
483 0.955078125
484 0.955078125
485 0.955078125
486 0.955078125
487 0.955078125
488 0.955078125
489 0.955078125
490 0.955078125
491 0.955078125
492 0.955078125
493 0.955078125
494 0.955078125
495 0.955078125
496 0.955078125
497 0.955078125
498 0.955078125
499 0.955078125
500 0.955078125
501 0.955078125
502 0.955078125
503 0.955078125
504 0.955078125
505 0.955078125
506 0.955078125
507 0.955078125
508 0.955078125
509 0.955078125
510 0.955078125
511 0.955078125
512 0.955078125
513 0.955078125
514 0.955078125
515 0.955078125
516 0.955078125
517 0.955078125
518 0.955078125
519 0.955078125
520 0.955078125
521 0.955078125
522 0.955078125
523 0.955078125
524 0.955078125
525 0.955078125
526 0.955078125
527 0.955078125
528 0.955078125
529 0.955078125
530 0.955078125
531 0.955078125
532 0.955078125
533 0.955078125
534 0.955078125
535 0.955078125
536 0.955078125
537 0.955078125
538 0.955078125
539 0.955078125
540 0.955078125
541 0.955078125
542 0.955078125
543 0.955078125
544 0.955078125
545 0.955078125
546 0.955078125
547 0.955078125
548 0.955078125
549 0.955078125
550 0.955078125
551 0.955078125
552 0.955078125
553 0.955078125
554 0.955078125
555 0.955078125
556 0.955078125
557 0.955078125
558 0.955078125
559 0.955078125
560 0.955078125
561 0.955078125
562 0.955078125
563 0.955078125
564 0.955078125
565 0.955078125
566 0.955078125
567 0.955078125
568 0.955078125
569 0.955078125
570 0.955078125
571 0.955078125
572 0.955078125
573 0.955078125
574 0.955078125
575 0.955078125
576 0.955078125
577 0.955078125
578 0.955078125
579 0.955078125
580 0.955078125
581 0.955078125
582 0.955078125
583 0.955078125
584 0.955078125
585 0.955078125
586 0.955078125
587 0.955078125
588 0.955078125
589 0.955078125
590 0.955078125
591 0.955078125
592 0.955078125
593 0.955078125
594 0.955078125
595 0.955078125
596 0.955078125
597 0.955078125
598 0.955078125
599 0.955078125
600 0.955078125
601 0.955078125
602 0.955078125
603 0.955078125
604 0.955078125
605 0.955078125
606 0.955078125
607 0.955078125
608 0.955078125
609 0.955078125
610 0.955078125
611 0.955078125
612 0.955078125
613 0.955078125
614 0.955078125
615 0.955078125
616 0.955078125
617 0.955078125
618 0.955078125
619 0.955078125
620 0.955078125
621 0.955078125
622 0.955078125
623 0.955078125
624 0.955078125
625 0.955078125
626 0.955078125
627 0.955078125
628 0.955078125
629 0.955078125
630 0.955078125
631 0.955078125
632 0.955078125
633 0.955078125
634 0.955078125
635 0.955078125
636 0.955078125
637 0.955078125
638 0.9560546875
639 0.9560546875
640 0.9560546875
641 0.9560546875
642 0.9560546875
643 0.9560546875
644 0.9560546875
645 0.9560546875
646 0.9560546875
647 0.9560546875
648 0.9560546875
649 0.9560546875
650 0.9560546875
651 0.9560546875
652 0.9560546875
653 0.9560546875
654 0.9560546875
655 0.9560546875
656 0.9560546875
657 0.9560546875
658 0.9560546875
659 0.9560546875
660 0.9560546875
661 0.9560546875
662 0.9560546875
663 0.9560546875
664 0.9560546875
665 0.9560546875
666 0.9560546875
667 0.9560546875
668 0.9560546875
669 0.9560546875
670 0.9560546875
671 0.9560546875
672 0.9560546875
673 0.9560546875
674 0.9560546875
675 0.9560546875
676 0.9560546875
677 0.9560546875
678 0.9560546875
679 0.9560546875
680 0.9560546875
681 0.9560546875
682 0.9560546875
683 0.9560546875
684 0.9560546875
685 0.9560546875
686 0.9560546875
687 0.9560546875
688 0.9560546875
689 0.9560546875
690 0.9560546875
691 0.9560546875
692 0.9560546875
693 0.9560546875
694 0.9560546875
695 0.9560546875
696 0.9560546875
697 0.9560546875
698 0.9560546875
699 0.9560546875
700 0.9560546875
701 0.9560546875
702 0.9560546875
703 0.9560546875
704 0.9560546875
705 0.9560546875
706 0.9560546875
707 0.9560546875
708 0.9560546875
709 0.9560546875
710 0.9560546875
711 0.9560546875
712 0.9560546875
713 0.9560546875
714 0.9560546875
715 0.9560546875
716 0.9560546875
717 0.9560546875
718 0.9560546875
719 0.9560546875
720 0.9560546875
721 0.9560546875
722 0.9560546875
723 0.9560546875
724 0.9560546875
725 0.9560546875
726 0.9560546875
727 0.9560546875
728 0.9560546875
729 0.9560546875
730 0.9560546875
731 0.9560546875
732 0.9560546875
733 0.9560546875
734 0.9560546875
735 0.9560546875
736 0.9560546875
737 0.9560546875
738 0.9560546875
739 0.9560546875
740 0.9560546875
741 0.9560546875
742 0.9560546875
743 0.9560546875
744 0.9560546875
745 0.9560546875
746 0.9560546875
747 0.9560546875
748 0.9560546875
749 0.9560546875
750 0.9560546875
751 0.9560546875
752 0.9560546875
753 0.9560546875
754 0.9560546875
755 0.9560546875
756 0.9560546875
757 0.9560546875
758 0.9560546875
759 0.9560546875
760 0.9560546875
761 0.9560546875
762 0.9560546875
763 0.9560546875
764 0.9560546875
765 0.9560546875
766 0.9560546875
767 0.9560546875
768 0.9560546875
769 0.9560546875
770 0.9560546875
771 0.9560546875
772 0.9560546875
773 0.9560546875
774 0.9560546875
775 0.9560546875
776 0.9560546875
777 0.9560546875
778 0.9560546875
779 0.9560546875
780 0.9560546875
781 0.9560546875
782 0.9560546875
783 0.9560546875
784 0.9560546875
785 0.9560546875
786 0.9560546875
787 0.95703125
788 0.95703125
789 0.95703125
790 0.95703125
791 0.95703125
792 0.95703125
793 0.95703125
794 0.95703125
795 0.95703125
796 0.95703125
797 0.95703125
798 0.95703125
799 0.95703125
800 0.95703125
801 0.95703125
802 0.95703125
803 0.95703125
804 0.95703125
805 0.95703125
806 0.95703125
807 0.95703125
808 0.95703125
809 0.95703125
810 0.95703125
811 0.95703125
812 0.95703125
813 0.95703125
814 0.95703125
815 0.95703125
816 0.95703125
817 0.95703125
818 0.95703125
819 0.95703125
820 0.95703125
821 0.95703125
822 0.95703125
823 0.95703125
824 0.95703125
825 0.95703125
826 0.95703125
827 0.95703125
828 0.95703125
829 0.95703125
830 0.95703125
831 0.95703125
832 0.95703125
833 0.95703125
834 0.95703125
835 0.95703125
836 0.95703125
837 0.95703125
838 0.95703125
839 0.95703125
840 0.95703125
841 0.95703125
842 0.95703125
843 0.95703125
844 0.95703125
845 0.95703125
846 0.95703125
847 0.95703125
848 0.95703125
849 0.95703125
850 0.95703125
851 0.95703125
852 0.95703125
853 0.95703125
854 0.95703125
855 0.95703125
856 0.95703125
857 0.95703125
858 0.95703125
859 0.95703125
860 0.95703125
861 0.95703125
862 0.95703125
863 0.95703125
864 0.95703125
865 0.95703125
866 0.95703125
867 0.95703125
868 0.95703125
869 0.95703125
870 0.95703125
871 0.95703125
872 0.95703125
873 0.95703125
874 0.95703125
875 0.95703125
876 0.95703125
877 0.95703125
878 0.95703125
879 0.95703125
880 0.95703125
881 0.95703125
882 0.95703125
883 0.95703125
884 0.95703125
885 0.95703125
886 0.95703125
887 0.95703125
888 0.95703125
889 0.95703125
890 0.95703125
891 0.95703125
892 0.95703125
893 0.95703125
894 0.95703125
895 0.95703125
896 0.95703125
897 0.95703125
898 0.95703125
899 0.95703125
900 0.95703125
901 0.95703125
902 0.95703125
903 0.95703125
904 0.95703125
905 0.95703125
906 0.95703125
907 0.95703125
908 0.95703125
909 0.95703125
910 0.95703125
911 0.95703125
912 0.95703125
913 0.95703125
914 0.95703125
915 0.95703125
916 0.95703125
917 0.95703125
918 0.95703125
919 0.95703125
920 0.95703125
921 0.95703125
922 0.95703125
923 0.95703125
924 0.95703125
925 0.95703125
926 0.95703125
927 0.95703125
928 0.95703125
929 0.95703125
930 0.95703125
931 0.95703125
932 0.95703125
933 0.95703125
934 0.95703125
935 0.95703125
936 0.95703125
937 0.95703125
938 0.95703125
939 0.95703125
940 0.95703125
941 0.95703125
942 0.95703125
943 0.95703125
944 0.95703125
945 0.95703125
946 0.95703125
947 0.95703125
948 0.95703125
949 0.95703125
950 0.95703125
951 0.95703125
952 0.95703125
953 0.95703125
954 0.95703125
955 0.95703125
956 0.95703125
957 0.95703125
958 0.95703125
959 0.95703125
960 0.95703125
961 0.95703125
962 0.95703125
963 0.95703125
964 0.95703125
965 0.95703125
966 0.95703125
967 0.95703125
968 0.95703125
969 0.95703125
970 0.95703125
971 0.95703125
972 0.95703125
973 0.95703125
974 0.95703125
975 0.95703125
976 0.95703125
977 0.95703125
978 0.95703125
979 0.95703125
980 0.95703125
981 0.95703125
982 0.95703125
983 0.95703125
984 0.95703125
985 0.95703125
986 0.95703125
987 0.95703125
988 0.95703125
989 0.95703125
990 0.95703125
991 0.95703125
992 0.95703125
993 0.95703125
994 0.95703125
995 0.95703125
996 0.95703125
997 0.95703125
998 0.95703125
999 0.95703125
1000 0.95703125
1001 0.95703125
1002 0.95703125
1003 0.95703125
1004 0.95703125
1005 0.95703125
1006 0.95703125
1007 0.95703125
1008 0.95703125
1009 0.95703125
1010 0.95703125
1011 0.95703125
1012 0.95703125
1013 0.95703125
1014 0.95703125
1015 0.95703125
1016 0.95703125
1017 0.95703125
1018 0.95703125
1019 0.95703125
1020 0.95703125
1021 0.95703125
1022 0.95703125
1023 0.95703125
1024 0.95703125
1025 0.95703125
1026 0.95703125
1027 0.95703125
1028 0.95703125
1029 0.95703125
1030 0.95703125
1031 0.95703125
1032 0.95703125
1033 0.95703125
1034 0.95703125
1035 0.95703125
1036 0.95703125
1037 0.95703125
1038 0.95703125
1039 0.95703125
1040 0.95703125
1041 0.95703125
1042 0.95703125
1043 0.95703125
1044 0.95703125
1045 0.95703125
1046 0.95703125
1047 0.95703125
1048 0.95703125
1049 0.95703125
1050 0.95703125
1051 0.95703125
1052 0.95703125
1053 0.95703125
1054 0.95703125
1055 0.95703125
1056 0.95703125
1057 0.95703125
1058 0.95703125
1059 0.95703125
1060 0.95703125
1061 0.95703125
1062 0.95703125
1063 0.95703125
1064 0.95703125
1065 0.95703125
1066 0.95703125
1067 0.95703125
1068 0.95703125
1069 0.95703125
1070 0.95703125
1071 0.95703125
1072 0.95703125
1073 0.95703125
1074 0.95703125
1075 0.95703125
1076 0.95703125
1077 0.95703125
1078 0.95703125
1079 0.95703125
1080 0.95703125
1081 0.95703125
1082 0.95703125
1083 0.95703125
1084 0.95703125
1085 0.95703125
1086 0.95703125
1087 0.95703125
1088 0.95703125
1089 0.95703125
1090 0.95703125
1091 0.95703125
1092 0.95703125
1093 0.95703125
1094 0.95703125
1095 0.95703125
1096 0.95703125
1097 0.95703125
1098 0.95703125
1099 0.95703125
1100 0.95703125
1101 0.95703125
1102 0.95703125
1103 0.95703125
1104 0.95703125
1105 0.95703125
1106 0.95703125
1107 0.95703125
1108 0.95703125
1109 0.95703125
1110 0.95703125
1111 0.95703125
1112 0.95703125
1113 0.95703125
1114 0.95703125
1115 0.95703125
1116 0.95703125
1117 0.95703125
1118 0.95703125
1119 0.95703125
1120 0.95703125
1121 0.95703125
1122 0.95703125
1123 0.95703125
1124 0.95703125
1125 0.95703125
1126 0.95703125
1127 0.95703125
1128 0.95703125
1129 0.95703125
1130 0.95703125
1131 0.95703125
1132 0.95703125
1133 0.95703125
1134 0.95703125
1135 0.95703125
1136 0.95703125
1137 0.95703125
1138 0.95703125
1139 0.95703125
1140 0.95703125
1141 0.95703125
1142 0.95703125
1143 0.95703125
1144 0.95703125
1145 0.95703125
1146 0.95703125
1147 0.95703125
1148 0.95703125
1149 0.95703125
1150 0.95703125
1151 0.95703125
1152 0.95703125
1153 0.95703125
1154 0.95703125
1155 0.95703125
1156 0.95703125
1157 0.95703125
1158 0.95703125
1159 0.95703125
1160 0.95703125
1161 0.95703125
1162 0.95703125
1163 0.95703125
1164 0.95703125
1165 0.95703125
1166 0.95703125
1167 0.95703125
1168 0.95703125
1169 0.95703125
1170 0.95703125
1171 0.95703125
1172 0.95703125
1173 0.95703125
1174 0.95703125
1175 0.95703125
1176 0.95703125
1177 0.95703125
1178 0.95703125
1179 0.95703125
1180 0.95703125
1181 0.95703125
1182 0.95703125
1183 0.95703125
1184 0.95703125
1185 0.95703125
1186 0.95703125
1187 0.95703125
1188 0.95703125
1189 0.95703125
1190 0.95703125
1191 0.95703125
1192 0.95703125
1193 0.95703125
1194 0.95703125
1195 0.95703125
1196 0.95703125
1197 0.95703125
1198 0.95703125
1199 0.95703125
1200 0.95703125
1201 0.95703125
1202 0.95703125
1203 0.95703125
1204 0.95703125
1205 0.95703125
1206 0.95703125
1207 0.95703125
1208 0.95703125
1209 0.95703125
1210 0.95703125
1211 0.95703125
1212 0.95703125
1213 0.95703125
1214 0.95703125
1215 0.95703125
1216 0.95703125
1217 0.95703125
1218 0.95703125
1219 0.95703125
1220 0.95703125
1221 0.95703125
1222 0.95703125
1223 0.95703125
1224 0.95703125
1225 0.95703125
1226 0.95703125
1227 0.95703125
1228 0.95703125
1229 0.95703125
1230 0.95703125
1231 0.95703125
1232 0.95703125
1233 0.95703125
1234 0.95703125
1235 0.95703125
1236 0.95703125
1237 0.95703125
1238 0.95703125
1239 0.95703125
1240 0.95703125
1241 0.95703125
1242 0.95703125
1243 0.95703125
1244 0.95703125
1245 0.95703125
1246 0.95703125
1247 0.95703125
1248 0.95703125
1249 0.95703125
1250 0.95703125
1251 0.95703125
1252 0.95703125
1253 0.95703125
1254 0.95703125
1255 0.95703125
1256 0.95703125
1257 0.95703125
1258 0.95703125
1259 0.95703125
1260 0.95703125
1261 0.95703125
1262 0.95703125
1263 0.95703125
1264 0.95703125
1265 0.95703125
1266 0.95703125
1267 0.95703125
1268 0.95703125
1269 0.95703125
1270 0.95703125
1271 0.95703125
1272 0.95703125
1273 0.95703125
1274 0.95703125
1275 0.95703125
1276 0.95703125
1277 0.95703125
1278 0.95703125
1279 0.95703125
1280 0.95703125
1281 0.95703125
1282 0.95703125
1283 0.95703125
1284 0.95703125
1285 0.95703125
1286 0.95703125
1287 0.95703125
1288 0.95703125
1289 0.95703125
1290 0.95703125
1291 0.95703125
1292 0.95703125
1293 0.95703125
1294 0.95703125
1295 0.95703125
1296 0.95703125
1297 0.95703125
1298 0.95703125
1299 0.95703125
1300 0.95703125
1301 0.95703125
1302 0.95703125
1303 0.95703125
1304 0.95703125
1305 0.95703125
1306 0.95703125
1307 0.95703125
1308 0.95703125
1309 0.95703125
1310 0.95703125
1311 0.95703125
1312 0.95703125
1313 0.95703125
1314 0.95703125
1315 0.95703125
1316 0.95703125
1317 0.95703125
1318 0.95703125
1319 0.95703125
1320 0.95703125
1321 0.95703125
1322 0.95703125
1323 0.95703125
1324 0.95703125
1325 0.95703125
1326 0.95703125
1327 0.95703125
1328 0.95703125
1329 0.95703125
1330 0.95703125
1331 0.95703125
1332 0.95703125
1333 0.95703125
1334 0.95703125
1335 0.95703125
1336 0.95703125
1337 0.95703125
1338 0.95703125
1339 0.95703125
1340 0.95703125
1341 0.95703125
1342 0.95703125
1343 0.95703125
1344 0.95703125
1345 0.95703125
1346 0.95703125
1347 0.95703125
1348 0.95703125
1349 0.95703125
1350 0.95703125
1351 0.95703125
1352 0.95703125
1353 0.95703125
1354 0.95703125
1355 0.95703125
1356 0.95703125
1357 0.95703125
1358 0.95703125
1359 0.95703125
1360 0.95703125
1361 0.95703125
1362 0.95703125
1363 0.95703125
1364 0.95703125
1365 0.95703125
1366 0.95703125
1367 0.95703125
1368 0.95703125
1369 0.95703125
1370 0.95703125
1371 0.95703125
1372 0.95703125
1373 0.95703125
1374 0.95703125
1375 0.95703125
1376 0.95703125
1377 0.95703125
1378 0.95703125
1379 0.95703125
1380 0.95703125
1381 0.95703125
1382 0.95703125
1383 0.95703125
1384 0.95703125
1385 0.95703125
1386 0.95703125
1387 0.95703125
1388 0.95703125
1389 0.95703125
1390 0.95703125
1391 0.95703125
1392 0.95703125
1393 0.95703125
1394 0.95703125
1395 0.95703125
1396 0.95703125
1397 0.95703125
1398 0.95703125
1399 0.95703125
1400 0.95703125
1401 0.95703125
1402 0.95703125
1403 0.95703125
1404 0.95703125
1405 0.95703125
1406 0.95703125
1407 0.95703125
1408 0.95703125
1409 0.95703125
1410 0.95703125
1411 0.95703125
1412 0.95703125
1413 0.95703125
1414 0.95703125
1415 0.95703125
1416 0.95703125
1417 0.95703125
1418 0.95703125
1419 0.95703125
1420 0.95703125
1421 0.95703125
1422 0.95703125
1423 0.95703125
1424 0.95703125
1425 0.95703125
1426 0.95703125
1427 0.95703125
1428 0.95703125
1429 0.95703125
1430 0.95703125
1431 0.95703125
1432 0.95703125
1433 0.95703125
1434 0.95703125
1435 0.95703125
1436 0.95703125
1437 0.95703125
1438 0.95703125
1439 0.95703125
1440 0.95703125
1441 0.95703125
1442 0.95703125
1443 0.95703125
1444 0.95703125
1445 0.95703125
1446 0.95703125
1447 0.95703125
1448 0.95703125
1449 0.95703125
1450 0.95703125
1451 0.95703125
1452 0.95703125
1453 0.95703125
1454 0.95703125
1455 0.95703125
1456 0.95703125
1457 0.95703125
1458 0.95703125
1459 0.95703125
1460 0.95703125
1461 0.95703125
1462 0.95703125
1463 0.95703125
1464 0.95703125
1465 0.95703125
1466 0.95703125
1467 0.95703125
1468 0.95703125
1469 0.95703125
1470 0.95703125
1471 0.95703125
1472 0.95703125
1473 0.95703125
1474 0.95703125
1475 0.95703125
1476 0.95703125
1477 0.95703125
1478 0.95703125
1479 0.95703125
1480 0.95703125
1481 0.95703125
1482 0.95703125
1483 0.95703125
1484 0.95703125
1485 0.95703125
1486 0.95703125
1487 0.95703125
1488 0.95703125
1489 0.95703125
1490 0.95703125
1491 0.95703125
1492 0.95703125
1493 0.95703125
1494 0.95703125
1495 0.95703125
1496 0.95703125
1497 0.95703125
1498 0.95703125
1499 0.95703125
1500 0.95703125
1501 0.95703125
1502 0.95703125
1503 0.95703125
1504 0.95703125
1505 0.95703125
1506 0.95703125
1507 0.95703125
1508 0.95703125
1509 0.95703125
1510 0.95703125
1511 0.95703125
1512 0.95703125
1513 0.95703125
1514 0.95703125
1515 0.95703125
1516 0.95703125
1517 0.95703125
1518 0.95703125
1519 0.95703125
1520 0.95703125
1521 0.95703125
1522 0.95703125
1523 0.95703125
1524 0.95703125
1525 0.95703125
1526 0.95703125
1527 0.95703125
1528 0.95703125
1529 0.95703125
1530 0.95703125
1531 0.95703125
1532 0.95703125
1533 0.95703125
1534 0.95703125
1535 0.95703125
1536 0.95703125
1537 0.95703125
1538 0.95703125
1539 0.95703125
1540 0.95703125
1541 0.95703125
1542 0.95703125
1543 0.95703125
1544 0.95703125
1545 0.95703125
1546 0.95703125
1547 0.95703125
1548 0.95703125
1549 0.95703125
1550 0.95703125
1551 0.95703125
1552 0.95703125
1553 0.95703125
1554 0.95703125
1555 0.95703125
1556 0.95703125
1557 0.95703125
1558 0.95703125
1559 0.95703125
1560 0.95703125
1561 0.95703125
1562 0.95703125
1563 0.95703125
1564 0.95703125
1565 0.95703125
1566 0.95703125
1567 0.95703125
1568 0.95703125
1569 0.95703125
1570 0.95703125
1571 0.95703125
1572 0.95703125
1573 0.95703125
1574 0.95703125
1575 0.95703125
1576 0.95703125
1577 0.95703125
1578 0.95703125
1579 0.95703125
1580 0.95703125
1581 0.95703125
1582 0.95703125
1583 0.95703125
1584 0.95703125
1585 0.95703125
1586 0.95703125
1587 0.95703125
1588 0.95703125
1589 0.95703125
1590 0.95703125
1591 0.95703125
1592 0.95703125
1593 0.95703125
1594 0.95703125
1595 0.95703125
1596 0.95703125
1597 0.95703125
1598 0.95703125
1599 0.95703125
1600 0.95703125
1601 0.95703125
1602 0.95703125
1603 0.95703125
1604 0.95703125
1605 0.95703125
1606 0.95703125
1607 0.95703125
1608 0.95703125
1609 0.95703125
1610 0.95703125
1611 0.95703125
1612 0.95703125
1613 0.95703125
1614 0.95703125
1615 0.95703125
1616 0.95703125
1617 0.95703125
1618 0.95703125
1619 0.95703125
1620 0.95703125
1621 0.95703125
1622 0.95703125
1623 0.95703125
1624 0.95703125
1625 0.95703125
1626 0.95703125
1627 0.95703125
1628 0.95703125
1629 0.95703125
1630 0.95703125
1631 0.95703125
1632 0.95703125
1633 0.95703125
1634 0.95703125
1635 0.95703125
1636 0.95703125
1637 0.95703125
1638 0.95703125
1639 0.95703125
1640 0.95703125
1641 0.95703125
1642 0.95703125
1643 0.95703125
1644 0.95703125
1645 0.95703125
1646 0.95703125
1647 0.95703125
1648 0.95703125
1649 0.95703125
1650 0.95703125
1651 0.95703125
1652 0.95703125
1653 0.95703125
1654 0.95703125
1655 0.95703125
1656 0.95703125
1657 0.95703125
1658 0.95703125
1659 0.95703125
1660 0.95703125
1661 0.95703125
1662 0.95703125
1663 0.95703125
1664 0.95703125
1665 0.95703125
1666 0.95703125
1667 0.95703125
1668 0.95703125
1669 0.95703125
1670 0.95703125
1671 0.95703125
1672 0.95703125
1673 0.95703125
1674 0.95703125
1675 0.95703125
1676 0.95703125
1677 0.95703125
1678 0.95703125
1679 0.95703125
1680 0.95703125
1681 0.95703125
1682 0.95703125
1683 0.95703125
1684 0.95703125
1685 0.95703125
1686 0.95703125
1687 0.95703125
1688 0.95703125
1689 0.95703125
1690 0.95703125
1691 0.95703125
1692 0.95703125
1693 0.95703125
1694 0.95703125
1695 0.95703125
1696 0.95703125
1697 0.95703125
1698 0.95703125
1699 0.95703125
1700 0.95703125
1701 0.95703125
1702 0.95703125
1703 0.95703125
1704 0.95703125
1705 0.95703125
1706 0.95703125
1707 0.95703125
1708 0.95703125
1709 0.95703125
1710 0.95703125
1711 0.95703125
1712 0.95703125
1713 0.95703125
1714 0.95703125
1715 0.95703125
1716 0.95703125
1717 0.95703125
1718 0.95703125
1719 0.95703125
1720 0.95703125
1721 0.95703125
1722 0.95703125
1723 0.95703125
1724 0.95703125
1725 0.95703125
1726 0.95703125
1727 0.95703125
1728 0.95703125
1729 0.95703125
1730 0.95703125
1731 0.95703125
1732 0.95703125
1733 0.95703125
1734 0.95703125
1735 0.95703125
1736 0.95703125
1737 0.95703125
1738 0.95703125
1739 0.95703125
1740 0.95703125
1741 0.95703125
1742 0.95703125
1743 0.95703125
1744 0.95703125
1745 0.95703125
1746 0.95703125
1747 0.95703125
1748 0.95703125
1749 0.95703125
1750 0.95703125
1751 0.95703125
1752 0.95703125
1753 0.95703125
1754 0.95703125
1755 0.95703125
1756 0.95703125
1757 0.95703125
1758 0.95703125
1759 0.95703125
1760 0.95703125
1761 0.95703125
1762 0.95703125
1763 0.95703125
1764 0.95703125
1765 0.95703125
1766 0.95703125
1767 0.95703125
1768 0.95703125
1769 0.95703125
1770 0.95703125
1771 0.95703125
1772 0.95703125
1773 0.95703125
1774 0.95703125
1775 0.95703125
1776 0.95703125
1777 0.95703125
1778 0.95703125
1779 0.95703125
1780 0.95703125
1781 0.95703125
1782 0.95703125
1783 0.95703125
1784 0.95703125
1785 0.95703125
1786 0.95703125
1787 0.95703125
1788 0.95703125
1789 0.95703125
1790 0.95703125
1791 0.95703125
1792 0.95703125
1793 0.95703125
1794 0.95703125
1795 0.95703125
1796 0.95703125
1797 0.95703125
1798 0.95703125
1799 0.95703125
1800 0.95703125
1801 0.95703125
1802 0.95703125
1803 0.95703125
1804 0.95703125
1805 0.95703125
1806 0.95703125
1807 0.95703125
1808 0.95703125
1809 0.95703125
1810 0.95703125
1811 0.95703125
1812 0.95703125
1813 0.95703125
1814 0.95703125
1815 0.95703125
1816 0.95703125
1817 0.95703125
1818 0.95703125
1819 0.95703125
1820 0.95703125
1821 0.95703125
1822 0.95703125
1823 0.95703125
1824 0.95703125
1825 0.95703125
1826 0.95703125
1827 0.95703125
1828 0.95703125
1829 0.95703125
1830 0.95703125
1831 0.95703125
1832 0.95703125
1833 0.95703125
1834 0.95703125
1835 0.95703125
1836 0.95703125
1837 0.95703125
1838 0.95703125
1839 0.95703125
1840 0.95703125
1841 0.95703125
1842 0.95703125
1843 0.95703125
1844 0.95703125
1845 0.95703125
1846 0.95703125
1847 0.95703125
1848 0.95703125
1849 0.95703125
1850 0.95703125
1851 0.95703125
1852 0.95703125
1853 0.95703125
1854 0.95703125
1855 0.95703125
1856 0.95703125
1857 0.95703125
1858 0.95703125
1859 0.95703125
1860 0.95703125
1861 0.95703125
1862 0.95703125
1863 0.95703125
1864 0.95703125
1865 0.95703125
1866 0.95703125
1867 0.95703125
1868 0.95703125
1869 0.95703125
1870 0.95703125
1871 0.95703125
1872 0.95703125
1873 0.95703125
1874 0.95703125
1875 0.95703125
1876 0.95703125
1877 0.95703125
1878 0.95703125
1879 0.95703125
1880 0.95703125
1881 0.95703125
1882 0.95703125
1883 0.95703125
1884 0.95703125
1885 0.95703125
1886 0.95703125
1887 0.95703125
1888 0.95703125
1889 0.95703125
1890 0.95703125
1891 0.95703125
1892 0.95703125
1893 0.95703125
1894 0.95703125
1895 0.95703125
1896 0.95703125
1897 0.95703125
1898 0.95703125
1899 0.95703125
1900 0.95703125
1901 0.95703125
1902 0.95703125
1903 0.95703125
1904 0.95703125
1905 0.95703125
1906 0.95703125
1907 0.95703125
1908 0.95703125
1909 0.95703125
1910 0.95703125
1911 0.95703125
1912 0.95703125
1913 0.95703125
1914 0.95703125
1915 0.95703125
1916 0.95703125
1917 0.95703125
1918 0.95703125
1919 0.95703125
1920 0.95703125
1921 0.95703125
1922 0.95703125
1923 0.95703125
1924 0.95703125
1925 0.95703125
1926 0.95703125
1927 0.95703125
1928 0.95703125
1929 0.95703125
1930 0.95703125
1931 0.95703125
1932 0.95703125
1933 0.95703125
1934 0.95703125
1935 0.95703125
1936 0.95703125
1937 0.95703125
1938 0.95703125
1939 0.95703125
1940 0.95703125
1941 0.95703125
1942 0.95703125
1943 0.95703125
1944 0.95703125
1945 0.95703125
1946 0.95703125
1947 0.95703125
1948 0.95703125
1949 0.95703125
1950 0.95703125
1951 0.95703125
1952 0.95703125
1953 0.95703125
1954 0.95703125
1955 0.95703125
1956 0.95703125
1957 0.95703125
1958 0.95703125
1959 0.95703125
1960 0.95703125
1961 0.95703125
1962 0.95703125
1963 0.95703125
1964 0.95703125
1965 0.95703125
1966 0.95703125
1967 0.95703125
1968 0.95703125
1969 0.95703125
1970 0.95703125
1971 0.95703125
1972 0.95703125
1973 0.95703125
1974 0.95703125
1975 0.95703125
1976 0.95703125
1977 0.95703125
1978 0.95703125
1979 0.95703125
1980 0.95703125
1981 0.9580078125
1982 0.9580078125
1983 0.9580078125
1984 0.9580078125
1985 0.9580078125
1986 0.9580078125
1987 0.9580078125
1988 0.9580078125
1989 0.9580078125
1990 0.9580078125
1991 0.9580078125
1992 0.9580078125
1993 0.9580078125
1994 0.9580078125
1995 0.9580078125
1996 0.9580078125
1997 0.9580078125
1998 0.9580078125
1999 0.9580078125
2000 0.9580078125
2001 0.9580078125
2002 0.9580078125
2003 0.9580078125
2004 0.9580078125
2005 0.9580078125
2006 0.9580078125
2007 0.9580078125
2008 0.9580078125
2009 0.9580078125
2010 0.9580078125
2011 0.9580078125
2012 0.9580078125
2013 0.9580078125
2014 0.9580078125
2015 0.9580078125
2016 0.9580078125
2017 0.9580078125
2018 0.9580078125
2019 0.9580078125
2020 0.9580078125
2021 0.9580078125
2022 0.9580078125
2023 0.9580078125
2024 0.9580078125
2025 0.9580078125
2026 0.9580078125
2027 0.9580078125
2028 0.9580078125
2029 0.9580078125
2030 0.9580078125
2031 0.9580078125
2032 0.9580078125
2033 0.9580078125
2034 0.9580078125
2035 0.9580078125
2036 0.9580078125
2037 0.9580078125
2038 0.9580078125
2039 0.9580078125
2040 0.9580078125
2041 0.9580078125
2042 0.9580078125
2043 0.9580078125
2044 0.9580078125
2045 0.9580078125
2046 0.9580078125
2047 0.9580078125
2048 0.9580078125
2049 0.9580078125
2050 0.9580078125
2051 0.9580078125
2052 0.9580078125
2053 0.9580078125
2054 0.9580078125
2055 0.9580078125
2056 0.9580078125
2057 0.9580078125
2058 0.9580078125
2059 0.9580078125
2060 0.9580078125
2061 0.9580078125
2062 0.9580078125
2063 0.9580078125
2064 0.9580078125
2065 0.9580078125
2066 0.9580078125
2067 0.9580078125
2068 0.9580078125
2069 0.9580078125
2070 0.9580078125
2071 0.9580078125
2072 0.9580078125
2073 0.9580078125
2074 0.9580078125
2075 0.9580078125
2076 0.9580078125
2077 0.9580078125
2078 0.9580078125
2079 0.9580078125
2080 0.9580078125
2081 0.9580078125
2082 0.9580078125
2083 0.9580078125
2084 0.9580078125
2085 0.9580078125
2086 0.9580078125
2087 0.9580078125
2088 0.9580078125
2089 0.9580078125
2090 0.9580078125
2091 0.9580078125
2092 0.9580078125
2093 0.9580078125
2094 0.9580078125
2095 0.9580078125
2096 0.9580078125
2097 0.9580078125
2098 0.9580078125
2099 0.9580078125
2100 0.9580078125
2101 0.9580078125
2102 0.9580078125
2103 0.9580078125
2104 0.9580078125
2105 0.9580078125
2106 0.9580078125
2107 0.9580078125
2108 0.9580078125
2109 0.9580078125
2110 0.9580078125
2111 0.9580078125
2112 0.9580078125
2113 0.9580078125
2114 0.9580078125
2115 0.9580078125
2116 0.9580078125
2117 0.9580078125
2118 0.9580078125
2119 0.9580078125
2120 0.9580078125
2121 0.9580078125
2122 0.9580078125
2123 0.9580078125
2124 0.9580078125
2125 0.9580078125
2126 0.9580078125
2127 0.9580078125
2128 0.9580078125
2129 0.9580078125
2130 0.9580078125
2131 0.9580078125
2132 0.9580078125
2133 0.9580078125
2134 0.9580078125
2135 0.9580078125
2136 0.9580078125
2137 0.9580078125
2138 0.9580078125
2139 0.9580078125
2140 0.9580078125
2141 0.9580078125
2142 0.9580078125
2143 0.9580078125
2144 0.9580078125
2145 0.9580078125
2146 0.9580078125
2147 0.9580078125
2148 0.9580078125
2149 0.9580078125
2150 0.9580078125
2151 0.9580078125
2152 0.9580078125
2153 0.9580078125
2154 0.9580078125
2155 0.9580078125
2156 0.9580078125
2157 0.9580078125
2158 0.9580078125
2159 0.9580078125
2160 0.9580078125
2161 0.9580078125
2162 0.9580078125
2163 0.9580078125
2164 0.9580078125
2165 0.9580078125
2166 0.9580078125
2167 0.9580078125
2168 0.9580078125
2169 0.9580078125
2170 0.9580078125
2171 0.9580078125
2172 0.9580078125
2173 0.9580078125
2174 0.9580078125
2175 0.9580078125
2176 0.9580078125
2177 0.9580078125
2178 0.9580078125
2179 0.9580078125
2180 0.9580078125
2181 0.9580078125
2182 0.9580078125
2183 0.9580078125
2184 0.9580078125
2185 0.9580078125
2186 0.9580078125
2187 0.9580078125
2188 0.9580078125
2189 0.9580078125
2190 0.9580078125
2191 0.9580078125
2192 0.9580078125
2193 0.9580078125
2194 0.9580078125
2195 0.9580078125
2196 0.9580078125
2197 0.9580078125
2198 0.9580078125
2199 0.9580078125
2200 0.9580078125
2201 0.9580078125
2202 0.9580078125
2203 0.9580078125
2204 0.9580078125
2205 0.9580078125
2206 0.9580078125
2207 0.9580078125
2208 0.9580078125
2209 0.9580078125
2210 0.9580078125
2211 0.9580078125
2212 0.9580078125
2213 0.9580078125
2214 0.9580078125
2215 0.9580078125
2216 0.9580078125
2217 0.9580078125
2218 0.9580078125
2219 0.9580078125
2220 0.9580078125
2221 0.9580078125
2222 0.9580078125
2223 0.9580078125
2224 0.9580078125
2225 0.9580078125
2226 0.9580078125
2227 0.9580078125
2228 0.9580078125
2229 0.9580078125
2230 0.9580078125
2231 0.9580078125
2232 0.9580078125
2233 0.9580078125
2234 0.9580078125
2235 0.9580078125
2236 0.9580078125
2237 0.9580078125
2238 0.9580078125
2239 0.9580078125
2240 0.9580078125
2241 0.9580078125
2242 0.9580078125
2243 0.9580078125
2244 0.9580078125
2245 0.9580078125
2246 0.9580078125
2247 0.9580078125
2248 0.9580078125
2249 0.9580078125
2250 0.9580078125
2251 0.9580078125
2252 0.9580078125
2253 0.9580078125
2254 0.9580078125
2255 0.9580078125
2256 0.9580078125
2257 0.9580078125
2258 0.9580078125
2259 0.9580078125
2260 0.9580078125
2261 0.9580078125
2262 0.9580078125
2263 0.9580078125
2264 0.9580078125
2265 0.9580078125
2266 0.9580078125
2267 0.9580078125
2268 0.9580078125
2269 0.9580078125
2270 0.9580078125
2271 0.9580078125
2272 0.9580078125
2273 0.9580078125
2274 0.9580078125
2275 0.9580078125
2276 0.9580078125
2277 0.9580078125
2278 0.9580078125
2279 0.9580078125
2280 0.9580078125
2281 0.9580078125
2282 0.9580078125
2283 0.9580078125
2284 0.9580078125
2285 0.9580078125
2286 0.9580078125
2287 0.9580078125
2288 0.9580078125
2289 0.9580078125
2290 0.9580078125
2291 0.9580078125
2292 0.9580078125
2293 0.9580078125
2294 0.9580078125
2295 0.9580078125
2296 0.9580078125
2297 0.9580078125
2298 0.9580078125
2299 0.9580078125
2300 0.9580078125
2301 0.9580078125
2302 0.9580078125
2303 0.9580078125
2304 0.9580078125
2305 0.9580078125
2306 0.9580078125
2307 0.9580078125
2308 0.9580078125
2309 0.9580078125
2310 0.9580078125
2311 0.9580078125
2312 0.9580078125
2313 0.9580078125
2314 0.9580078125
2315 0.9580078125
2316 0.9580078125
2317 0.9580078125
2318 0.9580078125
2319 0.9580078125
2320 0.9580078125
2321 0.9580078125
2322 0.9580078125
2323 0.9580078125
2324 0.9580078125
2325 0.9580078125
2326 0.9580078125
2327 0.9580078125
2328 0.9580078125
2329 0.9580078125
2330 0.9580078125
2331 0.9580078125
2332 0.9580078125
2333 0.9580078125
2334 0.9580078125
2335 0.9580078125
2336 0.9580078125
2337 0.9580078125
2338 0.9580078125
2339 0.9580078125
2340 0.9580078125
2341 0.9580078125
2342 0.9580078125
2343 0.9580078125
2344 0.9580078125
2345 0.9580078125
2346 0.9580078125
2347 0.9580078125
2348 0.9580078125
2349 0.9580078125
2350 0.9580078125
2351 0.9580078125
2352 0.9580078125
2353 0.9580078125
2354 0.9580078125
2355 0.9580078125
2356 0.9580078125
2357 0.9580078125
2358 0.9580078125
2359 0.9580078125
2360 0.9580078125
2361 0.9580078125
2362 0.9580078125
2363 0.9580078125
2364 0.9580078125
2365 0.9580078125
2366 0.9580078125
2367 0.9580078125
2368 0.9580078125
2369 0.9580078125
2370 0.9580078125
2371 0.9580078125
2372 0.9580078125
2373 0.9580078125
2374 0.9580078125
2375 0.9580078125
2376 0.9580078125
2377 0.9580078125
2378 0.9580078125
2379 0.9580078125
2380 0.9580078125
2381 0.9580078125
2382 0.9580078125
2383 0.9580078125
2384 0.9580078125
2385 0.9580078125
2386 0.9580078125
2387 0.9580078125
2388 0.9580078125
2389 0.9580078125
2390 0.9580078125
2391 0.9580078125
2392 0.9580078125
2393 0.9580078125
2394 0.9580078125
2395 0.9580078125
2396 0.9580078125
2397 0.9580078125
2398 0.9580078125
2399 0.9580078125
2400 0.9580078125
2401 0.9580078125
2402 0.9580078125
2403 0.9580078125
2404 0.9580078125
2405 0.9580078125
2406 0.9580078125
2407 0.9580078125
2408 0.9580078125
2409 0.9580078125
2410 0.9580078125
2411 0.9580078125
2412 0.9580078125
2413 0.9580078125
2414 0.9580078125
2415 0.9580078125
2416 0.9580078125
2417 0.9580078125
2418 0.9580078125
2419 0.9580078125
2420 0.9580078125
2421 0.9580078125
2422 0.9580078125
2423 0.9580078125
2424 0.9580078125
2425 0.9580078125
2426 0.9580078125
2427 0.9580078125
2428 0.9580078125
2429 0.9580078125
2430 0.9580078125
2431 0.9580078125
2432 0.9580078125
2433 0.9580078125
2434 0.9580078125
2435 0.9580078125
2436 0.9580078125
2437 0.9580078125
2438 0.9580078125
2439 0.9580078125
2440 0.9580078125
2441 0.9580078125
2442 0.9580078125
2443 0.9580078125
2444 0.9580078125
2445 0.9580078125
2446 0.9580078125
2447 0.9580078125
2448 0.9580078125
2449 0.9580078125
2450 0.9580078125
2451 0.9580078125
2452 0.9580078125
2453 0.9580078125
2454 0.9580078125
2455 0.9580078125
2456 0.9580078125
2457 0.9580078125
2458 0.9580078125
2459 0.9580078125
2460 0.9580078125
2461 0.9580078125
2462 0.9580078125
2463 0.9580078125
2464 0.9580078125
2465 0.9580078125
2466 0.9580078125
2467 0.9580078125
2468 0.9580078125
2469 0.9580078125
2470 0.9580078125
2471 0.9580078125
2472 0.9580078125
2473 0.9580078125
2474 0.9580078125
2475 0.9580078125
2476 0.9580078125
2477 0.9580078125
2478 0.9580078125
2479 0.9580078125
2480 0.9580078125
2481 0.9580078125
2482 0.9580078125
2483 0.9580078125
2484 0.9580078125
2485 0.9580078125
2486 0.9580078125
2487 0.9580078125
2488 0.9580078125
2489 0.9580078125
2490 0.9580078125
2491 0.9580078125
2492 0.9580078125
2493 0.9580078125
2494 0.9580078125
2495 0.9580078125
2496 0.9580078125
2497 0.9580078125
2498 0.9580078125
2499 0.9580078125
2500 0.9580078125
2501 0.9580078125
2502 0.9580078125
2503 0.9580078125
2504 0.9580078125
2505 0.9580078125
2506 0.9580078125
2507 0.9580078125
2508 0.9580078125
2509 0.9580078125
2510 0.9580078125
2511 0.9580078125
2512 0.9580078125
2513 0.9580078125
2514 0.9580078125
2515 0.9580078125
2516 0.9580078125
2517 0.9580078125
2518 0.9580078125
2519 0.9580078125
2520 0.9580078125
2521 0.9580078125
2522 0.9580078125
2523 0.9580078125
2524 0.9580078125
2525 0.9580078125
2526 0.9580078125
2527 0.9580078125
2528 0.9580078125
2529 0.9580078125
2530 0.9580078125
2531 0.9580078125
2532 0.9580078125
2533 0.9580078125
2534 0.9580078125
2535 0.9580078125
2536 0.9580078125
2537 0.9580078125
2538 0.9580078125
2539 0.9580078125
2540 0.9580078125
2541 0.9580078125
2542 0.9580078125
2543 0.9580078125
2544 0.9580078125
2545 0.9580078125
2546 0.9580078125
2547 0.9580078125
2548 0.9580078125
2549 0.9580078125
2550 0.9580078125
2551 0.9580078125
2552 0.9580078125
2553 0.9580078125
2554 0.9580078125
2555 0.9580078125
2556 0.9580078125
2557 0.9580078125
2558 0.9580078125
2559 0.9580078125
2560 0.9580078125
2561 0.9580078125
2562 0.9580078125
2563 0.9580078125
2564 0.9580078125
2565 0.9580078125
2566 0.9580078125
2567 0.9580078125
2568 0.9580078125
2569 0.9580078125
2570 0.9580078125
2571 0.9580078125
2572 0.9580078125
2573 0.9580078125
2574 0.9580078125
2575 0.9580078125
2576 0.9580078125
2577 0.9580078125
2578 0.9580078125
2579 0.9580078125
2580 0.9580078125
2581 0.9580078125
2582 0.9580078125
2583 0.9580078125
2584 0.9580078125
2585 0.9580078125
2586 0.9580078125
2587 0.9580078125
2588 0.9580078125
2589 0.9580078125
2590 0.9580078125
2591 0.9580078125
2592 0.9580078125
2593 0.9580078125
2594 0.9580078125
2595 0.9580078125
2596 0.9580078125
2597 0.9580078125
2598 0.9580078125
2599 0.9580078125
2600 0.9580078125
2601 0.9580078125
2602 0.9580078125
2603 0.9580078125
2604 0.9580078125
2605 0.9580078125
2606 0.9580078125
2607 0.9580078125
2608 0.9580078125
2609 0.9580078125
2610 0.9580078125
2611 0.9580078125
2612 0.9580078125
2613 0.9580078125
2614 0.9580078125
2615 0.9580078125
2616 0.9580078125
2617 0.9580078125
2618 0.9580078125
2619 0.9580078125
2620 0.9580078125
2621 0.9580078125
2622 0.9580078125
2623 0.9580078125
2624 0.9580078125
2625 0.9580078125
2626 0.9580078125
2627 0.9580078125
2628 0.9580078125
2629 0.9580078125
2630 0.9580078125
2631 0.9580078125
2632 0.9580078125
2633 0.9580078125
2634 0.9580078125
2635 0.9580078125
2636 0.9580078125
2637 0.9580078125
2638 0.9580078125
2639 0.9580078125
2640 0.9580078125
2641 0.9580078125
2642 0.9580078125
2643 0.9580078125
2644 0.9580078125
2645 0.9580078125
2646 0.9580078125
2647 0.9580078125
2648 0.9580078125
2649 0.9580078125
2650 0.9580078125
2651 0.9580078125
2652 0.9580078125
2653 0.9580078125
2654 0.9580078125
2655 0.9580078125
2656 0.9580078125
2657 0.9580078125
2658 0.9580078125
2659 0.9580078125
2660 0.9580078125
2661 0.9580078125
2662 0.9580078125
2663 0.9580078125
2664 0.9580078125
2665 0.9580078125
2666 0.9580078125
2667 0.9580078125
2668 0.9580078125
2669 0.9580078125
2670 0.9580078125
2671 0.9580078125
2672 0.9580078125
2673 0.9580078125
2674 0.9580078125
2675 0.9580078125
2676 0.9580078125
2677 0.9580078125
2678 0.9580078125
2679 0.9580078125
2680 0.9580078125
2681 0.9580078125
2682 0.9580078125
2683 0.9580078125
2684 0.9580078125
2685 0.9580078125
2686 0.9580078125
2687 0.9580078125
2688 0.9580078125
2689 0.9580078125
2690 0.9580078125
2691 0.9580078125
2692 0.9580078125
2693 0.9580078125
2694 0.9580078125
2695 0.9580078125
2696 0.9580078125
2697 0.9580078125
2698 0.9580078125
2699 0.9580078125
2700 0.9580078125
2701 0.9580078125
2702 0.9580078125
2703 0.9580078125
2704 0.9580078125
2705 0.9580078125
2706 0.9580078125
2707 0.9580078125
2708 0.9580078125
2709 0.9580078125
2710 0.9580078125
2711 0.9580078125
2712 0.9580078125
2713 0.9580078125
2714 0.9580078125
2715 0.9580078125
2716 0.9580078125
2717 0.9580078125
2718 0.9580078125
2719 0.9580078125
2720 0.9580078125
2721 0.9580078125
2722 0.9580078125
2723 0.9580078125
2724 0.9580078125
2725 0.9580078125
2726 0.9580078125
2727 0.9580078125
2728 0.9580078125
2729 0.9580078125
2730 0.9580078125
2731 0.9580078125
2732 0.9580078125
2733 0.9580078125
2734 0.9580078125
2735 0.9580078125
2736 0.9580078125
2737 0.9580078125
2738 0.9580078125
2739 0.9580078125
2740 0.9580078125
2741 0.9580078125
2742 0.9580078125
2743 0.9580078125
2744 0.9580078125
2745 0.9580078125
2746 0.9580078125
2747 0.9580078125
2748 0.9580078125
2749 0.9580078125
2750 0.9580078125
2751 0.9580078125
2752 0.9580078125
2753 0.9580078125
2754 0.9580078125
2755 0.9580078125
2756 0.9580078125
2757 0.9580078125
2758 0.9580078125
2759 0.9580078125
2760 0.9580078125
2761 0.9580078125
2762 0.9580078125
2763 0.9580078125
2764 0.9580078125
2765 0.9580078125
2766 0.9580078125
2767 0.9580078125
2768 0.9580078125
2769 0.9580078125
2770 0.9580078125
2771 0.9580078125
2772 0.9580078125
2773 0.9580078125
2774 0.9580078125
2775 0.9580078125
2776 0.9580078125
2777 0.9580078125
2778 0.9580078125
2779 0.9580078125
2780 0.9580078125
2781 0.9580078125
2782 0.9580078125
2783 0.9580078125
2784 0.9580078125
2785 0.9580078125
2786 0.9580078125
2787 0.9580078125
2788 0.9580078125
2789 0.9580078125
2790 0.9580078125
2791 0.9580078125
2792 0.9580078125
2793 0.9580078125
2794 0.9580078125
2795 0.9580078125
2796 0.9580078125
2797 0.9580078125
2798 0.9580078125
2799 0.9580078125
2800 0.9580078125
2801 0.9580078125
2802 0.9580078125
2803 0.9580078125
2804 0.9580078125
2805 0.9580078125
2806 0.9580078125
2807 0.9580078125
2808 0.9580078125
2809 0.9580078125
2810 0.9580078125
2811 0.9580078125
2812 0.9580078125
2813 0.9580078125
2814 0.9580078125
2815 0.9580078125
2816 0.9580078125
2817 0.9580078125
2818 0.9580078125
2819 0.9580078125
2820 0.9580078125
2821 0.9580078125
2822 0.9580078125
2823 0.9580078125
2824 0.9580078125
2825 0.9580078125
2826 0.9580078125
2827 0.9580078125
2828 0.9580078125
2829 0.9580078125
2830 0.9580078125
2831 0.9580078125
2832 0.9580078125
2833 0.9580078125
2834 0.9580078125
2835 0.9580078125
2836 0.9580078125
2837 0.9580078125
2838 0.9580078125
2839 0.9580078125
2840 0.9580078125
2841 0.9580078125
2842 0.9580078125
2843 0.9580078125
2844 0.9580078125
2845 0.9580078125
2846 0.9580078125
2847 0.9580078125
2848 0.9580078125
2849 0.9580078125
2850 0.9580078125
2851 0.9580078125
2852 0.9580078125
2853 0.9580078125
2854 0.9580078125
2855 0.9580078125
2856 0.9580078125
2857 0.9580078125
2858 0.9580078125
2859 0.9580078125
2860 0.9580078125
2861 0.9580078125
2862 0.9580078125
2863 0.9580078125
2864 0.9580078125
2865 0.9580078125
2866 0.9580078125
2867 0.9580078125
2868 0.9580078125
2869 0.9580078125
2870 0.9580078125
2871 0.9580078125
2872 0.9580078125
2873 0.9580078125
2874 0.9580078125
2875 0.9580078125
2876 0.9580078125
2877 0.9580078125
2878 0.9580078125
2879 0.9580078125
2880 0.9580078125
2881 0.9580078125
2882 0.9580078125
2883 0.9580078125
2884 0.9580078125
2885 0.9580078125
2886 0.9580078125
2887 0.9580078125
2888 0.9580078125
2889 0.9580078125
2890 0.9580078125
2891 0.9580078125
2892 0.9580078125
2893 0.9580078125
2894 0.9580078125
2895 0.9580078125
2896 0.9580078125
2897 0.9580078125
2898 0.9580078125
2899 0.9580078125
2900 0.9580078125
2901 0.9580078125
2902 0.9580078125
2903 0.9580078125
2904 0.9580078125
2905 0.9580078125
2906 0.9580078125
2907 0.9580078125
2908 0.9580078125
2909 0.9580078125
2910 0.9580078125
2911 0.9580078125
2912 0.9580078125
2913 0.9580078125
2914 0.9580078125
2915 0.9580078125
2916 0.9580078125
2917 0.9580078125
2918 0.9580078125
2919 0.9580078125
2920 0.9580078125
2921 0.9580078125
2922 0.9580078125
2923 0.9580078125
2924 0.9580078125
2925 0.9580078125
2926 0.9580078125
2927 0.9580078125
2928 0.9580078125
2929 0.9580078125
2930 0.9580078125
2931 0.9580078125
2932 0.9580078125
2933 0.9580078125
2934 0.9580078125
2935 0.9580078125
2936 0.9580078125
2937 0.9580078125
2938 0.9580078125
2939 0.9580078125
2940 0.9580078125
2941 0.9580078125
2942 0.9580078125
2943 0.9580078125
2944 0.9580078125
2945 0.9580078125
2946 0.9580078125
2947 0.9580078125
2948 0.9580078125
2949 0.9580078125
2950 0.9580078125
2951 0.9580078125
2952 0.9580078125
2953 0.9580078125
2954 0.9580078125
2955 0.9580078125
2956 0.9580078125
2957 0.9580078125
2958 0.9580078125
2959 0.9580078125
2960 0.9580078125
2961 0.9580078125
2962 0.9580078125
2963 0.9580078125
2964 0.9580078125
2965 0.9580078125
2966 0.9580078125
2967 0.9580078125
2968 0.9580078125
2969 0.9580078125
2970 0.9580078125
2971 0.9580078125
2972 0.9580078125
2973 0.9580078125
2974 0.9580078125
2975 0.9580078125
2976 0.9580078125
2977 0.9580078125
2978 0.9580078125
2979 0.9580078125
2980 0.9580078125
2981 0.9580078125
2982 0.9580078125
2983 0.9580078125
2984 0.9580078125
2985 0.9580078125
2986 0.9580078125
2987 0.9580078125
2988 0.9580078125
2989 0.9580078125
2990 0.9580078125
2991 0.9580078125
2992 0.9580078125
2993 0.9580078125
2994 0.9580078125
2995 0.9580078125
2996 0.9580078125
2997 0.9580078125
2998 0.9580078125
2999 0.9580078125
3000 0.9580078125
3001 0.9580078125
3002 0.9580078125
3003 0.9580078125
3004 0.9580078125
3005 0.9580078125
3006 0.9580078125
3007 0.9580078125
3008 0.9580078125
3009 0.9580078125
3010 0.9580078125
3011 0.9580078125
3012 0.9580078125
3013 0.9580078125
3014 0.9580078125
3015 0.9580078125
3016 0.9580078125
3017 0.9580078125
3018 0.9580078125
3019 0.9580078125
3020 0.9580078125
3021 0.9580078125
3022 0.9580078125
3023 0.9580078125
3024 0.9580078125
3025 0.9580078125
3026 0.9580078125
3027 0.9580078125
3028 0.9580078125
3029 0.9580078125
3030 0.9580078125
3031 0.9580078125
3032 0.9580078125
3033 0.9580078125
3034 0.9580078125
3035 0.9580078125
3036 0.9580078125
3037 0.9580078125
3038 0.9580078125
3039 0.9580078125
3040 0.9580078125
3041 0.9580078125
3042 0.9580078125
3043 0.9580078125
3044 0.9580078125
3045 0.9580078125
3046 0.9580078125
3047 0.9580078125
3048 0.9580078125
3049 0.9580078125
3050 0.9580078125
3051 0.9580078125
3052 0.9580078125
3053 0.9580078125
3054 0.9580078125
3055 0.9580078125
3056 0.9580078125
3057 0.9580078125
3058 0.9580078125
3059 0.9580078125
3060 0.9580078125
3061 0.9580078125
3062 0.9580078125
3063 0.9580078125
3064 0.9580078125
3065 0.9580078125
3066 0.9580078125
3067 0.9580078125
3068 0.9580078125
3069 0.9580078125
3070 0.9580078125
3071 0.9580078125
3072 0.9580078125
3073 0.9580078125
3074 0.9580078125
3075 0.9580078125
3076 0.9580078125
3077 0.9580078125
3078 0.9580078125
3079 0.9580078125
3080 0.9580078125
3081 0.9580078125
3082 0.9580078125
3083 0.9580078125
3084 0.9580078125
3085 0.9580078125
3086 0.9580078125
3087 0.9580078125
3088 0.9580078125
3089 0.9580078125
3090 0.9580078125
3091 0.9580078125
3092 0.9580078125
3093 0.9580078125
3094 0.9580078125
3095 0.9580078125
3096 0.9580078125
3097 0.9580078125
3098 0.9580078125
3099 0.9580078125
3100 0.9580078125
3101 0.9580078125
3102 0.9580078125
3103 0.9580078125
3104 0.9580078125
3105 0.9580078125
3106 0.9580078125
3107 0.9580078125
3108 0.9580078125
3109 0.9580078125
3110 0.9580078125
3111 0.9580078125
3112 0.9580078125
3113 0.9580078125
3114 0.9580078125
3115 0.9580078125
3116 0.9580078125
3117 0.9580078125
3118 0.9580078125
3119 0.9580078125
3120 0.9580078125
3121 0.9580078125
3122 0.9580078125
3123 0.9580078125
3124 0.9580078125
3125 0.9580078125
3126 0.9580078125
3127 0.9580078125
3128 0.9580078125
3129 0.9580078125
3130 0.9580078125
3131 0.9580078125
3132 0.9580078125
3133 0.9580078125
3134 0.9580078125
3135 0.9580078125
3136 0.9580078125
3137 0.9580078125
3138 0.9580078125
3139 0.9580078125
3140 0.9580078125
3141 0.9580078125
3142 0.9580078125
3143 0.9580078125
3144 0.9580078125
3145 0.9580078125
3146 0.9580078125
3147 0.9580078125
3148 0.9580078125
3149 0.9580078125
3150 0.9580078125
3151 0.9580078125
3152 0.9580078125
3153 0.9580078125
3154 0.9580078125
3155 0.9580078125
3156 0.9580078125
3157 0.9580078125
3158 0.9580078125
3159 0.9580078125
3160 0.9580078125
3161 0.9580078125
3162 0.9580078125
3163 0.9580078125
3164 0.9580078125
3165 0.9580078125
3166 0.9580078125
3167 0.9580078125
3168 0.9580078125
3169 0.9580078125
3170 0.9580078125
3171 0.9580078125
3172 0.9580078125
3173 0.9580078125
3174 0.9580078125
3175 0.9580078125
3176 0.9580078125
3177 0.9580078125
3178 0.9580078125
3179 0.9580078125
3180 0.9580078125
3181 0.9580078125
3182 0.9580078125
3183 0.9580078125
3184 0.9580078125
3185 0.9580078125
3186 0.9580078125
3187 0.9580078125
3188 0.9580078125
3189 0.9580078125
3190 0.9580078125
3191 0.9580078125
3192 0.9580078125
3193 0.9580078125
3194 0.9580078125
3195 0.9580078125
3196 0.9580078125
3197 0.9580078125
3198 0.9580078125
3199 0.9580078125
3200 0.9580078125
3201 0.9580078125
3202 0.9580078125
3203 0.9580078125
3204 0.9580078125
3205 0.9580078125
3206 0.9580078125
3207 0.9580078125
3208 0.9580078125
3209 0.9580078125
3210 0.9580078125
3211 0.9580078125
3212 0.9580078125
3213 0.9580078125
3214 0.9580078125
3215 0.9580078125
3216 0.9580078125
3217 0.9580078125
3218 0.9580078125
3219 0.9580078125
3220 0.9580078125
3221 0.9580078125
3222 0.9580078125
3223 0.9580078125
3224 0.9580078125
3225 0.9580078125
3226 0.9580078125
3227 0.9580078125
3228 0.9580078125
3229 0.9580078125
3230 0.9580078125
3231 0.9580078125
3232 0.9580078125
3233 0.9580078125
3234 0.9580078125
3235 0.9580078125
3236 0.9580078125
3237 0.9580078125
3238 0.9580078125
3239 0.9580078125
3240 0.9580078125
3241 0.9580078125
3242 0.9580078125
3243 0.9580078125
3244 0.9580078125
3245 0.9580078125
3246 0.9580078125
3247 0.9580078125
3248 0.9580078125
3249 0.9580078125
3250 0.9580078125
3251 0.9580078125
3252 0.9580078125
3253 0.9580078125
3254 0.9580078125
3255 0.9580078125
3256 0.9580078125
3257 0.9580078125
3258 0.9580078125
3259 0.9580078125
3260 0.9580078125
3261 0.9580078125
3262 0.9580078125
3263 0.9580078125
3264 0.9580078125
3265 0.9580078125
3266 0.9580078125
3267 0.9580078125
3268 0.9580078125
3269 0.9580078125
3270 0.9580078125
3271 0.9580078125
3272 0.9580078125
3273 0.9580078125
3274 0.9580078125
3275 0.9580078125
3276 0.9580078125
3277 0.9580078125
3278 0.9580078125
3279 0.9580078125
3280 0.9580078125
3281 0.9580078125
3282 0.9580078125
3283 0.9580078125
3284 0.9580078125
3285 0.9580078125
3286 0.9580078125
3287 0.9580078125
3288 0.9580078125
3289 0.9580078125
3290 0.9580078125
3291 0.9580078125
3292 0.9580078125
3293 0.9580078125
3294 0.9580078125
3295 0.9580078125
3296 0.9580078125
3297 0.9580078125
3298 0.9580078125
3299 0.9580078125
3300 0.9580078125
3301 0.9580078125
3302 0.9580078125
3303 0.9580078125
3304 0.9580078125
3305 0.9580078125
3306 0.9580078125
3307 0.9580078125
3308 0.9580078125
3309 0.9580078125
3310 0.9580078125
3311 0.9580078125
3312 0.9580078125
3313 0.9580078125
3314 0.9580078125
3315 0.9580078125
3316 0.9580078125
3317 0.9580078125
3318 0.9580078125
3319 0.9580078125
3320 0.9580078125
3321 0.9580078125
3322 0.9580078125
3323 0.9580078125
3324 0.9580078125
3325 0.9580078125
3326 0.9580078125
3327 0.9580078125
3328 0.9580078125
3329 0.9580078125
3330 0.9580078125
3331 0.9580078125
3332 0.9580078125
3333 0.9580078125
3334 0.9580078125
3335 0.9580078125
3336 0.9580078125
3337 0.9580078125
3338 0.9580078125
3339 0.9580078125
3340 0.9580078125
3341 0.9580078125
3342 0.9580078125
3343 0.9580078125
3344 0.9580078125
3345 0.9580078125
3346 0.9580078125
3347 0.9580078125
3348 0.9580078125
3349 0.9580078125
3350 0.9580078125
3351 0.9580078125
3352 0.9580078125
3353 0.9580078125
3354 0.9580078125
3355 0.9580078125
3356 0.9580078125
3357 0.9580078125
3358 0.9580078125
3359 0.9580078125
3360 0.9580078125
3361 0.9580078125
3362 0.9580078125
3363 0.9580078125
3364 0.9580078125
3365 0.9580078125
3366 0.9580078125
3367 0.9580078125
3368 0.9580078125
3369 0.9580078125
3370 0.9580078125
3371 0.9580078125
3372 0.9580078125
3373 0.9580078125
3374 0.9580078125
3375 0.9580078125
3376 0.9580078125
3377 0.9580078125
3378 0.9580078125
3379 0.9580078125
3380 0.9580078125
3381 0.9580078125
3382 0.9580078125
3383 0.9580078125
3384 0.9580078125
3385 0.9580078125
3386 0.9580078125
3387 0.9580078125
3388 0.9580078125
3389 0.9580078125
3390 0.9580078125
3391 0.9580078125
3392 0.9580078125
3393 0.9580078125
3394 0.9580078125
3395 0.9580078125
3396 0.9580078125
3397 0.9580078125
3398 0.9580078125
3399 0.9580078125
3400 0.9580078125
3401 0.9580078125
3402 0.9580078125
3403 0.9580078125
3404 0.9580078125
3405 0.9580078125
3406 0.9580078125
3407 0.9580078125
3408 0.9580078125
3409 0.9580078125
3410 0.9580078125
3411 0.9580078125
3412 0.9580078125
3413 0.9580078125
3414 0.9580078125
3415 0.9580078125
3416 0.9580078125
3417 0.9580078125
3418 0.9580078125
3419 0.9580078125
3420 0.9580078125
3421 0.9580078125
3422 0.9580078125
3423 0.9580078125
3424 0.9580078125
3425 0.9580078125
3426 0.9580078125
3427 0.9580078125
3428 0.9580078125
3429 0.9580078125
3430 0.9580078125
3431 0.9580078125
3432 0.9580078125
3433 0.9580078125
3434 0.9580078125
3435 0.9580078125
3436 0.9580078125
3437 0.9580078125
3438 0.9580078125
3439 0.9580078125
3440 0.9580078125
3441 0.9580078125
3442 0.9580078125
3443 0.9580078125
3444 0.9580078125
3445 0.9580078125
3446 0.9580078125
3447 0.9580078125
3448 0.9580078125
3449 0.9580078125
3450 0.9580078125
3451 0.9580078125
3452 0.9580078125
3453 0.9580078125
3454 0.9580078125
3455 0.9580078125
3456 0.9580078125
3457 0.9580078125
3458 0.9580078125
3459 0.9580078125
3460 0.9580078125
3461 0.9580078125
3462 0.9580078125
3463 0.9580078125
3464 0.9580078125
3465 0.9580078125
3466 0.9580078125
3467 0.9580078125
3468 0.9580078125
3469 0.9580078125
3470 0.9580078125
3471 0.9580078125
3472 0.9580078125
3473 0.9580078125
3474 0.9580078125
3475 0.9580078125
3476 0.9580078125
3477 0.9580078125
3478 0.9580078125
3479 0.9580078125
3480 0.9580078125
3481 0.9580078125
3482 0.9580078125
3483 0.9580078125
3484 0.9580078125
3485 0.9580078125
3486 0.9580078125
3487 0.9580078125
3488 0.9580078125
3489 0.9580078125
3490 0.9580078125
3491 0.9580078125
3492 0.9580078125
3493 0.9580078125
3494 0.9580078125
3495 0.9580078125
3496 0.9580078125
3497 0.9580078125
3498 0.9580078125
3499 0.9580078125
3500 0.9580078125
3501 0.9580078125
3502 0.9580078125
3503 0.9580078125
3504 0.9580078125
3505 0.9580078125
3506 0.9580078125
3507 0.9580078125
3508 0.9580078125
3509 0.9580078125
3510 0.9580078125
3511 0.9580078125
3512 0.9580078125
3513 0.9580078125
3514 0.9580078125
3515 0.9580078125
3516 0.9580078125
3517 0.9580078125
3518 0.9580078125
3519 0.9580078125
3520 0.9580078125
3521 0.9580078125
3522 0.9580078125
3523 0.9580078125
3524 0.9580078125
3525 0.9580078125
3526 0.9580078125
3527 0.9580078125
3528 0.9580078125
3529 0.9580078125
3530 0.9580078125
3531 0.9580078125
3532 0.9580078125
3533 0.9580078125
3534 0.9580078125
3535 0.9580078125
3536 0.9580078125
3537 0.9580078125
3538 0.9580078125
3539 0.9580078125
3540 0.9580078125
3541 0.9580078125
3542 0.9580078125
3543 0.9580078125
3544 0.9580078125
3545 0.9580078125
3546 0.9580078125
3547 0.9580078125
3548 0.9580078125
3549 0.9580078125
3550 0.9580078125
3551 0.9580078125
3552 0.9580078125
3553 0.9580078125
3554 0.9580078125
3555 0.9580078125
3556 0.9580078125
3557 0.9580078125
3558 0.9580078125
3559 0.9580078125
3560 0.9580078125
3561 0.9580078125
3562 0.9580078125
3563 0.9580078125
3564 0.9580078125
3565 0.9580078125
3566 0.9580078125
3567 0.9580078125
3568 0.9580078125
3569 0.9580078125
3570 0.9580078125
3571 0.9580078125
3572 0.9580078125
3573 0.9580078125
3574 0.9580078125
3575 0.9580078125
3576 0.9580078125
3577 0.9580078125
3578 0.9580078125
3579 0.9580078125
3580 0.9580078125
3581 0.9580078125
3582 0.9580078125
3583 0.9580078125
3584 0.9580078125
3585 0.9580078125
3586 0.9580078125
3587 0.9580078125
3588 0.9580078125
3589 0.9580078125
3590 0.9580078125
3591 0.9580078125
3592 0.9580078125
3593 0.9580078125
3594 0.9580078125
3595 0.9580078125
3596 0.9580078125
3597 0.9580078125
3598 0.9580078125
3599 0.9580078125
3600 0.9580078125
3601 0.9580078125
3602 0.9580078125
3603 0.9580078125
3604 0.9580078125
3605 0.9580078125
3606 0.9580078125
3607 0.9580078125
3608 0.9580078125
3609 0.9580078125
3610 0.9580078125
3611 0.9580078125
3612 0.9580078125
3613 0.9580078125
3614 0.9580078125
3615 0.9580078125
3616 0.9580078125
3617 0.9580078125
3618 0.9580078125
3619 0.9580078125
3620 0.9580078125
3621 0.9580078125
3622 0.9580078125
3623 0.9580078125
3624 0.9580078125
3625 0.9580078125
3626 0.9580078125
3627 0.9580078125
3628 0.9580078125
3629 0.9580078125
3630 0.9580078125
3631 0.9580078125
3632 0.9580078125
3633 0.9580078125
3634 0.9580078125
3635 0.9580078125
3636 0.9580078125
3637 0.9580078125
3638 0.9580078125
3639 0.9580078125
3640 0.9580078125
3641 0.9580078125
3642 0.9580078125
3643 0.9580078125
3644 0.9580078125
3645 0.9580078125
3646 0.9580078125
3647 0.9580078125
3648 0.9580078125
3649 0.9580078125
3650 0.9580078125
3651 0.9580078125
3652 0.9580078125
3653 0.9580078125
3654 0.9580078125
3655 0.9580078125
3656 0.9580078125
3657 0.9580078125
3658 0.9580078125
3659 0.9580078125
3660 0.9580078125
3661 0.9580078125
3662 0.9580078125
3663 0.9580078125
3664 0.9580078125
3665 0.9580078125
3666 0.9580078125
3667 0.9580078125
3668 0.9580078125
3669 0.9580078125
3670 0.9580078125
3671 0.9580078125
3672 0.9580078125
3673 0.9580078125
3674 0.9580078125
3675 0.9580078125
3676 0.9580078125
3677 0.9580078125
3678 0.9580078125
3679 0.9580078125
3680 0.9580078125
3681 0.9580078125
3682 0.9580078125
3683 0.9580078125
3684 0.9580078125
3685 0.9580078125
3686 0.9580078125
3687 0.9580078125
3688 0.9580078125
3689 0.9580078125
3690 0.9580078125
3691 0.9580078125
3692 0.9580078125
3693 0.9580078125
3694 0.9580078125
3695 0.9580078125
3696 0.9580078125
3697 0.9580078125
3698 0.9580078125
3699 0.9580078125
3700 0.9580078125
3701 0.9580078125
3702 0.9580078125
3703 0.9580078125
3704 0.9580078125
3705 0.9580078125
3706 0.9580078125
3707 0.9580078125
3708 0.9580078125
3709 0.9580078125
3710 0.9580078125
3711 0.9580078125
3712 0.9580078125
3713 0.9580078125
3714 0.9580078125
3715 0.9580078125
3716 0.9580078125
3717 0.9580078125
3718 0.9580078125
3719 0.9580078125
3720 0.9580078125
3721 0.9580078125
3722 0.9580078125
3723 0.9580078125
3724 0.9580078125
3725 0.9580078125
3726 0.9580078125
3727 0.9580078125
3728 0.9580078125
3729 0.9580078125
3730 0.9580078125
3731 0.9580078125
3732 0.9580078125
3733 0.9580078125
3734 0.9580078125
3735 0.9580078125
3736 0.9580078125
3737 0.9580078125
3738 0.9580078125
3739 0.9580078125
3740 0.9580078125
3741 0.9580078125
3742 0.9580078125
3743 0.9580078125
3744 0.9580078125
3745 0.9580078125
3746 0.9580078125
3747 0.9580078125
3748 0.9580078125
3749 0.9580078125
3750 0.9580078125
3751 0.9580078125
3752 0.9580078125
3753 0.9580078125
3754 0.9580078125
3755 0.9580078125
3756 0.9580078125
3757 0.9580078125
3758 0.9580078125
3759 0.9580078125
3760 0.9580078125
3761 0.9580078125
3762 0.9580078125
3763 0.9580078125
3764 0.9580078125
3765 0.9580078125
3766 0.9580078125
3767 0.9580078125
3768 0.9580078125
3769 0.9580078125
3770 0.9580078125
3771 0.9580078125
3772 0.9580078125
3773 0.9580078125
3774 0.9580078125
3775 0.9580078125
3776 0.9580078125
3777 0.9580078125
3778 0.9580078125
3779 0.9580078125
3780 0.9580078125
3781 0.9580078125
3782 0.9580078125
3783 0.9580078125
3784 0.9580078125
3785 0.9580078125
3786 0.9580078125
3787 0.9580078125
3788 0.9580078125
3789 0.9580078125
3790 0.9580078125
3791 0.9580078125
3792 0.9580078125
3793 0.9580078125
3794 0.9580078125
3795 0.9580078125
3796 0.9580078125
3797 0.9580078125
3798 0.9580078125
3799 0.9580078125
3800 0.9580078125
3801 0.9580078125
3802 0.9580078125
3803 0.9580078125
3804 0.9580078125
3805 0.9580078125
3806 0.9580078125
3807 0.9580078125
3808 0.9580078125
3809 0.9580078125
3810 0.9580078125
3811 0.9580078125
3812 0.9580078125
3813 0.9580078125
3814 0.9580078125
3815 0.9580078125
3816 0.9580078125
3817 0.9580078125
3818 0.9580078125
3819 0.9580078125
3820 0.9580078125
3821 0.9580078125
3822 0.9580078125
3823 0.9580078125
3824 0.9580078125
3825 0.9580078125
3826 0.9580078125
3827 0.9580078125
3828 0.9580078125
3829 0.9580078125
3830 0.9580078125
3831 0.9580078125
3832 0.9580078125
3833 0.9580078125
3834 0.9580078125
3835 0.9580078125
3836 0.9580078125
3837 0.9580078125
3838 0.9580078125
3839 0.9580078125
3840 0.9580078125
3841 0.9580078125
3842 0.9580078125
3843 0.9580078125
3844 0.9580078125
3845 0.9580078125
3846 0.9580078125
3847 0.9580078125
3848 0.9580078125
3849 0.9580078125
3850 0.9580078125
3851 0.9580078125
3852 0.9580078125
3853 0.9580078125
3854 0.9580078125
3855 0.9580078125
3856 0.9580078125
3857 0.9580078125
3858 0.9580078125
3859 0.9580078125
3860 0.9580078125
3861 0.9580078125
3862 0.9580078125
3863 0.9580078125
3864 0.9580078125
3865 0.9580078125
3866 0.9580078125
3867 0.9580078125
3868 0.9580078125
3869 0.9580078125
3870 0.9580078125
3871 0.9580078125
3872 0.9580078125
3873 0.9580078125
3874 0.9580078125
3875 0.9580078125
3876 0.9580078125
3877 0.9580078125
3878 0.9580078125
3879 0.9580078125
3880 0.9580078125
3881 0.9580078125
3882 0.9580078125
3883 0.9580078125
3884 0.9580078125
3885 0.9580078125
3886 0.9580078125
3887 0.9580078125
3888 0.9580078125
3889 0.9580078125
3890 0.9580078125
3891 0.9580078125
3892 0.9580078125
3893 0.9580078125
3894 0.9580078125
3895 0.9580078125
3896 0.9580078125
3897 0.9580078125
3898 0.9580078125
3899 0.9580078125
3900 0.9580078125
3901 0.9580078125
3902 0.9580078125
3903 0.9580078125
3904 0.9580078125
3905 0.9580078125
3906 0.9580078125
3907 0.9580078125
3908 0.9580078125
3909 0.9580078125
3910 0.9580078125
3911 0.9580078125
3912 0.9580078125
3913 0.9580078125
3914 0.9580078125
3915 0.9580078125
3916 0.9580078125
3917 0.9580078125
3918 0.9580078125
3919 0.9580078125
3920 0.9580078125
3921 0.9580078125
3922 0.9580078125
3923 0.9580078125
3924 0.9580078125
3925 0.9580078125
3926 0.9580078125
3927 0.9580078125
3928 0.9580078125
3929 0.9580078125
3930 0.9580078125
3931 0.9580078125
3932 0.9580078125
3933 0.9580078125
3934 0.9580078125
3935 0.9580078125
3936 0.9580078125
3937 0.9580078125
3938 0.9580078125
3939 0.9580078125
3940 0.9580078125
3941 0.9580078125
3942 0.9580078125
3943 0.9580078125
3944 0.9580078125
3945 0.9580078125
3946 0.9580078125
3947 0.9580078125
3948 0.9580078125
3949 0.9580078125
3950 0.9580078125
3951 0.9580078125
3952 0.9580078125
3953 0.9580078125
3954 0.9580078125
3955 0.9580078125
3956 0.9580078125
3957 0.9580078125
3958 0.9580078125
3959 0.9580078125
3960 0.9580078125
3961 0.9580078125
3962 0.9580078125
3963 0.9580078125
3964 0.9580078125
3965 0.9580078125
3966 0.9580078125
3967 0.9580078125
3968 0.9580078125
3969 0.9580078125
3970 0.9580078125
3971 0.9580078125
3972 0.9580078125
3973 0.9580078125
3974 0.9580078125
3975 0.9580078125
3976 0.9580078125
3977 0.9580078125
3978 0.9580078125
3979 0.9580078125
3980 0.9580078125
3981 0.9580078125
3982 0.9580078125
3983 0.9580078125
3984 0.9580078125
3985 0.9580078125
3986 0.9580078125
3987 0.9580078125
3988 0.9580078125
3989 0.9580078125
3990 0.9580078125
3991 0.9580078125
3992 0.9580078125
3993 0.9580078125
3994 0.9580078125
3995 0.9580078125
3996 0.9580078125
3997 0.9580078125
3998 0.9580078125
3999 0.9580078125
4000 0.9580078125
4001 0.9580078125
4002 0.9580078125
4003 0.9580078125
4004 0.9580078125
4005 0.9580078125
4006 0.9580078125
4007 0.9580078125
4008 0.9580078125
4009 0.9580078125
4010 0.9580078125
4011 0.9580078125
4012 0.9580078125
4013 0.9580078125
4014 0.9580078125
4015 0.9580078125
4016 0.9580078125
4017 0.9580078125
4018 0.9580078125
4019 0.9580078125
4020 0.9580078125
4021 0.9580078125
4022 0.9580078125
4023 0.9580078125
4024 0.9580078125
4025 0.9580078125
4026 0.9580078125
4027 0.9580078125
4028 0.9580078125
4029 0.9580078125
4030 0.9580078125
4031 0.9580078125
4032 0.9580078125
4033 0.9580078125
4034 0.9580078125
4035 0.9580078125
4036 0.9580078125
4037 0.9580078125
4038 0.9580078125
4039 0.9580078125
4040 0.9580078125
4041 0.9580078125
4042 0.9580078125
4043 0.9580078125
4044 0.9580078125
4045 0.9580078125
4046 0.9580078125
4047 0.9580078125
4048 0.9580078125
4049 0.9580078125
4050 0.9580078125
4051 0.9580078125
4052 0.9580078125
4053 0.9580078125
4054 0.9580078125
4055 0.9580078125
4056 0.9580078125
4057 0.9580078125
4058 0.9580078125
4059 0.9580078125
4060 0.9580078125
4061 0.9580078125
4062 0.9580078125
4063 0.9580078125
4064 0.9580078125
4065 0.9580078125
4066 0.9580078125
4067 0.9580078125
4068 0.9580078125
4069 0.9580078125
4070 0.9580078125
4071 0.9580078125
4072 0.9580078125
4073 0.9580078125
4074 0.9580078125
4075 0.9580078125
4076 0.9580078125
4077 0.9580078125
4078 0.9580078125
4079 0.9580078125
4080 0.9580078125
4081 0.9580078125
4082 0.9580078125
4083 0.9580078125
4084 0.9580078125
4085 0.9580078125
4086 0.9580078125
4087 0.9580078125
4088 0.9580078125
4089 0.9580078125
4090 0.9580078125
4091 0.9580078125
4092 0.9580078125
4093 0.9580078125
4094 0.9580078125
4095 0.9580078125
4096 0.9580078125
4097 0.9580078125
4098 0.9580078125
4099 0.9580078125
4100 0.9580078125
4101 0.9580078125
4102 0.9580078125
4103 0.9580078125
4104 0.9580078125
4105 0.9580078125
4106 0.9580078125
4107 0.9580078125
4108 0.9580078125
4109 0.9580078125
4110 0.9580078125
4111 0.9580078125
4112 0.9580078125
4113 0.9580078125
4114 0.9580078125
4115 0.9580078125
4116 0.9580078125
4117 0.9580078125
4118 0.9580078125
4119 0.9580078125
4120 0.9580078125
4121 0.9580078125
4122 0.9580078125
4123 0.9580078125
4124 0.9580078125
4125 0.9580078125
4126 0.9580078125
4127 0.9580078125
4128 0.9580078125
4129 0.9580078125
4130 0.9580078125
4131 0.9580078125
4132 0.9580078125
4133 0.9580078125
4134 0.9580078125
4135 0.9580078125
4136 0.9580078125
4137 0.9580078125
4138 0.9580078125
4139 0.9580078125
4140 0.9580078125
4141 0.9580078125
4142 0.9580078125
4143 0.9580078125
4144 0.9580078125
4145 0.9580078125
4146 0.9580078125
4147 0.9580078125
4148 0.9580078125
4149 0.9580078125
4150 0.9580078125
4151 0.9580078125
4152 0.9580078125
4153 0.9580078125
4154 0.9580078125
4155 0.9580078125
4156 0.9580078125
4157 0.9580078125
4158 0.9580078125
4159 0.9580078125
4160 0.9580078125
4161 0.9580078125
4162 0.9580078125
4163 0.9580078125
4164 0.9580078125
4165 0.9580078125
4166 0.9580078125
4167 0.9580078125
4168 0.9580078125
4169 0.9580078125
4170 0.9580078125
4171 0.9580078125
4172 0.9580078125
4173 0.9580078125
4174 0.9580078125
4175 0.9580078125
4176 0.9580078125
4177 0.9580078125
4178 0.9580078125
4179 0.9580078125
4180 0.9580078125
4181 0.9580078125
4182 0.9580078125
4183 0.9580078125
4184 0.9580078125
4185 0.9580078125
4186 0.9580078125
4187 0.9580078125
4188 0.9580078125
4189 0.9580078125
4190 0.9580078125
4191 0.9580078125
4192 0.9580078125
4193 0.9580078125
4194 0.9580078125
4195 0.9580078125
4196 0.9580078125
4197 0.9580078125
4198 0.9580078125
4199 0.9580078125
4200 0.9580078125
4201 0.9580078125
4202 0.9580078125
4203 0.9580078125
4204 0.9580078125
4205 0.9580078125
4206 0.9580078125
4207 0.9580078125
4208 0.9580078125
4209 0.9580078125
4210 0.9580078125
4211 0.9580078125
4212 0.9580078125
4213 0.9580078125
4214 0.9580078125
4215 0.9580078125
4216 0.9580078125
4217 0.9580078125
4218 0.9580078125
4219 0.9580078125
4220 0.9580078125
4221 0.9580078125
4222 0.9580078125
4223 0.9580078125
4224 0.9580078125
4225 0.9580078125
4226 0.9580078125
4227 0.9580078125
4228 0.9580078125
4229 0.9580078125
4230 0.9580078125
4231 0.9580078125
4232 0.9580078125
4233 0.9580078125
4234 0.9580078125
4235 0.9580078125
4236 0.9580078125
4237 0.9580078125
4238 0.9580078125
4239 0.9580078125
4240 0.9580078125
4241 0.9580078125
4242 0.9580078125
4243 0.9580078125
4244 0.9580078125
4245 0.9580078125
4246 0.9580078125
4247 0.9580078125
4248 0.9580078125
4249 0.9580078125
4250 0.9580078125
4251 0.9580078125
4252 0.9580078125
4253 0.9580078125
4254 0.9580078125
4255 0.9580078125
4256 0.9580078125
4257 0.9580078125
4258 0.9580078125
4259 0.9580078125
4260 0.9580078125
4261 0.9580078125
4262 0.9580078125
4263 0.9580078125
4264 0.9580078125
4265 0.9580078125
4266 0.9580078125
4267 0.9580078125
4268 0.9580078125
4269 0.9580078125
4270 0.9580078125
4271 0.9580078125
4272 0.9580078125
4273 0.9580078125
4274 0.9580078125
4275 0.9580078125
4276 0.9580078125
4277 0.9580078125
4278 0.9580078125
4279 0.9580078125
4280 0.9580078125
4281 0.9580078125
4282 0.9580078125
4283 0.9580078125
4284 0.9580078125
4285 0.9580078125
4286 0.9580078125
4287 0.9580078125
4288 0.9580078125
4289 0.9580078125
4290 0.9580078125
4291 0.9580078125
4292 0.9580078125
4293 0.9580078125
4294 0.9580078125
4295 0.9580078125
4296 0.9580078125
4297 0.9580078125
4298 0.9580078125
4299 0.9580078125
4300 0.9580078125
4301 0.9580078125
4302 0.9580078125
4303 0.9580078125
4304 0.9580078125
4305 0.9580078125
4306 0.9580078125
4307 0.9580078125
4308 0.9580078125
4309 0.9580078125
4310 0.9580078125
4311 0.9580078125
4312 0.9580078125
4313 0.9580078125
4314 0.9580078125
4315 0.9580078125
4316 0.9580078125
4317 0.9580078125
4318 0.9580078125
4319 0.9580078125
4320 0.9580078125
4321 0.9580078125
4322 0.9580078125
4323 0.9580078125
4324 0.9580078125
4325 0.9580078125
4326 0.9580078125
4327 0.9580078125
4328 0.9580078125
4329 0.9580078125
4330 0.9580078125
4331 0.9580078125
4332 0.9580078125
4333 0.9580078125
4334 0.9580078125
4335 0.9580078125
4336 0.9580078125
4337 0.9580078125
4338 0.9580078125
4339 0.9580078125
4340 0.9580078125
4341 0.9580078125
4342 0.9580078125
4343 0.9580078125
4344 0.9580078125
4345 0.9580078125
4346 0.9580078125
4347 0.9580078125
4348 0.9580078125
4349 0.9580078125
4350 0.9580078125
4351 0.9580078125
4352 0.9580078125
4353 0.9580078125
4354 0.9580078125
4355 0.9580078125
4356 0.9580078125
4357 0.9580078125
4358 0.9580078125
4359 0.9580078125
4360 0.9580078125
4361 0.9580078125
4362 0.9580078125
4363 0.9580078125
4364 0.9580078125
4365 0.9580078125
4366 0.9580078125
4367 0.9580078125
4368 0.9580078125
4369 0.9580078125
4370 0.9580078125
4371 0.9580078125
4372 0.9580078125
4373 0.9580078125
4374 0.9580078125
4375 0.9580078125
4376 0.9580078125
4377 0.9580078125
4378 0.9580078125
4379 0.9580078125
4380 0.9580078125
4381 0.9580078125
4382 0.9580078125
4383 0.9580078125
4384 0.9580078125
4385 0.9580078125
4386 0.9580078125
4387 0.9580078125
4388 0.9580078125
4389 0.9580078125
4390 0.9580078125
4391 0.9580078125
4392 0.9580078125
4393 0.9580078125
4394 0.9580078125
4395 0.9580078125
4396 0.9580078125
4397 0.9580078125
4398 0.9580078125
4399 0.9580078125
4400 0.9580078125
4401 0.9580078125
4402 0.9580078125
4403 0.9580078125
4404 0.9580078125
4405 0.9580078125
4406 0.9580078125
4407 0.9580078125
4408 0.9580078125
4409 0.9580078125
4410 0.9580078125
4411 0.9580078125
4412 0.9580078125
4413 0.9580078125
4414 0.9580078125
4415 0.9580078125
4416 0.9580078125
4417 0.9580078125
4418 0.9580078125
4419 0.9580078125
4420 0.9580078125
4421 0.9580078125
4422 0.9580078125
4423 0.9580078125
4424 0.9580078125
4425 0.9580078125
4426 0.9580078125
4427 0.9580078125
4428 0.9580078125
4429 0.9580078125
4430 0.9580078125
4431 0.9580078125
4432 0.9580078125
4433 0.9580078125
4434 0.9580078125
4435 0.9580078125
4436 0.9580078125
4437 0.9580078125
4438 0.9580078125
4439 0.9580078125
4440 0.9580078125
4441 0.9580078125
4442 0.9580078125
4443 0.9580078125
4444 0.9580078125
4445 0.9580078125
4446 0.9580078125
4447 0.9580078125
4448 0.9580078125
4449 0.9580078125
4450 0.9580078125
4451 0.9580078125
4452 0.9580078125
4453 0.9580078125
4454 0.9580078125
4455 0.9580078125
4456 0.9580078125
4457 0.9580078125
4458 0.9580078125
4459 0.9580078125
4460 0.9580078125
4461 0.9580078125
4462 0.9580078125
4463 0.9580078125
4464 0.9580078125
4465 0.9580078125
4466 0.9580078125
4467 0.9580078125
4468 0.9580078125
4469 0.9580078125
4470 0.9580078125
4471 0.9580078125
4472 0.9580078125
4473 0.9580078125
4474 0.9580078125
4475 0.9580078125
4476 0.9580078125
4477 0.9580078125
4478 0.9580078125
4479 0.9580078125
4480 0.9580078125
4481 0.9580078125
4482 0.9580078125
4483 0.9580078125
4484 0.9580078125
4485 0.9580078125
4486 0.9580078125
4487 0.9580078125
4488 0.9580078125
4489 0.9580078125
4490 0.9580078125
4491 0.9580078125
4492 0.9580078125
4493 0.9580078125
4494 0.9580078125
4495 0.9580078125
4496 0.9580078125
4497 0.9580078125
4498 0.9580078125
4499 0.9580078125
4500 0.9580078125
4501 0.9580078125
4502 0.9580078125
4503 0.9580078125
4504 0.9580078125
4505 0.9580078125
4506 0.9580078125
4507 0.9580078125
4508 0.9580078125
4509 0.9580078125
4510 0.9580078125
4511 0.9580078125
4512 0.9580078125
4513 0.9580078125
4514 0.9580078125
4515 0.9580078125
4516 0.9580078125
4517 0.9580078125
4518 0.9580078125
4519 0.9580078125
4520 0.9580078125
4521 0.9580078125
4522 0.9580078125
4523 0.9580078125
4524 0.9580078125
4525 0.9580078125
4526 0.9580078125
4527 0.9580078125
4528 0.9580078125
4529 0.9580078125
4530 0.9580078125
4531 0.9580078125
4532 0.9580078125
4533 0.9580078125
4534 0.9580078125
4535 0.9580078125
4536 0.9580078125
4537 0.9580078125
4538 0.9580078125
4539 0.9580078125
4540 0.9580078125
4541 0.9580078125
4542 0.9580078125
4543 0.9580078125
4544 0.9580078125
4545 0.9580078125
4546 0.9580078125
4547 0.9580078125
4548 0.9580078125
4549 0.9580078125
4550 0.9580078125
4551 0.9580078125
4552 0.9580078125
4553 0.9580078125
4554 0.9580078125
4555 0.9580078125
4556 0.9580078125
4557 0.9580078125
4558 0.9580078125
4559 0.9580078125
4560 0.9580078125
4561 0.9580078125
4562 0.9580078125
4563 0.9580078125
4564 0.9580078125
4565 0.9580078125
4566 0.9580078125
4567 0.9580078125
4568 0.9580078125
4569 0.9580078125
4570 0.9580078125
4571 0.9580078125
4572 0.9580078125
4573 0.9580078125
4574 0.9580078125
4575 0.9580078125
4576 0.9580078125
4577 0.9580078125
4578 0.9580078125
4579 0.9580078125
4580 0.9580078125
4581 0.9580078125
4582 0.9580078125
4583 0.9580078125
4584 0.9580078125
4585 0.9580078125
4586 0.9580078125
4587 0.9580078125
4588 0.9580078125
4589 0.9580078125
4590 0.9580078125
4591 0.9580078125
4592 0.9580078125
4593 0.9580078125
4594 0.9580078125
4595 0.9580078125
4596 0.9580078125
4597 0.9580078125
4598 0.9580078125
4599 0.9580078125
4600 0.9580078125
4601 0.9580078125
4602 0.9580078125
4603 0.9580078125
4604 0.9580078125
4605 0.9580078125
4606 0.9580078125
4607 0.9580078125
4608 0.9580078125
4609 0.9580078125
4610 0.9580078125
4611 0.9580078125
4612 0.9580078125
4613 0.9580078125
4614 0.9580078125
4615 0.9580078125
4616 0.9580078125
4617 0.9580078125
4618 0.9580078125
4619 0.9580078125
4620 0.9580078125
4621 0.9580078125
4622 0.9580078125
4623 0.9580078125
4624 0.9580078125
4625 0.9580078125
4626 0.9580078125
4627 0.9580078125
4628 0.9580078125
4629 0.9580078125
4630 0.9580078125
4631 0.9580078125
4632 0.9580078125
4633 0.9580078125
4634 0.9580078125
4635 0.9580078125
4636 0.9580078125
4637 0.9580078125
4638 0.9580078125
4639 0.9580078125
4640 0.9580078125
4641 0.9580078125
4642 0.9580078125
4643 0.9580078125
4644 0.9580078125
4645 0.9580078125
4646 0.9580078125
4647 0.9580078125
4648 0.9580078125
4649 0.9580078125
4650 0.9580078125
4651 0.9580078125
4652 0.9580078125
4653 0.9580078125
4654 0.9580078125
4655 0.9580078125
4656 0.9580078125
4657 0.9580078125
4658 0.9580078125
4659 0.9580078125
4660 0.9580078125
4661 0.9580078125
4662 0.9580078125
4663 0.958984375
4664 0.958984375
4665 0.958984375
4666 0.958984375
4667 0.958984375
4668 0.958984375
4669 0.958984375
4670 0.958984375
4671 0.958984375
4672 0.958984375
4673 0.958984375
4674 0.958984375
4675 0.958984375
4676 0.958984375
4677 0.958984375
4678 0.958984375
4679 0.958984375
4680 0.958984375
4681 0.958984375
4682 0.958984375
4683 0.958984375
4684 0.958984375
4685 0.958984375
4686 0.958984375
4687 0.958984375
4688 0.958984375
4689 0.958984375
4690 0.958984375
4691 0.958984375
4692 0.958984375
4693 0.958984375
4694 0.958984375
4695 0.958984375
4696 0.958984375
4697 0.958984375
4698 0.958984375
4699 0.958984375
4700 0.958984375
4701 0.958984375
4702 0.958984375
4703 0.958984375
4704 0.958984375
4705 0.958984375
4706 0.958984375
4707 0.958984375
4708 0.958984375
4709 0.958984375
4710 0.958984375
4711 0.958984375
4712 0.958984375
4713 0.958984375
4714 0.958984375
4715 0.958984375
4716 0.958984375
4717 0.958984375
4718 0.958984375
4719 0.958984375
4720 0.958984375
4721 0.958984375
4722 0.958984375
4723 0.958984375
4724 0.958984375
4725 0.958984375
4726 0.958984375
4727 0.958984375
4728 0.958984375
4729 0.958984375
4730 0.958984375
4731 0.958984375
4732 0.958984375
4733 0.958984375
4734 0.958984375
4735 0.958984375
4736 0.958984375
4737 0.958984375
4738 0.958984375
4739 0.958984375
4740 0.958984375
4741 0.958984375
4742 0.958984375
4743 0.958984375
4744 0.958984375
4745 0.958984375
4746 0.958984375
4747 0.958984375
4748 0.958984375
4749 0.958984375
4750 0.958984375
4751 0.958984375
4752 0.958984375
4753 0.958984375
4754 0.958984375
4755 0.958984375
4756 0.958984375
4757 0.958984375
4758 0.958984375
4759 0.958984375
4760 0.958984375
4761 0.958984375
4762 0.958984375
4763 0.958984375
4764 0.958984375
4765 0.958984375
4766 0.958984375
4767 0.958984375
4768 0.958984375
4769 0.958984375
4770 0.958984375
4771 0.958984375
4772 0.958984375
4773 0.958984375
4774 0.958984375
4775 0.958984375
4776 0.958984375
4777 0.958984375
4778 0.958984375
4779 0.958984375
4780 0.958984375
4781 0.958984375
4782 0.958984375
4783 0.958984375
4784 0.958984375
4785 0.958984375
4786 0.958984375
4787 0.958984375
4788 0.958984375
4789 0.958984375
4790 0.958984375
4791 0.958984375
4792 0.958984375
4793 0.958984375
4794 0.958984375
4795 0.958984375
4796 0.958984375
4797 0.958984375
4798 0.958984375
4799 0.958984375
4800 0.958984375
4801 0.958984375
4802 0.958984375
4803 0.958984375
4804 0.958984375
4805 0.958984375
4806 0.958984375
4807 0.958984375
4808 0.958984375
4809 0.958984375
4810 0.958984375
4811 0.958984375
4812 0.958984375
4813 0.958984375
4814 0.958984375
4815 0.958984375
4816 0.958984375
4817 0.958984375
4818 0.958984375
4819 0.958984375
4820 0.958984375
4821 0.958984375
4822 0.958984375
4823 0.958984375
4824 0.958984375
4825 0.958984375
4826 0.958984375
4827 0.958984375
4828 0.958984375
4829 0.958984375
4830 0.958984375
4831 0.958984375
4832 0.958984375
4833 0.958984375
4834 0.958984375
4835 0.958984375
4836 0.958984375
4837 0.958984375
4838 0.958984375
4839 0.958984375
4840 0.958984375
4841 0.958984375
4842 0.958984375
4843 0.958984375
4844 0.958984375
4845 0.958984375
4846 0.958984375
4847 0.958984375
4848 0.958984375
4849 0.958984375
4850 0.958984375
4851 0.958984375
4852 0.958984375
4853 0.958984375
4854 0.958984375
4855 0.958984375
4856 0.958984375
4857 0.958984375
4858 0.958984375
4859 0.958984375
4860 0.958984375
4861 0.958984375
4862 0.958984375
4863 0.958984375
4864 0.958984375
4865 0.958984375
4866 0.958984375
4867 0.958984375
4868 0.958984375
4869 0.958984375
4870 0.958984375
4871 0.958984375
4872 0.958984375
4873 0.958984375
4874 0.958984375
4875 0.958984375
4876 0.958984375
4877 0.958984375
4878 0.958984375
4879 0.958984375
4880 0.958984375
4881 0.958984375
4882 0.958984375
4883 0.958984375
4884 0.958984375
4885 0.958984375
4886 0.958984375
4887 0.958984375
4888 0.958984375
4889 0.958984375
4890 0.958984375
4891 0.958984375
4892 0.958984375
4893 0.958984375
4894 0.958984375
4895 0.958984375
4896 0.958984375
4897 0.958984375
4898 0.958984375
4899 0.958984375
4900 0.958984375
4901 0.958984375
4902 0.958984375
4903 0.958984375
4904 0.958984375
4905 0.958984375
4906 0.958984375
4907 0.958984375
4908 0.958984375
4909 0.958984375
4910 0.958984375
4911 0.958984375
4912 0.958984375
4913 0.958984375
4914 0.958984375
4915 0.958984375
4916 0.958984375
4917 0.958984375
4918 0.958984375
4919 0.958984375
4920 0.958984375
4921 0.958984375
4922 0.958984375
4923 0.958984375
4924 0.958984375
4925 0.958984375
4926 0.958984375
4927 0.958984375
4928 0.958984375
4929 0.958984375
4930 0.958984375
4931 0.958984375
4932 0.958984375
4933 0.958984375
4934 0.958984375
4935 0.958984375
4936 0.958984375
4937 0.958984375
4938 0.958984375
4939 0.958984375
4940 0.958984375
4941 0.958984375
4942 0.958984375
4943 0.958984375
4944 0.958984375
4945 0.958984375
4946 0.958984375
4947 0.958984375
4948 0.958984375
4949 0.958984375
4950 0.958984375
4951 0.958984375
4952 0.958984375
4953 0.958984375
4954 0.958984375
4955 0.958984375
4956 0.958984375
4957 0.958984375
4958 0.958984375
4959 0.958984375
4960 0.958984375
4961 0.958984375
4962 0.958984375
4963 0.958984375
4964 0.958984375
4965 0.958984375
4966 0.958984375
4967 0.958984375
4968 0.958984375
4969 0.958984375
4970 0.958984375
4971 0.958984375
4972 0.958984375
4973 0.958984375
4974 0.958984375
4975 0.958984375
4976 0.958984375
4977 0.958984375
4978 0.958984375
4979 0.958984375
4980 0.958984375
4981 0.958984375
4982 0.958984375
4983 0.958984375
4984 0.958984375
4985 0.958984375
4986 0.958984375
4987 0.958984375
4988 0.958984375
4989 0.958984375
4990 0.958984375
4991 0.958984375
4992 0.958984375
4993 0.958984375
4994 0.958984375
4995 0.958984375
4996 0.958984375
4997 0.958984375
4998 0.958984375
4999 0.958984375
