0 0.6766315852797136
1 0.7846700122564405
2 0.7846700122564405
3 0.7846700122564405
4 0.8064505329477016
5 0.8082989936104298
6 0.8083810618404272
7 0.8083810618404272
8 0.8083810618404272
9 0.8083810618404272
10 0.8083810618404272
11 0.8083810618404272
12 0.8083810618404272
13 0.8083810618404272
14 0.8083810618404272
15 0.8083810618404272
16 0.8083810618404272
17 0.8084352723827042
18 0.8084352723827042
19 0.8084352723827042
20 0.8084352723827042
21 0.8084352723827042
22 0.8084352723827042
23 0.8085030109047815
24 0.8085030109047815
25 0.8085030109047815
26 0.8085030109047815
27 0.8085030109047815
28 0.8085030109047815
29 0.8085030109047815
30 0.8085030109047815
31 0.8085030109047815
32 0.8087458524948888
33 0.8087458524948888
34 0.8087458524948888
35 0.8087458524948888
36 0.8087458524948888
37 0.8087458524948888
38 0.8087458524948888
39 0.8087458524948888
40 0.8087458524948888
41 0.8087458524948888
42 0.8087468307720601
43 0.8087468307720601
44 0.8087468307720601
45 0.8087536797206789
46 0.8087536797206789
47 0.8087536797206789
48 0.8087536797206789
49 0.8087536797206789
50 0.8087570918220229
51 0.8087570918220229
52 0.8087570918220229
53 0.8087570918220229
54 0.8087573511607202
55 0.8087573511607202
56 0.8087573511607202
57 0.8087573538957679
58 0.8087573538957679
59 0.8087573538957679
60 0.8087573538957679
61 0.8087573538957679
62 0.8087573538957679
63 0.8087573538957679
64 0.8087573538957679
65 0.8087573538957679
66 0.8087573538957679
67 0.8087573538957679
68 0.8087573538957679
69 0.8087573538957679
70 0.8087573538957679
71 0.8087573538957679
72 0.8087573538957679
73 0.8087573538957679
74 0.8087573538957679
75 0.8087573538957679
76 0.8087573538957679
77 0.8087573538957679
78 0.8087573538957679
79 0.8087573538957679
80 0.8087573538957679
81 0.8087573538957679
82 0.8087573538957679
83 0.8087573538957679
84 0.8087584415666835
85 0.8087584415666835
86 0.8087584415666835
87 0.8087584415666835
88 0.8087596343128559
89 0.8087596343128559
90 0.8087596343128559
91 0.8087596343128559
92 0.8087596343128559
93 0.8087596343128559
94 0.8087596343128559
95 0.8087596343128559
96 0.8087596343128559
97 0.8087596343128559
98 0.8087596343128559
99 0.8087596343128559
100 0.8087596428560524
101 0.8087596428560524
102 0.8087596428560524
103 0.8087596428560524
104 0.8087596428560524
105 0.8087596428560524
106 0.8087596428560524
107 0.8087596428560524
108 0.8087596428560524
109 0.8087596428560524
110 0.8087596428571091
111 0.8087596428571091
112 0.8087596428571091
113 0.8087596428571091
114 0.8087596428571091
115 0.8087596464658497
116 0.8087596464658497
117 0.8087596464658497
118 0.8087596464658497
119 0.8087596464658497
120 0.8087596464658497
121 0.8087596580978496
122 0.8087596580978496
123 0.8087596580978496
124 0.8087596729340826
125 0.8087596729340826
126 0.8087596729340826
127 0.8087596729340826
128 0.8087596729340826
129 0.8087596729340826
130 0.8087596729340826
131 0.8087596729340826
132 0.8087596729340826
133 0.8087596729340826
134 0.8087596729340826
135 0.8087596869952471
136 0.8087596869952471
137 0.8087596869952471
138 0.8087596869952471
139 0.8087596869952471
140 0.8087596869952471
141 0.8087596869952471
142 0.8087596869952471
143 0.8087596869952471
144 0.8087596869952471
145 0.8087596869952471
146 0.8087596869952471
147 0.8087596869952471
148 0.8087596869952471
149 0.8087596869952471
150 0.8087596869952471
151 0.8087596869952471
152 0.8087596869952471
153 0.8087596869952471
154 0.8087596869952471
155 0.8087596869952471
156 0.8087596869952471
157 0.8087596869952471
158 0.8087596869952471
159 0.8087596869952471
160 0.8087596869952471
161 0.8087596869952471
162 0.8087596869952471
163 0.8087596869952471
164 0.8087596869952471
165 0.8087596869952471
166 0.8087596869952471
167 0.8087596869952471
168 0.8087596869952471
169 0.8087596869952471
170 0.8087596869952471
171 0.8087596869952471
172 0.8087596869952471
173 0.8087596869952471
174 0.8087596869952471
175 0.8087596869952471
176 0.8087596869952471
177 0.8087596869952471
178 0.808759687739874
179 0.808759687739874
180 0.808759687739874
181 0.8087596886184335
182 0.8087596886185868
183 0.8087596886185868
184 0.8087596886185868
185 0.8087596886185868
186 0.8087596886185868
187 0.8087596886185868
188 0.8087596886185868
189 0.8087596886185868
190 0.8087596886185868
191 0.8087596886185868
192 0.8087596886185868
193 0.8087596886185868
194 0.8087596886185868
195 0.8087596886185868
196 0.8087596886520437
197 0.8087596886520437
198 0.8087596886520437
199 0.8087596886520437
200 0.8087596886520437
201 0.8087596886520437
202 0.8087596886520437
203 0.8087596886520437
204 0.8087596886520437
205 0.8087596886520437
206 0.8087596886520437
207 0.8087596886520437
208 0.8087596886520437
209 0.8087596886520437
210 0.8087596886520437
211 0.8087596886520437
212 0.8087596886520437
213 0.8087596886520437
214 0.8087596886520437
215 0.8087596886520437
216 0.8087596886520437
217 0.8087596886520437
218 0.8087596886520437
219 0.8087596886520437
220 0.8087596886520437
221 0.8087596886520437
222 0.8087596886520437
223 0.8087596886520437
224 0.8087596886520437
225 0.8087596886520437
226 0.8087596886520437
227 0.8087596886520437
228 0.8087596886520437
229 0.8087596886520437
230 0.8087596886520437
231 0.8087596886520437
232 0.8087596886520437
233 0.8087596886520437
234 0.8087596886520437
235 0.8087609494888216
236 0.8087609494888216
237 0.8087609494888216
238 0.8087609494888216
239 0.8087609494888216
240 0.8087609494888216
241 0.8087609494888216
242 0.8087609494888216
243 0.8087609494888216
244 0.8087609494888216
245 0.8087609494888216
246 0.8087609494888216
247 0.8087609494888216
248 0.8087609494888216
249 0.8087609494888216
250 0.8087609494888216
251 0.8087609520995852
252 0.8087609520995852
253 0.8087609520995852
254 0.8087611090999539
255 0.8087611090999539
256 0.8087611090999539
257 0.8087611090999539
258 0.8087611090999539
259 0.8087611090999539
260 0.8087611090999539
261 0.8087611090999539
262 0.8087611090999539
263 0.8087611090999539
264 0.8087611090999539
265 0.8087611090999539
266 0.8087611090999539
267 0.8087613292584583
268 0.8087613292584583
269 0.8087613292584583
270 0.8087613292584583
271 0.8087613292584583
272 0.8087613292584583
273 0.8087613292584583
274 0.8087613292584583
275 0.8087613292584583
276 0.8087613292584583
277 0.8087613292584583
278 0.8087613292584583
279 0.8087613292584583
280 0.8087613292584583
281 0.8087636310905668
282 0.8087636310905668
283 0.8087636310905668
284 0.8087636310905668
285 0.8087636310905668
286 0.8087636310905668
287 0.8087636310905668
288 0.8087636310905668
289 0.8087636310905668
290 0.8087636310905668
291 0.8087636310905668
292 0.8087636310905668
293 0.8087636705172773
294 0.8087636705172773
295 0.8087638396217686
296 0.8087638396217686
297 0.8087638396217686
298 0.8087638396217686
299 0.8087638396217686
300 0.8087638396217686
301 0.8087638396217686
302 0.8087639357998611
303 0.8087639357998611
304 0.8087639357998611
305 0.8087639357998611
306 0.8087639357998611
307 0.8087639357998611
308 0.8087639357998611
309 0.8087639357998611
310 0.8087639357998611
311 0.8087639357998611
312 0.8087639357998611
313 0.8087639357998611
314 0.8087639363539525
315 0.8087639363539525
316 0.8087639363539525
317 0.8087639599255066
318 0.8087639857253839
319 0.8087639857253839
320 0.8087639857253839
321 0.8087639857253839
322 0.8087639857253839
323 0.8087639857253839
324 0.8087639857253839
325 0.8087639857253839
326 0.8087641041097895
327 0.8087641041097895
328 0.8087641041097895
329 0.8087641041097895
330 0.8087641041097895
331 0.8087641041097895
332 0.8087641041097895
333 0.8087641041097895
334 0.8087641041097895
335 0.8087641041097895
336 0.8087641041097895
337 0.8087643490452362
338 0.8087643490452362
339 0.8087643490452362
340 0.8087643490452362
341 0.8087643490452362
342 0.8087643490452362
343 0.8087643490452362
344 0.8087643490452362
345 0.8087643490452362
346 0.8087643490452362
347 0.8087643490452362
348 0.8087643490452362
349 0.8087643490452362
350 0.8087643490452362
351 0.8087643490452362
352 0.8087643490452362
353 0.8087650310235664
354 0.8087650310235664
355 0.8087650310235664
356 0.8087650310235664
357 0.8087650310235664
358 0.8087650310235664
359 0.8087650310235664
360 0.8087650310235664
361 0.8087650310235664
362 0.8087650310235664
363 0.8087650310235664
364 0.8087650310235664
365 0.8087650310235664
366 0.8087650310235664
367 0.8087650310235664
368 0.8087650310235664
369 0.8087650310235664
370 0.8087650310235664
371 0.8087650310235664
372 0.8087650310235664
373 0.8087650310235664
374 0.8087650310235664
375 0.8087650310235664
376 0.8087650310235664
377 0.8087650310235664
378 0.8087650310235664
379 0.8087650310235664
380 0.8087650310235664
381 0.8087650310235664
382 0.8087650310235664
383 0.8087650310235664
384 0.8087650310235664
385 0.8087650310235664
386 0.8087650310235664
387 0.8087650310235664
388 0.8087650310235664
389 0.8087650310235664
390 0.8087650310235664
391 0.8087650951868
392 0.8087652831308048
393 0.8087652831308048
394 0.8087652831308048
395 0.8087652831308559
396 0.8087652831308559
397 0.8087652831308559
398 0.8087652831308559
399 0.8087652831308559
400 0.8087652831308559
401 0.8087652831308559
402 0.8087652831308559
403 0.8087652831308559
404 0.8087652831308559
405 0.8087652831308559
406 0.8087652831308559
407 0.8087652831308559
408 0.8087652831308559
409 0.8087652831308559
410 0.8087652831308559
411 0.8087652831308559
412 0.8087652831308559
413 0.8087652831308559
414 0.8087652831308559
415 0.8087652831308559
416 0.8087652831308559
417 0.8087652831308559
418 0.8087652831308559
419 0.8087652831308559
420 0.8087652831308559
421 0.8087652831610445
422 0.8087652831610445
423 0.8087652831610445
424 0.8087652831610445
425 0.8087652831610445
426 0.8087673619462115
427 0.8087673619462115
428 0.8087673619462115
429 0.8087673619462115
430 0.8087673619462115
431 0.8087673619462115
432 0.8087673619462115
433 0.8087673619462115
434 0.8087673619462115
435 0.8087673619462115
436 0.8087673619462115
437 0.8087673619462115
438 0.8087673619462115
439 0.8087673619462115
440 0.8087673619462115
441 0.8087673619462115
442 0.8087673619462115
443 0.8087673619462115
444 0.8087673619462115
445 0.8087673619462115
446 0.8087673619462115
447 0.8087673619462115
448 0.8087673619462115
449 0.8087673619462115
450 0.8087673619462115
451 0.8087673619462115
452 0.8087673619462115
453 0.8087673619462115
454 0.8087673619462115
455 0.8087673619462115
456 0.8087673619462115
457 0.8087673619497108
458 0.8087673619497108
459 0.8087673619497108
460 0.8087673619497108
461 0.8087673619497108
462 0.8087673619497108
463 0.8087673619497108
464 0.8087673619497108
465 0.8087673619497108
466 0.8087673619497108
467 0.8087673619497108
468 0.8087673619497108
469 0.8087673619497108
470 0.8087673619497108
471 0.8087673619497108
472 0.8087673619497108
473 0.8087673619497108
474 0.8087673619497108
475 0.8087673619497108
476 0.8087673619497108
477 0.8087673619497108
478 0.8087673619497108
479 0.8087673619497108
480 0.8087673619497108
481 0.8087673619497108
482 0.8087673619497108
483 0.8087673619497108
484 0.8087673619497108
485 0.8087673619497108
486 0.8087673619497108
487 0.8087673619497108
488 0.8087673619497108
489 0.8087673619497108
490 0.8087673619497108
491 0.8087673619497108
492 0.8087673619497108
493 0.8087673619497108
494 0.8087673619497108
495 0.8087673619497108
496 0.8087673619497108
497 0.8087673619497108
498 0.8087673619497108
499 0.8087673619497108
500 0.8087673619497108
501 0.8087673619497108
502 0.8087673619497108
503 0.8087673619497219
504 0.8087673619497219
505 0.8087673619497219
506 0.8087673619497219
507 0.8087673619497219
508 0.8087673619497219
509 0.8087673619497219
510 0.8087673619497219
511 0.8087673619497219
512 0.8087673619497219
513 0.8087673619497219
514 0.8087673619497219
515 0.8087673619497219
516 0.8087673619497219
517 0.8087673619497219
518 0.8087673619497219
519 0.8087673619497219
520 0.8087673619497219
521 0.8087673619497219
522 0.8087673619497219
523 0.8087673619497219
524 0.808767361949724
525 0.8087673619497421
526 0.8087673619497421
527 0.8087673619497421
528 0.8087673619497421
529 0.8087673619497421
530 0.8087673619497421
531 0.8087673619497421
532 0.8087673619497421
533 0.8087673619497421
534 0.8087673619497421
535 0.8087673619497421
536 0.8087673619497421
537 0.8087673619497421
538 0.8087673619497421
539 0.8087673619497421
540 0.8087673619497421
541 0.8087673619497421
542 0.8087673619497421
543 0.8087673619497421
544 0.8087673619497421
545 0.8087673619497421
546 0.8087673619497421
547 0.8087673619497421
548 0.8087673619497421
549 0.8087673619497421
550 0.8087673619497422
551 0.8087673619497422
552 0.8087673619497422
553 0.8087673786682921
554 0.8087673786682921
555 0.8087673786682921
556 0.8087673786682921
557 0.8087673786682921
558 0.8087673786682921
559 0.8087673786682921
560 0.8087673786682921
561 0.8087673786682921
562 0.8087673786682921
563 0.8087673786682921
564 0.8087673786682921
565 0.8087673786682921
566 0.8087673786682921
567 0.8087673786682921
568 0.8087673786682921
569 0.808767379962314
570 0.808767379962314
571 0.808767379962314
572 0.808767379962314
573 0.808767379962314
574 0.808767379962314
575 0.808767379962314
576 0.808767379962314
577 0.808767379962314
578 0.808767379962314
579 0.808767379962314
580 0.808767379962314
581 0.808767379962314
582 0.808767379962314
583 0.808767379962314
584 0.808767379962314
585 0.808767379962314
586 0.808767379962314
587 0.808767379962314
588 0.808767379962314
589 0.808767379962314
590 0.808767379962314
591 0.808767379962314
592 0.808767379962314
593 0.808767379962314
594 0.8087673800406617
595 0.8087673800406617
596 0.8087673800406617
597 0.8087673800406617
598 0.8087673800406617
599 0.808767386209837
600 0.808767386209837
601 0.808767386209837
602 0.808767386209837
603 0.808767386209837
604 0.808767386209837
605 0.808767386209837
606 0.808767386209837
607 0.808767386209837
608 0.808767386209837
609 0.808767386209837
610 0.808767386209837
611 0.808767386209837
612 0.808767386209837
613 0.808767386209837
614 0.808767386209837
615 0.808767386209837
616 0.808767386209837
617 0.8087673862098371
618 0.8087673862098371
619 0.8087673862098371
620 0.8087673862098371
621 0.8087673862098371
622 0.8087673862098371
623 0.8087673862098371
624 0.8087673862098371
625 0.808767386511925
626 0.808767386511925
627 0.808767386511925
628 0.8087673868675459
629 0.8087673868675459
630 0.8087673868675459
631 0.8087673868675459
632 0.8087673868675459
633 0.8087673868675459
634 0.8087673868675459
635 0.8087673868675459
636 0.8087673876490192
637 0.8087673876490192
638 0.8087673876490192
639 0.8087673876490192
640 0.8087673876490192
641 0.8087673876490192
642 0.8087673876490192
643 0.8087673876490192
644 0.8087673876490192
645 0.8087673876490192
646 0.8087673876490192
647 0.8087673876490192
648 0.8087673876490192
649 0.8087673876490192
650 0.8087673876548699
651 0.8087673876548699
652 0.8087673876548699
653 0.8087673876548699
654 0.8087673876548699
655 0.8087673876548699
656 0.8087673876548699
657 0.8087673876548699
658 0.8087673876548699
659 0.8087673876548699
660 0.8087673876548699
661 0.8087673876548699
662 0.8087673876548699
663 0.8087673876548699
664 0.8087673876548701
665 0.8087673876548701
666 0.8087673876548701
667 0.8087673876548701
668 0.8087673876548701
669 0.8087673876548701
670 0.8087673876548701
671 0.8087673876548701
672 0.8087673876549211
673 0.8087673876549211
674 0.8087673876549211
675 0.8087673876549211
676 0.8087673876549232
677 0.8087673876549232
678 0.8087673876549232
679 0.8087673876549232
680 0.8087673876549232
681 0.8087673876549232
682 0.8087673876549232
683 0.8087673876549232
684 0.8087673876549232
685 0.8087673876549232
686 0.8087673876549232
687 0.8087673876549232
688 0.8087673876549232
689 0.8087673876549232
690 0.8087673876549232
691 0.8087673876549348
692 0.8087673876549348
693 0.8087673876549348
694 0.8087673876549348
695 0.8087673876549348
696 0.8087673876549348
697 0.8087673876549348
698 0.8087673876549348
699 0.8087673876549348
700 0.8087673876549348
701 0.8087673876549348
702 0.8087673876549348
703 0.8087673876549348
704 0.8087673876549348
705 0.8087673876549348
706 0.8087673876549348
707 0.8087673876549348
708 0.8087673876549348
709 0.8087673876549348
710 0.8087673876549348
711 0.8087673876549348
712 0.8087673876549348
713 0.8087673876549348
714 0.8087673876549348
715 0.8087673876549348
716 0.8087673876549348
717 0.8087673876549348
718 0.8087673876549348
719 0.8087673876549348
720 0.8087673876549348
721 0.8087673876549348
722 0.8087673876549348
723 0.8087673876549348
724 0.8087673876549348
725 0.8087673876549348
726 0.8087673876549348
727 0.8087673876549348
728 0.808767387654935
729 0.808767387654935
730 0.808767387654935
731 0.8087673982567402
732 0.8087673982567402
733 0.8087673982567402
734 0.8087673982567402
735 0.808767398551365
736 0.808767398551365
737 0.808767398551365
738 0.8087674078734962
739 0.8087674078734962
740 0.8087674078734962
741 0.8087674078734962
742 0.8087674078734962
743 0.8087674078734962
744 0.8087674078734962
745 0.8087674078734962
746 0.8087674078734962
747 0.8087674078734962
748 0.8087674078734962
749 0.8087674078734962
750 0.8087674078734962
751 0.8087674078734962
752 0.8087674078734962
753 0.8087674078734962
754 0.8087674078734962
755 0.8087674078734962
756 0.8087674079114996
757 0.8087674079114996
758 0.8087674079114996
759 0.8087674079114996
760 0.8087674079114996
761 0.8087674079114996
762 0.8087674079114996
763 0.8087674079114996
764 0.8087674079114996
765 0.8087674079114997
766 0.8087674079114997
767 0.8087674079114997
768 0.8087674079114997
769 0.8087674079114997
770 0.8087674079114997
771 0.8087674079114997
772 0.8087674079114997
773 0.8087674079114997
774 0.8087674485435334
775 0.8087674485435334
776 0.8087674485435334
777 0.8087674485435334
778 0.8087674485435334
779 0.8087674485435334
780 0.8087674485435334
781 0.8087674485435334
782 0.8087674485435334
783 0.8087674485435334
784 0.8087674485435334
785 0.8087674485435334
786 0.8087674485435334
787 0.8087674485435334
788 0.8087674485435334
789 0.8087674485435334
790 0.8087674485435334
791 0.8087674485435334
792 0.8087674485435334
793 0.8087674485435334
794 0.8087674485435334
795 0.8087674485435334
796 0.8087674485435334
797 0.8087674485435334
798 0.8087674485435334
799 0.8087674485435334
800 0.8087674485435334
801 0.8087674485435334
802 0.8087674485435334
803 0.8087674485435334
804 0.8087674485435334
805 0.8087674485435334
806 0.8087674485435334
807 0.8087674485435334
808 0.8087674485435334
809 0.8087674485435334
810 0.8087674485435334
811 0.8087674485435334
812 0.8087674485435334
813 0.8087674485435334
814 0.8087674485435334
815 0.8087674485435334
816 0.8087674485435334
817 0.8087674485435334
818 0.8087674485435334
819 0.8087674485435334
820 0.8087674485435334
821 0.8087674485435334
822 0.8087674485435334
823 0.8087674485435334
824 0.8087674485435334
825 0.8087674485435334
826 0.8087674485435334
827 0.8087674485435334
828 0.8087674485435334
829 0.8087674485435334
830 0.8087674485435334
831 0.8087674485435334
832 0.8087674485435334
833 0.8087674485435334
834 0.8087674485435334
835 0.8087674485435334
836 0.8087674485435334
837 0.8087674485435334
838 0.8087674485435334
839 0.8087674485435334
840 0.8087674485435334
841 0.8087674485435334
842 0.8087674485435334
843 0.8087674485435334
844 0.8087674485435334
845 0.8087674485435334
846 0.8087674485435334
847 0.8087674485435334
848 0.8087674485435334
849 0.8087674485435334
850 0.8087674485435334
851 0.8087674485435334
852 0.8087674485435334
853 0.8087674485435334
854 0.8087674485435334
855 0.8087674485435334
856 0.8087674485435334
857 0.8087674485435334
858 0.8087674485435334
859 0.8087674485435334
860 0.8087674485435334
861 0.8087674485435334
862 0.8087674485435334
863 0.8087674485435334
864 0.8087674485435334
865 0.8087674485435334
866 0.8087674485435334
867 0.8087674485435334
868 0.808767448543922
869 0.808767448543922
870 0.808767448543922
871 0.808767448543922
872 0.808767448543922
873 0.808767448543922
874 0.808767448543922
875 0.808767448543922
876 0.808767448543922
877 0.808767448543922
878 0.808767448543922
879 0.808767448543922
880 0.808767448543922
881 0.808767448543922
882 0.808767448543922
883 0.8087674485460996
884 0.8087674485460996
885 0.8087674485460996
886 0.8087674485460996
887 0.8087674485460996
888 0.8087674485460996
889 0.8087674485460996
890 0.8087674485460996
891 0.8087674485460996
892 0.8087674485460996
893 0.8087674485460996
894 0.8087674485460996
895 0.8087674485460996
896 0.8087674485460996
897 0.8087674485460996
898 0.8087674485460996
899 0.8087674485460996
900 0.8087674485460996
901 0.8087674485460996
902 0.8087674485460996
903 0.8087674485460996
904 0.8087674485460996
905 0.8087674485460996
906 0.8087674485460996
907 0.8087674485460996
908 0.8087674485460996
909 0.8087674485460996
910 0.8087674485460996
911 0.8087674485460996
912 0.8087674485460996
913 0.8087674485460996
914 0.8087674485460996
915 0.8087674485460996
916 0.8087674485460996
917 0.8087674485460996
918 0.8087674485460996
919 0.8087674485460996
920 0.8087674485460996
921 0.8087674485460996
922 0.8087674485460996
923 0.8087674485460996
924 0.8087674485460996
925 0.8087674485460996
926 0.8087674485460996
927 0.8087674485460996
928 0.8087674485460996
929 0.8087674485460996
930 0.8087674485460996
931 0.8087674485460996
932 0.8087674485460996
933 0.8087674485460996
934 0.8087674485460996
935 0.8087674485460996
936 0.8087674485460996
937 0.8087674485460996
938 0.8087674485460996
939 0.8087674485460996
940 0.8087674485460996
941 0.8087674485460996
942 0.8087674485460996
943 0.8087674485460996
944 0.8087674485460996
945 0.8087674485460996
946 0.8087674485460996
947 0.8087674485460996
948 0.8087674485460996
949 0.8087674485460996
950 0.8087674485460996
951 0.8087674485460996
952 0.8087674485460996
953 0.8087674485460996
954 0.8087674485460996
955 0.8087674485460996
956 0.8087674485460996
957 0.8087674485460996
958 0.8087674485460996
959 0.8087674485460996
960 0.8087674485460996
961 0.8087674485460996
962 0.8087674485460996
963 0.8087674485460996
964 0.8087674485460996
965 0.8087674485460996
966 0.8087674485460996
967 0.8087674485460996
968 0.8087674485460996
969 0.8087674485460996
970 0.8087674485460996
971 0.8087674485460996
972 0.8087674485460996
973 0.8087674485460996
974 0.8087674485460996
975 0.8087674485460996
976 0.8087674485460996
977 0.8087674485460996
978 0.8087674485460996
979 0.8087674485460996
980 0.8087674485460996
981 0.8087674485460996
982 0.8087674485460996
983 0.8087674485460996
984 0.8087674485460996
985 0.8087674485460996
986 0.8087674547342034
987 0.8087674547342034
988 0.8087674547342034
989 0.8087674547342034
990 0.8087674547342034
991 0.8087674547342034
992 0.8087674547342034
993 0.8087674547342034
994 0.8087674547342034
995 0.8087674547342034
996 0.8087674547342034
997 0.8087674547342034
998 0.8087674547342034
999 0.8087674547342034
1000 0.8087674547342034
1001 0.8087674547342034
1002 0.8087674547342034
1003 0.8087674547342034
1004 0.8087674547342034
1005 0.8087674547342034
1006 0.8087674547342034
1007 0.8087674547342034
1008 0.8087674547342034
1009 0.8087674547342034
1010 0.8087674547342034
1011 0.8087674547342034
1012 0.8087674547342034
1013 0.8087674547342034
1014 0.8087674547342034
1015 0.8087674547342034
1016 0.8087674547342034
1017 0.8087674547342034
1018 0.8087674547342034
1019 0.8087674547342034
1020 0.8087674547342034
1021 0.8087674547342034
1022 0.8087674547342034
1023 0.8087674547342034
1024 0.8087674547342034
1025 0.8087674547342034
1026 0.8087674547342034
1027 0.8087674547342034
1028 0.8087674547342034
1029 0.8087674547342034
1030 0.8087674547342034
1031 0.8087674547342034
1032 0.8087674547342034
1033 0.8087674547342034
1034 0.8087674547342034
1035 0.8087674547342034
1036 0.8087674547342034
1037 0.8087674547342034
1038 0.8087674547342034
1039 0.8087674547342034
1040 0.8087674547342034
1041 0.8087674547342034
1042 0.8087674547342034
1043 0.8087674547342034
1044 0.8087674547342034
1045 0.8087674547342034
1046 0.8087674547342034
1047 0.8087674547342034
1048 0.8087674547342034
1049 0.8087674547342034
1050 0.8087674547342034
1051 0.8087674547342034
1052 0.8087674547342034
1053 0.8087674547342034
1054 0.8087674547342034
1055 0.8087674547342034
1056 0.8087674547342034
1057 0.8087674547342034
1058 0.8087674547342035
1059 0.8087674547342035
1060 0.8087674547342035
1061 0.8087674547342035
1062 0.8087674547342035
1063 0.8087674547342035
1064 0.8087674547342035
1065 0.8087674547342035
1066 0.8087674547342035
1067 0.8087674547342035
1068 0.8087674547342035
1069 0.8087674547342035
1070 0.8087674547342035
1071 0.8087674547342035
1072 0.8087674547342035
1073 0.8087674547342035
1074 0.8087674547342035
1075 0.8087674547342035
1076 0.8087674547342035
1077 0.8087674547342035
1078 0.8087674547342035
1079 0.8087674547342035
1080 0.8087674547342035
1081 0.8087674547342035
1082 0.8087674547342035
1083 0.8087674547342035
1084 0.8087674547342035
1085 0.8087674547342035
1086 0.8087674547342035
1087 0.8087674547342035
1088 0.8087674547342035
1089 0.8087674547342035
1090 0.8087674547342035
1091 0.8087674547342035
1092 0.8087674547342035
1093 0.8087674547342036
1094 0.8087674547342036
1095 0.8087674547342036
1096 0.8087674547342036
1097 0.8087674547342036
1098 0.8087674547342036
1099 0.8087674547342036
1100 0.8087674547342036
1101 0.8087674547342036
1102 0.8087674547342036
1103 0.8087674547342036
1104 0.8087674547342036
1105 0.8087674547342036
1106 0.8087674547342036
1107 0.8087674547342036
1108 0.8087674547342036
1109 0.808767454734207
1110 0.808767454734207
1111 0.808767454734207
1112 0.808767454734207
1113 0.808767454734207
1114 0.808767454734207
1115 0.808767454734207
1116 0.808767454734207
1117 0.808767454734207
1118 0.808767454734207
1119 0.808767454734207
1120 0.808767454734207
1121 0.808767454734207
1122 0.808767454734207
1123 0.808767454734207
1124 0.808767454734207
1125 0.8087674547342072
1126 0.8087674547342072
1127 0.8087674547342072
1128 0.8087674547342072
1129 0.8087674547342072
1130 0.8087674547342072
1131 0.8087674547342072
1132 0.8087674547342072
1133 0.8087674547342072
1134 0.8087674547342072
1135 0.8087674547342072
1136 0.8087674547342072
1137 0.8087674547342072
1138 0.8087674547342072
1139 0.8087674547342072
1140 0.8087674547342072
1141 0.8087674547342072
1142 0.8087674547342072
1143 0.8087674547342072
1144 0.8087674547342072
1145 0.8087674547342072
1146 0.8087674547342072
1147 0.8087674547342072
1148 0.8087674547342072
1149 0.8087674547342072
1150 0.8087674547342072
1151 0.8087674547342072
1152 0.8087674547342072
1153 0.8087674547342072
1154 0.8087674547342072
1155 0.8087674547342072
1156 0.8087674547342072
1157 0.8087674547342072
1158 0.8087674547342072
1159 0.8087674547342072
1160 0.8087674547342072
1161 0.8087674547342072
1162 0.8087674547342072
1163 0.8087674547342075
1164 0.8087674547342075
1165 0.8087674547342075
1166 0.8087674547342075
1167 0.8087674547342075
1168 0.8087674547342075
1169 0.8087674547342075
1170 0.8087674547342075
1171 0.8087674547342075
1172 0.8087674547342075
1173 0.8087674547342075
1174 0.8087674547342075
1175 0.8087674547342075
1176 0.8087674547342075
1177 0.8087674547342075
1178 0.8087674547342075
1179 0.8087674547342075
1180 0.8087674547342075
1181 0.8087674547342075
1182 0.8087674547342075
1183 0.8087674547342075
1184 0.8087674547342075
1185 0.8087674547342075
1186 0.8087674547342075
1187 0.8087674547342075
1188 0.8087674547342075
1189 0.8087674547342075
1190 0.8087674547342075
1191 0.8087674547342075
1192 0.8087674547342075
1193 0.8087674547342075
1194 0.8087674547342075
1195 0.8087674547342075
1196 0.8087674547342075
1197 0.8087674547342075
1198 0.8087674547342075
1199 0.8087674547342075
1200 0.8087674547342075
1201 0.8087674547342075
1202 0.8087674547342075
1203 0.8087674547342075
1204 0.8087674547342075
1205 0.8087674547342075
1206 0.8087674547342075
1207 0.8087674547342075
1208 0.8087674547342075
1209 0.8087674547342075
1210 0.8087674547342075
1211 0.8087674547342075
1212 0.8087674547342075
1213 0.8087674547342075
1214 0.8087674547342075
1215 0.8087674547342075
1216 0.8087674547342075
1217 0.8087674547342075
1218 0.8087674547342075
1219 0.8087674547342075
1220 0.8087674547342075
1221 0.8087674547342075
1222 0.8087674547342075
1223 0.8087674547342075
1224 0.8087674547342075
1225 0.8087674547342075
1226 0.8087674547342075
1227 0.8087674547342075
1228 0.8087674547342075
1229 0.8087674547342075
1230 0.8087674547342075
1231 0.8087674547342075
1232 0.8087674547342075
1233 0.8087674547342075
1234 0.8087674547342075
1235 0.8087674547342075
1236 0.8087674547342075
1237 0.8087674547342075
1238 0.8087674547342075
1239 0.8087674547342075
1240 0.8087674547342075
1241 0.8087674547342075
1242 0.8087674547342075
1243 0.8087674547342075
1244 0.8087674547342075
1245 0.8087674547342075
1246 0.8087674547342075
1247 0.8087674547342075
1248 0.8087674547342075
1249 0.8087674547342075
1250 0.8087674547342075
1251 0.8087674547342075
1252 0.8087674547342075
1253 0.8087674547342075
1254 0.8087674547342075
1255 0.8087674547342075
1256 0.8087674547342075
1257 0.8087674547342075
1258 0.8087674547342075
1259 0.8087674547342075
1260 0.8087674547342075
1261 0.8087674547342075
1262 0.8087674547342075
1263 0.8087674547342075
1264 0.8087674547342075
1265 0.8087674547342075
1266 0.8087674547342075
1267 0.8087674547342075
1268 0.8087674547342075
1269 0.8087674547342075
1270 0.8087674547342075
1271 0.8087674547342075
1272 0.8087674547342075
1273 0.8087674547342075
1274 0.8087674547342075
1275 0.8087674547342075
1276 0.8087674547342075
1277 0.8087674547342075
1278 0.8087674547342075
1279 0.8087674547342075
1280 0.8087674547342075
1281 0.8087674547342075
1282 0.8087674547342075
1283 0.8087674547342075
1284 0.8087674547342075
1285 0.8087674547342075
1286 0.8087674547342075
1287 0.8087674547342075
1288 0.8087674547342075
1289 0.8087674547342075
1290 0.8087674547342075
1291 0.8087674547342075
1292 0.8087674547342075
1293 0.8087674547342075
1294 0.8087674547342075
1295 0.8087674547342075
1296 0.8087674547342075
1297 0.8087674547342075
1298 0.8087674547342075
1299 0.8087674547342075
1300 0.8087674547342075
1301 0.8087674547342075
1302 0.8087674547342075
1303 0.8087674547342075
1304 0.8087674547342075
1305 0.8087674547342075
1306 0.8087674547342075
1307 0.8087674547342075
1308 0.8087674547342075
1309 0.8087674547342075
1310 0.8087674547342075
1311 0.8087674547342075
1312 0.8087674547342075
1313 0.8087674547342075
1314 0.8087674547342075
1315 0.8087674547342075
1316 0.8087674547342075
1317 0.8087674547342075
1318 0.8087674547342075
1319 0.8087674547342075
1320 0.8087674547342075
1321 0.8087674547342075
1322 0.8087674547342075
1323 0.8087674547342075
1324 0.8087674547342075
1325 0.8087674547342075
1326 0.8087674547342075
1327 0.8087674547342075
1328 0.8087674547342075
1329 0.8087674547342075
1330 0.8087674547342075
1331 0.8087674547342075
1332 0.8087674547342075
1333 0.8087674547342075
1334 0.8087674547342075
1335 0.8087674547342075
1336 0.8087674547342075
1337 0.8087674547342075
1338 0.8087674547342075
1339 0.8087674547342075
1340 0.8087674547342075
1341 0.8087674547342075
1342 0.8087674547342075
1343 0.8087674547342075
1344 0.8087674547342075
1345 0.8087674547342075
1346 0.8087674547342075
1347 0.8087674547342075
1348 0.8087674547342075
1349 0.8087674547342075
1350 0.8087674547342075
1351 0.8087674547342075
1352 0.8087674547342075
1353 0.8087674547342075
1354 0.8087674547342075
1355 0.8087674547342075
1356 0.8087674547342075
1357 0.8087674547342075
1358 0.8087674547342075
1359 0.8087674547342075
1360 0.8087674547342075
1361 0.8087674547342075
1362 0.8087674547342075
1363 0.8087674547342075
1364 0.8087674547342075
1365 0.8087674547342075
1366 0.8087674547342075
1367 0.8087674547342075
1368 0.8087674547342075
1369 0.8087674547342075
1370 0.8087674547342075
1371 0.8087674547342075
1372 0.8087674547342075
1373 0.8087674547342075
1374 0.8087674547342075
1375 0.8087674547342075
1376 0.8087674547342075
1377 0.8087674547342075
1378 0.8087674547342075
1379 0.8087674547342075
1380 0.8087674547342075
1381 0.8087674547342075
1382 0.8087674547342075
1383 0.8087674547342075
1384 0.8087674547342075
1385 0.8087674547342075
1386 0.8087674547342075
1387 0.8087674547342075
1388 0.8087674547342075
1389 0.8087674547342075
1390 0.8087674547342075
1391 0.8087674547342075
1392 0.8087674547342075
1393 0.8087674547342075
1394 0.8087674547342075
1395 0.8087674547342075
1396 0.8087674547342075
1397 0.8087674547342075
1398 0.8087674547342075
1399 0.8087674547342075
1400 0.8087674547342075
1401 0.8087674547342075
1402 0.8087674547342075
1403 0.8087674547342075
1404 0.8087674547342075
1405 0.8087674547342075
1406 0.8087674547342075
1407 0.8087674547342075
1408 0.8087674547342075
1409 0.8087674547342075
1410 0.8087674547342075
1411 0.8087674547342075
1412 0.8087674547342075
1413 0.8087674547342075
1414 0.8087674547342075
1415 0.8087674547342075
1416 0.8087674547342075
1417 0.8087674547342075
1418 0.8087674547342075
1419 0.8087674547342075
1420 0.8087674547342075
1421 0.8087674547342075
1422 0.8087674547342075
1423 0.8087674547342075
1424 0.8087674547342075
1425 0.8087674547342075
1426 0.8087674547342075
1427 0.8087674547342075
1428 0.8087674547342075
1429 0.8087674547342075
1430 0.8087674547342075
1431 0.8087674547342075
1432 0.8087674547342075
1433 0.8087674547342075
1434 0.8087674547342075
1435 0.8087674547342075
1436 0.8087674547342075
1437 0.8087674547342075
1438 0.8087674547342075
1439 0.8087674547342075
1440 0.8087674547342075
1441 0.8087674547342075
1442 0.8087674547342075
1443 0.8087674547342075
1444 0.8087674547342075
1445 0.8087674547342075
1446 0.8087674547342075
1447 0.8087674547342075
1448 0.8087674547342075
1449 0.8087674547342075
1450 0.8087674547342075
1451 0.8087674547342075
1452 0.8087674547342075
1453 0.8087674547342075
1454 0.8087674547342075
1455 0.8087674547342076
1456 0.8087674547342076
1457 0.8087674547342076
1458 0.8087674547342076
1459 0.8087674547342076
1460 0.8087674547342076
1461 0.8087674547342076
1462 0.8087674547342076
1463 0.8087674547342076
1464 0.8087674547342076
1465 0.8087674547342076
1466 0.8087674547342076
1467 0.8087674547342076
1468 0.8087674547342076
1469 0.8087674547342076
1470 0.8087674547342076
1471 0.8087674547342076
1472 0.8087674547342076
1473 0.8087674547342076
1474 0.8087674547342076
1475 0.8087674547342076
1476 0.8087674547342076
1477 0.8087674547342076
1478 0.8087674547342076
1479 0.8087674547342076
1480 0.8087674547342076
1481 0.8087674547342076
1482 0.8087674547342076
1483 0.8087674547342076
1484 0.8087674547342076
1485 0.8087674547342076
1486 0.8087674547342076
1487 0.8087674547342076
1488 0.8087674547342076
1489 0.8087674547342076
1490 0.8087674547342076
1491 0.8087674547342076
1492 0.8087674547342076
1493 0.8087674547342076
1494 0.8087674547342076
1495 0.8087674547342076
1496 0.8087674547342076
1497 0.8087674547342076
1498 0.8087674547342076
1499 0.8087674547342076
