0 0.6884765625
1 0.6884765625
2 0.693359375
3 0.7294921875
4 0.7578125
5 0.767578125
6 0.767578125
7 0.767578125
8 0.802734375
9 0.8271484375
10 0.8349609375
11 0.8349609375
12 0.8349609375
13 0.84375
14 0.84375
15 0.849609375
16 0.849609375
17 0.849609375
18 0.849609375
19 0.849609375
20 0.8505859375
21 0.8603515625
22 0.8720703125
23 0.8720703125
24 0.876953125
25 0.876953125
26 0.876953125
27 0.876953125
28 0.8779296875
29 0.8837890625
30 0.8837890625
31 0.8837890625
32 0.8837890625
33 0.8896484375
34 0.8896484375
35 0.890625
36 0.90234375
37 0.90234375
38 0.90234375
39 0.9072265625
40 0.9169921875
41 0.9169921875
42 0.9169921875
43 0.9169921875
44 0.9169921875
45 0.9169921875
46 0.9169921875
47 0.9208984375
48 0.9208984375
49 0.9208984375
50 0.9228515625
51 0.9228515625
52 0.93359375
53 0.93359375
54 0.93359375
55 0.93359375
56 0.93359375
57 0.93359375
58 0.93359375
59 0.93359375
60 0.93359375
61 0.9384765625
62 0.9384765625
63 0.9384765625
64 0.9384765625
65 0.9443359375
66 0.9443359375
67 0.9443359375
68 0.9443359375
69 0.9443359375
70 0.9443359375
71 0.9462890625
72 0.9462890625
73 0.9462890625
74 0.947265625
75 0.947265625
76 0.947265625
77 0.947265625
78 0.947265625
79 0.947265625
80 0.947265625
81 0.947265625
82 0.947265625
83 0.947265625
84 0.947265625
85 0.9482421875
86 0.94921875
87 0.94921875
88 0.94921875
89 0.94921875
90 0.94921875
91 0.94921875
92 0.94921875
93 0.94921875
94 0.94921875
95 0.9501953125
96 0.9501953125
97 0.951171875
98 0.951171875
99 0.9541015625
100 0.9541015625
101 0.9541015625
102 0.9541015625
103 0.9541015625
104 0.9541015625
105 0.9541015625
106 0.9541015625
107 0.9541015625
108 0.9541015625
109 0.9599609375
110 0.9599609375
111 0.9599609375
112 0.9599609375
113 0.9599609375
114 0.9599609375
115 0.9599609375
116 0.9599609375
117 0.9599609375
118 0.9599609375
119 0.9599609375
120 0.9599609375
121 0.9599609375
122 0.9599609375
123 0.9599609375
124 0.9599609375
125 0.9599609375
126 0.9599609375
127 0.9599609375
128 0.9599609375
129 0.9599609375
130 0.9619140625
131 0.9619140625
132 0.9619140625
133 0.9619140625
134 0.9619140625
135 0.9619140625
136 0.9619140625
137 0.9619140625
138 0.9619140625
139 0.9619140625
140 0.9619140625
141 0.9619140625
142 0.9619140625
143 0.9619140625
144 0.9619140625
145 0.9619140625
146 0.9619140625
147 0.9619140625
148 0.9619140625
149 0.962890625
150 0.962890625
151 0.962890625
152 0.962890625
153 0.962890625
154 0.962890625
155 0.962890625
156 0.962890625
157 0.962890625
158 0.962890625
159 0.962890625
160 0.962890625
161 0.962890625
162 0.962890625
163 0.962890625
164 0.962890625
165 0.962890625
166 0.962890625
167 0.962890625
168 0.962890625
169 0.962890625
170 0.962890625
171 0.962890625
172 0.96484375
173 0.96484375
174 0.96484375
175 0.96484375
176 0.96484375
177 0.96484375
178 0.96484375
179 0.96484375
180 0.96484375
181 0.96484375
182 0.96484375
183 0.96484375
184 0.96484375
185 0.96484375
186 0.96484375
187 0.96484375
188 0.96484375
189 0.96484375
190 0.96484375
191 0.96484375
192 0.96484375
193 0.96484375
194 0.96484375
195 0.96484375
196 0.96484375
197 0.96484375
198 0.96484375
199 0.96484375
200 0.96484375
201 0.96484375
202 0.96484375
203 0.96484375
204 0.96484375
205 0.96484375
206 0.96484375
207 0.96484375
208 0.96484375
209 0.96484375
210 0.96484375
211 0.96484375
212 0.96484375
213 0.96484375
214 0.96484375
215 0.96484375
216 0.96484375
217 0.96484375
218 0.96484375
219 0.96484375
220 0.96484375
221 0.96484375
222 0.96484375
223 0.96484375
224 0.96484375
225 0.96484375
226 0.96484375
227 0.96484375
228 0.96484375
229 0.96484375
230 0.96484375
231 0.96484375
232 0.96484375
233 0.96484375
234 0.96484375
235 0.96484375
236 0.96484375
237 0.96484375
238 0.96484375
239 0.96484375
240 0.96484375
241 0.96484375
242 0.96484375
243 0.96484375
244 0.96484375
245 0.96484375
246 0.96484375
247 0.96484375
248 0.96484375
249 0.96484375
250 0.96484375
251 0.96484375
252 0.96484375
253 0.96484375
254 0.96484375
255 0.96484375
256 0.96484375
257 0.96484375
258 0.96484375
259 0.96484375
260 0.96484375
261 0.96484375
262 0.96484375
263 0.96484375
264 0.96484375
265 0.96484375
266 0.96484375
267 0.96484375
268 0.96484375
269 0.96484375
270 0.96484375
271 0.96484375
272 0.96484375
273 0.96484375
274 0.96484375
275 0.96484375
276 0.96484375
277 0.96484375
278 0.96484375
279 0.96484375
280 0.96484375
281 0.96484375
282 0.96484375
283 0.96484375
284 0.96484375
285 0.96484375
286 0.96484375
287 0.96484375
288 0.96484375
289 0.96484375
290 0.96484375
291 0.96484375
292 0.96484375
293 0.96484375
294 0.96484375
295 0.96484375
296 0.96484375
297 0.96484375
298 0.96484375
299 0.96484375
300 0.96484375
301 0.96484375
302 0.96484375
303 0.96484375
304 0.96484375
305 0.96484375
306 0.96484375
307 0.96484375
308 0.96484375
309 0.96484375
310 0.96484375
311 0.96484375
312 0.96484375
313 0.96484375
314 0.96484375
315 0.96484375
316 0.96484375
317 0.96484375
318 0.96484375
319 0.96484375
320 0.96484375
321 0.96484375
322 0.96484375
323 0.96484375
324 0.96484375
325 0.96484375
326 0.96484375
327 0.96484375
328 0.96484375
329 0.96484375
330 0.96484375
331 0.96484375
332 0.96484375
333 0.96484375
334 0.96484375
335 0.96484375
336 0.96484375
337 0.96484375
338 0.96484375
339 0.96484375
340 0.96484375
341 0.96484375
342 0.96484375
343 0.96484375
344 0.96484375
345 0.96484375
346 0.96484375
347 0.9658203125
348 0.9658203125
349 0.9658203125
350 0.9658203125
351 0.9658203125
352 0.9658203125
353 0.9658203125
354 0.9658203125
355 0.9658203125
356 0.9658203125
357 0.9658203125
358 0.9658203125
359 0.9658203125
360 0.9658203125
361 0.9658203125
362 0.9658203125
363 0.9658203125
364 0.9658203125
365 0.9658203125
366 0.9658203125
367 0.9658203125
368 0.9658203125
369 0.9658203125
370 0.9658203125
371 0.9658203125
372 0.9658203125
373 0.9658203125
374 0.9658203125
375 0.9658203125
376 0.9658203125
377 0.9658203125
378 0.9658203125
379 0.9658203125
380 0.9658203125
381 0.9658203125
382 0.9658203125
383 0.9658203125
384 0.9658203125
385 0.9658203125
386 0.9658203125
387 0.9658203125
388 0.9658203125
389 0.9658203125
390 0.9658203125
391 0.9658203125
392 0.9658203125
393 0.9658203125
394 0.9658203125
395 0.9658203125
396 0.9658203125
397 0.9658203125
398 0.9658203125
399 0.9658203125
400 0.9658203125
401 0.9658203125
402 0.9658203125
403 0.9658203125
404 0.9658203125
405 0.966796875
406 0.966796875
407 0.966796875
408 0.966796875
409 0.966796875
410 0.966796875
411 0.966796875
412 0.966796875
413 0.966796875
414 0.966796875
415 0.966796875
416 0.966796875
417 0.966796875
418 0.966796875
419 0.966796875
420 0.966796875
421 0.966796875
422 0.966796875
423 0.966796875
424 0.966796875
425 0.966796875
426 0.966796875
427 0.966796875
428 0.966796875
429 0.966796875
430 0.966796875
431 0.966796875
432 0.966796875
433 0.966796875
434 0.966796875
435 0.966796875
436 0.966796875
437 0.966796875
438 0.966796875
439 0.966796875
440 0.966796875
441 0.966796875
442 0.966796875
443 0.966796875
444 0.966796875
445 0.966796875
446 0.966796875
447 0.966796875
448 0.966796875
449 0.966796875
450 0.966796875
451 0.966796875
452 0.966796875
453 0.966796875
454 0.966796875
455 0.966796875
456 0.966796875
457 0.966796875
458 0.966796875
459 0.966796875
460 0.966796875
461 0.966796875
462 0.966796875
463 0.966796875
464 0.966796875
465 0.966796875
466 0.966796875
467 0.966796875
468 0.966796875
469 0.966796875
470 0.966796875
471 0.966796875
472 0.966796875
473 0.966796875
474 0.966796875
475 0.966796875
476 0.966796875
477 0.966796875
478 0.966796875
479 0.966796875
480 0.966796875
481 0.966796875
482 0.966796875
483 0.966796875
484 0.966796875
485 0.966796875
486 0.966796875
487 0.966796875
488 0.966796875
489 0.966796875
490 0.966796875
491 0.966796875
492 0.966796875
493 0.966796875
494 0.966796875
495 0.966796875
496 0.966796875
497 0.966796875
498 0.966796875
499 0.966796875
500 0.966796875
501 0.966796875
502 0.966796875
503 0.966796875
504 0.966796875
505 0.966796875
506 0.966796875
507 0.966796875
508 0.966796875
509 0.966796875
510 0.966796875
511 0.966796875
512 0.966796875
513 0.966796875
514 0.966796875
515 0.966796875
516 0.966796875
517 0.966796875
518 0.966796875
519 0.966796875
520 0.966796875
521 0.966796875
522 0.966796875
523 0.966796875
524 0.966796875
525 0.966796875
526 0.966796875
527 0.966796875
528 0.966796875
529 0.966796875
530 0.966796875
531 0.966796875
532 0.966796875
533 0.966796875
534 0.966796875
535 0.966796875
536 0.966796875
537 0.966796875
538 0.966796875
539 0.966796875
540 0.966796875
541 0.966796875
542 0.966796875
543 0.966796875
544 0.966796875
545 0.966796875
546 0.966796875
547 0.966796875
548 0.966796875
549 0.966796875
550 0.966796875
551 0.966796875
552 0.966796875
553 0.966796875
554 0.966796875
555 0.966796875
556 0.966796875
557 0.966796875
558 0.966796875
559 0.966796875
560 0.966796875
561 0.966796875
562 0.966796875
563 0.966796875
564 0.966796875
565 0.966796875
566 0.966796875
567 0.966796875
568 0.966796875
569 0.966796875
570 0.966796875
571 0.966796875
572 0.966796875
573 0.966796875
574 0.966796875
575 0.966796875
576 0.966796875
577 0.966796875
578 0.966796875
579 0.966796875
580 0.966796875
581 0.966796875
582 0.966796875
583 0.966796875
584 0.966796875
585 0.966796875
586 0.966796875
587 0.966796875
588 0.966796875
589 0.966796875
590 0.966796875
591 0.966796875
592 0.966796875
593 0.966796875
594 0.966796875
595 0.966796875
596 0.966796875
597 0.966796875
598 0.966796875
599 0.966796875
600 0.966796875
601 0.966796875
602 0.966796875
603 0.966796875
604 0.966796875
605 0.966796875
606 0.966796875
607 0.966796875
608 0.966796875
609 0.966796875
610 0.966796875
611 0.966796875
612 0.966796875
613 0.966796875
614 0.966796875
615 0.966796875
616 0.966796875
617 0.966796875
618 0.966796875
619 0.966796875
620 0.966796875
621 0.966796875
622 0.966796875
623 0.966796875
624 0.966796875
625 0.966796875
626 0.966796875
627 0.966796875
628 0.966796875
629 0.966796875
630 0.966796875
631 0.966796875
632 0.966796875
633 0.966796875
634 0.966796875
635 0.966796875
636 0.966796875
637 0.966796875
638 0.966796875
639 0.966796875
640 0.966796875
641 0.966796875
642 0.966796875
643 0.966796875
644 0.966796875
645 0.966796875
646 0.966796875
647 0.966796875
648 0.966796875
649 0.966796875
650 0.966796875
651 0.966796875
652 0.966796875
653 0.966796875
654 0.966796875
655 0.966796875
656 0.966796875
657 0.966796875
658 0.966796875
659 0.966796875
660 0.966796875
661 0.966796875
662 0.966796875
663 0.966796875
664 0.966796875
665 0.966796875
666 0.966796875
667 0.966796875
668 0.966796875
669 0.966796875
670 0.966796875
671 0.966796875
672 0.966796875
673 0.966796875
674 0.966796875
675 0.966796875
676 0.966796875
677 0.966796875
678 0.966796875
679 0.966796875
680 0.966796875
681 0.966796875
682 0.966796875
683 0.966796875
684 0.966796875
685 0.966796875
686 0.966796875
687 0.966796875
688 0.966796875
689 0.966796875
690 0.966796875
691 0.966796875
692 0.966796875
693 0.966796875
694 0.966796875
695 0.966796875
696 0.966796875
697 0.966796875
698 0.966796875
699 0.966796875
700 0.966796875
701 0.966796875
702 0.966796875
703 0.966796875
704 0.966796875
705 0.966796875
706 0.966796875
707 0.966796875
708 0.966796875
709 0.966796875
710 0.966796875
711 0.966796875
712 0.966796875
713 0.966796875
714 0.966796875
715 0.966796875
716 0.966796875
717 0.966796875
718 0.966796875
719 0.966796875
720 0.966796875
721 0.966796875
722 0.966796875
723 0.966796875
724 0.966796875
725 0.966796875
726 0.966796875
727 0.966796875
728 0.966796875
729 0.966796875
730 0.966796875
731 0.966796875
732 0.966796875
733 0.966796875
734 0.966796875
735 0.966796875
736 0.966796875
737 0.966796875
738 0.966796875
739 0.966796875
740 0.966796875
741 0.966796875
742 0.966796875
743 0.966796875
744 0.966796875
745 0.966796875
746 0.966796875
747 0.966796875
748 0.966796875
749 0.966796875
750 0.966796875
751 0.966796875
752 0.966796875
753 0.966796875
754 0.966796875
755 0.966796875
756 0.966796875
757 0.966796875
758 0.966796875
759 0.966796875
760 0.966796875
761 0.966796875
762 0.966796875
763 0.966796875
764 0.966796875
765 0.966796875
766 0.966796875
767 0.966796875
768 0.966796875
769 0.966796875
770 0.966796875
771 0.966796875
772 0.966796875
773 0.966796875
774 0.966796875
775 0.966796875
776 0.966796875
777 0.966796875
778 0.966796875
779 0.966796875
780 0.966796875
781 0.966796875
782 0.966796875
783 0.966796875
784 0.966796875
785 0.966796875
786 0.966796875
787 0.966796875
788 0.966796875
789 0.966796875
790 0.966796875
791 0.966796875
792 0.966796875
793 0.966796875
794 0.966796875
795 0.966796875
796 0.966796875
797 0.966796875
798 0.966796875
799 0.966796875
800 0.966796875
801 0.966796875
802 0.966796875
803 0.966796875
804 0.966796875
805 0.966796875
806 0.966796875
807 0.966796875
808 0.966796875
809 0.966796875
810 0.966796875
811 0.966796875
812 0.966796875
813 0.966796875
814 0.966796875
815 0.966796875
816 0.966796875
817 0.966796875
818 0.966796875
819 0.966796875
820 0.966796875
821 0.966796875
822 0.966796875
823 0.966796875
824 0.966796875
825 0.966796875
826 0.966796875
827 0.966796875
828 0.966796875
829 0.966796875
830 0.966796875
831 0.966796875
832 0.966796875
833 0.966796875
834 0.966796875
835 0.966796875
836 0.966796875
837 0.966796875
838 0.966796875
839 0.966796875
840 0.966796875
841 0.966796875
842 0.966796875
843 0.966796875
844 0.966796875
845 0.966796875
846 0.966796875
847 0.966796875
848 0.966796875
849 0.966796875
850 0.966796875
851 0.966796875
852 0.966796875
853 0.966796875
854 0.966796875
855 0.966796875
856 0.966796875
857 0.966796875
858 0.966796875
859 0.966796875
860 0.966796875
861 0.966796875
862 0.966796875
863 0.966796875
864 0.966796875
865 0.966796875
866 0.966796875
867 0.966796875
868 0.966796875
869 0.966796875
870 0.966796875
871 0.966796875
872 0.966796875
873 0.966796875
874 0.966796875
875 0.966796875
876 0.966796875
877 0.966796875
878 0.966796875
879 0.966796875
880 0.966796875
881 0.966796875
882 0.966796875
883 0.966796875
884 0.966796875
885 0.966796875
886 0.966796875
887 0.966796875
888 0.966796875
889 0.966796875
890 0.966796875
891 0.966796875
892 0.966796875
893 0.966796875
894 0.966796875
895 0.966796875
896 0.966796875
897 0.966796875
898 0.966796875
899 0.966796875
900 0.966796875
901 0.966796875
902 0.966796875
903 0.966796875
904 0.966796875
905 0.966796875
906 0.966796875
907 0.966796875
908 0.966796875
909 0.966796875
910 0.966796875
911 0.966796875
912 0.966796875
913 0.966796875
914 0.966796875
915 0.966796875
916 0.966796875
917 0.966796875
918 0.966796875
919 0.966796875
920 0.966796875
921 0.966796875
922 0.966796875
923 0.966796875
924 0.966796875
925 0.966796875
926 0.966796875
927 0.966796875
928 0.966796875
929 0.966796875
930 0.966796875
931 0.966796875
932 0.966796875
933 0.966796875
934 0.966796875
935 0.966796875
936 0.966796875
937 0.966796875
938 0.966796875
939 0.966796875
940 0.966796875
941 0.966796875
942 0.966796875
943 0.966796875
944 0.966796875
945 0.966796875
946 0.966796875
947 0.966796875
948 0.966796875
949 0.966796875
950 0.966796875
951 0.966796875
952 0.966796875
953 0.966796875
954 0.966796875
955 0.966796875
956 0.966796875
957 0.966796875
958 0.966796875
959 0.966796875
960 0.966796875
961 0.966796875
962 0.966796875
963 0.966796875
964 0.966796875
965 0.966796875
966 0.966796875
967 0.966796875
968 0.966796875
969 0.966796875
970 0.966796875
971 0.966796875
972 0.966796875
973 0.966796875
974 0.966796875
975 0.966796875
976 0.966796875
977 0.966796875
978 0.966796875
979 0.966796875
980 0.966796875
981 0.966796875
982 0.966796875
983 0.966796875
984 0.966796875
985 0.966796875
986 0.966796875
987 0.966796875
988 0.966796875
989 0.966796875
990 0.966796875
991 0.966796875
992 0.966796875
993 0.966796875
994 0.966796875
995 0.966796875
996 0.966796875
997 0.966796875
998 0.966796875
999 0.966796875
1000 0.966796875
1001 0.966796875
1002 0.966796875
1003 0.966796875
1004 0.966796875
1005 0.966796875
1006 0.966796875
1007 0.966796875
1008 0.966796875
1009 0.966796875
1010 0.966796875
1011 0.966796875
1012 0.966796875
1013 0.966796875
1014 0.966796875
1015 0.966796875
1016 0.966796875
1017 0.966796875
1018 0.966796875
1019 0.966796875
1020 0.966796875
1021 0.966796875
1022 0.966796875
1023 0.966796875
1024 0.966796875
1025 0.966796875
1026 0.966796875
1027 0.966796875
1028 0.966796875
1029 0.966796875
1030 0.966796875
1031 0.966796875
1032 0.966796875
1033 0.966796875
1034 0.966796875
1035 0.966796875
1036 0.966796875
1037 0.966796875
1038 0.966796875
1039 0.966796875
1040 0.966796875
1041 0.966796875
1042 0.966796875
1043 0.966796875
1044 0.966796875
1045 0.966796875
1046 0.966796875
1047 0.966796875
1048 0.966796875
1049 0.966796875
1050 0.966796875
1051 0.966796875
1052 0.966796875
1053 0.966796875
1054 0.966796875
1055 0.966796875
1056 0.966796875
1057 0.966796875
1058 0.966796875
1059 0.966796875
1060 0.966796875
1061 0.966796875
1062 0.966796875
1063 0.966796875
1064 0.966796875
1065 0.966796875
1066 0.966796875
1067 0.966796875
1068 0.966796875
1069 0.966796875
1070 0.966796875
1071 0.966796875
1072 0.966796875
1073 0.966796875
1074 0.966796875
1075 0.966796875
1076 0.966796875
1077 0.966796875
1078 0.966796875
1079 0.966796875
1080 0.966796875
1081 0.966796875
1082 0.966796875
1083 0.966796875
1084 0.966796875
1085 0.966796875
1086 0.966796875
1087 0.966796875
1088 0.966796875
1089 0.966796875
1090 0.966796875
1091 0.966796875
1092 0.966796875
1093 0.966796875
1094 0.966796875
1095 0.966796875
1096 0.966796875
1097 0.966796875
1098 0.966796875
1099 0.966796875
1100 0.966796875
1101 0.966796875
1102 0.966796875
1103 0.966796875
1104 0.966796875
1105 0.966796875
1106 0.966796875
1107 0.966796875
1108 0.966796875
1109 0.966796875
1110 0.966796875
1111 0.966796875
1112 0.966796875
1113 0.966796875
1114 0.966796875
1115 0.966796875
1116 0.966796875
1117 0.966796875
1118 0.966796875
1119 0.966796875
1120 0.966796875
1121 0.966796875
1122 0.966796875
1123 0.966796875
1124 0.966796875
1125 0.966796875
1126 0.966796875
1127 0.966796875
1128 0.966796875
1129 0.966796875
1130 0.966796875
1131 0.966796875
1132 0.966796875
1133 0.966796875
1134 0.966796875
1135 0.966796875
1136 0.966796875
1137 0.966796875
1138 0.966796875
1139 0.966796875
1140 0.966796875
1141 0.966796875
1142 0.966796875
1143 0.966796875
1144 0.966796875
1145 0.966796875
1146 0.966796875
1147 0.966796875
1148 0.966796875
1149 0.966796875
1150 0.966796875
1151 0.966796875
1152 0.966796875
1153 0.966796875
1154 0.966796875
1155 0.966796875
1156 0.966796875
1157 0.966796875
1158 0.966796875
1159 0.966796875
1160 0.966796875
1161 0.966796875
1162 0.966796875
1163 0.966796875
1164 0.966796875
1165 0.966796875
1166 0.966796875
1167 0.966796875
1168 0.966796875
1169 0.966796875
1170 0.966796875
1171 0.966796875
1172 0.966796875
1173 0.966796875
1174 0.966796875
1175 0.966796875
1176 0.966796875
1177 0.966796875
1178 0.966796875
1179 0.966796875
1180 0.966796875
1181 0.966796875
1182 0.966796875
1183 0.966796875
1184 0.966796875
1185 0.966796875
1186 0.966796875
1187 0.966796875
1188 0.966796875
1189 0.966796875
1190 0.966796875
1191 0.966796875
1192 0.966796875
1193 0.966796875
1194 0.966796875
1195 0.966796875
1196 0.966796875
1197 0.966796875
1198 0.966796875
1199 0.966796875
1200 0.966796875
1201 0.966796875
1202 0.966796875
1203 0.966796875
1204 0.966796875
1205 0.966796875
1206 0.966796875
1207 0.966796875
1208 0.966796875
1209 0.966796875
1210 0.966796875
1211 0.966796875
1212 0.966796875
1213 0.966796875
1214 0.966796875
1215 0.966796875
1216 0.966796875
1217 0.966796875
1218 0.966796875
1219 0.966796875
1220 0.966796875
1221 0.966796875
1222 0.966796875
1223 0.966796875
1224 0.966796875
1225 0.966796875
1226 0.966796875
1227 0.966796875
1228 0.966796875
1229 0.966796875
1230 0.966796875
1231 0.966796875
1232 0.966796875
1233 0.966796875
1234 0.966796875
1235 0.966796875
1236 0.966796875
1237 0.966796875
1238 0.966796875
1239 0.966796875
1240 0.966796875
1241 0.966796875
1242 0.966796875
1243 0.966796875
1244 0.966796875
1245 0.966796875
1246 0.966796875
1247 0.966796875
1248 0.966796875
1249 0.966796875
1250 0.966796875
1251 0.966796875
1252 0.966796875
1253 0.966796875
1254 0.966796875
1255 0.966796875
1256 0.966796875
1257 0.966796875
1258 0.966796875
1259 0.966796875
1260 0.966796875
1261 0.966796875
1262 0.966796875
1263 0.966796875
1264 0.966796875
1265 0.966796875
1266 0.966796875
1267 0.966796875
1268 0.966796875
1269 0.966796875
1270 0.966796875
1271 0.966796875
1272 0.966796875
1273 0.966796875
1274 0.966796875
1275 0.966796875
1276 0.966796875
1277 0.966796875
1278 0.966796875
1279 0.966796875
1280 0.966796875
1281 0.966796875
1282 0.966796875
1283 0.966796875
1284 0.966796875
1285 0.966796875
1286 0.966796875
1287 0.966796875
1288 0.966796875
1289 0.966796875
1290 0.966796875
1291 0.966796875
1292 0.966796875
1293 0.966796875
1294 0.966796875
1295 0.966796875
1296 0.966796875
1297 0.966796875
1298 0.966796875
1299 0.966796875
1300 0.966796875
1301 0.966796875
1302 0.966796875
1303 0.966796875
1304 0.966796875
1305 0.966796875
1306 0.966796875
1307 0.966796875
1308 0.966796875
1309 0.966796875
1310 0.966796875
1311 0.966796875
1312 0.966796875
1313 0.966796875
1314 0.966796875
1315 0.966796875
1316 0.966796875
1317 0.966796875
1318 0.966796875
1319 0.966796875
1320 0.966796875
1321 0.966796875
1322 0.966796875
1323 0.966796875
1324 0.966796875
1325 0.966796875
1326 0.966796875
1327 0.966796875
1328 0.966796875
1329 0.966796875
1330 0.966796875
1331 0.966796875
1332 0.966796875
1333 0.966796875
1334 0.966796875
1335 0.966796875
1336 0.966796875
1337 0.966796875
1338 0.966796875
1339 0.966796875
1340 0.966796875
1341 0.966796875
1342 0.966796875
1343 0.966796875
1344 0.966796875
1345 0.966796875
1346 0.966796875
1347 0.966796875
1348 0.966796875
1349 0.966796875
1350 0.966796875
1351 0.966796875
1352 0.966796875
1353 0.966796875
1354 0.966796875
1355 0.966796875
1356 0.966796875
1357 0.966796875
1358 0.966796875
1359 0.966796875
1360 0.966796875
1361 0.966796875
1362 0.966796875
1363 0.966796875
1364 0.966796875
1365 0.966796875
1366 0.966796875
1367 0.966796875
1368 0.966796875
1369 0.966796875
1370 0.966796875
1371 0.966796875
1372 0.966796875
1373 0.966796875
1374 0.966796875
1375 0.966796875
1376 0.966796875
1377 0.966796875
1378 0.966796875
1379 0.966796875
1380 0.966796875
1381 0.966796875
1382 0.966796875
1383 0.966796875
1384 0.966796875
1385 0.966796875
1386 0.966796875
1387 0.966796875
1388 0.966796875
1389 0.966796875
1390 0.966796875
1391 0.966796875
1392 0.966796875
1393 0.966796875
1394 0.966796875
1395 0.966796875
1396 0.966796875
1397 0.966796875
1398 0.966796875
1399 0.966796875
1400 0.966796875
1401 0.966796875
1402 0.966796875
1403 0.966796875
1404 0.966796875
1405 0.966796875
1406 0.966796875
1407 0.966796875
1408 0.966796875
1409 0.966796875
1410 0.966796875
1411 0.966796875
1412 0.966796875
1413 0.966796875
1414 0.966796875
1415 0.966796875
1416 0.966796875
1417 0.966796875
1418 0.966796875
1419 0.966796875
1420 0.966796875
1421 0.966796875
1422 0.966796875
1423 0.966796875
1424 0.966796875
1425 0.966796875
1426 0.966796875
1427 0.966796875
1428 0.966796875
1429 0.966796875
1430 0.966796875
1431 0.966796875
1432 0.966796875
1433 0.966796875
1434 0.966796875
1435 0.966796875
1436 0.966796875
1437 0.966796875
1438 0.966796875
1439 0.966796875
1440 0.966796875
1441 0.966796875
1442 0.966796875
1443 0.966796875
1444 0.966796875
1445 0.966796875
1446 0.966796875
1447 0.966796875
1448 0.966796875
1449 0.966796875
1450 0.966796875
1451 0.966796875
1452 0.966796875
1453 0.966796875
1454 0.966796875
1455 0.966796875
1456 0.966796875
1457 0.966796875
1458 0.966796875
1459 0.966796875
1460 0.966796875
1461 0.966796875
1462 0.966796875
1463 0.966796875
1464 0.966796875
1465 0.966796875
1466 0.966796875
1467 0.966796875
1468 0.966796875
1469 0.966796875
1470 0.966796875
1471 0.966796875
1472 0.966796875
1473 0.966796875
1474 0.966796875
1475 0.966796875
1476 0.966796875
1477 0.966796875
1478 0.966796875
1479 0.966796875
1480 0.966796875
1481 0.966796875
1482 0.966796875
1483 0.966796875
1484 0.966796875
1485 0.966796875
1486 0.966796875
1487 0.966796875
1488 0.966796875
1489 0.966796875
1490 0.966796875
1491 0.966796875
1492 0.966796875
1493 0.966796875
1494 0.966796875
1495 0.966796875
1496 0.966796875
1497 0.966796875
1498 0.966796875
1499 0.966796875
1500 0.966796875
1501 0.966796875
1502 0.966796875
1503 0.966796875
1504 0.966796875
1505 0.966796875
1506 0.966796875
1507 0.966796875
1508 0.966796875
1509 0.966796875
1510 0.966796875
1511 0.966796875
1512 0.966796875
1513 0.966796875
1514 0.966796875
1515 0.966796875
1516 0.966796875
1517 0.966796875
1518 0.966796875
1519 0.966796875
1520 0.966796875
1521 0.966796875
1522 0.966796875
1523 0.966796875
1524 0.966796875
1525 0.966796875
1526 0.966796875
1527 0.966796875
1528 0.966796875
1529 0.966796875
1530 0.966796875
1531 0.966796875
1532 0.966796875
1533 0.966796875
1534 0.966796875
1535 0.966796875
1536 0.966796875
1537 0.966796875
1538 0.966796875
1539 0.966796875
1540 0.966796875
1541 0.966796875
1542 0.966796875
1543 0.966796875
1544 0.966796875
1545 0.966796875
1546 0.966796875
1547 0.966796875
1548 0.966796875
1549 0.966796875
1550 0.966796875
1551 0.966796875
1552 0.966796875
1553 0.966796875
1554 0.966796875
1555 0.966796875
1556 0.966796875
1557 0.966796875
1558 0.966796875
1559 0.966796875
1560 0.966796875
1561 0.966796875
1562 0.966796875
1563 0.966796875
1564 0.966796875
1565 0.966796875
1566 0.966796875
1567 0.966796875
1568 0.966796875
1569 0.966796875
1570 0.966796875
1571 0.966796875
1572 0.966796875
1573 0.966796875
1574 0.966796875
1575 0.966796875
1576 0.966796875
1577 0.966796875
1578 0.966796875
1579 0.966796875
1580 0.966796875
1581 0.966796875
1582 0.966796875
1583 0.966796875
1584 0.966796875
1585 0.966796875
1586 0.966796875
1587 0.966796875
1588 0.966796875
1589 0.966796875
1590 0.966796875
1591 0.966796875
1592 0.966796875
1593 0.966796875
1594 0.966796875
1595 0.966796875
1596 0.966796875
1597 0.966796875
1598 0.966796875
1599 0.966796875
1600 0.966796875
1601 0.966796875
1602 0.966796875
1603 0.966796875
1604 0.966796875
1605 0.966796875
1606 0.966796875
1607 0.966796875
1608 0.966796875
1609 0.966796875
1610 0.966796875
1611 0.966796875
1612 0.966796875
1613 0.966796875
1614 0.966796875
1615 0.966796875
1616 0.966796875
1617 0.966796875
1618 0.966796875
1619 0.966796875
1620 0.966796875
1621 0.966796875
1622 0.966796875
1623 0.966796875
1624 0.966796875
1625 0.966796875
1626 0.966796875
1627 0.966796875
1628 0.966796875
1629 0.966796875
1630 0.966796875
1631 0.966796875
1632 0.966796875
1633 0.966796875
1634 0.966796875
1635 0.966796875
1636 0.966796875
1637 0.966796875
1638 0.966796875
1639 0.966796875
1640 0.966796875
1641 0.966796875
1642 0.966796875
1643 0.966796875
1644 0.966796875
1645 0.966796875
1646 0.966796875
1647 0.966796875
1648 0.966796875
1649 0.966796875
1650 0.966796875
1651 0.966796875
1652 0.966796875
1653 0.966796875
1654 0.966796875
1655 0.966796875
1656 0.966796875
1657 0.966796875
1658 0.966796875
1659 0.966796875
1660 0.966796875
1661 0.966796875
1662 0.966796875
1663 0.966796875
1664 0.966796875
1665 0.966796875
1666 0.966796875
1667 0.966796875
1668 0.966796875
1669 0.966796875
1670 0.966796875
1671 0.966796875
1672 0.966796875
1673 0.966796875
1674 0.966796875
1675 0.966796875
1676 0.966796875
1677 0.966796875
1678 0.966796875
1679 0.966796875
1680 0.966796875
1681 0.966796875
1682 0.966796875
1683 0.966796875
1684 0.966796875
1685 0.966796875
1686 0.966796875
1687 0.966796875
1688 0.966796875
1689 0.966796875
1690 0.966796875
1691 0.966796875
1692 0.966796875
1693 0.966796875
1694 0.966796875
1695 0.966796875
1696 0.966796875
1697 0.966796875
1698 0.966796875
1699 0.966796875
1700 0.966796875
1701 0.966796875
1702 0.966796875
1703 0.966796875
1704 0.966796875
1705 0.966796875
1706 0.966796875
1707 0.966796875
1708 0.966796875
1709 0.966796875
1710 0.966796875
1711 0.966796875
1712 0.966796875
1713 0.966796875
1714 0.966796875
1715 0.966796875
1716 0.966796875
1717 0.966796875
1718 0.966796875
1719 0.966796875
1720 0.966796875
1721 0.966796875
1722 0.966796875
1723 0.966796875
1724 0.966796875
1725 0.966796875
1726 0.966796875
1727 0.966796875
1728 0.966796875
1729 0.966796875
1730 0.966796875
1731 0.966796875
1732 0.966796875
1733 0.966796875
1734 0.966796875
1735 0.966796875
1736 0.966796875
1737 0.966796875
1738 0.966796875
1739 0.966796875
1740 0.966796875
1741 0.966796875
1742 0.966796875
1743 0.966796875
1744 0.966796875
1745 0.966796875
1746 0.966796875
1747 0.966796875
1748 0.966796875
1749 0.966796875
1750 0.966796875
1751 0.966796875
1752 0.966796875
1753 0.966796875
1754 0.966796875
1755 0.966796875
1756 0.966796875
1757 0.966796875
1758 0.966796875
1759 0.966796875
1760 0.966796875
1761 0.966796875
1762 0.966796875
1763 0.966796875
1764 0.966796875
1765 0.966796875
1766 0.966796875
1767 0.966796875
1768 0.966796875
1769 0.966796875
1770 0.966796875
1771 0.966796875
1772 0.966796875
1773 0.966796875
1774 0.966796875
1775 0.966796875
1776 0.966796875
1777 0.966796875
1778 0.966796875
1779 0.966796875
1780 0.966796875
1781 0.966796875
1782 0.966796875
1783 0.966796875
1784 0.966796875
1785 0.966796875
1786 0.966796875
1787 0.966796875
1788 0.966796875
1789 0.966796875
1790 0.966796875
1791 0.966796875
1792 0.966796875
1793 0.966796875
1794 0.966796875
1795 0.966796875
1796 0.966796875
1797 0.966796875
1798 0.966796875
1799 0.966796875
1800 0.966796875
1801 0.966796875
1802 0.966796875
1803 0.966796875
1804 0.966796875
1805 0.966796875
1806 0.966796875
1807 0.966796875
1808 0.966796875
1809 0.966796875
1810 0.966796875
1811 0.966796875
1812 0.966796875
1813 0.966796875
1814 0.966796875
1815 0.966796875
1816 0.966796875
1817 0.966796875
1818 0.966796875
1819 0.966796875
1820 0.966796875
1821 0.966796875
1822 0.966796875
1823 0.966796875
1824 0.966796875
1825 0.966796875
1826 0.966796875
1827 0.966796875
1828 0.966796875
1829 0.966796875
1830 0.966796875
1831 0.966796875
1832 0.966796875
1833 0.966796875
1834 0.966796875
1835 0.966796875
1836 0.966796875
1837 0.966796875
1838 0.966796875
1839 0.966796875
1840 0.966796875
1841 0.966796875
1842 0.966796875
1843 0.966796875
1844 0.966796875
1845 0.966796875
1846 0.966796875
1847 0.966796875
1848 0.966796875
1849 0.966796875
1850 0.966796875
1851 0.966796875
1852 0.966796875
1853 0.966796875
1854 0.966796875
1855 0.966796875
1856 0.966796875
1857 0.966796875
1858 0.966796875
1859 0.966796875
1860 0.966796875
1861 0.966796875
1862 0.966796875
1863 0.966796875
1864 0.966796875
1865 0.966796875
1866 0.966796875
1867 0.966796875
1868 0.966796875
1869 0.966796875
1870 0.966796875
1871 0.966796875
1872 0.966796875
1873 0.966796875
1874 0.966796875
1875 0.966796875
1876 0.966796875
1877 0.966796875
1878 0.966796875
1879 0.966796875
1880 0.966796875
1881 0.966796875
1882 0.966796875
1883 0.966796875
1884 0.966796875
1885 0.966796875
1886 0.966796875
1887 0.966796875
1888 0.966796875
1889 0.966796875
1890 0.966796875
1891 0.966796875
1892 0.966796875
1893 0.966796875
1894 0.966796875
1895 0.966796875
1896 0.966796875
1897 0.966796875
1898 0.966796875
1899 0.966796875
1900 0.966796875
1901 0.966796875
1902 0.966796875
1903 0.966796875
1904 0.966796875
1905 0.966796875
1906 0.966796875
1907 0.966796875
1908 0.966796875
1909 0.966796875
1910 0.966796875
1911 0.966796875
1912 0.966796875
1913 0.966796875
1914 0.966796875
1915 0.966796875
1916 0.966796875
1917 0.966796875
1918 0.966796875
1919 0.966796875
1920 0.966796875
1921 0.966796875
1922 0.966796875
1923 0.966796875
1924 0.966796875
1925 0.966796875
1926 0.966796875
1927 0.966796875
1928 0.966796875
1929 0.966796875
1930 0.966796875
1931 0.966796875
1932 0.966796875
1933 0.966796875
1934 0.966796875
1935 0.966796875
1936 0.966796875
1937 0.966796875
1938 0.966796875
1939 0.966796875
1940 0.966796875
1941 0.966796875
1942 0.966796875
1943 0.966796875
1944 0.966796875
1945 0.966796875
1946 0.966796875
1947 0.966796875
1948 0.966796875
1949 0.966796875
1950 0.966796875
1951 0.966796875
1952 0.966796875
1953 0.966796875
1954 0.966796875
1955 0.966796875
1956 0.966796875
1957 0.966796875
1958 0.966796875
1959 0.966796875
1960 0.966796875
1961 0.966796875
1962 0.966796875
1963 0.966796875
1964 0.966796875
1965 0.966796875
1966 0.966796875
1967 0.966796875
1968 0.966796875
1969 0.966796875
1970 0.966796875
1971 0.966796875
1972 0.966796875
1973 0.966796875
1974 0.966796875
1975 0.966796875
1976 0.966796875
1977 0.966796875
1978 0.966796875
1979 0.966796875
1980 0.966796875
1981 0.966796875
1982 0.966796875
1983 0.966796875
1984 0.966796875
1985 0.966796875
1986 0.966796875
1987 0.966796875
1988 0.966796875
1989 0.966796875
1990 0.966796875
1991 0.966796875
1992 0.966796875
1993 0.966796875
1994 0.966796875
1995 0.966796875
1996 0.966796875
1997 0.966796875
1998 0.966796875
1999 0.966796875
2000 0.966796875
2001 0.966796875
2002 0.966796875
2003 0.966796875
2004 0.966796875
2005 0.966796875
2006 0.966796875
2007 0.966796875
2008 0.966796875
2009 0.966796875
2010 0.966796875
2011 0.966796875
2012 0.966796875
2013 0.966796875
2014 0.966796875
2015 0.966796875
2016 0.966796875
2017 0.966796875
2018 0.966796875
2019 0.966796875
2020 0.966796875
2021 0.966796875
2022 0.966796875
2023 0.966796875
2024 0.966796875
2025 0.966796875
2026 0.966796875
2027 0.966796875
2028 0.966796875
2029 0.966796875
2030 0.966796875
2031 0.966796875
2032 0.966796875
2033 0.966796875
2034 0.966796875
2035 0.966796875
2036 0.966796875
2037 0.966796875
2038 0.966796875
2039 0.966796875
2040 0.966796875
2041 0.966796875
2042 0.966796875
2043 0.966796875
2044 0.966796875
2045 0.966796875
2046 0.966796875
2047 0.966796875
2048 0.966796875
2049 0.966796875
2050 0.966796875
2051 0.966796875
2052 0.966796875
2053 0.966796875
2054 0.966796875
2055 0.966796875
2056 0.966796875
2057 0.966796875
2058 0.966796875
2059 0.966796875
2060 0.966796875
2061 0.966796875
2062 0.966796875
2063 0.966796875
2064 0.966796875
2065 0.966796875
2066 0.966796875
2067 0.966796875
2068 0.966796875
2069 0.966796875
2070 0.966796875
2071 0.966796875
2072 0.966796875
2073 0.966796875
2074 0.966796875
2075 0.966796875
2076 0.966796875
2077 0.966796875
2078 0.966796875
2079 0.966796875
2080 0.966796875
2081 0.966796875
2082 0.966796875
2083 0.966796875
2084 0.966796875
2085 0.966796875
2086 0.966796875
2087 0.966796875
2088 0.966796875
2089 0.966796875
2090 0.966796875
2091 0.966796875
2092 0.966796875
2093 0.966796875
2094 0.966796875
2095 0.966796875
2096 0.966796875
2097 0.966796875
2098 0.966796875
2099 0.966796875
2100 0.966796875
2101 0.966796875
2102 0.966796875
2103 0.966796875
2104 0.966796875
2105 0.966796875
2106 0.966796875
2107 0.966796875
2108 0.966796875
2109 0.966796875
2110 0.966796875
2111 0.966796875
2112 0.966796875
2113 0.966796875
2114 0.966796875
2115 0.966796875
2116 0.966796875
2117 0.966796875
2118 0.966796875
2119 0.966796875
2120 0.966796875
2121 0.966796875
2122 0.966796875
2123 0.966796875
2124 0.966796875
2125 0.966796875
2126 0.966796875
2127 0.966796875
2128 0.966796875
2129 0.966796875
2130 0.966796875
2131 0.966796875
2132 0.966796875
2133 0.966796875
2134 0.966796875
2135 0.966796875
2136 0.966796875
2137 0.966796875
2138 0.966796875
2139 0.966796875
2140 0.966796875
2141 0.966796875
2142 0.966796875
2143 0.966796875
2144 0.966796875
2145 0.966796875
2146 0.966796875
2147 0.966796875
2148 0.966796875
2149 0.966796875
2150 0.966796875
2151 0.966796875
2152 0.966796875
2153 0.966796875
2154 0.966796875
2155 0.966796875
2156 0.966796875
2157 0.966796875
2158 0.966796875
2159 0.966796875
2160 0.966796875
2161 0.966796875
2162 0.966796875
2163 0.966796875
2164 0.966796875
2165 0.966796875
2166 0.966796875
2167 0.966796875
2168 0.966796875
2169 0.966796875
2170 0.966796875
2171 0.966796875
2172 0.966796875
2173 0.966796875
2174 0.966796875
2175 0.966796875
2176 0.966796875
2177 0.966796875
2178 0.966796875
2179 0.966796875
2180 0.966796875
2181 0.966796875
2182 0.966796875
2183 0.966796875
2184 0.966796875
2185 0.966796875
2186 0.966796875
2187 0.966796875
2188 0.966796875
2189 0.966796875
2190 0.966796875
2191 0.966796875
2192 0.966796875
2193 0.966796875
2194 0.966796875
2195 0.966796875
2196 0.966796875
2197 0.966796875
2198 0.966796875
2199 0.966796875
2200 0.966796875
2201 0.966796875
2202 0.966796875
2203 0.966796875
2204 0.966796875
2205 0.966796875
2206 0.966796875
2207 0.966796875
2208 0.966796875
2209 0.966796875
2210 0.966796875
2211 0.966796875
2212 0.966796875
2213 0.966796875
2214 0.966796875
2215 0.966796875
2216 0.966796875
2217 0.966796875
2218 0.966796875
2219 0.966796875
2220 0.966796875
2221 0.966796875
2222 0.966796875
2223 0.966796875
2224 0.966796875
2225 0.966796875
2226 0.966796875
2227 0.966796875
2228 0.966796875
2229 0.966796875
2230 0.966796875
2231 0.966796875
2232 0.966796875
2233 0.966796875
2234 0.966796875
2235 0.966796875
2236 0.966796875
2237 0.966796875
2238 0.966796875
2239 0.966796875
2240 0.966796875
2241 0.966796875
2242 0.966796875
2243 0.966796875
2244 0.966796875
2245 0.966796875
2246 0.966796875
2247 0.966796875
2248 0.966796875
2249 0.966796875
2250 0.966796875
2251 0.966796875
2252 0.966796875
2253 0.9677734375
2254 0.9677734375
2255 0.9677734375
2256 0.9677734375
2257 0.9677734375
2258 0.9677734375
2259 0.9677734375
2260 0.9677734375
2261 0.9677734375
2262 0.9677734375
2263 0.9677734375
2264 0.9677734375
2265 0.9677734375
2266 0.9677734375
2267 0.9677734375
2268 0.9677734375
2269 0.9677734375
2270 0.9677734375
2271 0.9677734375
2272 0.9677734375
2273 0.9677734375
2274 0.9677734375
2275 0.9677734375
2276 0.9677734375
2277 0.9677734375
2278 0.9677734375
2279 0.9677734375
2280 0.96875
2281 0.96875
2282 0.96875
2283 0.96875
2284 0.96875
2285 0.96875
2286 0.96875
2287 0.96875
2288 0.96875
2289 0.96875
2290 0.96875
2291 0.96875
2292 0.96875
2293 0.96875
2294 0.96875
2295 0.96875
2296 0.96875
2297 0.96875
2298 0.9697265625
2299 0.9697265625
2300 0.9697265625
2301 0.9697265625
2302 0.9697265625
2303 0.9697265625
2304 0.9697265625
2305 0.9697265625
2306 0.9697265625
2307 0.9697265625
2308 0.9697265625
2309 0.9697265625
2310 0.9697265625
2311 0.9697265625
2312 0.9697265625
2313 0.9697265625
2314 0.9697265625
2315 0.9697265625
2316 0.9697265625
2317 0.9697265625
2318 0.9697265625
2319 0.9697265625
2320 0.9697265625
2321 0.9697265625
2322 0.9697265625
2323 0.9697265625
2324 0.9697265625
2325 0.9697265625
2326 0.9697265625
2327 0.9697265625
2328 0.9697265625
2329 0.9697265625
2330 0.9697265625
2331 0.9697265625
2332 0.9697265625
2333 0.9697265625
2334 0.9697265625
2335 0.9697265625
2336 0.9697265625
2337 0.9697265625
2338 0.9697265625
2339 0.9697265625
2340 0.9697265625
2341 0.9697265625
2342 0.9697265625
2343 0.9697265625
2344 0.9697265625
2345 0.9697265625
2346 0.9697265625
2347 0.9697265625
2348 0.9697265625
2349 0.9697265625
2350 0.9697265625
2351 0.9697265625
2352 0.9697265625
2353 0.9697265625
2354 0.9697265625
2355 0.9697265625
2356 0.9697265625
2357 0.9697265625
2358 0.9697265625
2359 0.9697265625
2360 0.9697265625
2361 0.9697265625
2362 0.9697265625
2363 0.9697265625
2364 0.9697265625
2365 0.9697265625
2366 0.9697265625
2367 0.9697265625
2368 0.9697265625
2369 0.9697265625
2370 0.9697265625
2371 0.9697265625
2372 0.9697265625
2373 0.9697265625
2374 0.9697265625
2375 0.9697265625
2376 0.9697265625
2377 0.9697265625
2378 0.9697265625
2379 0.9697265625
2380 0.9697265625
2381 0.9697265625
2382 0.9697265625
2383 0.9697265625
2384 0.9697265625
2385 0.9697265625
2386 0.9697265625
2387 0.9697265625
2388 0.9697265625
2389 0.9697265625
2390 0.9697265625
2391 0.9697265625
2392 0.9697265625
2393 0.9697265625
2394 0.9697265625
2395 0.9697265625
2396 0.9697265625
2397 0.9697265625
2398 0.9697265625
2399 0.9697265625
2400 0.9697265625
2401 0.9697265625
2402 0.9697265625
2403 0.9697265625
2404 0.9697265625
2405 0.9697265625
2406 0.9697265625
2407 0.9697265625
2408 0.9697265625
2409 0.9697265625
2410 0.9697265625
2411 0.9697265625
2412 0.9697265625
2413 0.9697265625
2414 0.9697265625
2415 0.9697265625
2416 0.9697265625
2417 0.9697265625
2418 0.9697265625
2419 0.9697265625
2420 0.9697265625
2421 0.9697265625
2422 0.9697265625
2423 0.9697265625
2424 0.9697265625
2425 0.9697265625
2426 0.9697265625
2427 0.9697265625
2428 0.9697265625
2429 0.9697265625
2430 0.9697265625
2431 0.9697265625
2432 0.9697265625
2433 0.9697265625
2434 0.9697265625
2435 0.9697265625
2436 0.9697265625
2437 0.9697265625
2438 0.9697265625
2439 0.9697265625
2440 0.9697265625
2441 0.9697265625
2442 0.9697265625
2443 0.9697265625
2444 0.9697265625
2445 0.9697265625
2446 0.9697265625
2447 0.9697265625
2448 0.9697265625
2449 0.9697265625
2450 0.9697265625
2451 0.9697265625
2452 0.9697265625
2453 0.9697265625
2454 0.9697265625
2455 0.9697265625
2456 0.9697265625
2457 0.9697265625
2458 0.9697265625
2459 0.9697265625
2460 0.9697265625
2461 0.9697265625
2462 0.9697265625
2463 0.970703125
2464 0.970703125
2465 0.970703125
2466 0.970703125
2467 0.970703125
2468 0.970703125
2469 0.970703125
2470 0.970703125
2471 0.970703125
2472 0.970703125
2473 0.970703125
2474 0.970703125
2475 0.970703125
2476 0.970703125
2477 0.970703125
2478 0.970703125
2479 0.970703125
2480 0.970703125
2481 0.970703125
2482 0.970703125
2483 0.970703125
2484 0.970703125
2485 0.970703125
2486 0.970703125
2487 0.970703125
2488 0.970703125
2489 0.970703125
2490 0.970703125
2491 0.970703125
2492 0.970703125
2493 0.970703125
2494 0.970703125
2495 0.970703125
2496 0.970703125
2497 0.970703125
2498 0.970703125
2499 0.970703125
2500 0.970703125
2501 0.970703125
2502 0.970703125
2503 0.970703125
2504 0.970703125
2505 0.970703125
2506 0.970703125
2507 0.970703125
2508 0.970703125
2509 0.970703125
2510 0.970703125
2511 0.970703125
2512 0.970703125
2513 0.970703125
2514 0.970703125
2515 0.970703125
2516 0.970703125
2517 0.970703125
2518 0.970703125
2519 0.970703125
2520 0.970703125
2521 0.970703125
2522 0.970703125
2523 0.970703125
2524 0.970703125
2525 0.970703125
2526 0.970703125
2527 0.970703125
2528 0.970703125
2529 0.970703125
2530 0.970703125
2531 0.970703125
2532 0.970703125
2533 0.970703125
2534 0.970703125
2535 0.970703125
2536 0.970703125
2537 0.970703125
2538 0.970703125
2539 0.970703125
2540 0.970703125
2541 0.970703125
2542 0.970703125
2543 0.970703125
2544 0.970703125
2545 0.970703125
2546 0.970703125
2547 0.970703125
2548 0.970703125
2549 0.970703125
2550 0.970703125
2551 0.970703125
2552 0.970703125
2553 0.970703125
2554 0.970703125
2555 0.970703125
2556 0.970703125
2557 0.970703125
2558 0.970703125
2559 0.970703125
2560 0.970703125
2561 0.970703125
2562 0.970703125
2563 0.970703125
2564 0.970703125
2565 0.970703125
2566 0.970703125
2567 0.970703125
2568 0.970703125
2569 0.970703125
2570 0.970703125
2571 0.970703125
2572 0.970703125
2573 0.970703125
2574 0.970703125
2575 0.970703125
2576 0.970703125
2577 0.970703125
2578 0.970703125
2579 0.970703125
2580 0.970703125
2581 0.970703125
2582 0.970703125
2583 0.970703125
2584 0.970703125
2585 0.970703125
2586 0.970703125
2587 0.970703125
2588 0.970703125
2589 0.970703125
2590 0.970703125
2591 0.970703125
2592 0.970703125
2593 0.970703125
2594 0.970703125
2595 0.970703125
2596 0.970703125
2597 0.970703125
2598 0.970703125
2599 0.970703125
2600 0.970703125
2601 0.970703125
2602 0.970703125
2603 0.970703125
2604 0.970703125
2605 0.970703125
2606 0.970703125
2607 0.970703125
2608 0.970703125
2609 0.970703125
2610 0.970703125
2611 0.970703125
2612 0.970703125
2613 0.970703125
2614 0.970703125
2615 0.970703125
2616 0.970703125
2617 0.970703125
2618 0.970703125
2619 0.970703125
2620 0.970703125
2621 0.970703125
2622 0.970703125
2623 0.970703125
2624 0.970703125
2625 0.970703125
2626 0.970703125
2627 0.970703125
2628 0.970703125
2629 0.970703125
2630 0.970703125
2631 0.970703125
2632 0.970703125
2633 0.970703125
2634 0.970703125
2635 0.970703125
2636 0.970703125
2637 0.970703125
2638 0.970703125
2639 0.970703125
2640 0.970703125
2641 0.970703125
2642 0.970703125
2643 0.970703125
2644 0.970703125
2645 0.970703125
2646 0.970703125
2647 0.970703125
2648 0.970703125
2649 0.970703125
2650 0.970703125
2651 0.970703125
2652 0.970703125
2653 0.970703125
2654 0.970703125
2655 0.970703125
2656 0.970703125
2657 0.970703125
2658 0.970703125
2659 0.970703125
2660 0.970703125
2661 0.970703125
2662 0.970703125
2663 0.970703125
2664 0.970703125
2665 0.970703125
2666 0.970703125
2667 0.970703125
2668 0.970703125
2669 0.970703125
2670 0.970703125
2671 0.970703125
2672 0.970703125
2673 0.970703125
2674 0.970703125
2675 0.970703125
2676 0.970703125
2677 0.970703125
2678 0.970703125
2679 0.970703125
2680 0.970703125
2681 0.970703125
2682 0.970703125
2683 0.970703125
2684 0.970703125
2685 0.970703125
2686 0.970703125
2687 0.970703125
2688 0.970703125
2689 0.970703125
2690 0.970703125
2691 0.970703125
2692 0.970703125
2693 0.970703125
2694 0.970703125
2695 0.970703125
2696 0.970703125
2697 0.970703125
2698 0.970703125
2699 0.970703125
2700 0.970703125
2701 0.970703125
2702 0.970703125
2703 0.970703125
2704 0.970703125
2705 0.970703125
2706 0.970703125
2707 0.970703125
2708 0.970703125
2709 0.970703125
2710 0.970703125
2711 0.9716796875
2712 0.9716796875
2713 0.9716796875
2714 0.9716796875
2715 0.9716796875
2716 0.9716796875
2717 0.9716796875
2718 0.9716796875
2719 0.9716796875
2720 0.9716796875
2721 0.9716796875
2722 0.9716796875
2723 0.9716796875
2724 0.9716796875
2725 0.9716796875
2726 0.9716796875
2727 0.9716796875
2728 0.9716796875
2729 0.9716796875
2730 0.9716796875
2731 0.9716796875
2732 0.9716796875
2733 0.9716796875
2734 0.9716796875
2735 0.9716796875
2736 0.9716796875
2737 0.9716796875
2738 0.9716796875
2739 0.9716796875
2740 0.9716796875
2741 0.9716796875
2742 0.9716796875
2743 0.9716796875
2744 0.9716796875
2745 0.9716796875
2746 0.9716796875
2747 0.9716796875
2748 0.9716796875
2749 0.9716796875
2750 0.9716796875
2751 0.9716796875
2752 0.9716796875
2753 0.9716796875
2754 0.9716796875
2755 0.9716796875
2756 0.9716796875
2757 0.9716796875
2758 0.9716796875
2759 0.9716796875
2760 0.9716796875
2761 0.9716796875
2762 0.9716796875
2763 0.9716796875
2764 0.9716796875
2765 0.9716796875
2766 0.9716796875
2767 0.9716796875
2768 0.9716796875
2769 0.9716796875
2770 0.9716796875
2771 0.9716796875
2772 0.9716796875
2773 0.9716796875
2774 0.9716796875
2775 0.9716796875
2776 0.9716796875
2777 0.9716796875
2778 0.9716796875
2779 0.9716796875
2780 0.9716796875
2781 0.9716796875
2782 0.9716796875
2783 0.9716796875
2784 0.9716796875
2785 0.9716796875
2786 0.9716796875
2787 0.9716796875
2788 0.9716796875
2789 0.9716796875
2790 0.9716796875
2791 0.9716796875
2792 0.9716796875
2793 0.9716796875
2794 0.9716796875
2795 0.9716796875
2796 0.9716796875
2797 0.9716796875
2798 0.9716796875
2799 0.9716796875
2800 0.9716796875
2801 0.9716796875
2802 0.9716796875
2803 0.9716796875
2804 0.9716796875
2805 0.9716796875
2806 0.9716796875
2807 0.9716796875
2808 0.9716796875
2809 0.9716796875
2810 0.9716796875
2811 0.9716796875
2812 0.9716796875
2813 0.9716796875
2814 0.9716796875
2815 0.9716796875
2816 0.9716796875
2817 0.9716796875
2818 0.9716796875
2819 0.9716796875
2820 0.9716796875
2821 0.9716796875
2822 0.9716796875
2823 0.9716796875
2824 0.9716796875
2825 0.9716796875
2826 0.9716796875
2827 0.9716796875
2828 0.9716796875
2829 0.9716796875
2830 0.9716796875
2831 0.9716796875
2832 0.9716796875
2833 0.9716796875
2834 0.9716796875
2835 0.9716796875
2836 0.9716796875
2837 0.9716796875
2838 0.9716796875
2839 0.9716796875
2840 0.9716796875
2841 0.9716796875
2842 0.9716796875
2843 0.9716796875
2844 0.9716796875
2845 0.9716796875
2846 0.9716796875
2847 0.9716796875
2848 0.9716796875
2849 0.9716796875
2850 0.9716796875
2851 0.9716796875
2852 0.9716796875
2853 0.9716796875
2854 0.9716796875
2855 0.9716796875
2856 0.9716796875
2857 0.9716796875
2858 0.9716796875
2859 0.9716796875
2860 0.9716796875
2861 0.9716796875
2862 0.9716796875
2863 0.9716796875
2864 0.9716796875
2865 0.9716796875
2866 0.9716796875
2867 0.9716796875
2868 0.9716796875
2869 0.9716796875
2870 0.9716796875
2871 0.9716796875
2872 0.9716796875
2873 0.9716796875
2874 0.9716796875
2875 0.9716796875
2876 0.9716796875
2877 0.9716796875
2878 0.9716796875
2879 0.9716796875
2880 0.9716796875
2881 0.9716796875
2882 0.9716796875
2883 0.9716796875
2884 0.9716796875
2885 0.9716796875
2886 0.9716796875
2887 0.9716796875
2888 0.9716796875
2889 0.9716796875
2890 0.9716796875
2891 0.9716796875
2892 0.9716796875
2893 0.9716796875
2894 0.9716796875
2895 0.9716796875
2896 0.9716796875
2897 0.9716796875
2898 0.9716796875
2899 0.9716796875
2900 0.9716796875
2901 0.9716796875
2902 0.9716796875
2903 0.9716796875
2904 0.9716796875
2905 0.9716796875
2906 0.9716796875
2907 0.9716796875
2908 0.9716796875
2909 0.9716796875
2910 0.9716796875
2911 0.9716796875
2912 0.9716796875
2913 0.9716796875
2914 0.9716796875
2915 0.9716796875
2916 0.9716796875
2917 0.9716796875
2918 0.9716796875
2919 0.9716796875
2920 0.9716796875
2921 0.9716796875
2922 0.9716796875
2923 0.9716796875
2924 0.9716796875
2925 0.9716796875
2926 0.9716796875
2927 0.9716796875
2928 0.9716796875
2929 0.9716796875
2930 0.9716796875
2931 0.9716796875
2932 0.9716796875
2933 0.9716796875
2934 0.9716796875
2935 0.9716796875
2936 0.9716796875
2937 0.9716796875
2938 0.9716796875
2939 0.9716796875
2940 0.9716796875
2941 0.9716796875
2942 0.9716796875
2943 0.9716796875
2944 0.9716796875
2945 0.9716796875
2946 0.9716796875
2947 0.9716796875
2948 0.9716796875
2949 0.9716796875
2950 0.9716796875
2951 0.9716796875
2952 0.9716796875
2953 0.9716796875
2954 0.9716796875
2955 0.9716796875
2956 0.9716796875
2957 0.9716796875
2958 0.9716796875
2959 0.9716796875
2960 0.9716796875
2961 0.9716796875
2962 0.9716796875
2963 0.9716796875
2964 0.9716796875
2965 0.9716796875
2966 0.9716796875
2967 0.9716796875
2968 0.9716796875
2969 0.9716796875
2970 0.9716796875
2971 0.9716796875
2972 0.9716796875
2973 0.9716796875
2974 0.9716796875
2975 0.9716796875
2976 0.9716796875
2977 0.9716796875
2978 0.9716796875
2979 0.9716796875
2980 0.9716796875
2981 0.9716796875
2982 0.9716796875
2983 0.9716796875
2984 0.9716796875
2985 0.9716796875
2986 0.9716796875
2987 0.9716796875
2988 0.9716796875
2989 0.9716796875
2990 0.9716796875
2991 0.9716796875
2992 0.9716796875
2993 0.9716796875
2994 0.9716796875
2995 0.9716796875
2996 0.9716796875
2997 0.9716796875
2998 0.9716796875
2999 0.9716796875
3000 0.9716796875
3001 0.9716796875
3002 0.9716796875
3003 0.9716796875
3004 0.9716796875
3005 0.9716796875
3006 0.9716796875
3007 0.9716796875
3008 0.9716796875
3009 0.9716796875
3010 0.9716796875
3011 0.9716796875
3012 0.9716796875
3013 0.9716796875
3014 0.9716796875
3015 0.9716796875
3016 0.9716796875
3017 0.9716796875
3018 0.9716796875
3019 0.9716796875
3020 0.9716796875
3021 0.9716796875
3022 0.9716796875
3023 0.9716796875
3024 0.9716796875
3025 0.9716796875
3026 0.9716796875
3027 0.9716796875
3028 0.9716796875
3029 0.9716796875
3030 0.9716796875
3031 0.9716796875
3032 0.9716796875
3033 0.9716796875
3034 0.9716796875
3035 0.9716796875
3036 0.9716796875
3037 0.9716796875
3038 0.9716796875
3039 0.9716796875
3040 0.9716796875
3041 0.9716796875
3042 0.9716796875
3043 0.9716796875
3044 0.9716796875
3045 0.9716796875
3046 0.9716796875
3047 0.9716796875
3048 0.9716796875
3049 0.9716796875
3050 0.9716796875
3051 0.9716796875
3052 0.9716796875
3053 0.9716796875
3054 0.9716796875
3055 0.9716796875
3056 0.9716796875
3057 0.9716796875
3058 0.9716796875
3059 0.9716796875
3060 0.9716796875
3061 0.9716796875
3062 0.9716796875
3063 0.9716796875
3064 0.9716796875
3065 0.9716796875
3066 0.9716796875
3067 0.9716796875
3068 0.9716796875
3069 0.9716796875
3070 0.9716796875
3071 0.9716796875
3072 0.9716796875
3073 0.9716796875
3074 0.9716796875
3075 0.9716796875
3076 0.9716796875
3077 0.9716796875
3078 0.9716796875
3079 0.9716796875
3080 0.9716796875
3081 0.9716796875
3082 0.9716796875
3083 0.9716796875
3084 0.9716796875
3085 0.9716796875
3086 0.9716796875
3087 0.9716796875
3088 0.9716796875
3089 0.9716796875
3090 0.9716796875
3091 0.9716796875
3092 0.9716796875
3093 0.9716796875
3094 0.9716796875
3095 0.9716796875
3096 0.9716796875
3097 0.9716796875
3098 0.9716796875
3099 0.9716796875
3100 0.9716796875
3101 0.9716796875
3102 0.9716796875
3103 0.9716796875
3104 0.9716796875
3105 0.9716796875
3106 0.9716796875
3107 0.9716796875
3108 0.9716796875
3109 0.9716796875
3110 0.9716796875
3111 0.9716796875
3112 0.9716796875
3113 0.9716796875
3114 0.9716796875
3115 0.9716796875
3116 0.9716796875
3117 0.9716796875
3118 0.9716796875
3119 0.9716796875
3120 0.9716796875
3121 0.9716796875
3122 0.9716796875
3123 0.9716796875
3124 0.9716796875
3125 0.9716796875
3126 0.9716796875
3127 0.9716796875
3128 0.9716796875
3129 0.9716796875
3130 0.9716796875
3131 0.9716796875
3132 0.9716796875
3133 0.9716796875
3134 0.9716796875
3135 0.9716796875
3136 0.9716796875
3137 0.9716796875
3138 0.9716796875
3139 0.9716796875
3140 0.9716796875
3141 0.9716796875
3142 0.9716796875
3143 0.9716796875
3144 0.9716796875
3145 0.9716796875
3146 0.9716796875
3147 0.9716796875
3148 0.9716796875
3149 0.9716796875
3150 0.9716796875
3151 0.9716796875
3152 0.9716796875
3153 0.9716796875
3154 0.9716796875
3155 0.9716796875
3156 0.9716796875
3157 0.9716796875
3158 0.9716796875
3159 0.9716796875
3160 0.9716796875
3161 0.9716796875
3162 0.9716796875
3163 0.9716796875
3164 0.9716796875
3165 0.9716796875
3166 0.9716796875
3167 0.9716796875
3168 0.9716796875
3169 0.9716796875
3170 0.9716796875
3171 0.9716796875
3172 0.9716796875
3173 0.9716796875
3174 0.9716796875
3175 0.9716796875
3176 0.9716796875
3177 0.9716796875
3178 0.9716796875
3179 0.9716796875
3180 0.9716796875
3181 0.9716796875
3182 0.9716796875
3183 0.9716796875
3184 0.9716796875
3185 0.9716796875
3186 0.9716796875
3187 0.9716796875
3188 0.9716796875
3189 0.9716796875
3190 0.9716796875
3191 0.9716796875
3192 0.9716796875
3193 0.9716796875
3194 0.9716796875
3195 0.9716796875
3196 0.9716796875
3197 0.9716796875
3198 0.9716796875
3199 0.9716796875
3200 0.9716796875
3201 0.9716796875
3202 0.9716796875
3203 0.9716796875
3204 0.9716796875
3205 0.9716796875
3206 0.9716796875
3207 0.9716796875
3208 0.9716796875
3209 0.9716796875
3210 0.9716796875
3211 0.9716796875
3212 0.9716796875
3213 0.9716796875
3214 0.9716796875
3215 0.9716796875
3216 0.9716796875
3217 0.9716796875
3218 0.9716796875
3219 0.9716796875
3220 0.9716796875
3221 0.9716796875
3222 0.9716796875
3223 0.9716796875
3224 0.9716796875
3225 0.9716796875
3226 0.9716796875
3227 0.9716796875
3228 0.9716796875
3229 0.9716796875
3230 0.9716796875
3231 0.9716796875
3232 0.9716796875
3233 0.9716796875
3234 0.9716796875
3235 0.9716796875
3236 0.9716796875
3237 0.9716796875
3238 0.9716796875
3239 0.9716796875
3240 0.9716796875
3241 0.9716796875
3242 0.9716796875
3243 0.9716796875
3244 0.9716796875
3245 0.9716796875
3246 0.9716796875
3247 0.9716796875
3248 0.9716796875
3249 0.9716796875
3250 0.9716796875
3251 0.9716796875
3252 0.9716796875
3253 0.9716796875
3254 0.9716796875
3255 0.9716796875
3256 0.9716796875
3257 0.9716796875
3258 0.9716796875
3259 0.9716796875
3260 0.9716796875
3261 0.9716796875
3262 0.9716796875
3263 0.9716796875
3264 0.9716796875
3265 0.9716796875
3266 0.9716796875
3267 0.9716796875
3268 0.9716796875
3269 0.9716796875
3270 0.9716796875
3271 0.9716796875
3272 0.9716796875
3273 0.9716796875
3274 0.9716796875
3275 0.9716796875
3276 0.9716796875
3277 0.9716796875
3278 0.9716796875
3279 0.9716796875
3280 0.9716796875
3281 0.9716796875
3282 0.9716796875
3283 0.9716796875
3284 0.9716796875
3285 0.9716796875
3286 0.9716796875
3287 0.9716796875
3288 0.9716796875
3289 0.9716796875
3290 0.9716796875
3291 0.9716796875
3292 0.9716796875
3293 0.9716796875
3294 0.9716796875
3295 0.9716796875
3296 0.9716796875
3297 0.9716796875
3298 0.9716796875
3299 0.9716796875
3300 0.9716796875
3301 0.9716796875
3302 0.9716796875
3303 0.9716796875
3304 0.9716796875
3305 0.9716796875
3306 0.9716796875
3307 0.9716796875
3308 0.9716796875
3309 0.9716796875
3310 0.9716796875
3311 0.9716796875
3312 0.9716796875
3313 0.9716796875
3314 0.9716796875
3315 0.9716796875
3316 0.9716796875
3317 0.9716796875
3318 0.9716796875
3319 0.9716796875
3320 0.9716796875
3321 0.9716796875
3322 0.9716796875
3323 0.9716796875
3324 0.9716796875
3325 0.9716796875
3326 0.9716796875
3327 0.9716796875
3328 0.9716796875
3329 0.9716796875
3330 0.9716796875
3331 0.9716796875
3332 0.9716796875
3333 0.9716796875
3334 0.9716796875
3335 0.9716796875
3336 0.9716796875
3337 0.9716796875
3338 0.9716796875
3339 0.9716796875
3340 0.9716796875
3341 0.9716796875
3342 0.9716796875
3343 0.9716796875
3344 0.9716796875
3345 0.9716796875
3346 0.9716796875
3347 0.9716796875
3348 0.9716796875
3349 0.9716796875
3350 0.9716796875
3351 0.9716796875
3352 0.9716796875
3353 0.9716796875
3354 0.9716796875
3355 0.9716796875
3356 0.9716796875
3357 0.9716796875
3358 0.9716796875
3359 0.9716796875
3360 0.9716796875
3361 0.9716796875
3362 0.9716796875
3363 0.9716796875
3364 0.9716796875
3365 0.9716796875
3366 0.9716796875
3367 0.9716796875
3368 0.9716796875
3369 0.9716796875
3370 0.9716796875
3371 0.9716796875
3372 0.9716796875
3373 0.9716796875
3374 0.9716796875
3375 0.9716796875
3376 0.9716796875
3377 0.9716796875
3378 0.9716796875
3379 0.9716796875
3380 0.9716796875
3381 0.9716796875
3382 0.9716796875
3383 0.9716796875
3384 0.9716796875
3385 0.9716796875
3386 0.9716796875
3387 0.9716796875
3388 0.9716796875
3389 0.9716796875
3390 0.9716796875
3391 0.9716796875
3392 0.9716796875
3393 0.9716796875
3394 0.9716796875
3395 0.9716796875
3396 0.9716796875
3397 0.9716796875
3398 0.9716796875
3399 0.9716796875
3400 0.9716796875
3401 0.9716796875
3402 0.9716796875
3403 0.9716796875
3404 0.9716796875
3405 0.9716796875
3406 0.9716796875
3407 0.9716796875
3408 0.9716796875
3409 0.9716796875
3410 0.9716796875
3411 0.9716796875
3412 0.9716796875
3413 0.9716796875
3414 0.9716796875
3415 0.9716796875
3416 0.9716796875
3417 0.9716796875
3418 0.9716796875
3419 0.9716796875
3420 0.9716796875
3421 0.9716796875
3422 0.9716796875
3423 0.9716796875
3424 0.9716796875
3425 0.9716796875
3426 0.9716796875
3427 0.9716796875
3428 0.9716796875
3429 0.9716796875
3430 0.9716796875
3431 0.9716796875
3432 0.9716796875
3433 0.9716796875
3434 0.9716796875
3435 0.9716796875
3436 0.9716796875
3437 0.9716796875
3438 0.9716796875
3439 0.9716796875
3440 0.9716796875
3441 0.9716796875
3442 0.9716796875
3443 0.9716796875
3444 0.9716796875
3445 0.9716796875
3446 0.9716796875
3447 0.9716796875
3448 0.9716796875
3449 0.9716796875
3450 0.9716796875
3451 0.9716796875
3452 0.9716796875
3453 0.9716796875
3454 0.9716796875
3455 0.9716796875
3456 0.9716796875
3457 0.9716796875
3458 0.9716796875
3459 0.9716796875
3460 0.9716796875
3461 0.9716796875
3462 0.9716796875
3463 0.9716796875
3464 0.9716796875
3465 0.9716796875
3466 0.9716796875
3467 0.9716796875
3468 0.9716796875
3469 0.9716796875
3470 0.9716796875
3471 0.9716796875
3472 0.9716796875
3473 0.9716796875
3474 0.9716796875
3475 0.9716796875
3476 0.9716796875
3477 0.9716796875
3478 0.9716796875
3479 0.9716796875
3480 0.9716796875
3481 0.9716796875
3482 0.9716796875
3483 0.9716796875
3484 0.9716796875
3485 0.9716796875
3486 0.9716796875
3487 0.9716796875
3488 0.9716796875
3489 0.9716796875
3490 0.9716796875
3491 0.9716796875
3492 0.9716796875
3493 0.9716796875
3494 0.9716796875
3495 0.9716796875
3496 0.9716796875
3497 0.9716796875
3498 0.9716796875
3499 0.9716796875
3500 0.9716796875
3501 0.9716796875
3502 0.9716796875
3503 0.9716796875
3504 0.9716796875
3505 0.9716796875
3506 0.9716796875
3507 0.9716796875
3508 0.9716796875
3509 0.9716796875
3510 0.9716796875
3511 0.9716796875
3512 0.9716796875
3513 0.9716796875
3514 0.9716796875
3515 0.9716796875
3516 0.9716796875
3517 0.9716796875
3518 0.9716796875
3519 0.9716796875
3520 0.9716796875
3521 0.9716796875
3522 0.9716796875
3523 0.9716796875
3524 0.9716796875
3525 0.9716796875
3526 0.9716796875
3527 0.9716796875
3528 0.9716796875
3529 0.9716796875
3530 0.9716796875
3531 0.9716796875
3532 0.9716796875
3533 0.9716796875
3534 0.9716796875
3535 0.9716796875
3536 0.9716796875
3537 0.9716796875
3538 0.9716796875
3539 0.9716796875
3540 0.9716796875
3541 0.9716796875
3542 0.9716796875
3543 0.9716796875
3544 0.9716796875
3545 0.9716796875
3546 0.9716796875
3547 0.9716796875
3548 0.9716796875
3549 0.9716796875
3550 0.9716796875
3551 0.9716796875
3552 0.9716796875
3553 0.9716796875
3554 0.9716796875
3555 0.9716796875
3556 0.9716796875
3557 0.9716796875
3558 0.9716796875
3559 0.9716796875
3560 0.9716796875
3561 0.9716796875
3562 0.9716796875
3563 0.9716796875
3564 0.9716796875
3565 0.9716796875
3566 0.9716796875
3567 0.9716796875
3568 0.9716796875
3569 0.9716796875
3570 0.9716796875
3571 0.9716796875
3572 0.9716796875
3573 0.9716796875
3574 0.9716796875
3575 0.9716796875
3576 0.9716796875
3577 0.9716796875
3578 0.9716796875
3579 0.9716796875
3580 0.9716796875
3581 0.9716796875
3582 0.9716796875
3583 0.9716796875
3584 0.9716796875
3585 0.9716796875
3586 0.9716796875
3587 0.9716796875
3588 0.9716796875
3589 0.9716796875
3590 0.9716796875
3591 0.9716796875
3592 0.9716796875
3593 0.9716796875
3594 0.9716796875
3595 0.9716796875
3596 0.9716796875
3597 0.9716796875
3598 0.9716796875
3599 0.9716796875
3600 0.9716796875
3601 0.9716796875
3602 0.9716796875
3603 0.9716796875
3604 0.9716796875
3605 0.9716796875
3606 0.9716796875
3607 0.9716796875
3608 0.9716796875
3609 0.9716796875
3610 0.9716796875
3611 0.9716796875
3612 0.9716796875
3613 0.9716796875
3614 0.9716796875
3615 0.9716796875
3616 0.9716796875
3617 0.9716796875
3618 0.9716796875
3619 0.9716796875
3620 0.9716796875
3621 0.9716796875
3622 0.9716796875
3623 0.9716796875
3624 0.9716796875
3625 0.9716796875
3626 0.9716796875
3627 0.9716796875
3628 0.9716796875
3629 0.9716796875
3630 0.9716796875
3631 0.9716796875
3632 0.9716796875
3633 0.9716796875
3634 0.9716796875
3635 0.9716796875
3636 0.9716796875
3637 0.9716796875
3638 0.9716796875
3639 0.9716796875
3640 0.9716796875
3641 0.9716796875
3642 0.9716796875
3643 0.9716796875
3644 0.9716796875
3645 0.9716796875
3646 0.9716796875
3647 0.9716796875
3648 0.9716796875
3649 0.9716796875
3650 0.9716796875
3651 0.9716796875
3652 0.9716796875
3653 0.9716796875
3654 0.9716796875
3655 0.9716796875
3656 0.9716796875
3657 0.9716796875
3658 0.9716796875
3659 0.9716796875
3660 0.9716796875
3661 0.9716796875
3662 0.9716796875
3663 0.9716796875
3664 0.9716796875
3665 0.9716796875
3666 0.9716796875
3667 0.9716796875
3668 0.9716796875
3669 0.9716796875
3670 0.9716796875
3671 0.9716796875
3672 0.9716796875
3673 0.9716796875
3674 0.9716796875
3675 0.9716796875
3676 0.9716796875
3677 0.9716796875
3678 0.9716796875
3679 0.9716796875
3680 0.9716796875
3681 0.9716796875
3682 0.9716796875
3683 0.9716796875
3684 0.9716796875
3685 0.9716796875
3686 0.9716796875
3687 0.9716796875
3688 0.9716796875
3689 0.9716796875
3690 0.9716796875
3691 0.9716796875
3692 0.9716796875
3693 0.9716796875
3694 0.9716796875
3695 0.9716796875
3696 0.9716796875
3697 0.9716796875
3698 0.9716796875
3699 0.9716796875
3700 0.9716796875
3701 0.9716796875
3702 0.9716796875
3703 0.9716796875
3704 0.9716796875
3705 0.9716796875
3706 0.9716796875
3707 0.9716796875
3708 0.9716796875
3709 0.9716796875
3710 0.9716796875
3711 0.9716796875
3712 0.9716796875
3713 0.9716796875
3714 0.9716796875
3715 0.9716796875
3716 0.9716796875
3717 0.9716796875
3718 0.9716796875
3719 0.9716796875
3720 0.9716796875
3721 0.9716796875
3722 0.9716796875
3723 0.9716796875
3724 0.9716796875
3725 0.9716796875
3726 0.9716796875
3727 0.9716796875
3728 0.9716796875
3729 0.9716796875
3730 0.9716796875
3731 0.9716796875
3732 0.9716796875
3733 0.9716796875
3734 0.9716796875
3735 0.9716796875
3736 0.9716796875
3737 0.9716796875
3738 0.9716796875
3739 0.9716796875
3740 0.9716796875
3741 0.9716796875
3742 0.9716796875
3743 0.9716796875
3744 0.9716796875
3745 0.9716796875
3746 0.9716796875
3747 0.9716796875
3748 0.9716796875
3749 0.9716796875
3750 0.9716796875
3751 0.9716796875
3752 0.9716796875
3753 0.9716796875
3754 0.9716796875
3755 0.9716796875
3756 0.9716796875
3757 0.9716796875
3758 0.9716796875
3759 0.9716796875
3760 0.9716796875
3761 0.9716796875
3762 0.9716796875
3763 0.9716796875
3764 0.9716796875
3765 0.9716796875
3766 0.9716796875
3767 0.9716796875
3768 0.9716796875
3769 0.9716796875
3770 0.9716796875
3771 0.9716796875
3772 0.9716796875
3773 0.9716796875
3774 0.9716796875
3775 0.9716796875
3776 0.9716796875
3777 0.9716796875
3778 0.9716796875
3779 0.9716796875
3780 0.9716796875
3781 0.9716796875
3782 0.9716796875
3783 0.9716796875
3784 0.9716796875
3785 0.9716796875
3786 0.9716796875
3787 0.9716796875
3788 0.9716796875
3789 0.9716796875
3790 0.9716796875
3791 0.9716796875
3792 0.9716796875
3793 0.9716796875
3794 0.9716796875
3795 0.9716796875
3796 0.9716796875
3797 0.9716796875
3798 0.9716796875
3799 0.9716796875
3800 0.9716796875
3801 0.9716796875
3802 0.9716796875
3803 0.9716796875
3804 0.9716796875
3805 0.9716796875
3806 0.9716796875
3807 0.9716796875
3808 0.9716796875
3809 0.9716796875
3810 0.9716796875
3811 0.9716796875
3812 0.9716796875
3813 0.9716796875
3814 0.9716796875
3815 0.9716796875
3816 0.9716796875
3817 0.9716796875
3818 0.9716796875
3819 0.9716796875
3820 0.9716796875
3821 0.9716796875
3822 0.9716796875
3823 0.9716796875
3824 0.9716796875
3825 0.9716796875
3826 0.9716796875
3827 0.9716796875
3828 0.9716796875
3829 0.9716796875
3830 0.9716796875
3831 0.9716796875
3832 0.9716796875
3833 0.9716796875
3834 0.9716796875
3835 0.9716796875
3836 0.9716796875
3837 0.9716796875
3838 0.9716796875
3839 0.9716796875
3840 0.9716796875
3841 0.9716796875
3842 0.9716796875
3843 0.9716796875
3844 0.9716796875
3845 0.9716796875
3846 0.9716796875
3847 0.9716796875
3848 0.9716796875
3849 0.9716796875
3850 0.9716796875
3851 0.9716796875
3852 0.9716796875
3853 0.9716796875
3854 0.9716796875
3855 0.9716796875
3856 0.9716796875
3857 0.9716796875
3858 0.9716796875
3859 0.9716796875
3860 0.9716796875
3861 0.9716796875
3862 0.9716796875
3863 0.9716796875
3864 0.9716796875
3865 0.9716796875
3866 0.9716796875
3867 0.9716796875
3868 0.9716796875
3869 0.9716796875
3870 0.9716796875
3871 0.9716796875
3872 0.9716796875
3873 0.9716796875
3874 0.9716796875
3875 0.9716796875
3876 0.9716796875
3877 0.9716796875
3878 0.9716796875
3879 0.9716796875
3880 0.9716796875
3881 0.9716796875
3882 0.9716796875
3883 0.9716796875
3884 0.9716796875
3885 0.9716796875
3886 0.9716796875
3887 0.9716796875
3888 0.9716796875
3889 0.9716796875
3890 0.9716796875
3891 0.9716796875
3892 0.9716796875
3893 0.9716796875
3894 0.9716796875
3895 0.9716796875
3896 0.9716796875
3897 0.9716796875
3898 0.9716796875
3899 0.9716796875
3900 0.9716796875
3901 0.9716796875
3902 0.9716796875
3903 0.9716796875
3904 0.9716796875
3905 0.9716796875
3906 0.9716796875
3907 0.9716796875
3908 0.9716796875
3909 0.9716796875
3910 0.9716796875
3911 0.9716796875
3912 0.9716796875
3913 0.9716796875
3914 0.9716796875
3915 0.9716796875
3916 0.9716796875
3917 0.9716796875
3918 0.9716796875
3919 0.9716796875
3920 0.9716796875
3921 0.9716796875
3922 0.9716796875
3923 0.9716796875
3924 0.9716796875
3925 0.9716796875
3926 0.9716796875
3927 0.9716796875
3928 0.9716796875
3929 0.9716796875
3930 0.9716796875
3931 0.9716796875
3932 0.9716796875
3933 0.9716796875
3934 0.9716796875
3935 0.9716796875
3936 0.9716796875
3937 0.9716796875
3938 0.9716796875
3939 0.9716796875
3940 0.9716796875
3941 0.9716796875
3942 0.9716796875
3943 0.9716796875
3944 0.9716796875
3945 0.9716796875
3946 0.9716796875
3947 0.9716796875
3948 0.9716796875
3949 0.9716796875
3950 0.9716796875
3951 0.9716796875
3952 0.9716796875
3953 0.9716796875
3954 0.9716796875
3955 0.9716796875
3956 0.9716796875
3957 0.9716796875
3958 0.9716796875
3959 0.9716796875
3960 0.9716796875
3961 0.9716796875
3962 0.9716796875
3963 0.9716796875
3964 0.9716796875
3965 0.9716796875
3966 0.9716796875
3967 0.9716796875
3968 0.9716796875
3969 0.9716796875
3970 0.9716796875
3971 0.9716796875
3972 0.9716796875
3973 0.9716796875
3974 0.9716796875
3975 0.9716796875
3976 0.9716796875
3977 0.9716796875
3978 0.9716796875
3979 0.9716796875
3980 0.9716796875
3981 0.9716796875
3982 0.9716796875
3983 0.9716796875
3984 0.9716796875
3985 0.9716796875
3986 0.9716796875
3987 0.9716796875
3988 0.9716796875
3989 0.9716796875
3990 0.9716796875
3991 0.9716796875
3992 0.9716796875
3993 0.9716796875
3994 0.9716796875
3995 0.9716796875
3996 0.9716796875
3997 0.9716796875
3998 0.9716796875
3999 0.9716796875
4000 0.9716796875
4001 0.9716796875
4002 0.9716796875
4003 0.9716796875
4004 0.9716796875
4005 0.9716796875
4006 0.9716796875
4007 0.9716796875
4008 0.9716796875
4009 0.9716796875
4010 0.9716796875
4011 0.9716796875
4012 0.9716796875
4013 0.9716796875
4014 0.9716796875
4015 0.9716796875
4016 0.9716796875
4017 0.9716796875
4018 0.9716796875
4019 0.9716796875
4020 0.9716796875
4021 0.9716796875
4022 0.9716796875
4023 0.9716796875
4024 0.9716796875
4025 0.9716796875
4026 0.9716796875
4027 0.9716796875
4028 0.9716796875
4029 0.9716796875
4030 0.9716796875
4031 0.9716796875
4032 0.9716796875
4033 0.9716796875
4034 0.9716796875
4035 0.9716796875
4036 0.9716796875
4037 0.9716796875
4038 0.9716796875
4039 0.9716796875
4040 0.9716796875
4041 0.9716796875
4042 0.9716796875
4043 0.9716796875
4044 0.9716796875
4045 0.9716796875
4046 0.9716796875
4047 0.9716796875
4048 0.9716796875
4049 0.9716796875
4050 0.9716796875
4051 0.9716796875
4052 0.9716796875
4053 0.9716796875
4054 0.9716796875
4055 0.9716796875
4056 0.9716796875
4057 0.9716796875
4058 0.9716796875
4059 0.9716796875
4060 0.9716796875
4061 0.9716796875
4062 0.9716796875
4063 0.9716796875
4064 0.9716796875
4065 0.9716796875
4066 0.9716796875
4067 0.9716796875
4068 0.9716796875
4069 0.9716796875
4070 0.9716796875
4071 0.9716796875
4072 0.9716796875
4073 0.9716796875
4074 0.9716796875
4075 0.9716796875
4076 0.9716796875
4077 0.9716796875
4078 0.9716796875
4079 0.9716796875
4080 0.9716796875
4081 0.9716796875
4082 0.9716796875
4083 0.9716796875
4084 0.9716796875
4085 0.9716796875
4086 0.9716796875
4087 0.9716796875
4088 0.9716796875
4089 0.9716796875
4090 0.9716796875
4091 0.9716796875
4092 0.9716796875
4093 0.9716796875
4094 0.9716796875
4095 0.9716796875
4096 0.9716796875
4097 0.9716796875
4098 0.9716796875
4099 0.9716796875
4100 0.9716796875
4101 0.9716796875
4102 0.9716796875
4103 0.9716796875
4104 0.9716796875
4105 0.9716796875
4106 0.9716796875
4107 0.9716796875
4108 0.9716796875
4109 0.9716796875
4110 0.9716796875
4111 0.9716796875
4112 0.9716796875
4113 0.9716796875
4114 0.9716796875
4115 0.9716796875
4116 0.9716796875
4117 0.9716796875
4118 0.9716796875
4119 0.9716796875
4120 0.9716796875
4121 0.9716796875
4122 0.9716796875
4123 0.9716796875
4124 0.9716796875
4125 0.9716796875
4126 0.9716796875
4127 0.9716796875
4128 0.9716796875
4129 0.9716796875
4130 0.9716796875
4131 0.9716796875
4132 0.9716796875
4133 0.9716796875
4134 0.9716796875
4135 0.9716796875
4136 0.9716796875
4137 0.9716796875
4138 0.9716796875
4139 0.9716796875
4140 0.9716796875
4141 0.9716796875
4142 0.9716796875
4143 0.9716796875
4144 0.9716796875
4145 0.9716796875
4146 0.9716796875
4147 0.9716796875
4148 0.9716796875
4149 0.9716796875
4150 0.9716796875
4151 0.9716796875
4152 0.9716796875
4153 0.9716796875
4154 0.9716796875
4155 0.9716796875
4156 0.9716796875
4157 0.9716796875
4158 0.9716796875
4159 0.9716796875
4160 0.9716796875
4161 0.9716796875
4162 0.9716796875
4163 0.9716796875
4164 0.9716796875
4165 0.9716796875
4166 0.9716796875
4167 0.9716796875
4168 0.9716796875
4169 0.9716796875
4170 0.9716796875
4171 0.9716796875
4172 0.9716796875
4173 0.9716796875
4174 0.9716796875
4175 0.9716796875
4176 0.9716796875
4177 0.9716796875
4178 0.9716796875
4179 0.9716796875
4180 0.9716796875
4181 0.9716796875
4182 0.9716796875
4183 0.9716796875
4184 0.9716796875
4185 0.9716796875
4186 0.9716796875
4187 0.9716796875
4188 0.9716796875
4189 0.9716796875
4190 0.9716796875
4191 0.9716796875
4192 0.9716796875
4193 0.9716796875
4194 0.9716796875
4195 0.9716796875
4196 0.9716796875
4197 0.9716796875
4198 0.9716796875
4199 0.9716796875
4200 0.9716796875
4201 0.9716796875
4202 0.9716796875
4203 0.9716796875
4204 0.9716796875
4205 0.9716796875
4206 0.9716796875
4207 0.9716796875
4208 0.9716796875
4209 0.9716796875
4210 0.9716796875
4211 0.9716796875
4212 0.9716796875
4213 0.9716796875
4214 0.9716796875
4215 0.9716796875
4216 0.9716796875
4217 0.9716796875
4218 0.9716796875
4219 0.9716796875
4220 0.9716796875
4221 0.9716796875
4222 0.9716796875
4223 0.9716796875
4224 0.9716796875
4225 0.9716796875
4226 0.9716796875
4227 0.9716796875
4228 0.9716796875
4229 0.9716796875
4230 0.9716796875
4231 0.9716796875
4232 0.9716796875
4233 0.9716796875
4234 0.9716796875
4235 0.9716796875
4236 0.9716796875
4237 0.9716796875
4238 0.9716796875
4239 0.9716796875
4240 0.9716796875
4241 0.9716796875
4242 0.9716796875
4243 0.9716796875
4244 0.9716796875
4245 0.9716796875
4246 0.9716796875
4247 0.9716796875
4248 0.9716796875
4249 0.9716796875
4250 0.9716796875
4251 0.9716796875
4252 0.9716796875
4253 0.9716796875
4254 0.9716796875
4255 0.9716796875
4256 0.9716796875
4257 0.9716796875
4258 0.9716796875
4259 0.9716796875
4260 0.9716796875
4261 0.9716796875
4262 0.9716796875
4263 0.9716796875
4264 0.9716796875
4265 0.9716796875
4266 0.9716796875
4267 0.9716796875
4268 0.9716796875
4269 0.9716796875
4270 0.9716796875
4271 0.9716796875
4272 0.9716796875
4273 0.9716796875
4274 0.9716796875
4275 0.9716796875
4276 0.9716796875
4277 0.9716796875
4278 0.9716796875
4279 0.9716796875
4280 0.9716796875
4281 0.9716796875
4282 0.9716796875
4283 0.9716796875
4284 0.9716796875
4285 0.9716796875
4286 0.9716796875
4287 0.9716796875
4288 0.9716796875
4289 0.9716796875
4290 0.9716796875
4291 0.9716796875
4292 0.9716796875
4293 0.9716796875
4294 0.9716796875
4295 0.9716796875
4296 0.9716796875
4297 0.9716796875
4298 0.9716796875
4299 0.9716796875
4300 0.9716796875
4301 0.9716796875
4302 0.9716796875
4303 0.9716796875
4304 0.9716796875
4305 0.9716796875
4306 0.9716796875
4307 0.9716796875
4308 0.9716796875
4309 0.9716796875
4310 0.9716796875
4311 0.9716796875
4312 0.9716796875
4313 0.9716796875
4314 0.9716796875
4315 0.9716796875
4316 0.9716796875
4317 0.9716796875
4318 0.9716796875
4319 0.9716796875
4320 0.9716796875
4321 0.9716796875
4322 0.9716796875
4323 0.9716796875
4324 0.9716796875
4325 0.9716796875
4326 0.9716796875
4327 0.9716796875
4328 0.9716796875
4329 0.9716796875
4330 0.9716796875
4331 0.9716796875
4332 0.9716796875
4333 0.9716796875
4334 0.9716796875
4335 0.9716796875
4336 0.9716796875
4337 0.9716796875
4338 0.9716796875
4339 0.9716796875
4340 0.9716796875
4341 0.9716796875
4342 0.9716796875
4343 0.9716796875
4344 0.9716796875
4345 0.9716796875
4346 0.9716796875
4347 0.9716796875
4348 0.9716796875
4349 0.9716796875
4350 0.9716796875
4351 0.9716796875
4352 0.9716796875
4353 0.9716796875
4354 0.9716796875
4355 0.9716796875
4356 0.9716796875
4357 0.9716796875
4358 0.9716796875
4359 0.9716796875
4360 0.9716796875
4361 0.9716796875
4362 0.9716796875
4363 0.9716796875
4364 0.9716796875
4365 0.9716796875
4366 0.9716796875
4367 0.9716796875
4368 0.9716796875
4369 0.9716796875
4370 0.9716796875
4371 0.9716796875
4372 0.9716796875
4373 0.9716796875
4374 0.9716796875
4375 0.9716796875
4376 0.9716796875
4377 0.9716796875
4378 0.9716796875
4379 0.9716796875
4380 0.9716796875
4381 0.9716796875
4382 0.9716796875
4383 0.9716796875
4384 0.9716796875
4385 0.9716796875
4386 0.9716796875
4387 0.9716796875
4388 0.9716796875
4389 0.9716796875
4390 0.9716796875
4391 0.9716796875
4392 0.9716796875
4393 0.9716796875
4394 0.9716796875
4395 0.9716796875
4396 0.9716796875
4397 0.9716796875
4398 0.9716796875
4399 0.9716796875
4400 0.9716796875
4401 0.9716796875
4402 0.9716796875
4403 0.9716796875
4404 0.9716796875
4405 0.9716796875
4406 0.9716796875
4407 0.9716796875
4408 0.9716796875
4409 0.9716796875
4410 0.9716796875
4411 0.9716796875
4412 0.9716796875
4413 0.9716796875
4414 0.9716796875
4415 0.9716796875
4416 0.9716796875
4417 0.9716796875
4418 0.9716796875
4419 0.9716796875
4420 0.9716796875
4421 0.9716796875
4422 0.9716796875
4423 0.9716796875
4424 0.9716796875
4425 0.9716796875
4426 0.9716796875
4427 0.9716796875
4428 0.9716796875
4429 0.9716796875
4430 0.9716796875
4431 0.9716796875
4432 0.9716796875
4433 0.9716796875
4434 0.9716796875
4435 0.9716796875
4436 0.9716796875
4437 0.9716796875
4438 0.9716796875
4439 0.9716796875
4440 0.9716796875
4441 0.9716796875
4442 0.9716796875
4443 0.9716796875
4444 0.9716796875
4445 0.9716796875
4446 0.9716796875
4447 0.9716796875
4448 0.9716796875
4449 0.9716796875
4450 0.9716796875
4451 0.9716796875
4452 0.9716796875
4453 0.9716796875
4454 0.9716796875
4455 0.9716796875
4456 0.9716796875
4457 0.9716796875
4458 0.9716796875
4459 0.9716796875
4460 0.9716796875
4461 0.9716796875
4462 0.9716796875
4463 0.9716796875
4464 0.9716796875
4465 0.9716796875
4466 0.9716796875
4467 0.9716796875
4468 0.9716796875
4469 0.9716796875
4470 0.9716796875
4471 0.9716796875
4472 0.9716796875
4473 0.9716796875
4474 0.9716796875
4475 0.9716796875
4476 0.9716796875
4477 0.9716796875
4478 0.9716796875
4479 0.9716796875
4480 0.9716796875
4481 0.9716796875
4482 0.9716796875
4483 0.9716796875
4484 0.9716796875
4485 0.9716796875
4486 0.9716796875
4487 0.9716796875
4488 0.9716796875
4489 0.9716796875
4490 0.9716796875
4491 0.9716796875
4492 0.9716796875
4493 0.9716796875
4494 0.9716796875
4495 0.9716796875
4496 0.9716796875
4497 0.9716796875
4498 0.9716796875
4499 0.9716796875
4500 0.9716796875
4501 0.9716796875
4502 0.9716796875
4503 0.9716796875
4504 0.9716796875
4505 0.9716796875
4506 0.9716796875
4507 0.9716796875
4508 0.9716796875
4509 0.9716796875
4510 0.9716796875
4511 0.9716796875
4512 0.9716796875
4513 0.9716796875
4514 0.9716796875
4515 0.9716796875
4516 0.9716796875
4517 0.9716796875
4518 0.9716796875
4519 0.9716796875
4520 0.9716796875
4521 0.9716796875
4522 0.9716796875
4523 0.9716796875
4524 0.9716796875
4525 0.9716796875
4526 0.9716796875
4527 0.9716796875
4528 0.9716796875
4529 0.9716796875
4530 0.9716796875
4531 0.9716796875
4532 0.9716796875
4533 0.9716796875
4534 0.9716796875
4535 0.9716796875
4536 0.9716796875
4537 0.9716796875
4538 0.9716796875
4539 0.9716796875
4540 0.9716796875
4541 0.9716796875
4542 0.9716796875
4543 0.9716796875
4544 0.9716796875
4545 0.9716796875
4546 0.9716796875
4547 0.9716796875
4548 0.9716796875
4549 0.9716796875
4550 0.9716796875
4551 0.9716796875
4552 0.9716796875
4553 0.9716796875
4554 0.9716796875
4555 0.9716796875
4556 0.9716796875
4557 0.9716796875
4558 0.9716796875
4559 0.9716796875
4560 0.9716796875
4561 0.9716796875
4562 0.9716796875
4563 0.9716796875
4564 0.9716796875
4565 0.9716796875
4566 0.9716796875
4567 0.9716796875
4568 0.9716796875
4569 0.9716796875
4570 0.9716796875
4571 0.9716796875
4572 0.9716796875
4573 0.9716796875
4574 0.9716796875
4575 0.9716796875
4576 0.9716796875
4577 0.9716796875
4578 0.9716796875
4579 0.9716796875
4580 0.9716796875
4581 0.9716796875
4582 0.9716796875
4583 0.9716796875
4584 0.9716796875
4585 0.9716796875
4586 0.9716796875
4587 0.9716796875
4588 0.9716796875
4589 0.9716796875
4590 0.9716796875
4591 0.9716796875
4592 0.9716796875
4593 0.9716796875
4594 0.9716796875
4595 0.9716796875
4596 0.9716796875
4597 0.9716796875
4598 0.9716796875
4599 0.9716796875
4600 0.9716796875
4601 0.9716796875
4602 0.9716796875
4603 0.9716796875
4604 0.9716796875
4605 0.9716796875
4606 0.9716796875
4607 0.9716796875
4608 0.9716796875
4609 0.9716796875
4610 0.9716796875
4611 0.9716796875
4612 0.9716796875
4613 0.9716796875
4614 0.9716796875
4615 0.9716796875
4616 0.9716796875
4617 0.9716796875
4618 0.9716796875
4619 0.9716796875
4620 0.9716796875
4621 0.9716796875
4622 0.9716796875
4623 0.9716796875
4624 0.9716796875
4625 0.9716796875
4626 0.9716796875
4627 0.9716796875
4628 0.9716796875
4629 0.9716796875
4630 0.9716796875
4631 0.9716796875
4632 0.9716796875
4633 0.9716796875
4634 0.9716796875
4635 0.9716796875
4636 0.9716796875
4637 0.9716796875
4638 0.9716796875
4639 0.9716796875
4640 0.9716796875
4641 0.9716796875
4642 0.9716796875
4643 0.9716796875
4644 0.9716796875
4645 0.9716796875
4646 0.9716796875
4647 0.9716796875
4648 0.9716796875
4649 0.9716796875
4650 0.9716796875
4651 0.9716796875
4652 0.9716796875
4653 0.9716796875
4654 0.9716796875
4655 0.9716796875
4656 0.9716796875
4657 0.9716796875
4658 0.9716796875
4659 0.9716796875
4660 0.9716796875
4661 0.9716796875
4662 0.9716796875
4663 0.9716796875
4664 0.9716796875
4665 0.9716796875
4666 0.9716796875
4667 0.9716796875
4668 0.9716796875
4669 0.9716796875
4670 0.9716796875
4671 0.9716796875
4672 0.9716796875
4673 0.9716796875
4674 0.9716796875
4675 0.9716796875
4676 0.9716796875
4677 0.9716796875
4678 0.9716796875
4679 0.9716796875
4680 0.9716796875
4681 0.9716796875
4682 0.9716796875
4683 0.9716796875
4684 0.9716796875
4685 0.9716796875
4686 0.9716796875
4687 0.9716796875
4688 0.9716796875
4689 0.9716796875
4690 0.9716796875
4691 0.9716796875
4692 0.9716796875
4693 0.9716796875
4694 0.9716796875
4695 0.9716796875
4696 0.9716796875
4697 0.9716796875
4698 0.9716796875
4699 0.9716796875
4700 0.9716796875
4701 0.9716796875
4702 0.9716796875
4703 0.9716796875
4704 0.9716796875
4705 0.9716796875
4706 0.9716796875
4707 0.9716796875
4708 0.9716796875
4709 0.9716796875
4710 0.9716796875
4711 0.9716796875
4712 0.9716796875
4713 0.9716796875
4714 0.9716796875
4715 0.9716796875
4716 0.9716796875
4717 0.9716796875
4718 0.9716796875
4719 0.9716796875
4720 0.9716796875
4721 0.9716796875
4722 0.9716796875
4723 0.9716796875
4724 0.9716796875
4725 0.9716796875
4726 0.9716796875
4727 0.9716796875
4728 0.9716796875
4729 0.9716796875
4730 0.9716796875
4731 0.9716796875
4732 0.9716796875
4733 0.9716796875
4734 0.9716796875
4735 0.9716796875
4736 0.9716796875
4737 0.9716796875
4738 0.9716796875
4739 0.9716796875
4740 0.9716796875
4741 0.9716796875
4742 0.9716796875
4743 0.9716796875
4744 0.9716796875
4745 0.9716796875
4746 0.9716796875
4747 0.9716796875
4748 0.9716796875
4749 0.9716796875
4750 0.9716796875
4751 0.9716796875
4752 0.9716796875
4753 0.9716796875
4754 0.9716796875
4755 0.9716796875
4756 0.9716796875
4757 0.9716796875
4758 0.9716796875
4759 0.9716796875
4760 0.9716796875
4761 0.9716796875
4762 0.9716796875
4763 0.9716796875
4764 0.9716796875
4765 0.9716796875
4766 0.9716796875
4767 0.9716796875
4768 0.9716796875
4769 0.9716796875
4770 0.9716796875
4771 0.9716796875
4772 0.9716796875
4773 0.9716796875
4774 0.9716796875
4775 0.9716796875
4776 0.9716796875
4777 0.9716796875
4778 0.9716796875
4779 0.9716796875
4780 0.9716796875
4781 0.9716796875
4782 0.9716796875
4783 0.9716796875
4784 0.9716796875
4785 0.9716796875
4786 0.9716796875
4787 0.9716796875
4788 0.9716796875
4789 0.9716796875
4790 0.9716796875
4791 0.9716796875
4792 0.9716796875
4793 0.9716796875
4794 0.9716796875
4795 0.9716796875
4796 0.9716796875
4797 0.9716796875
4798 0.9716796875
4799 0.9716796875
4800 0.9716796875
4801 0.9716796875
4802 0.9716796875
4803 0.9716796875
4804 0.9716796875
4805 0.9716796875
4806 0.9716796875
4807 0.9716796875
4808 0.9716796875
4809 0.9716796875
4810 0.9716796875
4811 0.9716796875
4812 0.9716796875
4813 0.9716796875
4814 0.9716796875
4815 0.9716796875
4816 0.9716796875
4817 0.9716796875
4818 0.9716796875
4819 0.9716796875
4820 0.9716796875
4821 0.9716796875
4822 0.9716796875
4823 0.9716796875
4824 0.9716796875
4825 0.9716796875
4826 0.9716796875
4827 0.9716796875
4828 0.9716796875
4829 0.9716796875
4830 0.9716796875
4831 0.9716796875
4832 0.9716796875
4833 0.9716796875
4834 0.9716796875
4835 0.9716796875
4836 0.9716796875
4837 0.9716796875
4838 0.9716796875
4839 0.9716796875
4840 0.9716796875
4841 0.9716796875
4842 0.9716796875
4843 0.9716796875
4844 0.9716796875
4845 0.9716796875
4846 0.9716796875
4847 0.9716796875
4848 0.9716796875
4849 0.9716796875
4850 0.9716796875
4851 0.9716796875
4852 0.9716796875
4853 0.9716796875
4854 0.9716796875
4855 0.9716796875
4856 0.9716796875
4857 0.9716796875
4858 0.9716796875
4859 0.9716796875
4860 0.9716796875
4861 0.9716796875
4862 0.9716796875
4863 0.9716796875
4864 0.9716796875
4865 0.9716796875
4866 0.9716796875
4867 0.9716796875
4868 0.9716796875
4869 0.9716796875
4870 0.9716796875
4871 0.9716796875
4872 0.9716796875
4873 0.9716796875
4874 0.9716796875
4875 0.9716796875
4876 0.9716796875
4877 0.9716796875
4878 0.9716796875
4879 0.9716796875
4880 0.9716796875
4881 0.9716796875
4882 0.9716796875
4883 0.9716796875
4884 0.9716796875
4885 0.9716796875
4886 0.9716796875
4887 0.9716796875
4888 0.9716796875
4889 0.9716796875
4890 0.9716796875
4891 0.9716796875
4892 0.9716796875
4893 0.9716796875
4894 0.9716796875
4895 0.9716796875
4896 0.9716796875
4897 0.9716796875
4898 0.9716796875
4899 0.9716796875
4900 0.9716796875
4901 0.9716796875
4902 0.9716796875
4903 0.9716796875
4904 0.9716796875
4905 0.9716796875
4906 0.9716796875
4907 0.9716796875
4908 0.9716796875
4909 0.9716796875
4910 0.9716796875
4911 0.9716796875
4912 0.9716796875
4913 0.9716796875
4914 0.9716796875
4915 0.9716796875
4916 0.9716796875
4917 0.9716796875
4918 0.9716796875
4919 0.9716796875
4920 0.9716796875
4921 0.9716796875
4922 0.9716796875
4923 0.9716796875
4924 0.9716796875
4925 0.9716796875
4926 0.9716796875
4927 0.9716796875
4928 0.9716796875
4929 0.9716796875
4930 0.9716796875
4931 0.9716796875
4932 0.9716796875
4933 0.9716796875
4934 0.9716796875
4935 0.9716796875
4936 0.9716796875
4937 0.9716796875
4938 0.9716796875
4939 0.9716796875
4940 0.9716796875
4941 0.9716796875
4942 0.9716796875
4943 0.9716796875
4944 0.9716796875
4945 0.9716796875
4946 0.9716796875
4947 0.9716796875
4948 0.9716796875
4949 0.9716796875
4950 0.9716796875
4951 0.9716796875
4952 0.9716796875
4953 0.9716796875
4954 0.9716796875
4955 0.9716796875
4956 0.9716796875
4957 0.9716796875
4958 0.9716796875
4959 0.9716796875
4960 0.9716796875
4961 0.9716796875
4962 0.9716796875
4963 0.9716796875
4964 0.9716796875
4965 0.9716796875
4966 0.9716796875
4967 0.9716796875
4968 0.9716796875
4969 0.9716796875
4970 0.9716796875
4971 0.9716796875
4972 0.9716796875
4973 0.9716796875
4974 0.9716796875
4975 0.9716796875
4976 0.9716796875
4977 0.9716796875
4978 0.9716796875
4979 0.9716796875
4980 0.9716796875
4981 0.9716796875
4982 0.9716796875
4983 0.9716796875
4984 0.9716796875
4985 0.9716796875
4986 0.9716796875
4987 0.9716796875
4988 0.9716796875
4989 0.9716796875
4990 0.9716796875
4991 0.9716796875
4992 0.9716796875
4993 0.9716796875
4994 0.9716796875
4995 0.9716796875
4996 0.9716796875
4997 0.9716796875
4998 0.9716796875
4999 0.9716796875
