0 0.7443473288716147
1 0.7443473288716147
2 0.7527603592248314
3 0.7544673067935697
4 0.757171434454335
5 0.7589960430018114
6 0.7626450824508952
7 0.7626450824508952
8 0.7626450824508952
9 0.7626450824508952
10 0.7626450824508952
11 0.7626450824508952
12 0.7626450824508952
13 0.7626450824508952
14 0.7626450824508952
15 0.7626450824508952
16 0.7626450824508952
17 0.7626450824508952
18 0.7627818841903928
19 0.7627818841903928
20 0.7627818841903928
21 0.7627818948920012
22 0.7627818948920012
23 0.7627818948920012
24 0.7627818948920012
25 0.7627818949056383
26 0.7627818949056413
27 0.7627818949056413
28 0.7627818949056413
29 0.7627818949056413
30 0.7628193336439631
31 0.7628471992201155
32 0.7628471992201155
33 0.7628471992201155
34 0.7628471992201155
35 0.7628471992201155
36 0.7628471992201155
37 0.7628471992201155
38 0.7628471992201155
39 0.7628471992201155
40 0.7628471992201155
41 0.7628471992201155
42 0.7628471992201155
43 0.7628471992201155
44 0.7628474058963213
45 0.7628474058963213
46 0.7628474058963213
47 0.7628474058963213
48 0.7628474058963213
49 0.7628474058963213
50 0.7628474058963213
51 0.7628474058963213
52 0.7628474058963213
53 0.7628474058963213
54 0.7628474058963213
55 0.7628474058963213
56 0.7628474058963213
57 0.7628474058963213
58 0.7628474058963213
59 0.7628474058963213
60 0.7628474058963213
61 0.7628474064517637
62 0.7628474064517637
63 0.7628474082892033
64 0.7628474082892033
65 0.7628474082892033
66 0.7628474082892033
67 0.7628474082892033
68 0.7628498736268314
69 0.7628498736268314
70 0.7628498736268314
71 0.7628498736268314
72 0.7628498736268314
73 0.7628498736268314
74 0.7628498736268314
75 0.7628498736268314
76 0.7628498736268314
77 0.7628498736268314
78 0.7628498736268314
79 0.7628498736268314
80 0.7628498736268314
81 0.7628498736268314
82 0.7628498736268314
83 0.7628498736268314
84 0.7628498745562496
85 0.7628498745562496
86 0.7628533959063546
87 0.7628533959063546
88 0.7628533959063546
89 0.7628533959063666
90 0.7628533959063672
91 0.7628533959063672
92 0.7628533959063674
93 0.7628533959063674
94 0.7628533959063674
95 0.7628533959064342
96 0.7628533959064342
97 0.7628533959064342
98 0.7628533959064342
99 0.7628533959118716
100 0.7628591509680103
101 0.7628591509680103
102 0.7628591509680103
103 0.7628591509680103
104 0.7628591509680103
105 0.7628591509680103
106 0.7628591509680103
107 0.7628591509680103
108 0.762859150968013
109 0.762859150968013
110 0.762859150968013
111 0.762859150968013
112 0.762859150968013
113 0.762859150968013
114 0.762859150968013
115 0.762859150968013
116 0.7628591509820607
117 0.7628591509820607
118 0.7628591509820607
119 0.7628591509830831
120 0.7628591509830831
121 0.7628591509830831
122 0.7628591509830831
123 0.7628591509830831
124 0.7628591509830831
125 0.7628591509830859
126 0.7628591509830859
127 0.7628591509830859
128 0.7628591510650312
129 0.7628591510650312
130 0.7628591510650312
131 0.7628591510650312
132 0.7628591510650312
133 0.7628591510650312
134 0.7628591510650312
135 0.7628591882861749
136 0.7628591882861749
137 0.7628591882861749
138 0.7628591882861749
139 0.7628591882861749
140 0.7628591882861749
141 0.7628591882861749
142 0.7628591882861749
143 0.7628592252939141
144 0.7628592252939141
145 0.7628592633861995
146 0.7628592633861995
147 0.7628592633861995
148 0.7628592633861995
149 0.7628592633861995
150 0.7628592633861995
151 0.7628592633861995
152 0.7628594908968729
153 0.762859510636231
154 0.762859510636231
155 0.762859510636231
156 0.7628601542484178
157 0.7628601542484178
158 0.7628601542484178
159 0.7628601542484178
160 0.7628601542484178
161 0.7628601542484178
162 0.7628601542484178
163 0.7628601542484178
164 0.7628601542484178
165 0.7628601542484178
166 0.7628601542484178
167 0.7628604068294804
168 0.7628604068294804
169 0.7628605585776798
170 0.7628605585776798
171 0.7628605585776798
172 0.7628605585776798
173 0.7628605585776798
174 0.7628606330598514
175 0.7628606330598514
176 0.7628606330598514
177 0.7628606330598514
178 0.7628606330598514
179 0.7628606330598514
180 0.7628606330598514
181 0.7628606330598514
182 0.7628606330598514
183 0.7628606330598514
184 0.7628606330598514
185 0.7628606330598514
186 0.7628606330598514
187 0.7628606330598514
188 0.7628606330598514
189 0.7628606330598514
190 0.7628606330598514
191 0.7628606330598514
192 0.7628606330598514
193 0.7628606330598514
194 0.7628606330598514
195 0.7628606330598514
196 0.7628606330745262
197 0.7628606441505067
198 0.7628606441505067
199 0.7628606441505067
200 0.7628606441505067
201 0.7628606441505067
202 0.7628606441505067
203 0.7628606441505067
204 0.7628606441510644
205 0.7628606441510644
206 0.7628606441510644
207 0.7628606441510644
208 0.7628606534532775
209 0.7628606534532775
210 0.7628606534532775
211 0.7628606534532775
212 0.7628606534532775
213 0.7628606534532775
214 0.7628606534532775
215 0.7628606582241383
216 0.7628606582241383
217 0.7628606582241383
218 0.7628606582241383
219 0.7628606582241383
220 0.7628606582241383
221 0.7628606582241383
222 0.7628606582241383
223 0.7628606582241383
224 0.7628606582241383
225 0.7628606582241383
226 0.7628606582241383
227 0.7628606582241383
228 0.7628606582241383
229 0.7628606582241383
230 0.7628606582241383
231 0.7628606582241383
232 0.7628606587360616
233 0.7628606594650276
234 0.7628606594650276
235 0.7628606594650276
236 0.7628606594650276
237 0.7628606594650276
238 0.7628606611288383
239 0.7628606611288383
240 0.7628606611288383
241 0.7628606611288383
242 0.7628606611288383
243 0.7628606611288383
244 0.7628606611288383
245 0.7628606611288383
246 0.7628606611288383
247 0.7628606611288383
248 0.7628606611288383
249 0.7628606611288383
250 0.7628606611288383
251 0.7628606611288383
252 0.7628606611288383
253 0.762860661477965
254 0.762860661477965
255 0.762860661477965
256 0.762860661477965
257 0.762860661477965
258 0.762860661477965
259 0.7628606638854022
260 0.7628606638854022
261 0.7628606638854022
262 0.7628606647260575
263 0.7628606647260575
264 0.7628606647260575
265 0.7628606647260575
266 0.7628606647260575
267 0.7628606647260575
268 0.7628606647260575
269 0.7628606647260575
270 0.7628606647260575
271 0.7628606647260575
272 0.7628606647260575
273 0.7628606647260575
274 0.7628606647260575
275 0.7628606647260879
276 0.7628606647260879
277 0.7628606647260879
278 0.7628606647260879
279 0.7628606647260879
280 0.7628606647260879
281 0.7628606647260879
282 0.7628606647260879
283 0.7628606647260879
284 0.7628606647260879
285 0.7628607464767101
286 0.7628607464767101
287 0.7628607464767101
288 0.7628607464767101
289 0.7628607464767101
290 0.7628607464767101
291 0.7628607464767101
292 0.7628607464767101
293 0.7628607464767101
294 0.7628607464767101
295 0.7628607464767101
296 0.7628607464767101
297 0.7628607464767101
298 0.7628607464767101
299 0.7628607464767101
300 0.7628607464767101
301 0.7628607464767101
302 0.7628615038401338
303 0.7628615038401338
304 0.7628615038401338
305 0.7628615038401338
306 0.7628615038401338
307 0.7628615038401338
308 0.7628615660221777
309 0.7628615660221777
310 0.7628615660221777
311 0.7628615660221777
312 0.7628615660221777
313 0.7628619345681183
314 0.7628619345681183
315 0.7628619345681183
316 0.7628619345681183
317 0.7628619345681183
318 0.7628619345681183
319 0.7628619345681183
320 0.7628619345681183
321 0.7628619345681183
322 0.7628619345681183
323 0.7628619345681183
324 0.7628619345681183
325 0.7628619345681183
326 0.7628619345681183
327 0.7628619345681183
328 0.7628619345681183
329 0.7628619345818702
330 0.7628619345818702
331 0.7628619345818702
332 0.762861935169932
333 0.762861935169932
334 0.762861935169932
335 0.7628619388225472
336 0.7628619388225472
337 0.7628619388225472
338 0.7628619388225472
339 0.7628619388225472
340 0.7628619388225472
341 0.7628619388225472
342 0.7628619388225472
343 0.7628619388225472
344 0.7628619388225472
345 0.7628619388225472
346 0.7628619388225472
347 0.7628619388225472
348 0.7628619388225472
349 0.7628619388225472
350 0.7628619388225472
351 0.7628619388225472
352 0.7628619388225472
353 0.7628619388225472
354 0.7628619388225472
355 0.7628619388225472
356 0.7628619388225472
357 0.7628619388225472
358 0.7628619388225472
359 0.7628619388225472
360 0.7628619388225472
361 0.7628619388225472
362 0.7628619388225472
363 0.7628619388225472
364 0.7628619388225472
365 0.7628619388225472
366 0.7628619388225472
367 0.7628619388225472
368 0.7628619388225472
369 0.7628619388225472
370 0.7628619388225472
371 0.7628619388225472
372 0.7628619388225472
373 0.7628619388225472
374 0.7628619487980134
375 0.7628619487980134
376 0.7628619488255025
377 0.7628619488255025
378 0.7628619488255025
379 0.7628619488255025
380 0.7628619770827494
381 0.7628619770827494
382 0.7628619770827494
383 0.7628619770827494
384 0.7628619770827494
385 0.7628619770827497
386 0.7628619770827497
387 0.7628619770827547
388 0.7628619770827547
389 0.7628619770827547
390 0.7628619770827547
391 0.7628619770827547
392 0.7628619770827547
393 0.7628619770827547
394 0.7628619770827547
395 0.7628619770827547
396 0.7628619770827547
397 0.7628619770827547
398 0.7628619770827547
399 0.7628619770827547
400 0.7628619770827547
401 0.7628619770827547
402 0.7628619770827547
403 0.7628619770863644
404 0.7628619770863644
405 0.7628619770863644
406 0.7628619770912795
407 0.7628619770912795
408 0.7628619770912795
409 0.7628619770912795
410 0.7628619770912795
411 0.7628619770912795
412 0.7628619770912799
413 0.7628619770912799
414 0.7628619770912799
415 0.7628619770912799
416 0.7628619770912826
417 0.7628619770912826
418 0.7628619770912826
419 0.7628619770912826
420 0.7628619770912826
421 0.7628619770912826
422 0.7628619770912826
423 0.7628619771901374
424 0.7628619771901374
425 0.7628619780868523
426 0.7628619780868523
427 0.7628619780868523
428 0.7628619780868523
429 0.7628619780868523
430 0.7628619780868523
431 0.7628619803120649
432 0.762861982536403
433 0.762861982536403
434 0.762861982536403
435 0.762861982536403
436 0.762861983210808
437 0.762861983210808
438 0.7628619841665025
439 0.7628619841665025
440 0.7628619841665025
441 0.7628619841665025
442 0.7628619841665025
443 0.7628619841665025
444 0.7628619841665025
445 0.762861994713717
446 0.762861994713717
447 0.762861994713717
448 0.762861994713717
449 0.762861994713717
450 0.762861994713717
451 0.762861994713717
452 0.762861994713717
453 0.762861994713717
454 0.762861994713717
455 0.762861994713717
456 0.762861994713717
457 0.762861994713717
458 0.762861994713717
459 0.7628619947137185
460 0.7628619952148812
461 0.7628619981600027
462 0.7628619981600027
463 0.7628619981600027
464 0.7628619981600027
465 0.7628619981600027
466 0.7628619981600027
467 0.7628619981600027
468 0.7628620074073003
469 0.7628620074073003
470 0.7628620074073003
471 0.7628620074073003
472 0.7628620074073003
473 0.7628620074073003
474 0.7628620259808704
475 0.7628620259808704
476 0.7628620259808704
477 0.7628620259808704
478 0.7628620259808704
479 0.7628620259808704
480 0.7628620372686753
481 0.7628620372686753
482 0.7628620372686753
483 0.7628620372686753
484 0.7628620372686753
485 0.7628620372686753
486 0.7628620372686753
487 0.7628620372686753
488 0.7628620372686753
489 0.7628620372686753
490 0.7628620372686753
491 0.7628620372686753
492 0.7628620372686753
493 0.7628620372686753
494 0.7628620372686753
495 0.7628620372703143
496 0.7628620372703143
497 0.7628620372703143
498 0.7628620372703143
499 0.7628620372703143
500 0.7628620372703143
501 0.7628620372703143
502 0.7628620372703143
503 0.7628620372703143
504 0.7628620372703143
505 0.7628620373757606
506 0.7628620373757606
507 0.7628620373757606
508 0.7628620373757606
509 0.7628620373757606
510 0.7628620373757606
511 0.7628620373757606
512 0.7628620373757606
513 0.7628620373757606
514 0.7628620373757606
515 0.7628620373757606
516 0.7628620373757606
517 0.7628620373757606
518 0.7628620373757606
519 0.7628620376561266
520 0.7628620376561266
521 0.7628620376561266
522 0.762862037657109
523 0.7628620380062302
524 0.7628620380062302
525 0.7628620380062302
526 0.7628620380062302
527 0.7628620380062302
528 0.7628620380062302
529 0.7628620380062302
530 0.7628620380062302
531 0.7628620380062302
532 0.7628620382663719
533 0.7628620382663719
534 0.7628620382663719
535 0.7628620382663719
536 0.7628620382663719
537 0.7628620382663719
538 0.7628620382663719
539 0.7628620382663719
540 0.7628620382663719
541 0.7628620382663719
542 0.7628620382663719
543 0.7628620382663719
544 0.7628620382663719
545 0.7628620382663719
546 0.7628620382663719
547 0.7628620382663719
548 0.7628620382663719
549 0.7628620382663719
550 0.7628620382663719
551 0.7628620382663719
552 0.7628620382663719
553 0.7628620382663719
554 0.7628620382663719
555 0.7628620382663719
556 0.7628620382663719
557 0.7628620382663719
558 0.7628620382663719
559 0.7628620382663719
560 0.7628620382663719
561 0.7628620382663719
562 0.7628620382663719
563 0.7628620382663719
564 0.7628620383639668
565 0.7628620383639668
566 0.7628620384025703
567 0.7628620384025703
568 0.7628620384025703
569 0.7628620384025703
570 0.7628620384025703
571 0.7628620384025703
572 0.7628620384025703
573 0.7628620384025703
574 0.7628620384025703
575 0.7628620384025703
576 0.7628620384025703
577 0.7628620384025703
578 0.7628620384025703
579 0.7628620384025703
580 0.7628620384025703
581 0.7628620384025703
582 0.7628620384025703
583 0.7628620384214855
584 0.7628620384214855
585 0.7628620384214855
586 0.7628620384214855
587 0.7628620384214855
588 0.7628620384214855
589 0.7628620384214855
590 0.7628620384214855
591 0.7628620384214855
592 0.7628620384214855
593 0.7628620384214855
594 0.7628620384214855
595 0.7628620384214855
596 0.7628620384214855
597 0.7628620384214855
598 0.7628620384214855
599 0.7628620384214855
600 0.7628620384214855
601 0.7628620384214855
602 0.7628620384214855
603 0.7628620384214855
604 0.7628620384214855
605 0.7628620384214855
606 0.7628620384214855
607 0.7628620384214855
608 0.7628620384214855
609 0.7628620384214855
610 0.7628620384214855
611 0.7628620384214855
612 0.7628620384214855
613 0.7628620384214855
614 0.7628620384214855
615 0.7628620384214855
616 0.7628620384214855
617 0.7628620384214855
618 0.7628620384214855
619 0.7628620384214855
620 0.7628620384214855
621 0.7628620384214855
622 0.7628620384214855
623 0.7628620384214855
624 0.7628620384214855
625 0.7628620384214855
626 0.7628620384214855
627 0.7628620384214855
628 0.7628620384214855
629 0.7628620384214855
630 0.7628620384214855
631 0.7628620384214855
632 0.7628620384214855
633 0.7628620384214855
634 0.7628620384214855
635 0.7628620384214855
636 0.7628620384214855
637 0.7628620384214855
638 0.7628620384214855
639 0.7628620384214855
640 0.7628620384214855
641 0.7628620384214855
642 0.762862038586646
643 0.762862038586646
644 0.762862038586646
645 0.7628620385866479
646 0.7628620385866479
647 0.7628620385866479
648 0.7628620385866479
649 0.7628620385866479
650 0.7628620385866479
651 0.7628620385866479
652 0.7628620385866479
653 0.7628620385866479
654 0.7628620385866479
655 0.7628620385866479
656 0.7628620385866479
657 0.7628620385866479
658 0.7628620385866479
659 0.7628620385866479
660 0.7628620385866479
661 0.7628620386590153
662 0.7628620386590153
663 0.7628620386590153
664 0.7628620386590153
665 0.7628620386590153
666 0.7628620386590153
667 0.7628620386590153
668 0.7628620386590153
669 0.7628620386590153
670 0.7628620386590153
671 0.7628620386590153
672 0.7628620386590153
673 0.7628620386590153
674 0.7628620386590153
675 0.7628620386590153
676 0.7628620386590153
677 0.7628620386590153
678 0.7628620386590153
679 0.7628620386590153
680 0.7628620386590153
681 0.7628620386590153
682 0.7628620386590153
683 0.7628620386590153
684 0.76286203869502
685 0.76286203869502
686 0.76286203869502
687 0.76286203869502
688 0.76286203869502
689 0.76286203869502
690 0.76286203869502
691 0.76286203869502
692 0.76286203869502
693 0.76286203869502
694 0.76286203869502
695 0.76286203869502
696 0.76286203869502
697 0.76286203869502
698 0.76286203869502
699 0.76286203869502
700 0.76286203869502
701 0.76286203869502
702 0.76286203869502
703 0.76286203869502
704 0.7628620386965447
705 0.7628620386965447
706 0.7628620386965447
707 0.7628620386965447
708 0.7628620386965447
709 0.7628620386965447
710 0.7628620386965447
711 0.7628620386965447
712 0.7628620386965447
713 0.7628620386965447
714 0.7628620386965447
715 0.7628620386965447
716 0.7628620386965745
717 0.7628620386965745
718 0.7628620386965757
719 0.7628620386965757
720 0.7628620386965757
721 0.7628620386965757
722 0.7628620386965757
723 0.7628620386965757
724 0.7628620386965757
725 0.7628620386965757
726 0.7628620386965757
727 0.7628620386965757
728 0.7628620386965757
729 0.7628620386965757
730 0.7628620386965757
731 0.7628620386965757
732 0.762862038696576
733 0.762862038696576
734 0.762862038696576
735 0.762862038696576
736 0.762862038696576
737 0.762862038696576
738 0.762862038696576
739 0.762862038696576
740 0.762862038696576
741 0.762862038696576
742 0.762862038696576
743 0.7628620386966208
744 0.7628620386966208
745 0.7628620386966208
746 0.7628620386966208
747 0.7628620386966208
748 0.7628620386966208
749 0.7628620386966208
750 0.7628620386966208
751 0.7628620386966208
752 0.7628620386966208
753 0.7628620386966208
754 0.7628620386966208
755 0.7628620386966208
756 0.7628620386966208
757 0.7628620386966208
758 0.7628620386966208
759 0.7628620386966208
760 0.7628620386966208
761 0.7628620386966654
762 0.7628620386966654
763 0.7628620386966654
764 0.7628620386966654
765 0.7628620386966654
766 0.7628620386966654
767 0.7628620386966654
768 0.762862038697896
769 0.762862038697896
770 0.762862038697896
771 0.762862038697896
772 0.762862038697896
773 0.762862038697896
774 0.762862038697896
775 0.762862038697896
776 0.762862038697896
777 0.762862038697896
778 0.762862038697896
779 0.762862038697896
780 0.762862038697896
781 0.762862038697896
782 0.762862038697896
783 0.762862038697896
784 0.762862038697896
785 0.762862038697896
786 0.762862038697896
787 0.762862038697896
788 0.762862038697896
789 0.762862038697896
790 0.762862038697896
791 0.762862038697896
792 0.762862038697896
793 0.762862038697896
794 0.762862038697896
795 0.762862038697896
796 0.762862038697896
797 0.762862038697896
798 0.762862038697896
799 0.762862038697896
800 0.762862038697896
801 0.762862038697896
802 0.762862038697896
803 0.762862038697896
804 0.762862038697896
805 0.762862038697896
806 0.762862038697896
807 0.762862038697896
808 0.762862038697896
809 0.762862038697896
810 0.762862038697896
811 0.762862038697896
812 0.762862038697896
813 0.762862038697896
814 0.762862038697896
815 0.762862038697896
816 0.762862038697896
817 0.762862038697896
818 0.762862038697896
819 0.762862038697896
820 0.7628620386982047
821 0.7628620386982047
822 0.7628620386982047
823 0.7628620386982047
824 0.7628620386982047
825 0.7628620386982047
826 0.7628620386982047
827 0.7628620386982047
828 0.7628620386982047
829 0.7628620386982047
830 0.7628620386982047
831 0.7628620386982047
832 0.7628620386982047
833 0.7628620386982047
834 0.7628620386982047
835 0.7628620386982047
836 0.7628620386982047
837 0.7628620386982047
838 0.7628620386982047
839 0.7628620386982047
840 0.7628620386982047
841 0.7628620386982047
842 0.7628620386982047
843 0.7628620386982047
844 0.7628620386982047
845 0.7628620386982047
846 0.7628620386982047
847 0.7628620386982047
848 0.7628620386982047
849 0.7628620386982047
850 0.7628620386982047
851 0.7628620386982047
852 0.7628620386982047
853 0.7628620386982047
854 0.7628620386982047
855 0.7628620386982047
856 0.7628620386982047
857 0.7628620386982047
858 0.7628620386982047
859 0.7628620386982047
860 0.7628620386982047
861 0.7628620386982047
862 0.7628620386982047
863 0.7628620386982047
864 0.7628620386982047
865 0.7628620386982047
866 0.7628620386982047
867 0.7628620386982047
868 0.7628620386982047
869 0.7628620386982047
870 0.7628620386985135
871 0.7628620386985135
872 0.7628620386985135
873 0.7628620386985135
874 0.7628620386985135
875 0.7628620386985135
876 0.7628620386985135
877 0.7628620386985135
878 0.7628620386985135
879 0.7628620386985135
880 0.7628620386985135
881 0.7628620386985135
882 0.7628620386985135
883 0.7628620386985135
884 0.7628620386988926
885 0.7628620386988926
886 0.7628620386988926
887 0.7628620386988926
888 0.7628620386988926
889 0.7628620386988926
890 0.7628620386988926
891 0.7628620386988926
892 0.7628620386988926
893 0.7628620386988926
894 0.7628620386988926
895 0.7628620386988926
896 0.7628620386988926
897 0.7628620386988926
898 0.7628620386988926
899 0.7628620386988926
900 0.7628620386988926
901 0.7628620386988926
902 0.7628620386988926
903 0.7628620386988926
904 0.7628620386988926
905 0.7628620386988926
906 0.762862038699112
907 0.762862038699112
908 0.762862038699112
909 0.762862038699112
910 0.762862038699112
911 0.762862038699112
912 0.762862038699112
913 0.762862038699112
914 0.762862038699112
915 0.762862038699112
916 0.762862038699112
917 0.762862038699112
918 0.762862038699112
919 0.762862038699112
920 0.762862038699112
921 0.762862038699112
922 0.762862038699112
923 0.762862038699112
924 0.762862038699112
925 0.762862038699112
926 0.762862038699112
927 0.762862038699112
928 0.762862038699112
929 0.762862038699112
930 0.762862038699112
931 0.762862038699112
932 0.762862038699112
933 0.762862038699112
934 0.762862038699112
935 0.762862038699112
936 0.762862038699112
937 0.762862038699112
938 0.762862038699112
939 0.762862038699112
940 0.762862038699112
941 0.762862038699112
942 0.762862038699112
943 0.762862038699112
944 0.762862038699112
945 0.762862038699112
946 0.762862038699112
947 0.762862038699112
948 0.762862038699112
949 0.762862038699112
950 0.762862038699112
951 0.762862038699112
952 0.762862038699112
953 0.762862038699112
954 0.762862038699112
955 0.762862038699112
956 0.762862038699112
957 0.762862038699112
958 0.762862038699112
959 0.762862038699112
960 0.762862038699112
961 0.762862038699112
962 0.762862038699112
963 0.762862038699112
964 0.762862038699112
965 0.762862038699112
966 0.7628620386991184
967 0.7628620386991184
968 0.7628620386991184
969 0.7628620386991184
970 0.7628620386991184
971 0.7628620386991184
972 0.7628620386991184
973 0.7628620386991184
974 0.7628620386991184
975 0.7628620386991184
976 0.7628620386991184
977 0.7628620386991184
978 0.7628620386991184
979 0.7628620386991184
980 0.7628620386991184
981 0.7628620386991184
982 0.7628620386991184
983 0.7628620386991184
984 0.7628620386991184
985 0.7628620386991184
986 0.7628620386991184
987 0.7628620386991184
988 0.7628620386991184
989 0.7628620386991184
990 0.7628620386991184
991 0.7628620386991184
992 0.7628620386991184
993 0.7628620386991184
994 0.7628620386991184
995 0.7628620386991184
996 0.7628620386991184
997 0.7628620386991184
998 0.7628620386991184
999 0.7628620386991184
1000 0.7628620386991184
1001 0.7628620386991184
1002 0.7628620386991184
1003 0.7628620386991184
1004 0.7628620386991184
1005 0.7628620386991184
1006 0.7628620386991184
1007 0.7628620386991184
1008 0.7628620386991184
1009 0.7628620386991184
1010 0.7628620386991184
1011 0.7628620386991184
1012 0.7628620386991184
1013 0.7628620386991184
1014 0.7628620386991184
1015 0.7628620386991184
1016 0.7628620386991184
1017 0.7628620386991184
1018 0.7628620386991184
1019 0.7628620386991184
1020 0.7628620386991187
1021 0.7628620386991796
1022 0.7628620386991796
1023 0.7628620386991796
1024 0.7628620386991796
1025 0.7628620386991796
1026 0.7628620386991796
1027 0.7628620386991796
1028 0.7628620386991796
1029 0.7628620386991796
1030 0.7628620386991796
1031 0.7628620386991796
1032 0.7628620386991796
1033 0.7628620386991796
1034 0.7628620386991796
1035 0.7628620386991796
1036 0.7628620386991796
1037 0.7628620386991796
1038 0.7628620386991796
1039 0.7628620386991796
1040 0.7628620386991796
1041 0.7628620386991796
1042 0.7628620386991796
1043 0.7628620386991796
1044 0.7628620386991796
1045 0.7628620386991796
1046 0.7628620386991984
1047 0.7628620386991984
1048 0.7628620386991984
1049 0.7628620386991984
1050 0.7628620386991984
1051 0.7628620386991984
1052 0.7628620386991984
1053 0.7628620386991984
1054 0.7628620386991984
1055 0.7628620386991984
1056 0.7628620386991984
1057 0.7628620386991984
1058 0.7628620386991984
1059 0.7628620386991984
1060 0.7628620386991984
1061 0.7628620386991984
1062 0.7628620386991984
1063 0.7628620386991984
1064 0.7628620386991984
1065 0.7628620386991984
1066 0.7628620386991984
1067 0.7628620386991984
1068 0.7628620386991984
1069 0.762862038699199
1070 0.762862038699199
1071 0.762862038699199
1072 0.762862038699199
1073 0.762862038699199
1074 0.762862038699199
1075 0.762862038699199
1076 0.762862038699199
1077 0.762862038699199
1078 0.762862038699199
1079 0.762862038699199
1080 0.762862038699199
1081 0.762862038699199
1082 0.762862038699199
1083 0.762862038699199
1084 0.762862038699199
1085 0.762862038699199
1086 0.762862038699199
1087 0.762862038699199
1088 0.762862038699199
1089 0.762862038699199
1090 0.762862038699199
1091 0.762862038699199
1092 0.762862038699199
1093 0.762862038699199
1094 0.762862038699199
1095 0.762862038699199
1096 0.762862038699199
1097 0.7628620386992061
1098 0.7628620386992061
1099 0.7628620386992061
1100 0.7628620386992061
1101 0.7628620386992061
1102 0.7628620386992061
1103 0.7628620386992061
1104 0.7628620386992061
1105 0.7628620386992061
1106 0.7628620386992061
1107 0.7628620386992061
1108 0.7628620386992061
1109 0.7628620386992061
1110 0.7628620386992061
1111 0.7628620386992061
1112 0.7628620386992061
1113 0.7628620386992061
1114 0.7628620386992061
1115 0.7628620386992061
1116 0.7628620386992061
1117 0.7628620386992061
1118 0.7628620386992061
1119 0.7628620386992061
1120 0.7628620386992061
1121 0.7628620386992061
1122 0.7628620386992061
1123 0.7628620386992061
1124 0.7628620386992061
1125 0.7628620386992061
1126 0.7628620386992095
1127 0.7628620386992095
1128 0.7628620386992095
1129 0.7628620386992095
1130 0.7628620386992095
1131 0.7628620386992095
1132 0.7628620386992095
1133 0.7628620386992095
1134 0.7628620386992095
1135 0.7628620386992095
1136 0.7628620386992095
1137 0.7628620386992095
1138 0.7628620386992095
1139 0.7628620386992095
1140 0.7628620386992095
1141 0.7628620386992095
1142 0.7628620386992095
1143 0.7628620386992095
1144 0.7628620386992095
1145 0.7628620386992095
1146 0.7628620386992095
1147 0.7628620386992095
1148 0.7628620386992095
1149 0.7628620386992095
1150 0.7628620386992095
1151 0.7628620386992095
1152 0.7628620386992095
1153 0.7628620386992095
1154 0.7628620386992095
1155 0.7628620386992095
1156 0.7628620386992095
1157 0.7628620386992095
1158 0.7628620386992095
1159 0.7628620386992095
1160 0.7628620386992095
1161 0.7628620386992095
1162 0.7628620386992095
1163 0.7628620386992095
1164 0.7628620386992095
1165 0.7628620386992095
1166 0.7628620386992095
1167 0.7628620386992095
1168 0.7628620386992095
1169 0.7628620386992095
1170 0.7628620386992095
1171 0.7628620386992095
1172 0.7628620386992095
1173 0.7628620386992095
1174 0.7628620386992095
1175 0.7628620386992095
1176 0.7628620386992095
1177 0.7628620386992095
1178 0.7628620386992095
1179 0.7628620386992095
1180 0.7628620386992095
1181 0.7628620386992095
1182 0.7628620386992095
1183 0.7628620386992095
1184 0.7628620386992095
1185 0.7628620386992095
1186 0.7628620386992095
1187 0.7628620386992095
1188 0.7628620386992095
1189 0.7628620386992095
1190 0.7628620386992095
1191 0.7628620386992095
1192 0.7628620386992095
1193 0.7628620386992095
1194 0.7628620386992095
1195 0.7628620386992095
1196 0.7628620386992095
1197 0.7628620386992095
1198 0.7628620386992095
1199 0.7628620386992095
1200 0.7628620386992095
1201 0.7628620386992095
1202 0.7628620386992095
1203 0.7628620386992095
1204 0.7628620386992095
1205 0.7628620386992095
1206 0.7628620386992095
1207 0.7628620386992095
1208 0.7628620386992095
1209 0.7628620386992095
1210 0.7628620386992095
1211 0.7628620386992095
1212 0.7628620386992095
1213 0.7628620386992095
1214 0.7628620386992095
1215 0.7628620386992095
1216 0.7628620386992095
1217 0.7628620386992095
1218 0.7628620386993253
1219 0.7628620386993253
1220 0.7628620386993253
1221 0.7628620386993253
1222 0.7628620386993253
1223 0.7628620386993253
1224 0.7628620386993253
1225 0.7628620386993253
1226 0.7628620386993253
1227 0.7628620386993253
1228 0.7628620386993253
1229 0.7628620386993253
1230 0.7628620386993253
1231 0.7628620386993253
1232 0.7628620386993253
1233 0.7628620386993253
1234 0.7628620386993253
1235 0.7628620386993253
1236 0.7628620386993253
1237 0.7628620386993253
1238 0.7628620386993253
1239 0.7628620386993253
1240 0.7628620386993253
1241 0.7628620386993253
1242 0.7628620386993253
1243 0.7628620386993253
1244 0.7628620386993253
1245 0.7628620386993384
1246 0.7628620386993384
1247 0.7628620386993384
1248 0.7628620386993384
1249 0.7628620386993384
1250 0.7628620386993384
1251 0.7628620386993384
1252 0.7628620386993384
1253 0.7628620386993384
1254 0.7628620386993384
1255 0.7628620386993384
1256 0.7628620386993384
1257 0.7628620386993384
1258 0.7628620386993384
1259 0.7628620386993384
1260 0.7628620386993384
1261 0.7628620386993384
1262 0.7628620386993384
1263 0.7628620386993384
1264 0.7628620386993384
1265 0.7628620386993384
1266 0.7628620386993384
1267 0.7628620386993384
1268 0.7628620386993384
1269 0.7628620386993384
1270 0.7628620386993384
1271 0.7628620386993384
1272 0.7628620386993384
1273 0.7628620386993384
1274 0.7628620386993384
1275 0.7628620386993384
1276 0.7628620386993384
1277 0.7628620386993384
1278 0.7628620386993384
1279 0.7628620386993384
1280 0.7628620386993384
1281 0.7628620386993384
1282 0.7628620386993384
1283 0.7628620386993384
1284 0.7628620386993384
1285 0.7628620386993384
1286 0.7628620386993384
1287 0.7628620386993384
1288 0.7628620386993384
1289 0.7628620386993384
1290 0.7628620386993384
1291 0.7628620386993384
1292 0.7628620386993384
1293 0.7628620386993384
1294 0.7628620386993384
1295 0.7628620386993384
1296 0.7628620386993384
1297 0.7628620386993384
1298 0.7628620386993384
1299 0.7628620386993384
1300 0.7628620386993384
1301 0.7628620386993384
1302 0.7628620386993384
1303 0.7628620386993384
1304 0.7628620386993384
1305 0.7628620386993384
1306 0.7628620386993384
1307 0.7628620386993384
1308 0.7628620386993384
1309 0.7628620386993384
1310 0.7628620386993384
1311 0.7628620386993384
1312 0.7628620386993384
1313 0.7628620386993384
1314 0.7628620386993384
1315 0.7628620386993384
1316 0.7628620386993384
1317 0.7628620386993384
1318 0.7628620386993384
1319 0.7628620386993384
1320 0.7628620386993384
1321 0.7628620386993384
1322 0.7628620386993384
1323 0.7628620386993384
1324 0.7628620386993384
1325 0.7628620386993384
1326 0.7628620386993384
1327 0.7628620386993384
1328 0.7628620386993384
1329 0.7628620386993384
1330 0.7628620386993384
1331 0.7628620386993384
1332 0.7628620386993384
1333 0.7628620386993384
1334 0.7628620386993384
1335 0.7628620386993384
1336 0.7628620386993384
1337 0.7628620386993384
1338 0.7628620386993384
1339 0.7628620386993384
1340 0.7628620386993384
1341 0.7628620386993384
1342 0.7628620386993384
1343 0.7628620386993384
1344 0.7628620386993384
1345 0.7628620386993384
1346 0.7628620386993384
1347 0.7628620386993384
1348 0.7628620386993384
1349 0.7628620386993384
1350 0.7628620386993384
1351 0.7628620386993384
1352 0.7628620386993384
1353 0.7628620386993384
1354 0.7628620386993384
1355 0.7628620386993384
1356 0.7628620386993384
1357 0.7628620386993384
1358 0.7628620386993384
1359 0.7628620386993384
1360 0.7628620386993384
1361 0.7628620386993384
1362 0.7628620386993384
1363 0.7628620386993384
1364 0.7628620386993384
1365 0.7628620386993384
1366 0.7628620386993384
1367 0.7628620386993384
1368 0.7628620386993384
1369 0.7628620386993384
1370 0.7628620386993384
1371 0.7628620386993384
1372 0.7628620386993384
1373 0.7628620386993384
1374 0.7628620386993384
1375 0.7628620386993384
1376 0.7628620386993384
1377 0.7628620386993384
1378 0.7628620386993384
1379 0.7628620386993384
1380 0.7628620386993384
1381 0.7628620386993384
1382 0.7628620386993384
1383 0.7628620386993384
1384 0.7628620386993384
1385 0.7628620386993384
1386 0.7628620386993384
1387 0.7628620386993384
1388 0.7628620386993384
1389 0.7628620386993384
1390 0.7628620386993384
1391 0.7628620386993384
1392 0.7628620386993384
1393 0.7628620386993384
1394 0.7628620386993384
1395 0.7628620386993384
1396 0.7628620386993384
1397 0.7628620386993384
1398 0.7628620386993384
1399 0.7628620386993384
1400 0.7628620386993384
1401 0.7628620386993384
1402 0.7628620386993384
1403 0.7628620386993384
1404 0.7628620386993384
1405 0.7628620386993384
1406 0.7628620386993384
1407 0.7628620386993384
1408 0.7628620386993384
1409 0.7628620386993384
1410 0.7628620386993384
1411 0.7628620386993384
1412 0.7628620386993384
1413 0.7628620386993384
1414 0.7628620386993384
1415 0.7628620386993384
1416 0.7628620386993384
1417 0.7628620386993384
1418 0.7628620386993384
1419 0.7628620386993384
1420 0.7628620386993384
1421 0.7628620386993384
1422 0.7628620386993384
1423 0.7628620386993384
1424 0.7628620386993384
1425 0.7628620386993384
1426 0.7628620386993384
1427 0.7628620386993384
1428 0.7628620386993384
1429 0.7628620386993384
1430 0.7628620386993384
1431 0.7628620386993384
1432 0.7628620386993384
1433 0.7628620386993384
1434 0.7628620386993463
1435 0.7628620386993463
1436 0.7628620386993463
1437 0.7628620386993463
1438 0.7628620386993463
1439 0.7628620386993463
1440 0.7628620386993463
1441 0.7628620386993463
1442 0.7628620386993463
1443 0.7628620386993463
1444 0.7628620386993545
1445 0.7628620386993545
1446 0.7628620386993545
1447 0.7628620386993545
1448 0.7628620386993545
1449 0.7628620386993545
1450 0.7628620386993545
1451 0.7628620386993545
1452 0.7628620386993545
1453 0.7628620386993545
1454 0.7628620386993545
1455 0.7628620386993545
1456 0.7628620386993545
1457 0.7628620386993545
1458 0.7628620386993545
1459 0.7628620386993545
1460 0.7628620386993545
1461 0.7628620386993545
1462 0.7628620386993545
1463 0.7628620386993545
1464 0.7628620386993545
1465 0.7628620386993545
1466 0.7628620386993545
1467 0.7628620386993545
1468 0.7628620386993545
1469 0.7628620386993545
1470 0.7628620386993545
1471 0.7628620386993545
1472 0.7628620386993545
1473 0.7628620386993545
1474 0.7628620386993545
1475 0.7628620386993545
1476 0.7628620386993545
1477 0.7628620386993652
1478 0.7628620386993652
1479 0.7628620386993652
1480 0.7628620386993652
1481 0.7628620386993652
1482 0.7628620386993652
1483 0.7628620386993652
1484 0.7628620386993652
1485 0.7628620386993652
1486 0.7628620386993652
1487 0.7628620386993652
1488 0.7628620386993652
1489 0.7628620386993652
1490 0.7628620386993652
1491 0.7628620386993652
1492 0.7628620386993652
1493 0.7628620386993652
1494 0.7628620386993652
1495 0.7628620386993652
1496 0.7628620386993652
1497 0.7628620386993652
1498 0.7628620386993652
1499 0.7628620386993652
1500 0.7628620386993652
1501 0.7628620386993652
1502 0.7628620386993652
1503 0.7628620386993652
1504 0.7628620386993652
1505 0.7628620386993652
1506 0.7628620386993652
1507 0.7628620386993652
1508 0.7628620386993652
1509 0.7628620386993652
1510 0.7628620386993652
1511 0.7628620386993652
1512 0.7628620386993652
1513 0.7628620386993652
1514 0.7628620386993652
1515 0.7628620386993652
1516 0.7628620386993652
1517 0.7628620386993652
1518 0.7628620386993652
1519 0.7628620386993652
1520 0.7628620386993652
1521 0.7628620386993652
1522 0.7628620386993652
1523 0.7628620386993652
1524 0.7628620386993652
1525 0.7628620386993652
1526 0.7628620386993652
1527 0.7628620386993652
1528 0.7628620386993652
1529 0.7628620386993652
1530 0.7628620386993652
1531 0.7628620386993652
1532 0.7628620386993652
1533 0.7628620386993652
1534 0.7628620386993652
1535 0.7628620386993652
1536 0.7628620386993652
1537 0.7628620386993652
1538 0.7628620386993652
1539 0.7628620386993652
1540 0.7628620386993652
1541 0.7628620386993652
1542 0.7628620386993652
1543 0.7628620386993652
1544 0.7628620386993652
1545 0.7628620386993652
1546 0.7628620386993652
1547 0.7628620386993652
1548 0.7628620386993652
1549 0.7628620386993652
1550 0.7628620386993652
1551 0.7628620386993652
1552 0.7628620386993652
1553 0.7628620386993652
1554 0.7628620386993652
1555 0.7628620386993652
1556 0.7628620386993652
1557 0.7628620386993652
1558 0.7628620386993652
1559 0.7628620386993652
1560 0.7628620386993652
1561 0.7628620386993652
1562 0.7628620386993652
1563 0.7628620386993652
1564 0.7628620386993652
1565 0.7628620386993652
1566 0.7628620386993652
1567 0.7628620386993716
1568 0.7628620386993716
1569 0.7628620386993716
1570 0.7628620386993716
1571 0.7628620386993716
1572 0.7628620386993716
1573 0.7628620386993716
1574 0.7628620386993716
1575 0.7628620386993716
1576 0.7628620386993716
1577 0.7628620386993716
1578 0.7628620386993716
1579 0.7628620386993716
1580 0.7628620386993716
1581 0.7628620386993716
1582 0.7628620386993716
1583 0.7628620386993716
1584 0.7628620386993716
1585 0.7628620386993716
1586 0.7628620386993716
1587 0.7628620386993716
1588 0.7628620386993716
1589 0.7628620386993716
1590 0.7628620386993716
1591 0.7628620386993716
1592 0.7628620386993716
1593 0.7628620386993716
1594 0.7628620386993716
1595 0.7628620386993716
1596 0.7628620386993716
1597 0.7628620386993716
1598 0.7628620386993716
1599 0.762862038699372
1600 0.762862038699372
1601 0.762862038699372
1602 0.762862038699372
1603 0.762862038699372
1604 0.762862038699372
1605 0.762862038699372
1606 0.762862038699372
1607 0.762862038699372
1608 0.762862038699372
1609 0.762862038699372
1610 0.762862038699372
1611 0.762862038699372
1612 0.762862038699372
1613 0.762862038699372
1614 0.762862038699372
1615 0.762862038699372
1616 0.762862038699372
1617 0.762862038699372
1618 0.762862038699372
1619 0.762862038699372
1620 0.762862038699372
1621 0.762862038699372
1622 0.762862038699372
1623 0.762862038699372
1624 0.762862038699372
1625 0.762862038699372
1626 0.762862038699372
1627 0.762862038699372
1628 0.762862038699372
1629 0.762862038699372
1630 0.762862038699372
1631 0.762862038699372
1632 0.762862038699372
1633 0.762862038699372
1634 0.762862038699372
1635 0.762862038699372
1636 0.762862038699372
1637 0.762862038699372
1638 0.762862038699372
1639 0.762862038699372
1640 0.762862038699372
1641 0.762862038699372
1642 0.762862038699372
1643 0.762862038699372
1644 0.762862038699372
1645 0.762862038699372
1646 0.762862038699372
1647 0.762862038699372
1648 0.762862038699372
1649 0.762862038699372
1650 0.762862038699372
1651 0.762862038699372
1652 0.762862038699372
1653 0.762862038699372
1654 0.762862038699372
1655 0.762862038699372
1656 0.762862038699372
1657 0.762862038699372
1658 0.762862038699372
1659 0.762862038699372
1660 0.762862038699372
1661 0.762862038699372
1662 0.762862038699372
1663 0.762862038699372
1664 0.762862038699372
1665 0.762862038699372
1666 0.762862038699372
1667 0.7628620388116074
1668 0.7628620388116074
1669 0.7628620388116074
1670 0.7628620388116074
1671 0.7628620388116074
1672 0.7628620388116074
1673 0.7628620388116074
1674 0.7628620388116074
1675 0.7628620388116074
1676 0.7628620388116094
1677 0.7628620388116094
1678 0.7628620388116094
1679 0.7628620388116094
1680 0.7628620388116094
1681 0.7628620388116094
1682 0.7628620388116094
1683 0.7628620388116094
1684 0.7628620388116094
1685 0.7628620388116094
1686 0.7628620388116094
1687 0.7628620388116094
1688 0.7628620388116097
1689 0.7628620388116097
1690 0.7628620388116097
1691 0.7628620388116097
1692 0.7628620388116097
1693 0.7628620388116097
1694 0.7628620388116097
1695 0.7628620388116097
1696 0.7628620388116097
1697 0.7628620388116097
1698 0.7628620388116097
1699 0.7628620388116097
1700 0.7628620388116097
1701 0.7628620388116097
1702 0.7628620388116097
1703 0.7628620388116097
1704 0.7628620388116097
1705 0.7628620388116097
1706 0.7628620388116097
1707 0.7628620388116097
1708 0.7628620388116097
1709 0.7628620388116101
1710 0.7628620388117332
1711 0.7628620388117332
1712 0.7628620388117332
1713 0.7628620388117332
1714 0.7628620388117332
1715 0.7628620388117332
1716 0.7628620388117332
1717 0.7628620388117332
1718 0.7628620388117332
1719 0.7628620388118497
1720 0.7628620388271347
1721 0.7628620388271347
1722 0.7628620388271347
1723 0.7628620388271347
1724 0.7628620388271347
1725 0.7628620388271347
1726 0.7628620388271347
1727 0.7628620388271347
1728 0.7628620388271347
1729 0.7628620388322868
1730 0.7628620388332551
1731 0.7628620388332551
1732 0.7628620388332551
1733 0.7628620388332551
1734 0.7628620388332551
1735 0.7628620388332551
1736 0.7628620388332551
1737 0.7628620388332551
1738 0.7628620388332551
1739 0.7628620388332551
1740 0.7628620388332551
1741 0.7628620388332551
1742 0.7628620388332551
1743 0.7628620388332551
1744 0.7628620388333478
1745 0.7628620388333478
1746 0.7628620388333478
1747 0.7628620388333478
1748 0.7628620388333478
1749 0.7628620388333478
1750 0.7628620388333478
1751 0.7628620388333478
1752 0.7628620388333478
1753 0.7628620388396138
1754 0.7628620388396138
1755 0.7628620388396138
1756 0.7628620388396138
1757 0.7628620388396138
1758 0.7628620388396138
1759 0.7628620388396138
1760 0.7628620388396138
1761 0.7628620388396138
1762 0.7628620388396138
1763 0.7628620388396138
1764 0.7628620388396138
1765 0.7628620388396138
1766 0.7628620388396138
1767 0.7628620388396138
1768 0.7628620388396138
1769 0.7628620388396138
1770 0.7628620388396138
1771 0.7628620388396138
1772 0.7628620388396138
1773 0.7628620388396138
1774 0.7628620388396138
1775 0.7628620388396138
1776 0.7628620388396138
1777 0.7628620388396138
1778 0.7628620388396138
1779 0.7628620388396138
1780 0.7628620388396138
1781 0.7628620388396138
1782 0.7628620388396138
1783 0.7628620388396138
1784 0.7628620388396138
1785 0.7628620388396138
1786 0.7628620388396138
1787 0.7628620388396138
1788 0.7628620388396138
1789 0.7628620388396138
1790 0.7628620388396138
1791 0.7628620388396138
1792 0.7628620388396138
1793 0.7628620388396138
1794 0.7628620388396138
1795 0.7628620388396138
1796 0.7628620388396827
1797 0.7628620388396827
1798 0.7628620388396827
1799 0.7628620388396827
1800 0.7628620388396827
1801 0.7628620388396827
1802 0.7628620388396827
1803 0.7628620388396827
1804 0.7628620388396827
1805 0.7628620388396827
1806 0.7628620388396827
1807 0.7628620388396827
1808 0.7628620388396827
1809 0.7628620388396827
1810 0.7628620388396827
1811 0.7628620388396827
1812 0.7628620388396827
1813 0.762862038839683
1814 0.762862038839683
1815 0.762862038839683
1816 0.762862038839683
1817 0.762862038843339
1818 0.762862038843339
1819 0.762862038843339
1820 0.762862038843339
1821 0.762862038843339
1822 0.762862038843339
1823 0.762862038843339
1824 0.762862038843339
1825 0.762862038843339
1826 0.762862038843339
1827 0.762862038843339
1828 0.762862038843339
1829 0.7628620388493034
1830 0.7628620388493034
1831 0.7628620388493034
1832 0.7628620388493034
1833 0.7628620388493034
1834 0.7628620388493034
1835 0.7628620388493034
1836 0.7628620388493034
1837 0.7628620388493034
1838 0.7628620388493034
1839 0.7628620388493034
1840 0.7628620388493034
1841 0.7628620388493034
1842 0.7628620388493034
1843 0.7628620388493034
1844 0.7628620388493034
1845 0.7628620388493034
1846 0.7628620388493034
1847 0.7628620388493034
1848 0.7628620388493034
1849 0.7628620388493034
1850 0.7628620388493034
1851 0.7628620388493034
1852 0.7628620388493034
1853 0.7628620388493034
1854 0.7628620388493034
1855 0.7628620388493034
1856 0.7628620388493034
1857 0.7628620388493034
1858 0.7628620388493034
1859 0.7628620388493034
1860 0.7628620388493034
1861 0.7628620388493034
1862 0.7628620388503324
1863 0.7628620388503324
1864 0.7628620388503324
1865 0.7628620388503324
1866 0.7628620388503324
1867 0.7628620388503324
1868 0.7628620388503324
1869 0.7628620388503324
1870 0.7628620388503324
1871 0.7628620388503324
1872 0.7628620388503324
1873 0.7628620388503324
1874 0.7628620388503324
1875 0.7628620388503324
1876 0.7628620388503324
1877 0.7628620388503324
1878 0.7628620388503329
1879 0.7628620388503329
1880 0.7628620388503329
1881 0.7628620388503329
1882 0.7628620388503329
1883 0.7628620388503329
1884 0.7628620388503329
1885 0.7628620388503329
1886 0.7628620388503329
1887 0.7628620388503329
1888 0.7628620388503329
1889 0.7628620388503329
1890 0.7628620388503329
1891 0.7628620388503329
1892 0.7628620388503329
1893 0.7628620388503329
1894 0.7628620388503329
1895 0.7628620388503329
1896 0.7628620388503329
1897 0.7628620388503329
1898 0.7628620388503329
1899 0.7628620388503329
1900 0.7628620388503329
1901 0.7628620388503329
1902 0.7628620388503329
1903 0.7628620388503329
1904 0.7628620388503329
1905 0.7628620388503329
1906 0.7628620388503329
1907 0.7628620388503329
1908 0.7628620388503329
1909 0.7628620388503329
1910 0.7628620388503329
1911 0.7628620388503329
1912 0.7628620388503329
1913 0.7628620388503329
1914 0.7628620388503329
1915 0.7628620388503329
1916 0.7628620388503329
1917 0.7628620388503329
1918 0.7628620388534757
1919 0.7628620388534757
1920 0.7628620388534757
1921 0.7628620388534757
1922 0.7628620388534757
1923 0.7628620388534757
1924 0.7628620388534757
1925 0.7628620388534757
1926 0.7628620388534757
1927 0.7628620388534757
1928 0.7628620388534757
1929 0.7628620388534757
1930 0.7628620388534757
1931 0.7628620388534757
1932 0.7628620388534757
1933 0.7628620388534757
1934 0.7628620388534757
1935 0.7628620388534757
1936 0.7628620388534757
1937 0.7628620388534757
1938 0.7628620388534757
1939 0.7628620388534757
1940 0.7628620388534757
1941 0.7628620388534757
1942 0.7628620388534757
1943 0.7628620388534757
1944 0.7628620388534757
1945 0.7628620388534757
1946 0.7628620388534757
1947 0.7628620388534757
1948 0.7628620388534757
1949 0.7628620388534757
1950 0.7628620388534757
1951 0.7628620388534757
1952 0.7628620388534757
1953 0.7628620388534757
1954 0.7628620388534757
1955 0.7628620388534757
1956 0.7628620388534757
1957 0.7628620388534757
1958 0.7628620388534757
1959 0.7628620388534757
1960 0.7628620388534757
1961 0.7628620388534757
1962 0.7628620388534757
1963 0.7628620388534757
1964 0.7628620388534757
1965 0.7628620388534757
1966 0.762862038853478
1967 0.7628620388534864
1968 0.7628620388534864
1969 0.7628620388534864
1970 0.7628620388534864
1971 0.7628620388534864
1972 0.7628620388534864
1973 0.7628620388534864
1974 0.7628620388534864
1975 0.7628620388534864
1976 0.7628620388534864
1977 0.7628620388534864
1978 0.7628620388534864
1979 0.7628620388534864
1980 0.7628620388534864
1981 0.7628620388534864
1982 0.7628620388534864
1983 0.7628620388534864
1984 0.7628620388534864
1985 0.7628620388534864
1986 0.7628620388534864
1987 0.7628620388534864
1988 0.7628620388534864
1989 0.7628620388534864
1990 0.7628620388534864
1991 0.7628620388534864
1992 0.7628620388534864
1993 0.7628620388534864
1994 0.7628620388534864
1995 0.7628620388534864
1996 0.7628620388534864
1997 0.7628620388534864
1998 0.7628620388534864
1999 0.7628620388534864
