0 0.62890625
1 0.65625
2 0.65625
3 0.705078125
4 0.705078125
5 0.705078125
6 0.705078125
7 0.705078125
8 0.7158203125
9 0.7158203125
10 0.7158203125
11 0.7158203125
12 0.7275390625
13 0.7275390625
14 0.7275390625
15 0.7275390625
16 0.7275390625
17 0.7275390625
18 0.75
19 0.75
20 0.75
21 0.775390625
22 0.775390625
23 0.775390625
24 0.775390625
25 0.775390625
26 0.775390625
27 0.775390625
28 0.775390625
29 0.775390625
30 0.775390625
31 0.775390625
32 0.775390625
33 0.775390625
34 0.775390625
35 0.775390625
36 0.775390625
37 0.775390625
38 0.775390625
39 0.775390625
40 0.775390625
41 0.787109375
42 0.787109375
43 0.787109375
44 0.787109375
45 0.787109375
46 0.787109375
47 0.787109375
48 0.787109375
49 0.787109375
50 0.787109375
51 0.8076171875
52 0.8076171875
53 0.8076171875
54 0.8076171875
55 0.8076171875
56 0.8076171875
57 0.8076171875
58 0.8076171875
59 0.8076171875
60 0.8076171875
61 0.8076171875
62 0.8076171875
63 0.8076171875
64 0.8076171875
65 0.8076171875
66 0.8076171875
67 0.8076171875
68 0.8076171875
69 0.8095703125
70 0.8095703125
71 0.8095703125
72 0.853515625
73 0.853515625
74 0.853515625
75 0.861328125
76 0.861328125
77 0.861328125
78 0.861328125
79 0.861328125
80 0.861328125
81 0.861328125
82 0.861328125
83 0.861328125
84 0.861328125
85 0.865234375
86 0.865234375
87 0.865234375
88 0.865234375
89 0.865234375
90 0.865234375
91 0.865234375
92 0.865234375
93 0.865234375
94 0.865234375
95 0.865234375
96 0.865234375
97 0.865234375
98 0.865234375
99 0.865234375
100 0.865234375
101 0.865234375
102 0.865234375
103 0.865234375
104 0.865234375
105 0.865234375
106 0.865234375
107 0.865234375
108 0.865234375
109 0.865234375
110 0.865234375
111 0.8857421875
112 0.8857421875
113 0.8857421875
114 0.8857421875
115 0.8857421875
116 0.8857421875
117 0.8857421875
118 0.8857421875
119 0.8857421875
120 0.8857421875
121 0.8857421875
122 0.8857421875
123 0.8857421875
124 0.8857421875
125 0.8857421875
126 0.8857421875
127 0.8857421875
128 0.8857421875
129 0.8857421875
130 0.8857421875
131 0.8857421875
132 0.8857421875
133 0.8857421875
134 0.8857421875
135 0.8857421875
136 0.8857421875
137 0.8857421875
138 0.8857421875
139 0.8857421875
140 0.8857421875
141 0.8857421875
142 0.8857421875
143 0.8857421875
144 0.8857421875
145 0.8857421875
146 0.8857421875
147 0.8857421875
148 0.8857421875
149 0.8857421875
150 0.8857421875
151 0.9013671875
152 0.9013671875
153 0.9013671875
154 0.9013671875
155 0.9013671875
156 0.9013671875
157 0.9013671875
158 0.9013671875
159 0.9013671875
160 0.9013671875
161 0.9013671875
162 0.9013671875
163 0.9013671875
164 0.9013671875
165 0.9013671875
166 0.9072265625
167 0.9072265625
168 0.9072265625
169 0.9072265625
170 0.9072265625
171 0.9072265625
172 0.91015625
173 0.91015625
174 0.91015625
175 0.91015625
176 0.91015625
177 0.91015625
178 0.921875
179 0.921875
180 0.921875
181 0.921875
182 0.921875
183 0.921875
184 0.9482421875
185 0.9482421875
186 0.9482421875
187 0.9482421875
188 0.9482421875
189 0.9482421875
190 0.9482421875
191 0.9482421875
192 0.9482421875
193 0.9482421875
194 0.9482421875
195 0.9482421875
196 0.9482421875
197 0.9482421875
198 0.9482421875
199 0.9482421875
200 0.9482421875
201 0.9482421875
202 0.9482421875
203 0.9482421875
204 0.9482421875
205 0.9482421875
206 0.9482421875
207 0.9482421875
208 0.9482421875
209 0.9482421875
210 0.9482421875
211 0.9482421875
212 0.9482421875
213 0.9482421875
214 0.9482421875
215 0.9482421875
216 0.9482421875
217 0.9482421875
218 0.9482421875
219 0.9482421875
220 0.9482421875
221 0.9482421875
222 0.9482421875
223 0.9482421875
224 0.9482421875
225 0.9482421875
226 0.9482421875
227 0.9482421875
228 0.9482421875
229 0.9482421875
230 0.9482421875
231 0.9482421875
232 0.9482421875
233 0.9482421875
234 0.9482421875
235 0.9482421875
236 0.9482421875
237 0.9482421875
238 0.9482421875
239 0.9482421875
240 0.9482421875
241 0.9482421875
242 0.9482421875
243 0.9482421875
244 0.9482421875
245 0.9482421875
246 0.9482421875
247 0.9482421875
248 0.9482421875
249 0.9482421875
250 0.9482421875
251 0.9482421875
252 0.9482421875
253 0.9482421875
254 0.9482421875
255 0.9482421875
256 0.9482421875
257 0.9482421875
258 0.9482421875
259 0.9482421875
260 0.9482421875
261 0.9482421875
262 0.9482421875
263 0.9482421875
264 0.9482421875
265 0.9482421875
266 0.9482421875
267 0.9482421875
268 0.9482421875
269 0.9482421875
270 0.9482421875
271 0.9482421875
272 0.9482421875
273 0.9482421875
274 0.9482421875
275 0.9482421875
276 0.9482421875
277 0.9482421875
278 0.9482421875
279 0.9482421875
280 0.9482421875
281 0.9482421875
282 0.9482421875
283 0.9482421875
284 0.9482421875
285 0.9482421875
286 0.9482421875
287 0.9482421875
288 0.9482421875
289 0.9482421875
290 0.9482421875
291 0.9482421875
292 0.9482421875
293 0.9482421875
294 0.9482421875
295 0.9482421875
296 0.9482421875
297 0.9482421875
298 0.9482421875
299 0.9482421875
300 0.9482421875
301 0.9482421875
302 0.9482421875
303 0.9482421875
304 0.9482421875
305 0.9482421875
306 0.9482421875
307 0.9482421875
308 0.9482421875
309 0.9482421875
310 0.9482421875
311 0.9482421875
312 0.9482421875
313 0.9482421875
314 0.9482421875
315 0.9482421875
316 0.9482421875
317 0.9482421875
318 0.9482421875
319 0.9482421875
320 0.9482421875
321 0.9482421875
322 0.9482421875
323 0.9482421875
324 0.9482421875
325 0.9482421875
326 0.9482421875
327 0.9482421875
328 0.9482421875
329 0.9482421875
330 0.9482421875
331 0.9482421875
332 0.9482421875
333 0.9482421875
334 0.9482421875
335 0.9482421875
336 0.9482421875
337 0.9482421875
338 0.9482421875
339 0.9482421875
340 0.9482421875
341 0.9482421875
342 0.9482421875
343 0.9482421875
344 0.9482421875
345 0.9482421875
346 0.9482421875
347 0.9482421875
348 0.9482421875
349 0.9482421875
350 0.9482421875
351 0.9482421875
352 0.9482421875
353 0.9482421875
354 0.9482421875
355 0.9482421875
356 0.9482421875
357 0.9482421875
358 0.9482421875
359 0.9482421875
360 0.9482421875
361 0.9482421875
362 0.9482421875
363 0.9482421875
364 0.9482421875
365 0.9482421875
366 0.9482421875
367 0.9482421875
368 0.9482421875
369 0.9482421875
370 0.9482421875
371 0.9482421875
372 0.9482421875
373 0.9482421875
374 0.9482421875
375 0.9482421875
376 0.9482421875
377 0.9482421875
378 0.9482421875
379 0.9482421875
380 0.9482421875
381 0.9482421875
382 0.9482421875
383 0.9482421875
384 0.9482421875
385 0.9482421875
386 0.9482421875
387 0.9482421875
388 0.9482421875
389 0.9482421875
390 0.9482421875
391 0.9482421875
392 0.9482421875
393 0.9482421875
394 0.9482421875
395 0.9482421875
396 0.9482421875
397 0.9482421875
398 0.9482421875
399 0.9482421875
400 0.9482421875
401 0.9482421875
402 0.9482421875
403 0.9482421875
404 0.9482421875
405 0.9482421875
406 0.9482421875
407 0.9482421875
408 0.9482421875
409 0.9482421875
410 0.9482421875
411 0.9482421875
412 0.9482421875
413 0.9482421875
414 0.9482421875
415 0.9482421875
416 0.9482421875
417 0.9482421875
418 0.9482421875
419 0.9482421875
420 0.9482421875
421 0.9482421875
422 0.9482421875
423 0.9482421875
424 0.9482421875
425 0.9482421875
426 0.9482421875
427 0.9482421875
428 0.9482421875
429 0.9482421875
430 0.9482421875
431 0.9482421875
432 0.9482421875
433 0.9482421875
434 0.9482421875
435 0.9482421875
436 0.9482421875
437 0.9482421875
438 0.9482421875
439 0.9482421875
440 0.9482421875
441 0.9482421875
442 0.9482421875
443 0.9482421875
444 0.9482421875
445 0.9482421875
446 0.9482421875
447 0.9482421875
448 0.9482421875
449 0.9482421875
450 0.9482421875
451 0.9482421875
452 0.9482421875
453 0.9482421875
454 0.9482421875
455 0.9482421875
456 0.9482421875
457 0.9482421875
458 0.9482421875
459 0.9482421875
460 0.9482421875
461 0.9482421875
462 0.9482421875
463 0.94921875
464 0.94921875
465 0.94921875
466 0.94921875
467 0.94921875
468 0.94921875
469 0.94921875
470 0.94921875
471 0.94921875
472 0.94921875
473 0.94921875
474 0.94921875
475 0.94921875
476 0.94921875
477 0.94921875
478 0.94921875
479 0.94921875
480 0.94921875
481 0.94921875
482 0.94921875
483 0.94921875
484 0.94921875
485 0.94921875
486 0.94921875
487 0.94921875
488 0.94921875
489 0.94921875
490 0.94921875
491 0.94921875
492 0.94921875
493 0.94921875
494 0.94921875
495 0.94921875
496 0.94921875
497 0.94921875
498 0.94921875
499 0.94921875
500 0.94921875
501 0.94921875
502 0.94921875
503 0.94921875
504 0.94921875
505 0.94921875
506 0.94921875
507 0.94921875
508 0.94921875
509 0.94921875
510 0.94921875
511 0.94921875
512 0.9541015625
513 0.9541015625
514 0.9541015625
515 0.9541015625
516 0.9541015625
517 0.9541015625
518 0.9541015625
519 0.9541015625
520 0.9541015625
521 0.9541015625
522 0.9541015625
523 0.9541015625
524 0.9541015625
525 0.9541015625
526 0.9541015625
527 0.9541015625
528 0.9541015625
529 0.9541015625
530 0.9541015625
531 0.9541015625
532 0.9541015625
533 0.9541015625
534 0.9541015625
535 0.9541015625
536 0.9541015625
537 0.9541015625
538 0.9541015625
539 0.9541015625
540 0.9541015625
541 0.9541015625
542 0.9541015625
543 0.9541015625
544 0.9541015625
545 0.9541015625
546 0.9541015625
547 0.9541015625
548 0.9541015625
549 0.9541015625
550 0.9541015625
551 0.9541015625
552 0.9541015625
553 0.9541015625
554 0.9541015625
555 0.9541015625
556 0.9541015625
557 0.9541015625
558 0.9541015625
559 0.9541015625
560 0.9541015625
561 0.9541015625
562 0.9541015625
563 0.9541015625
564 0.9541015625
565 0.9541015625
566 0.9541015625
567 0.9541015625
568 0.9541015625
569 0.9541015625
570 0.9541015625
571 0.9541015625
572 0.9541015625
573 0.9541015625
574 0.9541015625
575 0.9541015625
576 0.9541015625
577 0.9541015625
578 0.9541015625
579 0.9541015625
580 0.9541015625
581 0.9541015625
582 0.9541015625
583 0.9541015625
584 0.9541015625
585 0.9541015625
586 0.9541015625
587 0.9541015625
588 0.9541015625
589 0.9541015625
590 0.9541015625
591 0.9541015625
592 0.9541015625
593 0.9541015625
594 0.9541015625
595 0.9541015625
596 0.9541015625
597 0.9541015625
598 0.9541015625
599 0.9541015625
600 0.9541015625
601 0.9541015625
602 0.9541015625
603 0.9541015625
604 0.9541015625
605 0.9541015625
606 0.9541015625
607 0.9541015625
608 0.9541015625
609 0.9541015625
610 0.9541015625
611 0.9541015625
612 0.9541015625
613 0.9541015625
614 0.9541015625
615 0.9541015625
616 0.9541015625
617 0.9541015625
618 0.9541015625
619 0.9541015625
620 0.9541015625
621 0.9541015625
622 0.9541015625
623 0.9541015625
624 0.9541015625
625 0.9541015625
626 0.9541015625
627 0.9541015625
628 0.9541015625
629 0.9541015625
630 0.9541015625
631 0.9541015625
632 0.9541015625
633 0.9541015625
634 0.9541015625
635 0.9541015625
636 0.9541015625
637 0.9541015625
638 0.9541015625
639 0.9541015625
640 0.9541015625
641 0.9541015625
642 0.9541015625
643 0.9541015625
644 0.9541015625
645 0.9541015625
646 0.9541015625
647 0.9541015625
648 0.9541015625
649 0.9541015625
650 0.9541015625
651 0.9541015625
652 0.9541015625
653 0.9541015625
654 0.9541015625
655 0.9541015625
656 0.9541015625
657 0.9541015625
658 0.9541015625
659 0.9541015625
660 0.9541015625
661 0.9541015625
662 0.9541015625
663 0.9541015625
664 0.9541015625
665 0.9541015625
666 0.9541015625
667 0.9541015625
668 0.9541015625
669 0.9541015625
670 0.9541015625
671 0.9541015625
672 0.9541015625
673 0.9541015625
674 0.9541015625
675 0.9541015625
676 0.9541015625
677 0.9541015625
678 0.9541015625
679 0.9541015625
680 0.9541015625
681 0.9541015625
682 0.9541015625
683 0.9541015625
684 0.9541015625
685 0.9541015625
686 0.9541015625
687 0.9541015625
688 0.9541015625
689 0.9541015625
690 0.9541015625
691 0.9541015625
692 0.9541015625
693 0.9541015625
694 0.9541015625
695 0.9541015625
696 0.9541015625
697 0.9541015625
698 0.9541015625
699 0.9541015625
700 0.9541015625
701 0.9541015625
702 0.9541015625
703 0.9541015625
704 0.9541015625
705 0.9541015625
706 0.9541015625
707 0.9541015625
708 0.9541015625
709 0.9541015625
710 0.9541015625
711 0.9541015625
712 0.9541015625
713 0.9541015625
714 0.9541015625
715 0.9541015625
716 0.9541015625
717 0.9541015625
718 0.9541015625
719 0.9541015625
720 0.9541015625
721 0.9541015625
722 0.9541015625
723 0.9541015625
724 0.9541015625
725 0.9541015625
726 0.9541015625
727 0.9541015625
728 0.9541015625
729 0.9541015625
730 0.9541015625
731 0.9541015625
732 0.9541015625
733 0.9541015625
734 0.9541015625
735 0.9541015625
736 0.9541015625
737 0.9541015625
738 0.9541015625
739 0.9541015625
740 0.9541015625
741 0.9541015625
742 0.9541015625
743 0.9541015625
744 0.9541015625
745 0.9541015625
746 0.9541015625
747 0.9541015625
748 0.9541015625
749 0.9541015625
750 0.9541015625
751 0.9541015625
752 0.9541015625
753 0.9541015625
754 0.9541015625
755 0.9541015625
756 0.9541015625
757 0.9541015625
758 0.9580078125
759 0.9580078125
760 0.9580078125
761 0.9580078125
762 0.9580078125
763 0.9580078125
764 0.9580078125
765 0.9580078125
766 0.9580078125
767 0.9580078125
768 0.9580078125
769 0.9580078125
770 0.9580078125
771 0.9580078125
772 0.9580078125
773 0.9580078125
774 0.9580078125
775 0.9580078125
776 0.9580078125
777 0.9580078125
778 0.9580078125
779 0.96875
780 0.96875
781 0.96875
782 0.96875
783 0.96875
784 0.96875
785 0.96875
786 0.96875
787 0.96875
788 0.96875
789 0.96875
790 0.96875
791 0.96875
792 0.96875
793 0.96875
794 0.96875
795 0.96875
796 0.96875
797 0.96875
798 0.96875
799 0.96875
800 0.96875
801 0.96875
802 0.96875
803 0.96875
804 0.96875
805 0.96875
806 0.96875
807 0.96875
808 0.96875
809 0.970703125
810 0.970703125
811 0.970703125
812 0.970703125
813 0.970703125
814 0.970703125
815 0.970703125
816 0.970703125
817 0.970703125
818 0.970703125
819 0.970703125
820 0.970703125
821 0.970703125
822 0.970703125
823 0.970703125
824 0.970703125
825 0.970703125
826 0.970703125
827 0.970703125
828 0.970703125
829 0.970703125
830 0.970703125
831 0.970703125
832 0.970703125
833 0.970703125
834 0.970703125
835 0.970703125
836 0.970703125
837 0.970703125
838 0.970703125
839 0.970703125
840 0.970703125
841 0.970703125
842 0.970703125
843 0.970703125
844 0.970703125
845 0.970703125
846 0.970703125
847 0.970703125
848 0.970703125
849 0.970703125
850 0.970703125
851 0.970703125
852 0.970703125
853 0.970703125
854 0.970703125
855 0.970703125
856 0.970703125
857 0.970703125
858 0.970703125
859 0.970703125
860 0.9765625
861 0.9765625
862 0.9765625
863 0.9765625
864 0.9765625
865 0.9765625
866 0.9765625
867 0.9765625
868 0.9765625
869 0.9765625
870 0.9765625
871 0.9765625
872 0.9765625
873 0.9765625
874 0.9765625
875 0.9765625
876 0.9765625
877 0.9765625
878 0.9765625
879 0.9765625
880 0.9765625
881 0.9765625
882 0.9765625
883 0.9765625
884 0.9765625
885 0.9765625
886 0.9765625
887 0.9765625
888 0.9765625
889 0.9765625
890 0.9765625
891 0.9765625
892 0.9765625
893 0.9765625
894 0.9765625
895 0.9765625
896 0.9765625
897 0.9765625
898 0.9765625
899 0.9765625
900 0.9765625
901 0.9765625
902 0.9765625
903 0.9765625
904 0.9765625
905 0.9765625
906 0.984375
907 0.984375
908 0.984375
909 0.984375
910 0.984375
911 0.984375
912 0.984375
913 0.984375
914 0.984375
915 0.984375
916 0.984375
917 0.984375
918 0.984375
919 0.984375
920 0.984375
921 0.984375
922 0.984375
923 0.984375
924 0.984375
925 0.984375
926 0.984375
927 0.984375
928 0.984375
929 0.984375
930 0.984375
931 0.984375
932 0.984375
933 0.984375
934 0.984375
935 0.984375
936 0.984375
937 0.984375
938 0.984375
939 0.984375
940 0.984375
941 0.984375
942 0.984375
943 0.984375
944 0.984375
945 0.984375
946 0.984375
947 0.984375
948 0.984375
949 0.984375
950 0.984375
951 0.984375
952 0.984375
953 0.984375
954 0.984375
955 0.984375
956 0.984375
957 0.984375
958 0.984375
959 0.984375
960 0.984375
961 0.984375
962 0.984375
963 0.984375
964 0.984375
965 0.984375
966 0.984375
967 0.984375
968 0.984375
969 0.984375
970 0.984375
971 0.984375
972 0.984375
973 0.984375
974 0.984375
975 0.984375
976 0.984375
977 0.984375
978 0.984375
979 0.984375
980 0.984375
981 0.984375
982 0.984375
983 0.984375
984 0.984375
985 0.984375
986 0.984375
987 0.984375
988 0.984375
989 0.984375
990 0.984375
991 0.984375
992 0.984375
993 0.984375
994 0.984375
995 0.984375
996 0.984375
997 0.984375
998 0.984375
999 0.984375
