0 0.9
1 1.0333333333333334
2 1.0333333333333334
3 1.0333333333333334
4 1.1666666666666667
5 1.1666666666666667
6 1.2
7 1.4
8 2.1666666666666665
9 2.1666666666666665
10 2.1666666666666665
11 2.1666666666666665
12 2.1666666666666665
13 2.1666666666666665
14 2.1666666666666665
15 2.466666666666667
16 2.466666666666667
17 2.533333333333333
18 2.533333333333333
19 2.533333333333333
20 2.533333333333333
21 2.8
22 2.8
23 2.933333333333333
24 3.2666666666666666
25 3.2666666666666666
26 3.2666666666666666
27 3.2666666666666666
28 3.2666666666666666
29 3.7
30 3.7
31 3.7
32 3.7
33 3.7
34 3.7
35 3.7
36 3.7
37 3.7
38 3.8333333333333335
39 3.8333333333333335
40 3.8333333333333335
41 3.8333333333333335
42 3.8333333333333335
43 3.8333333333333335
44 3.8333333333333335
45 3.8333333333333335
46 3.8333333333333335
47 3.8333333333333335
48 3.8333333333333335
49 3.8333333333333335
50 3.8333333333333335
51 3.9
52 3.9
53 3.9
54 3.966666666666667
55 3.966666666666667
56 3.966666666666667
57 3.966666666666667
58 3.966666666666667
59 3.966666666666667
60 3.966666666666667
61 3.966666666666667
62 3.966666666666667
63 3.966666666666667
64 3.966666666666667
65 4.0
66 4.0
67 4.0
68 4.0
69 4.0
70 4.0
71 4.0
72 4.0
73 4.433333333333334
74 4.433333333333334
75 4.433333333333334
76 4.433333333333334
77 4.433333333333334
78 4.433333333333334
79 4.433333333333334
80 4.433333333333334
81 4.433333333333334
82 4.433333333333334
83 4.433333333333334
84 4.433333333333334
85 4.433333333333334
86 4.433333333333334
87 4.433333333333334
88 4.533333333333333
89 4.533333333333333
90 4.533333333333333
91 4.533333333333333
92 4.533333333333333
93 4.533333333333333
94 4.633333333333334
95 4.633333333333334
96 4.633333333333334
97 4.633333333333334
98 4.633333333333334
99 4.633333333333334
100 4.633333333333334
101 4.633333333333334
102 4.633333333333334
103 4.633333333333334
104 4.633333333333334
105 4.633333333333334
106 4.633333333333334
107 4.633333333333334
108 4.633333333333334
109 4.633333333333334
110 4.633333333333334
111 4.633333333333334
112 4.633333333333334
113 4.633333333333334
114 4.766666666666667
115 4.766666666666667
116 4.766666666666667
117 4.766666666666667
118 4.766666666666667
119 4.766666666666667
120 4.766666666666667
121 4.766666666666667
122 4.866666666666666
123 4.866666666666666
124 4.866666666666666
125 4.866666666666666
126 4.866666666666666
127 4.866666666666666
128 4.866666666666666
129 4.866666666666666
130 4.866666666666666
131 4.866666666666666
132 4.866666666666666
133 4.866666666666666
134 4.866666666666666
135 4.866666666666666
136 4.866666666666666
137 4.866666666666666
138 4.866666666666666
139 4.866666666666666
140 4.866666666666666
141 4.866666666666666
142 4.866666666666666
143 4.866666666666666
144 4.866666666666666
145 4.866666666666666
146 4.866666666666666
147 4.866666666666666
148 4.866666666666666
149 4.866666666666666
150 4.866666666666666
151 4.866666666666666
152 4.866666666666666
153 4.866666666666666
154 4.866666666666666
155 4.866666666666666
156 4.866666666666666
157 4.866666666666666
158 4.866666666666666
159 4.866666666666666
160 4.866666666666666
161 4.866666666666666
162 4.866666666666666
163 4.866666666666666
164 4.866666666666666
165 4.866666666666666
166 4.866666666666666
167 4.866666666666666
168 4.866666666666666
169 4.866666666666666
170 4.866666666666666
171 4.9
172 4.9
173 4.933333333333334
174 4.933333333333334
175 4.933333333333334
176 4.933333333333334
177 4.933333333333334
178 4.933333333333334
179 4.933333333333334
180 4.933333333333334
181 4.933333333333334
182 4.933333333333334
183 4.933333333333334
184 4.933333333333334
185 4.933333333333334
186 4.933333333333334
187 4.933333333333334
188 4.933333333333334
189 4.933333333333334
190 4.933333333333334
191 4.933333333333334
192 4.933333333333334
193 4.933333333333334
194 4.933333333333334
195 4.933333333333334
196 4.933333333333334
197 4.933333333333334
198 4.933333333333334
199 4.933333333333334
200 4.933333333333334
201 4.933333333333334
202 4.933333333333334
203 4.933333333333334
204 4.933333333333334
205 4.933333333333334
206 4.933333333333334
207 4.933333333333334
208 4.933333333333334
209 4.933333333333334
210 4.933333333333334
211 4.933333333333334
212 4.933333333333334
213 5.1
214 5.1
215 5.1
216 5.1
217 5.1
218 5.1
219 5.1
220 5.1
221 5.1
222 5.1
223 5.1
224 5.1
225 5.1
226 5.1
227 5.1
228 5.1
229 5.1
230 5.1
231 5.1
232 5.1
233 5.1
234 5.1
235 5.1
236 5.1
237 5.1
238 5.1
239 5.1
240 5.1
241 5.1
242 5.1
243 5.1
244 5.1
245 5.1
246 5.1
247 5.1
248 5.1
249 5.1
250 5.1
251 5.1
252 5.1
253 5.1
254 5.1
255 5.1
256 5.1
257 5.1
258 5.1
259 5.1
260 5.1
261 5.1
262 5.1
263 5.1
264 5.1
265 5.1
266 5.1
267 5.1
268 5.1
269 5.1
270 5.1
271 5.1
272 5.1
273 5.1
274 5.1
275 5.1
276 5.1
277 5.1
278 5.1
279 5.1
280 5.1
281 5.1
282 5.1
283 5.1
284 5.1
285 5.1
286 5.1
287 5.1
288 5.1
289 5.1
290 5.1
291 5.1
292 5.1
293 5.1
294 5.1
295 5.1
296 5.1
297 5.1
298 5.1
299 5.1
300 5.1
301 5.1
302 5.1
303 5.1
304 5.1
305 5.1
306 5.1
307 5.1
308 5.133333333333334
309 5.133333333333334
310 5.133333333333334
311 5.133333333333334
312 5.133333333333334
313 5.133333333333334
314 5.133333333333334
315 5.133333333333334
316 5.133333333333334
317 5.133333333333334
318 5.133333333333334
319 5.133333333333334
320 5.133333333333334
321 5.133333333333334
322 5.133333333333334
323 5.133333333333334
324 5.133333333333334
325 5.133333333333334
326 5.133333333333334
327 5.133333333333334
328 5.133333333333334
329 5.133333333333334
330 5.133333333333334
331 5.133333333333334
332 5.133333333333334
333 5.133333333333334
334 5.133333333333334
335 5.133333333333334
336 5.133333333333334
337 5.133333333333334
338 5.133333333333334
339 5.133333333333334
340 5.133333333333334
341 5.133333333333334
342 5.133333333333334
343 5.133333333333334
344 5.133333333333334
345 5.133333333333334
346 5.133333333333334
347 5.133333333333334
348 5.133333333333334
349 5.133333333333334
350 5.133333333333334
351 5.133333333333334
352 5.133333333333334
353 5.133333333333334
354 5.133333333333334
355 5.133333333333334
356 5.133333333333334
357 5.133333333333334
358 5.133333333333334
359 5.133333333333334
360 5.133333333333334
361 5.133333333333334
362 5.133333333333334
363 5.133333333333334
364 5.133333333333334
365 5.133333333333334
366 5.133333333333334
367 5.133333333333334
368 5.133333333333334
369 5.133333333333334
370 5.133333333333334
371 5.133333333333334
372 5.133333333333334
373 5.133333333333334
374 5.133333333333334
375 5.133333333333334
376 5.133333333333334
377 5.133333333333334
378 5.133333333333334
379 5.133333333333334
380 5.133333333333334
381 5.133333333333334
382 5.133333333333334
383 5.133333333333334
384 5.133333333333334
385 5.133333333333334
386 5.133333333333334
387 5.133333333333334
388 5.133333333333334
389 5.133333333333334
390 5.133333333333334
391 5.133333333333334
392 5.133333333333334
393 5.133333333333334
394 5.133333333333334
395 5.133333333333334
396 5.133333333333334
397 5.133333333333334
398 5.133333333333334
399 5.133333333333334
400 5.133333333333334
401 5.133333333333334
402 5.133333333333334
403 5.133333333333334
404 5.133333333333334
405 5.133333333333334
406 5.166666666666667
407 5.166666666666667
408 5.166666666666667
409 5.166666666666667
410 5.166666666666667
411 5.166666666666667
412 5.166666666666667
413 5.166666666666667
414 5.166666666666667
415 5.166666666666667
416 5.166666666666667
417 5.166666666666667
418 5.166666666666667
419 5.166666666666667
420 5.166666666666667
421 5.166666666666667
422 5.166666666666667
423 5.166666666666667
424 5.166666666666667
425 5.166666666666667
426 5.166666666666667
427 5.166666666666667
428 5.166666666666667
429 5.166666666666667
430 5.166666666666667
431 5.166666666666667
432 5.166666666666667
433 5.166666666666667
434 5.166666666666667
435 5.166666666666667
436 5.166666666666667
437 5.166666666666667
438 5.166666666666667
439 5.166666666666667
440 5.166666666666667
441 5.166666666666667
442 5.166666666666667
443 5.166666666666667
444 5.166666666666667
445 5.166666666666667
446 5.166666666666667
447 5.166666666666667
448 5.166666666666667
449 5.166666666666667
450 5.166666666666667
451 5.166666666666667
452 5.166666666666667
453 5.166666666666667
454 5.166666666666667
455 5.166666666666667
456 5.166666666666667
457 5.166666666666667
458 5.166666666666667
459 5.166666666666667
460 5.166666666666667
461 5.166666666666667
462 5.166666666666667
463 5.166666666666667
464 5.166666666666667
465 5.166666666666667
466 5.166666666666667
467 5.166666666666667
468 5.166666666666667
469 5.166666666666667
470 5.166666666666667
471 5.166666666666667
472 5.166666666666667
473 5.166666666666667
474 5.166666666666667
475 5.166666666666667
476 5.166666666666667
477 5.166666666666667
478 5.166666666666667
479 5.166666666666667
480 5.166666666666667
481 5.166666666666667
482 5.166666666666667
483 5.166666666666667
484 5.166666666666667
485 5.166666666666667
486 5.166666666666667
487 5.166666666666667
488 5.166666666666667
489 5.166666666666667
490 5.166666666666667
491 5.166666666666667
492 5.166666666666667
493 5.166666666666667
494 5.166666666666667
495 5.166666666666667
496 5.166666666666667
497 5.166666666666667
498 5.166666666666667
499 5.166666666666667
500 5.166666666666667
501 5.166666666666667
502 5.166666666666667
503 5.166666666666667
504 5.166666666666667
505 5.166666666666667
506 5.166666666666667
507 5.166666666666667
508 5.166666666666667
509 5.166666666666667
510 5.166666666666667
511 5.166666666666667
512 5.166666666666667
513 5.166666666666667
514 5.166666666666667
515 5.166666666666667
516 5.166666666666667
517 5.166666666666667
518 5.166666666666667
519 5.166666666666667
520 5.166666666666667
521 5.166666666666667
522 5.166666666666667
523 5.166666666666667
524 5.166666666666667
525 5.166666666666667
526 5.166666666666667
527 5.166666666666667
528 5.166666666666667
529 5.166666666666667
530 5.166666666666667
531 5.166666666666667
532 5.166666666666667
533 5.166666666666667
534 5.166666666666667
535 5.166666666666667
536 5.166666666666667
537 5.166666666666667
538 5.166666666666667
539 5.166666666666667
540 5.166666666666667
541 5.166666666666667
542 5.166666666666667
543 5.166666666666667
544 5.166666666666667
545 5.166666666666667
546 5.166666666666667
547 5.166666666666667
548 5.166666666666667
549 5.166666666666667
550 5.166666666666667
551 5.166666666666667
552 5.166666666666667
553 5.166666666666667
554 5.166666666666667
555 5.166666666666667
556 5.2
557 5.2
558 5.2
559 5.2
560 5.2
561 5.2
562 5.2
563 5.2
564 5.2
565 5.2
566 5.2
567 5.2
568 5.2
569 5.2
570 5.2
571 5.2
572 5.2
573 5.2
574 5.2
575 5.2
576 5.2
577 5.2
578 5.2
579 5.2
580 5.2
581 5.2
582 5.2
583 5.2
584 5.2
585 5.2
586 5.2
587 5.2
588 5.2
589 5.2
590 5.2
591 5.2
592 5.2
593 5.2
594 5.2
595 5.2
596 5.2
597 5.2
598 5.2
599 5.2
600 5.2
601 5.2
602 5.2
603 5.2
604 5.2
605 5.2
606 5.2
607 5.2
608 5.2
609 5.2
610 5.2
611 5.2
612 5.2
613 5.2
614 5.2
615 5.2
616 5.2
617 5.2
618 5.2
619 5.2
620 5.2
621 5.2
622 5.2
623 5.2
624 5.2
625 5.2
626 5.2
627 5.2
628 5.2
629 5.2
630 5.2
631 5.2
632 5.2
633 5.2
634 5.2
635 5.2
636 5.2
637 5.2
638 5.2
639 5.2
640 5.2
641 5.2
642 5.2
643 5.2
644 5.2
645 5.2
646 5.2
647 5.2
648 5.2
649 5.2
650 5.2
651 5.2
652 5.2
653 5.2
654 5.2
655 5.2
656 5.2
657 5.2
658 5.2
659 5.2
660 5.2
661 5.2
662 5.2
663 5.2
664 5.2
665 5.2
666 5.2
667 5.2
668 5.2
669 5.2
670 5.2
671 5.2
672 5.2
673 5.2
674 5.2
675 5.2
676 5.2
677 5.2
678 5.2
679 5.2
680 5.2
681 5.2
682 5.2
683 5.2
684 5.2
685 5.2
686 5.2
687 5.2
688 5.2
689 5.2
690 5.2
691 5.2
692 5.2
693 5.2
694 5.2
695 5.2
696 5.2
697 5.2
698 5.2
699 5.2
700 5.2
701 5.2
702 5.2
703 5.2
704 5.2
705 5.2
706 5.2
707 5.2
708 5.2
709 5.2
710 5.2
711 5.2
712 5.2
713 5.2
714 5.2
715 5.2
716 5.2
717 5.2
718 5.2
719 5.2
720 5.2
721 5.2
722 5.2
723 5.2
724 5.2
725 5.2
726 5.2
727 5.2
728 5.2
729 5.2
730 5.2
731 5.2
732 5.2
733 5.2
734 5.2
735 5.2
736 5.2
737 5.2
738 5.2
739 5.2
740 5.2
741 5.2
742 5.2
743 5.233333333333333
744 5.233333333333333
745 5.233333333333333
746 5.233333333333333
747 5.233333333333333
748 5.233333333333333
749 5.233333333333333
750 5.233333333333333
751 5.233333333333333
752 5.233333333333333
753 5.233333333333333
754 5.233333333333333
755 5.233333333333333
756 5.233333333333333
757 5.233333333333333
758 5.233333333333333
759 5.233333333333333
760 5.233333333333333
761 5.233333333333333
762 5.233333333333333
763 5.233333333333333
764 5.233333333333333
765 5.233333333333333
766 5.233333333333333
767 5.233333333333333
768 5.233333333333333
769 5.233333333333333
770 5.233333333333333
771 5.233333333333333
772 5.233333333333333
773 5.233333333333333
774 5.233333333333333
775 5.233333333333333
776 5.233333333333333
777 5.233333333333333
778 5.233333333333333
779 5.233333333333333
780 5.233333333333333
781 5.233333333333333
782 5.233333333333333
783 5.233333333333333
784 5.233333333333333
785 5.233333333333333
786 5.233333333333333
787 5.233333333333333
788 5.233333333333333
789 5.233333333333333
790 5.233333333333333
791 5.233333333333333
792 5.233333333333333
793 5.233333333333333
794 5.233333333333333
795 5.233333333333333
796 5.233333333333333
797 5.233333333333333
798 5.233333333333333
799 5.233333333333333
800 5.233333333333333
801 5.233333333333333
802 5.233333333333333
803 5.233333333333333
804 5.233333333333333
805 5.233333333333333
806 5.233333333333333
807 5.233333333333333
808 5.233333333333333
809 5.233333333333333
810 5.233333333333333
811 5.233333333333333
812 5.233333333333333
813 5.233333333333333
814 5.233333333333333
815 5.233333333333333
816 5.233333333333333
817 5.233333333333333
818 5.233333333333333
819 5.233333333333333
820 5.233333333333333
821 5.233333333333333
822 5.233333333333333
823 5.233333333333333
824 5.233333333333333
825 5.233333333333333
826 5.233333333333333
827 5.233333333333333
828 5.233333333333333
829 5.233333333333333
830 5.233333333333333
831 5.233333333333333
832 5.233333333333333
833 5.233333333333333
834 5.233333333333333
835 5.233333333333333
836 5.233333333333333
837 5.233333333333333
838 5.233333333333333
839 5.233333333333333
840 5.233333333333333
841 5.233333333333333
842 5.233333333333333
843 5.233333333333333
844 5.233333333333333
845 5.233333333333333
846 5.233333333333333
847 5.233333333333333
848 5.233333333333333
849 5.233333333333333
850 5.233333333333333
851 5.233333333333333
852 5.233333333333333
853 5.233333333333333
854 5.233333333333333
855 5.233333333333333
856 5.233333333333333
857 5.233333333333333
858 5.233333333333333
859 5.233333333333333
860 5.233333333333333
861 5.233333333333333
862 5.233333333333333
863 5.233333333333333
864 5.233333333333333
865 5.233333333333333
866 5.233333333333333
867 5.233333333333333
868 5.233333333333333
869 5.233333333333333
870 5.233333333333333
871 5.233333333333333
872 5.233333333333333
873 5.233333333333333
874 5.233333333333333
875 5.233333333333333
876 5.233333333333333
877 5.233333333333333
878 5.233333333333333
879 5.233333333333333
880 5.233333333333333
881 5.233333333333333
882 5.233333333333333
883 5.233333333333333
884 5.233333333333333
885 5.233333333333333
886 5.233333333333333
887 5.233333333333333
888 5.233333333333333
889 5.233333333333333
890 5.233333333333333
891 5.233333333333333
892 5.233333333333333
893 5.233333333333333
894 5.233333333333333
895 5.233333333333333
896 5.233333333333333
897 5.233333333333333
898 5.233333333333333
899 5.233333333333333
900 5.233333333333333
901 5.233333333333333
902 5.233333333333333
903 5.233333333333333
904 5.233333333333333
905 5.233333333333333
906 5.233333333333333
907 5.233333333333333
908 5.233333333333333
909 5.233333333333333
910 5.233333333333333
911 5.233333333333333
912 5.233333333333333
913 5.233333333333333
914 5.233333333333333
915 5.233333333333333
916 5.233333333333333
917 5.233333333333333
918 5.233333333333333
919 5.233333333333333
920 5.233333333333333
921 5.233333333333333
922 5.233333333333333
923 5.233333333333333
924 5.233333333333333
925 5.233333333333333
926 5.233333333333333
927 5.233333333333333
928 5.233333333333333
929 5.233333333333333
930 5.233333333333333
931 5.233333333333333
932 5.233333333333333
933 5.233333333333333
934 5.233333333333333
935 5.233333333333333
936 5.233333333333333
937 5.233333333333333
938 5.233333333333333
939 5.233333333333333
940 5.233333333333333
941 5.233333333333333
942 5.233333333333333
943 5.233333333333333
944 5.233333333333333
945 5.233333333333333
946 5.233333333333333
947 5.233333333333333
948 5.233333333333333
949 5.233333333333333
950 5.233333333333333
951 5.233333333333333
952 5.233333333333333
953 5.233333333333333
954 5.233333333333333
955 5.233333333333333
956 5.233333333333333
957 5.233333333333333
958 5.233333333333333
959 5.233333333333333
960 5.233333333333333
961 5.233333333333333
962 5.233333333333333
963 5.233333333333333
964 5.233333333333333
965 5.233333333333333
966 5.233333333333333
967 5.233333333333333
968 5.233333333333333
969 5.233333333333333
970 5.233333333333333
971 5.233333333333333
972 5.233333333333333
973 5.233333333333333
974 5.233333333333333
975 5.233333333333333
976 5.233333333333333
977 5.233333333333333
978 5.233333333333333
979 5.233333333333333
980 5.233333333333333
981 5.233333333333333
982 5.233333333333333
983 5.233333333333333
984 5.233333333333333
985 5.233333333333333
986 5.233333333333333
987 5.233333333333333
988 5.233333333333333
989 5.233333333333333
990 5.233333333333333
991 5.233333333333333
992 5.233333333333333
993 5.233333333333333
994 5.233333333333333
995 5.233333333333333
996 5.233333333333333
997 5.233333333333333
998 5.233333333333333
999 5.233333333333333
1000 5.233333333333333
1001 5.233333333333333
1002 5.233333333333333
1003 5.233333333333333
1004 5.233333333333333
1005 5.233333333333333
1006 5.233333333333333
1007 5.233333333333333
1008 5.233333333333333
1009 5.233333333333333
1010 5.233333333333333
1011 5.233333333333333
1012 5.233333333333333
1013 5.233333333333333
1014 5.233333333333333
1015 5.233333333333333
1016 5.233333333333333
1017 5.233333333333333
1018 5.233333333333333
1019 5.233333333333333
1020 5.233333333333333
1021 5.233333333333333
1022 5.233333333333333
1023 5.233333333333333
1024 5.233333333333333
1025 5.233333333333333
1026 5.233333333333333
1027 5.233333333333333
1028 5.233333333333333
1029 5.233333333333333
1030 5.233333333333333
1031 5.233333333333333
1032 5.233333333333333
1033 5.233333333333333
1034 5.233333333333333
1035 5.233333333333333
1036 5.233333333333333
1037 5.233333333333333
1038 5.233333333333333
1039 5.233333333333333
1040 5.233333333333333
1041 5.233333333333333
1042 5.233333333333333
1043 5.233333333333333
1044 5.233333333333333
1045 5.233333333333333
1046 5.233333333333333
1047 5.233333333333333
1048 5.233333333333333
1049 5.233333333333333
1050 5.233333333333333
1051 5.233333333333333
1052 5.233333333333333
1053 5.233333333333333
1054 5.233333333333333
1055 5.233333333333333
1056 5.233333333333333
1057 5.233333333333333
1058 5.233333333333333
1059 5.3
1060 5.3
1061 5.3
1062 5.3
1063 5.3
1064 5.3
1065 5.3
1066 5.3
1067 5.3
1068 5.3
1069 5.3
1070 5.3
1071 5.3
1072 5.3
1073 5.3
1074 5.3
1075 5.3
1076 5.3
1077 5.3
1078 5.3
1079 5.3
1080 5.3
1081 5.3
1082 5.3
1083 5.3
1084 5.3
1085 5.3
1086 5.3
1087 5.3
1088 5.3
1089 5.3
1090 5.3
1091 5.3
1092 5.3
1093 5.3
1094 5.3
1095 5.3
1096 5.3
1097 5.3
1098 5.3
1099 5.3
1100 5.3
1101 5.3
1102 5.3
1103 5.3
1104 5.3
1105 5.3
1106 5.3
1107 5.3
1108 5.3
1109 5.3
1110 5.3
1111 5.3
1112 5.3
1113 5.3
1114 5.3
1115 5.3
1116 5.3
1117 5.3
1118 5.3
1119 5.3
1120 5.3
1121 5.3
1122 5.3
1123 5.3
1124 5.3
1125 5.3
1126 5.3
1127 5.3
1128 5.3
1129 5.3
1130 5.3
1131 5.3
1132 5.3
1133 5.3
1134 5.3
1135 5.3
1136 5.3
1137 5.3
1138 5.3
1139 5.3
1140 5.3
1141 5.3
1142 5.3
1143 5.3
1144 5.3
1145 5.3
1146 5.3
1147 5.3
1148 5.3
1149 5.3
1150 5.3
1151 5.3
1152 5.3
1153 5.3
1154 5.3
1155 5.3
1156 5.3
1157 5.3
1158 5.3
1159 5.3
1160 5.3
1161 5.3
1162 5.3
1163 5.3
1164 5.3
1165 5.3
1166 5.3
1167 5.3
1168 5.3
1169 5.3
1170 5.3
1171 5.3
1172 5.3
1173 5.3
1174 5.3
1175 5.3
1176 5.3
1177 5.3
1178 5.3
1179 5.3
1180 5.3
1181 5.3
1182 5.3
1183 5.3
1184 5.3
1185 5.3
1186 5.3
1187 5.3
1188 5.3
1189 5.3
1190 5.3
1191 5.3
1192 5.3
1193 5.3
1194 5.3
1195 5.3
1196 5.3
1197 5.3
1198 5.3
1199 5.3
1200 5.3
1201 5.3
1202 5.3
1203 5.3
1204 5.3
1205 5.3
1206 5.3
1207 5.3
1208 5.3
1209 5.3
1210 5.3
1211 5.3
1212 5.3
1213 5.3
1214 5.3
1215 5.3
1216 5.3
1217 5.3
1218 5.3
1219 5.3
1220 5.3
1221 5.3
1222 5.3
1223 5.3
1224 5.3
1225 5.3
1226 5.3
1227 5.3
1228 5.3
1229 5.3
1230 5.3
1231 5.3
1232 5.3
1233 5.3
1234 5.3
1235 5.3
1236 5.3
1237 5.3
1238 5.3
1239 5.3
1240 5.3
1241 5.3
1242 5.3
1243 5.3
1244 5.3
1245 5.3
1246 5.3
1247 5.3
1248 5.3
1249 5.3
1250 5.3
1251 5.3
1252 5.3
1253 5.3
1254 5.3
1255 5.3
1256 5.3
1257 5.3
1258 5.3
1259 5.3
1260 5.3
1261 5.3
1262 5.3
1263 5.3
1264 5.3
1265 5.3
1266 5.3
1267 5.3
1268 5.3
1269 5.3
1270 5.3
1271 5.3
1272 5.3
1273 5.3
1274 5.3
1275 5.3
1276 5.3
1277 5.3
1278 5.3
1279 5.3
1280 5.3
1281 5.3
1282 5.3
1283 5.3
1284 5.3
1285 5.3
1286 5.3
1287 5.3
1288 5.3
1289 5.3
1290 5.3
1291 5.3
1292 5.3
1293 5.3
1294 5.3
1295 5.3
1296 5.3
1297 5.3
1298 5.3
1299 5.3
1300 5.3
1301 5.3
1302 5.3
1303 5.3
1304 5.3
1305 5.3
1306 5.3
1307 5.3
1308 5.3
1309 5.3
1310 5.3
1311 5.3
1312 5.3
1313 5.3
1314 5.3
1315 5.3
1316 5.3
1317 5.3
1318 5.3
1319 5.3
1320 5.3
1321 5.3
1322 5.3
1323 5.3
1324 5.3
1325 5.3
1326 5.3
1327 5.3
1328 5.3
1329 5.3
1330 5.3
1331 5.3
1332 5.3
1333 5.3
1334 5.3
1335 5.3
1336 5.3
1337 5.3
1338 5.3
1339 5.3
1340 5.3
1341 5.3
1342 5.3
1343 5.3
1344 5.3
1345 5.3
1346 5.3
1347 5.3
1348 5.3
1349 5.3
1350 5.3
1351 5.3
1352 5.3
1353 5.3
1354 5.3
1355 5.3
1356 5.3
1357 5.3
1358 5.3
1359 5.3
1360 5.3
1361 5.3
1362 5.3
1363 5.3
1364 5.3
1365 5.3
1366 5.3
1367 5.3
1368 5.3
1369 5.3
1370 5.3
1371 5.3
1372 5.3
1373 5.3
1374 5.3
1375 5.3
1376 5.3
1377 5.3
1378 5.3
1379 5.3
1380 5.3
1381 5.3
1382 5.3
1383 5.3
1384 5.3
1385 5.3
1386 5.3
1387 5.3
1388 5.3
1389 5.3
1390 5.3
1391 5.3
1392 5.3
1393 5.3
1394 5.3
1395 5.3
1396 5.3
1397 5.3
1398 5.3
1399 5.3
1400 5.3
1401 5.3
1402 5.3
1403 5.3
1404 5.3
1405 5.3
1406 5.3
1407 5.3
1408 5.3
1409 5.3
1410 5.3
1411 5.3
1412 5.3
1413 5.3
1414 5.3
1415 5.3
1416 5.3
1417 5.3
1418 5.3
1419 5.3
1420 5.3
1421 5.3
1422 5.3
1423 5.3
1424 5.3
1425 5.3
1426 5.3
1427 5.3
1428 5.3
1429 5.3
1430 5.3
1431 5.3
1432 5.3
1433 5.3
1434 5.3
1435 5.3
1436 5.3
1437 5.3
1438 5.3
1439 5.3
1440 5.3
1441 5.3
1442 5.3
1443 5.3
1444 5.3
1445 5.3
1446 5.3
1447 5.3
1448 5.3
1449 5.3
1450 5.3
1451 5.3
1452 5.3
1453 5.3
1454 5.3
1455 5.3
1456 5.3
1457 5.3
1458 5.3
1459 5.3
1460 5.3
1461 5.3
1462 5.3
1463 5.3
1464 5.3
1465 5.3
1466 5.3
1467 5.3
1468 5.3
1469 5.3
1470 5.3
1471 5.3
1472 5.3
1473 5.3
1474 5.3
1475 5.3
1476 5.3
1477 5.3
1478 5.3
1479 5.3
1480 5.3
1481 5.3
1482 5.3
1483 5.3
1484 5.3
1485 5.3
1486 5.3
1487 5.3
1488 5.3
1489 5.3
1490 5.3
1491 5.3
1492 5.3
1493 5.3
1494 5.3
1495 5.3
1496 5.3
1497 5.3
1498 5.3
1499 5.3
