0 0.59375
1 0.59375
2 0.625
3 0.6328125
4 0.73046875
5 0.73046875
6 0.73046875
7 0.78125
8 0.78125
9 0.78125
10 0.78125
11 0.78125
12 0.78125
13 0.78125
14 0.78125
15 0.78125
16 0.78125
17 0.78125
18 0.78125
19 0.78125
20 0.78125
21 0.78125
22 0.8125
23 0.8125
24 0.8125
25 0.8125
26 0.82421875
27 0.82421875
28 0.82421875
29 0.82421875
30 0.82421875
31 0.82421875
32 0.82421875
33 0.82421875
34 0.82421875
35 0.82421875
36 0.82421875
37 0.82421875
38 0.9375
39 0.9375
40 0.9375
41 0.9375
42 0.9375
43 0.9375
44 0.9375
45 0.9375
46 0.9375
47 0.9375
48 0.9375
49 0.9375
50 0.9375
51 0.9375
52 0.9375
53 0.9375
54 0.9375
55 0.9375
56 0.9375
57 0.9375
58 0.9375
59 0.9375
60 0.9375
61 0.9375
62 0.9375
63 0.9375
64 0.9375
65 0.9375
66 0.9375
67 0.9375
68 0.9375
69 0.9375
70 0.9375
71 0.9375
72 0.9375
73 0.9375
74 0.9375
75 0.9375
76 0.9375
77 0.9375
78 0.9375
79 0.9375
80 0.9375
81 0.9375
82 0.9375
83 0.9375
84 0.9375
85 0.9375
86 0.9375
87 0.9375
88 0.9765625
89 0.9765625
90 0.9765625
91 0.9765625
92 0.9765625
93 0.9765625
94 0.9765625
95 0.9765625
96 0.9765625
97 0.9765625
98 0.9765625
99 0.9765625
100 0.9765625
101 0.9765625
102 0.9765625
103 0.9765625
104 0.9765625
105 0.9765625
106 0.9765625
107 0.9765625
108 0.9765625
109 0.9765625
110 0.9765625
111 0.9765625
112 0.9765625
113 0.9765625
114 0.9765625
115 0.9765625
116 0.9765625
117 0.9765625
118 0.9765625
119 0.9765625
120 0.9765625
121 0.9765625
122 0.9765625
123 0.9765625
124 0.9765625
125 0.9765625
126 0.9765625
127 0.9765625
128 0.9765625
129 0.9765625
130 0.9765625
131 0.9765625
132 0.9765625
133 0.9765625
134 0.9765625
135 0.9765625
136 0.9765625
137 0.9765625
138 0.9765625
139 0.9765625
140 0.9765625
141 0.9765625
142 0.9765625
143 0.9765625
144 0.9765625
145 0.9765625
146 0.9765625
147 0.9765625
148 0.9765625
149 0.9765625
150 0.9765625
151 0.9765625
152 0.9765625
153 0.9765625
154 0.9765625
155 0.9765625
156 0.9765625
157 0.9765625
158 0.9765625
159 0.9765625
160 0.9765625
161 0.9765625
162 0.9765625
163 1.0
164 1.0
165 1.0
166 1.0
167 1.0
168 1.0
169 1.0
170 1.0
171 1.0
172 1.0
173 1.0
174 1.0
175 1.0
176 1.0
177 1.0
178 1.0
179 1.0
180 1.0
181 1.0
182 1.0
183 1.0
184 1.0
185 1.0
186 1.0
187 1.0
188 1.0
189 1.0
190 1.0
191 1.0
192 1.0
193 1.0
194 1.0
195 1.0
196 1.0
197 1.0
198 1.0
199 1.0
