0 1.3
1 1.3
2 1.3
3 1.3
4 1.3
5 1.7
6 1.7
7 1.7
8 1.7
9 1.7
10 1.7
11 1.8666666666666667
12 1.8666666666666667
13 2.1
14 2.1
15 2.1
16 2.1
17 2.533333333333333
18 3.2333333333333334
19 3.2333333333333334
20 3.2333333333333334
21 3.2333333333333334
22 3.2333333333333334
23 3.2333333333333334
24 3.2333333333333334
25 3.2333333333333334
26 3.2333333333333334
27 3.2333333333333334
28 3.2333333333333334
29 3.2333333333333334
30 3.2333333333333334
31 3.2333333333333334
32 3.2333333333333334
33 3.2333333333333334
34 3.2333333333333334
35 3.2333333333333334
36 3.2333333333333334
37 3.2333333333333334
38 3.2333333333333334
39 3.2333333333333334
40 3.2333333333333334
41 3.2333333333333334
42 3.2333333333333334
43 3.2333333333333334
44 3.2666666666666666
45 3.2666666666666666
46 3.3
47 3.3
48 3.3
49 3.3
50 3.3
51 3.3
52 3.3
53 3.3
54 3.3
55 3.3
56 3.3
57 3.3
58 3.3
59 3.3
60 3.3
61 3.3
62 3.3
63 3.3666666666666667
64 3.3666666666666667
65 3.566666666666667
66 3.566666666666667
67 3.566666666666667
68 3.566666666666667
69 3.566666666666667
70 3.566666666666667
71 3.566666666666667
72 3.566666666666667
73 3.566666666666667
74 3.566666666666667
75 3.566666666666667
76 3.566666666666667
77 3.566666666666667
78 3.566666666666667
79 3.566666666666667
80 3.566666666666667
81 3.566666666666667
82 3.566666666666667
83 3.566666666666667
84 3.566666666666667
85 3.566666666666667
86 3.566666666666667
87 3.566666666666667
88 3.566666666666667
89 3.566666666666667
90 3.566666666666667
91 3.566666666666667
92 3.566666666666667
93 3.6666666666666665
94 3.6666666666666665
95 3.6666666666666665
96 3.6666666666666665
97 3.6666666666666665
98 3.6666666666666665
99 3.6666666666666665
100 3.6666666666666665
101 3.6666666666666665
102 4.166666666666667
103 4.166666666666667
104 4.166666666666667
105 4.166666666666667
106 4.166666666666667
107 4.166666666666667
108 4.166666666666667
109 4.166666666666667
110 4.166666666666667
111 4.166666666666667
112 4.166666666666667
113 4.166666666666667
114 4.166666666666667
115 4.166666666666667
116 4.166666666666667
117 4.166666666666667
118 4.166666666666667
119 4.166666666666667
120 4.166666666666667
121 4.166666666666667
122 4.166666666666667
123 4.166666666666667
124 4.166666666666667
125 4.166666666666667
126 4.166666666666667
127 4.166666666666667
128 4.166666666666667
129 4.166666666666667
130 4.166666666666667
131 4.166666666666667
132 4.166666666666667
133 4.166666666666667
134 4.166666666666667
135 4.166666666666667
136 4.166666666666667
137 4.166666666666667
138 4.166666666666667
139 4.166666666666667
140 4.166666666666667
141 4.166666666666667
142 4.166666666666667
143 4.166666666666667
144 4.166666666666667
145 4.166666666666667
146 4.166666666666667
147 4.166666666666667
148 4.166666666666667
149 4.166666666666667
150 4.166666666666667
151 4.166666666666667
152 4.166666666666667
153 4.166666666666667
154 4.166666666666667
155 4.166666666666667
156 4.166666666666667
157 4.166666666666667
158 4.166666666666667
159 4.166666666666667
160 4.166666666666667
161 4.166666666666667
162 4.166666666666667
163 4.166666666666667
164 4.166666666666667
165 4.166666666666667
166 4.166666666666667
167 4.166666666666667
168 4.166666666666667
169 4.166666666666667
170 4.233333333333333
171 4.233333333333333
172 4.233333333333333
173 4.233333333333333
174 4.233333333333333
175 4.266666666666667
176 4.266666666666667
177 4.266666666666667
178 4.266666666666667
179 4.266666666666667
180 4.266666666666667
181 4.266666666666667
182 4.266666666666667
183 4.266666666666667
184 4.266666666666667
185 4.266666666666667
186 4.266666666666667
187 4.266666666666667
188 4.266666666666667
189 4.266666666666667
190 4.266666666666667
191 4.266666666666667
192 4.266666666666667
193 4.266666666666667
194 4.266666666666667
195 4.266666666666667
196 4.266666666666667
197 4.266666666666667
198 4.266666666666667
199 4.266666666666667
200 4.266666666666667
201 4.266666666666667
202 4.266666666666667
203 4.266666666666667
204 4.266666666666667
205 4.266666666666667
206 4.266666666666667
207 4.266666666666667
208 4.266666666666667
209 4.266666666666667
210 4.266666666666667
211 4.266666666666667
212 4.266666666666667
213 4.266666666666667
214 4.266666666666667
215 4.266666666666667
216 4.266666666666667
217 4.266666666666667
218 4.266666666666667
219 4.266666666666667
220 4.266666666666667
221 4.266666666666667
222 4.266666666666667
223 4.266666666666667
224 4.266666666666667
225 4.266666666666667
226 4.266666666666667
227 4.266666666666667
228 4.266666666666667
229 4.266666666666667
230 4.266666666666667
231 4.266666666666667
232 4.266666666666667
233 4.266666666666667
234 4.266666666666667
235 4.266666666666667
236 4.266666666666667
237 4.266666666666667
238 4.266666666666667
239 4.266666666666667
240 4.266666666666667
241 4.266666666666667
242 4.266666666666667
243 4.266666666666667
244 4.266666666666667
245 4.266666666666667
246 4.266666666666667
247 4.266666666666667
248 4.266666666666667
249 4.266666666666667
250 4.266666666666667
251 4.266666666666667
252 4.266666666666667
253 4.266666666666667
254 4.266666666666667
255 4.266666666666667
256 4.266666666666667
257 4.266666666666667
258 4.266666666666667
259 4.266666666666667
260 4.266666666666667
261 4.266666666666667
262 4.3
263 4.3
264 4.3
265 4.3
266 4.3
267 4.3
268 4.3
269 4.3
270 4.3
271 4.3
272 4.3
273 4.3
274 4.333333333333333
275 4.333333333333333
276 4.333333333333333
277 4.333333333333333
278 4.333333333333333
279 4.333333333333333
280 4.333333333333333
281 4.333333333333333
282 4.333333333333333
283 4.333333333333333
284 4.333333333333333
285 4.333333333333333
286 4.333333333333333
287 4.333333333333333
288 4.333333333333333
289 4.333333333333333
290 4.333333333333333
291 4.333333333333333
292 4.333333333333333
293 4.333333333333333
294 4.333333333333333
295 4.333333333333333
296 4.333333333333333
297 4.333333333333333
298 4.333333333333333
299 4.333333333333333
300 4.333333333333333
301 4.333333333333333
302 4.333333333333333
303 4.333333333333333
304 4.333333333333333
305 4.333333333333333
306 4.333333333333333
307 4.333333333333333
308 4.333333333333333
309 4.333333333333333
310 4.333333333333333
311 4.433333333333334
312 4.433333333333334
313 4.433333333333334
314 4.433333333333334
315 4.433333333333334
316 4.433333333333334
317 4.433333333333334
318 4.433333333333334
319 4.433333333333334
320 4.433333333333334
321 4.433333333333334
322 4.433333333333334
323 4.433333333333334
324 4.433333333333334
325 4.433333333333334
326 4.433333333333334
327 4.433333333333334
328 4.466666666666667
329 4.466666666666667
330 4.466666666666667
331 4.466666666666667
332 4.466666666666667
333 4.466666666666667
334 4.466666666666667
335 4.466666666666667
336 4.466666666666667
337 4.466666666666667
338 4.466666666666667
339 4.466666666666667
340 4.466666666666667
341 4.466666666666667
342 4.466666666666667
343 4.466666666666667
344 4.466666666666667
345 4.466666666666667
346 4.466666666666667
347 4.466666666666667
348 4.466666666666667
349 4.5
350 4.5
351 4.5
352 4.5
353 4.5
354 4.5
355 4.5
356 4.5
357 4.5
358 4.5
359 4.5
360 4.5
361 4.5
362 4.5
363 4.5
364 4.5
365 4.5
366 4.5
367 4.5
368 4.5
369 4.5
370 4.5
371 4.5
372 4.5
373 4.5
374 4.5
375 4.5
376 4.5
377 4.5
378 4.5
379 4.5
380 4.5
381 4.5
382 4.5
383 4.5
384 4.5
385 4.566666666666666
386 4.566666666666666
387 4.566666666666666
388 4.566666666666666
389 4.566666666666666
390 4.566666666666666
391 4.566666666666666
392 4.566666666666666
393 4.566666666666666
394 4.566666666666666
395 4.566666666666666
396 4.566666666666666
397 4.566666666666666
398 4.566666666666666
399 4.566666666666666
400 4.566666666666666
401 4.566666666666666
402 4.566666666666666
403 4.566666666666666
404 4.566666666666666
405 4.566666666666666
406 4.566666666666666
407 4.566666666666666
408 4.566666666666666
409 4.566666666666666
410 4.566666666666666
411 4.566666666666666
412 4.566666666666666
413 4.566666666666666
414 4.566666666666666
415 4.566666666666666
416 4.566666666666666
417 4.566666666666666
418 4.566666666666666
419 4.566666666666666
420 4.566666666666666
421 4.566666666666666
422 4.566666666666666
423 4.566666666666666
424 4.6
425 4.6
426 4.6
427 4.6
428 4.6
429 4.6
430 4.6
431 4.6
432 4.6
433 4.6
434 4.6
435 4.6
436 4.6
437 4.6
438 4.6
439 4.6
440 4.6
441 4.6
442 4.6
443 4.6
444 4.6
445 4.6
446 4.6
447 4.6
448 4.6
449 4.6
450 4.6
451 4.6
452 4.6
453 4.6
454 4.6
455 4.6
456 4.6
457 4.6
458 4.6
459 4.6
460 4.6
461 4.6
462 4.6
463 4.6
464 4.6
465 4.6
466 4.6
467 4.6
468 4.6
469 4.6
470 4.6
471 4.6
472 4.6
473 4.6
474 4.6
475 4.6
476 4.6
477 4.6
478 4.6
479 4.6
480 4.6
481 4.6
482 4.6
483 4.6
484 4.6
485 4.6
486 4.6
487 4.6
488 4.6
489 4.6
490 4.6
491 4.6
492 4.6
493 4.6
494 4.6
495 4.6
496 4.6
497 4.6
498 4.6
499 4.6
500 4.6
501 4.6
502 4.666666666666667
503 4.666666666666667
504 4.666666666666667
505 4.666666666666667
506 4.666666666666667
507 4.666666666666667
508 4.666666666666667
509 4.666666666666667
510 4.666666666666667
511 4.666666666666667
512 4.666666666666667
513 4.666666666666667
514 4.666666666666667
515 4.666666666666667
516 4.666666666666667
517 4.666666666666667
518 4.666666666666667
519 4.666666666666667
520 4.666666666666667
521 4.666666666666667
522 4.666666666666667
523 4.666666666666667
524 4.666666666666667
525 4.666666666666667
526 4.666666666666667
527 4.666666666666667
528 4.666666666666667
529 4.666666666666667
530 4.666666666666667
531 4.666666666666667
532 4.666666666666667
533 4.666666666666667
534 4.666666666666667
535 4.666666666666667
536 4.666666666666667
537 4.666666666666667
538 4.666666666666667
539 4.666666666666667
540 4.666666666666667
541 4.666666666666667
542 4.666666666666667
543 4.666666666666667
544 4.666666666666667
545 4.666666666666667
546 4.666666666666667
547 4.666666666666667
548 4.666666666666667
549 4.666666666666667
550 4.666666666666667
551 4.666666666666667
552 4.666666666666667
553 4.666666666666667
554 4.666666666666667
555 4.666666666666667
556 4.666666666666667
557 4.666666666666667
558 4.666666666666667
559 4.666666666666667
560 4.666666666666667
561 4.666666666666667
562 4.666666666666667
563 4.666666666666667
564 4.666666666666667
565 4.666666666666667
566 4.666666666666667
567 4.666666666666667
568 4.666666666666667
569 4.666666666666667
570 4.666666666666667
571 4.666666666666667
572 4.666666666666667
573 4.666666666666667
574 4.933333333333334
575 4.933333333333334
576 4.933333333333334
577 4.933333333333334
578 4.933333333333334
579 4.933333333333334
580 4.933333333333334
581 4.933333333333334
582 4.933333333333334
583 4.933333333333334
584 4.933333333333334
585 4.933333333333334
586 4.933333333333334
587 4.933333333333334
588 4.933333333333334
589 4.933333333333334
590 4.933333333333334
591 4.933333333333334
592 4.933333333333334
593 4.933333333333334
594 4.933333333333334
595 4.933333333333334
596 4.933333333333334
597 4.933333333333334
598 4.933333333333334
599 4.933333333333334
600 4.933333333333334
601 4.933333333333334
602 4.933333333333334
603 4.933333333333334
604 4.933333333333334
605 4.933333333333334
606 4.933333333333334
607 4.933333333333334
608 4.933333333333334
609 4.933333333333334
610 4.933333333333334
611 4.933333333333334
612 4.933333333333334
613 4.933333333333334
614 4.933333333333334
615 4.933333333333334
616 4.933333333333334
617 4.933333333333334
618 4.933333333333334
619 4.933333333333334
620 4.933333333333334
621 4.933333333333334
622 4.933333333333334
623 4.933333333333334
624 4.933333333333334
625 4.933333333333334
626 4.933333333333334
627 4.933333333333334
628 4.933333333333334
629 4.933333333333334
630 4.933333333333334
631 4.933333333333334
632 4.933333333333334
633 4.933333333333334
634 4.933333333333334
635 4.933333333333334
636 4.933333333333334
637 4.933333333333334
638 4.933333333333334
639 4.933333333333334
640 4.933333333333334
641 4.933333333333334
642 4.933333333333334
643 4.933333333333334
644 4.933333333333334
645 4.933333333333334
646 4.933333333333334
647 4.933333333333334
648 4.933333333333334
649 4.933333333333334
650 4.933333333333334
651 4.933333333333334
652 4.933333333333334
653 4.933333333333334
654 4.933333333333334
655 4.933333333333334
656 4.933333333333334
657 4.933333333333334
658 4.933333333333334
659 4.933333333333334
660 4.933333333333334
661 4.933333333333334
662 4.933333333333334
663 4.933333333333334
664 4.933333333333334
665 4.933333333333334
666 4.933333333333334
667 4.933333333333334
668 4.933333333333334
669 4.933333333333334
670 4.933333333333334
671 4.933333333333334
672 4.933333333333334
673 4.933333333333334
674 4.933333333333334
675 4.933333333333334
676 4.933333333333334
677 4.933333333333334
678 4.933333333333334
679 4.933333333333334
680 4.933333333333334
681 4.933333333333334
682 4.933333333333334
683 4.933333333333334
684 4.933333333333334
685 4.933333333333334
686 4.933333333333334
687 4.933333333333334
688 4.933333333333334
689 4.933333333333334
690 4.933333333333334
691 4.933333333333334
692 4.933333333333334
693 4.933333333333334
694 4.933333333333334
695 4.933333333333334
696 4.933333333333334
697 4.933333333333334
698 4.933333333333334
699 4.933333333333334
700 4.933333333333334
701 4.933333333333334
702 4.933333333333334
703 4.933333333333334
704 4.933333333333334
705 4.933333333333334
706 4.933333333333334
707 4.933333333333334
708 4.933333333333334
709 4.933333333333334
710 4.933333333333334
711 4.933333333333334
712 4.933333333333334
713 4.933333333333334
714 4.933333333333334
715 4.933333333333334
716 4.933333333333334
717 4.933333333333334
718 4.933333333333334
719 4.933333333333334
720 4.933333333333334
721 4.933333333333334
722 4.933333333333334
723 4.933333333333334
724 4.933333333333334
725 4.933333333333334
726 4.933333333333334
727 4.933333333333334
728 4.933333333333334
729 4.933333333333334
730 4.933333333333334
731 4.933333333333334
732 4.933333333333334
733 4.933333333333334
734 4.933333333333334
735 4.933333333333334
736 4.933333333333334
737 4.933333333333334
738 4.933333333333334
739 4.933333333333334
740 4.966666666666667
741 4.966666666666667
742 4.966666666666667
743 4.966666666666667
744 4.966666666666667
745 4.966666666666667
746 4.966666666666667
747 4.966666666666667
748 4.966666666666667
749 4.966666666666667
750 4.966666666666667
751 4.966666666666667
752 4.966666666666667
753 4.966666666666667
754 4.966666666666667
755 4.966666666666667
756 4.966666666666667
757 4.966666666666667
758 4.966666666666667
759 4.966666666666667
760 4.966666666666667
761 4.966666666666667
762 4.966666666666667
763 4.966666666666667
764 4.966666666666667
765 4.966666666666667
766 4.966666666666667
767 4.966666666666667
768 4.966666666666667
769 4.966666666666667
770 4.966666666666667
771 4.966666666666667
772 4.966666666666667
773 4.966666666666667
774 4.966666666666667
775 4.966666666666667
776 4.966666666666667
777 4.966666666666667
778 4.966666666666667
779 4.966666666666667
780 4.966666666666667
781 4.966666666666667
782 4.966666666666667
783 4.966666666666667
784 4.966666666666667
785 4.966666666666667
786 4.966666666666667
787 4.966666666666667
788 4.966666666666667
789 4.966666666666667
790 4.966666666666667
791 4.966666666666667
792 4.966666666666667
793 4.966666666666667
794 4.966666666666667
795 4.966666666666667
796 4.966666666666667
797 4.966666666666667
798 4.966666666666667
799 4.966666666666667
800 4.966666666666667
801 4.966666666666667
802 4.966666666666667
803 4.966666666666667
804 4.966666666666667
805 4.966666666666667
806 4.966666666666667
807 4.966666666666667
808 4.966666666666667
809 4.966666666666667
810 4.966666666666667
811 4.966666666666667
812 4.966666666666667
813 4.966666666666667
814 4.966666666666667
815 4.966666666666667
816 4.966666666666667
817 4.966666666666667
818 4.966666666666667
819 4.966666666666667
820 4.966666666666667
821 4.966666666666667
822 4.966666666666667
823 4.966666666666667
824 4.966666666666667
825 4.966666666666667
826 4.966666666666667
827 4.966666666666667
828 4.966666666666667
829 4.966666666666667
830 4.966666666666667
831 4.966666666666667
832 4.966666666666667
833 4.966666666666667
834 4.966666666666667
835 4.966666666666667
836 4.966666666666667
837 4.966666666666667
838 4.966666666666667
839 4.966666666666667
840 4.966666666666667
841 4.966666666666667
842 4.966666666666667
843 4.966666666666667
844 4.966666666666667
845 4.966666666666667
846 4.966666666666667
847 4.966666666666667
848 4.966666666666667
849 4.966666666666667
850 4.966666666666667
851 4.966666666666667
852 4.966666666666667
853 4.966666666666667
854 4.966666666666667
855 4.966666666666667
856 4.966666666666667
857 4.966666666666667
858 4.966666666666667
859 4.966666666666667
860 4.966666666666667
861 4.966666666666667
862 4.966666666666667
863 4.966666666666667
864 4.966666666666667
865 4.966666666666667
866 4.966666666666667
867 4.966666666666667
868 4.966666666666667
869 4.966666666666667
870 4.966666666666667
871 4.966666666666667
872 4.966666666666667
873 4.966666666666667
874 4.966666666666667
875 4.966666666666667
876 4.966666666666667
877 4.966666666666667
878 4.966666666666667
879 4.966666666666667
880 4.966666666666667
881 4.966666666666667
882 4.966666666666667
883 4.966666666666667
884 4.966666666666667
885 4.966666666666667
886 4.966666666666667
887 4.966666666666667
888 4.966666666666667
889 4.966666666666667
890 4.966666666666667
891 4.966666666666667
892 4.966666666666667
893 4.966666666666667
894 4.966666666666667
895 4.966666666666667
896 4.966666666666667
897 4.966666666666667
898 4.966666666666667
899 4.966666666666667
900 4.966666666666667
901 4.966666666666667
902 4.966666666666667
903 4.966666666666667
904 4.966666666666667
905 4.966666666666667
906 4.966666666666667
907 4.966666666666667
908 4.966666666666667
909 4.966666666666667
910 4.966666666666667
911 4.966666666666667
912 4.966666666666667
913 4.966666666666667
914 4.966666666666667
915 4.966666666666667
916 4.966666666666667
917 4.966666666666667
918 4.966666666666667
919 4.966666666666667
920 4.966666666666667
921 4.966666666666667
922 4.966666666666667
923 4.966666666666667
924 4.966666666666667
925 4.966666666666667
926 4.966666666666667
927 4.966666666666667
928 4.966666666666667
929 4.966666666666667
930 4.966666666666667
931 4.966666666666667
932 4.966666666666667
933 4.966666666666667
934 4.966666666666667
935 4.966666666666667
936 4.966666666666667
937 4.966666666666667
938 4.966666666666667
939 4.966666666666667
940 4.966666666666667
941 4.966666666666667
942 4.966666666666667
943 4.966666666666667
944 4.966666666666667
945 4.966666666666667
946 4.966666666666667
947 4.966666666666667
948 4.966666666666667
949 4.966666666666667
950 4.966666666666667
951 4.966666666666667
952 4.966666666666667
953 4.966666666666667
954 4.966666666666667
955 4.966666666666667
956 4.966666666666667
957 4.966666666666667
958 4.966666666666667
959 4.966666666666667
960 4.966666666666667
961 4.966666666666667
962 4.966666666666667
963 4.966666666666667
964 4.966666666666667
965 4.966666666666667
966 4.966666666666667
967 4.966666666666667
968 4.966666666666667
969 4.966666666666667
970 4.966666666666667
971 4.966666666666667
972 4.966666666666667
973 4.966666666666667
974 4.966666666666667
975 4.966666666666667
976 4.966666666666667
977 4.966666666666667
978 4.966666666666667
979 4.966666666666667
980 4.966666666666667
981 4.966666666666667
982 4.966666666666667
983 4.966666666666667
984 4.966666666666667
985 4.966666666666667
986 4.966666666666667
987 4.966666666666667
988 4.966666666666667
989 4.966666666666667
990 4.966666666666667
991 4.966666666666667
992 4.966666666666667
993 4.966666666666667
994 4.966666666666667
995 4.966666666666667
996 4.966666666666667
997 4.966666666666667
998 4.966666666666667
999 4.966666666666667
1000 4.966666666666667
1001 4.966666666666667
1002 4.966666666666667
1003 4.966666666666667
1004 4.966666666666667
1005 4.966666666666667
1006 4.966666666666667
1007 4.966666666666667
1008 4.966666666666667
1009 4.966666666666667
1010 4.966666666666667
1011 4.966666666666667
1012 4.966666666666667
1013 4.966666666666667
1014 4.966666666666667
1015 4.966666666666667
1016 4.966666666666667
1017 4.966666666666667
1018 4.966666666666667
1019 4.966666666666667
1020 4.966666666666667
1021 4.966666666666667
1022 4.966666666666667
1023 5.033333333333333
1024 5.033333333333333
1025 5.033333333333333
1026 5.033333333333333
1027 5.033333333333333
1028 5.033333333333333
1029 5.033333333333333
1030 5.033333333333333
1031 5.033333333333333
1032 5.033333333333333
1033 5.033333333333333
1034 5.033333333333333
1035 5.033333333333333
1036 5.033333333333333
1037 5.033333333333333
1038 5.033333333333333
1039 5.033333333333333
1040 5.033333333333333
1041 5.033333333333333
1042 5.033333333333333
1043 5.033333333333333
1044 5.033333333333333
1045 5.033333333333333
1046 5.033333333333333
1047 5.033333333333333
1048 5.033333333333333
1049 5.233333333333333
1050 5.233333333333333
1051 5.233333333333333
1052 5.233333333333333
1053 5.233333333333333
1054 5.233333333333333
1055 5.233333333333333
1056 5.233333333333333
1057 5.233333333333333
1058 5.233333333333333
1059 5.233333333333333
1060 5.233333333333333
1061 5.233333333333333
1062 5.233333333333333
1063 5.233333333333333
1064 5.233333333333333
1065 5.233333333333333
1066 5.233333333333333
1067 5.233333333333333
1068 5.233333333333333
1069 5.233333333333333
1070 5.233333333333333
1071 5.233333333333333
1072 5.233333333333333
1073 5.233333333333333
1074 5.233333333333333
1075 5.233333333333333
1076 5.233333333333333
1077 5.233333333333333
1078 5.233333333333333
1079 5.233333333333333
1080 5.233333333333333
1081 5.233333333333333
1082 5.233333333333333
1083 5.233333333333333
1084 5.233333333333333
1085 5.233333333333333
1086 5.233333333333333
1087 5.233333333333333
1088 5.233333333333333
1089 5.233333333333333
1090 5.233333333333333
1091 5.233333333333333
1092 5.233333333333333
1093 5.233333333333333
1094 5.233333333333333
1095 5.233333333333333
1096 5.233333333333333
1097 5.233333333333333
1098 5.233333333333333
1099 5.233333333333333
1100 5.233333333333333
1101 5.233333333333333
1102 5.233333333333333
1103 5.233333333333333
1104 5.233333333333333
1105 5.233333333333333
1106 5.233333333333333
1107 5.233333333333333
1108 5.233333333333333
1109 5.233333333333333
1110 5.233333333333333
1111 5.233333333333333
1112 5.233333333333333
1113 5.233333333333333
1114 5.233333333333333
1115 5.233333333333333
1116 5.233333333333333
1117 5.233333333333333
1118 5.233333333333333
1119 5.233333333333333
1120 5.233333333333333
1121 5.233333333333333
1122 5.233333333333333
1123 5.233333333333333
1124 5.233333333333333
1125 5.233333333333333
1126 5.233333333333333
1127 5.233333333333333
1128 5.233333333333333
1129 5.233333333333333
1130 5.233333333333333
1131 5.233333333333333
1132 5.233333333333333
1133 5.233333333333333
1134 5.233333333333333
1135 5.233333333333333
1136 5.233333333333333
1137 5.233333333333333
1138 5.233333333333333
1139 5.233333333333333
1140 5.233333333333333
1141 5.233333333333333
1142 5.233333333333333
1143 5.233333333333333
1144 5.233333333333333
1145 5.233333333333333
1146 5.233333333333333
1147 5.233333333333333
1148 5.233333333333333
1149 5.233333333333333
1150 5.233333333333333
1151 5.233333333333333
1152 5.233333333333333
1153 5.233333333333333
1154 5.233333333333333
1155 5.233333333333333
1156 5.233333333333333
1157 5.233333333333333
1158 5.233333333333333
1159 5.233333333333333
1160 5.233333333333333
1161 5.233333333333333
1162 5.233333333333333
1163 5.233333333333333
1164 5.233333333333333
1165 5.233333333333333
1166 5.233333333333333
1167 5.233333333333333
1168 5.233333333333333
1169 5.233333333333333
1170 5.233333333333333
1171 5.233333333333333
1172 5.233333333333333
1173 5.233333333333333
1174 5.233333333333333
1175 5.233333333333333
1176 5.233333333333333
1177 5.233333333333333
1178 5.233333333333333
1179 5.233333333333333
1180 5.233333333333333
1181 5.233333333333333
1182 5.233333333333333
1183 5.233333333333333
1184 5.233333333333333
1185 5.233333333333333
1186 5.233333333333333
1187 5.233333333333333
1188 5.233333333333333
1189 5.233333333333333
1190 5.233333333333333
1191 5.233333333333333
1192 5.233333333333333
1193 5.233333333333333
1194 5.233333333333333
1195 5.233333333333333
1196 5.233333333333333
1197 5.233333333333333
1198 5.233333333333333
1199 5.233333333333333
1200 5.233333333333333
1201 5.233333333333333
1202 5.233333333333333
1203 5.233333333333333
1204 5.233333333333333
1205 5.233333333333333
1206 5.233333333333333
1207 5.233333333333333
1208 5.233333333333333
1209 5.233333333333333
1210 5.233333333333333
1211 5.233333333333333
1212 5.233333333333333
1213 5.233333333333333
1214 5.233333333333333
1215 5.233333333333333
1216 5.233333333333333
1217 5.233333333333333
1218 5.233333333333333
1219 5.233333333333333
1220 5.233333333333333
1221 5.233333333333333
1222 5.233333333333333
1223 5.233333333333333
1224 5.233333333333333
1225 5.233333333333333
1226 5.233333333333333
1227 5.233333333333333
1228 5.233333333333333
1229 5.233333333333333
1230 5.233333333333333
1231 5.233333333333333
1232 5.233333333333333
1233 5.233333333333333
1234 5.233333333333333
1235 5.233333333333333
1236 5.233333333333333
1237 5.233333333333333
1238 5.233333333333333
1239 5.233333333333333
1240 5.233333333333333
1241 5.233333333333333
1242 5.233333333333333
1243 5.233333333333333
1244 5.233333333333333
1245 5.233333333333333
1246 5.233333333333333
1247 5.233333333333333
1248 5.233333333333333
1249 5.233333333333333
1250 5.233333333333333
1251 5.233333333333333
1252 5.233333333333333
1253 5.233333333333333
1254 5.233333333333333
1255 5.233333333333333
1256 5.233333333333333
1257 5.233333333333333
1258 5.233333333333333
1259 5.233333333333333
1260 5.233333333333333
1261 5.233333333333333
1262 5.233333333333333
1263 5.233333333333333
1264 5.233333333333333
1265 5.233333333333333
1266 5.233333333333333
1267 5.233333333333333
1268 5.233333333333333
1269 5.233333333333333
1270 5.233333333333333
1271 5.233333333333333
1272 5.233333333333333
1273 5.233333333333333
1274 5.233333333333333
1275 5.233333333333333
1276 5.233333333333333
1277 5.233333333333333
1278 5.233333333333333
1279 5.233333333333333
1280 5.233333333333333
1281 5.233333333333333
1282 5.233333333333333
1283 5.233333333333333
1284 5.233333333333333
1285 5.233333333333333
1286 5.233333333333333
1287 5.233333333333333
1288 5.233333333333333
1289 5.233333333333333
1290 5.233333333333333
1291 5.233333333333333
1292 5.233333333333333
1293 5.233333333333333
1294 5.233333333333333
1295 5.233333333333333
1296 5.233333333333333
1297 5.233333333333333
1298 5.233333333333333
1299 5.233333333333333
1300 5.233333333333333
1301 5.233333333333333
1302 5.233333333333333
1303 5.233333333333333
1304 5.233333333333333
1305 5.233333333333333
1306 5.233333333333333
1307 5.233333333333333
1308 5.233333333333333
1309 5.233333333333333
1310 5.233333333333333
1311 5.233333333333333
1312 5.233333333333333
1313 5.233333333333333
1314 5.233333333333333
1315 5.233333333333333
1316 5.233333333333333
1317 5.233333333333333
1318 5.233333333333333
1319 5.233333333333333
1320 5.233333333333333
1321 5.233333333333333
1322 5.233333333333333
1323 5.233333333333333
1324 5.233333333333333
1325 5.233333333333333
1326 5.233333333333333
1327 5.233333333333333
1328 5.233333333333333
1329 5.233333333333333
1330 5.233333333333333
1331 5.233333333333333
1332 5.233333333333333
1333 5.233333333333333
1334 5.233333333333333
1335 5.233333333333333
1336 5.233333333333333
1337 5.233333333333333
1338 5.233333333333333
1339 5.233333333333333
1340 5.233333333333333
1341 5.233333333333333
1342 5.233333333333333
1343 5.233333333333333
1344 5.233333333333333
1345 5.233333333333333
1346 5.233333333333333
1347 5.233333333333333
1348 5.233333333333333
1349 5.233333333333333
1350 5.233333333333333
1351 5.233333333333333
1352 5.233333333333333
1353 5.233333333333333
1354 5.233333333333333
1355 5.233333333333333
1356 5.233333333333333
1357 5.233333333333333
1358 5.233333333333333
1359 5.233333333333333
1360 5.233333333333333
1361 5.233333333333333
1362 5.233333333333333
1363 5.233333333333333
1364 5.233333333333333
1365 5.233333333333333
1366 5.233333333333333
1367 5.233333333333333
1368 5.233333333333333
1369 5.233333333333333
1370 5.233333333333333
1371 5.233333333333333
1372 5.233333333333333
1373 5.233333333333333
1374 5.233333333333333
1375 5.233333333333333
1376 5.233333333333333
1377 5.233333333333333
1378 5.233333333333333
1379 5.233333333333333
1380 5.233333333333333
1381 5.233333333333333
1382 5.233333333333333
1383 5.233333333333333
1384 5.233333333333333
1385 5.233333333333333
1386 5.233333333333333
1387 5.233333333333333
1388 5.233333333333333
1389 5.233333333333333
1390 5.233333333333333
1391 5.233333333333333
1392 5.233333333333333
1393 5.233333333333333
1394 5.233333333333333
1395 5.233333333333333
1396 5.233333333333333
1397 5.233333333333333
1398 5.233333333333333
1399 5.233333333333333
1400 5.233333333333333
1401 5.233333333333333
1402 5.233333333333333
1403 5.233333333333333
1404 5.233333333333333
1405 5.233333333333333
1406 5.233333333333333
1407 5.233333333333333
1408 5.233333333333333
1409 5.233333333333333
1410 5.233333333333333
1411 5.233333333333333
1412 5.233333333333333
1413 5.233333333333333
1414 5.233333333333333
1415 5.233333333333333
1416 5.233333333333333
1417 5.233333333333333
1418 5.233333333333333
1419 5.233333333333333
1420 5.233333333333333
1421 5.233333333333333
1422 5.233333333333333
1423 5.233333333333333
1424 5.233333333333333
1425 5.233333333333333
1426 5.233333333333333
1427 5.233333333333333
1428 5.233333333333333
1429 5.233333333333333
1430 5.233333333333333
1431 5.233333333333333
1432 5.233333333333333
1433 5.233333333333333
1434 5.233333333333333
1435 5.233333333333333
1436 5.233333333333333
1437 5.233333333333333
1438 5.233333333333333
1439 5.233333333333333
1440 5.233333333333333
1441 5.233333333333333
1442 5.233333333333333
1443 5.233333333333333
1444 5.233333333333333
1445 5.233333333333333
1446 5.233333333333333
1447 5.233333333333333
1448 5.233333333333333
1449 5.233333333333333
1450 5.233333333333333
1451 5.233333333333333
1452 5.233333333333333
1453 5.233333333333333
1454 5.233333333333333
1455 5.233333333333333
1456 5.233333333333333
1457 5.233333333333333
1458 5.233333333333333
1459 5.233333333333333
1460 5.233333333333333
1461 5.233333333333333
1462 5.233333333333333
1463 5.233333333333333
1464 5.233333333333333
1465 5.233333333333333
1466 5.233333333333333
1467 5.233333333333333
1468 5.233333333333333
1469 5.233333333333333
1470 5.233333333333333
1471 5.233333333333333
1472 5.233333333333333
1473 5.233333333333333
1474 5.233333333333333
1475 5.233333333333333
1476 5.233333333333333
1477 5.233333333333333
1478 5.233333333333333
1479 5.233333333333333
1480 5.233333333333333
1481 5.233333333333333
1482 5.233333333333333
1483 5.233333333333333
1484 5.233333333333333
1485 5.233333333333333
1486 5.233333333333333
1487 5.233333333333333
1488 5.233333333333333
1489 5.233333333333333
1490 5.233333333333333
1491 5.233333333333333
1492 5.233333333333333
1493 5.233333333333333
1494 5.233333333333333
1495 5.233333333333333
1496 5.233333333333333
1497 5.233333333333333
1498 5.233333333333333
1499 5.233333333333333
