0 0.5115740740740741
1 0.5115740740740741
2 0.5115740740740741
3 0.5115740740740741
4 0.5354938271604939
5 0.5725308641975309
6 0.5725308641975309
7 0.5725308641975309
8 0.5725308641975309
9 0.5910493827160495
10 0.5910493827160495
11 0.5910493827160495
12 0.5910493827160495
13 0.5941358024691358
14 0.6041666666666667
15 0.6041666666666667
16 0.6041666666666667
17 0.6041666666666667
18 0.6041666666666667
19 0.6041666666666667
20 0.6041666666666667
21 0.6041666666666667
22 0.6041666666666667
23 0.6041666666666667
24 0.6041666666666667
25 0.6041666666666667
26 0.6103395061728395
27 0.6134259259259259
28 0.6273148148148149
29 0.6373456790123457
30 0.6373456790123457
31 0.6388888888888888
32 0.6388888888888888
33 0.6473765432098766
34 0.6473765432098766
35 0.6473765432098766
36 0.6473765432098766
37 0.6473765432098766
38 0.6473765432098766
39 0.6473765432098766
40 0.6473765432098766
41 0.6473765432098766
42 0.6520061728395061
43 0.6520061728395061
44 0.6520061728395061
45 0.6520061728395061
46 0.6589506172839505
47 0.6589506172839505
48 0.6589506172839505
49 0.6589506172839505
50 0.6589506172839505
51 0.6589506172839505
52 0.6589506172839505
53 0.6635802469135803
54 0.6635802469135803
55 0.6635802469135803
56 0.6635802469135803
57 0.6635802469135803
58 0.6635802469135803
59 0.6635802469135803
60 0.6635802469135803
61 0.7121913580246914
62 0.7121913580246914
63 0.7121913580246914
64 0.7121913580246914
65 0.7121913580246914
66 0.7121913580246914
67 0.7121913580246914
68 0.7121913580246914
69 0.7121913580246914
70 0.7121913580246914
71 0.7121913580246914
72 0.7121913580246914
73 0.7121913580246914
74 0.7121913580246914
75 0.7121913580246914
76 0.7121913580246914
77 0.7121913580246914
78 0.7121913580246914
79 0.7237654320987654
80 0.724537037037037
81 0.724537037037037
82 0.724537037037037
83 0.724537037037037
84 0.724537037037037
85 0.724537037037037
86 0.724537037037037
87 0.724537037037037
88 0.724537037037037
89 0.724537037037037
90 0.7283950617283951
91 0.7283950617283951
92 0.7469135802469136
93 0.7469135802469136
94 0.7469135802469136
95 0.7469135802469136
96 0.7469135802469136
97 0.7469135802469136
98 0.7469135802469136
99 0.7469135802469136
100 0.7469135802469136
101 0.7469135802469136
102 0.7484567901234568
103 0.7484567901234568
104 0.7484567901234568
105 0.7484567901234568
106 0.7484567901234568
107 0.7484567901234568
108 0.7484567901234568
109 0.7484567901234568
110 0.7484567901234568
111 0.7484567901234568
112 0.7484567901234568
113 0.7484567901234568
114 0.7484567901234568
115 0.7484567901234568
116 0.7484567901234568
117 0.7484567901234568
118 0.7484567901234568
119 0.7484567901234568
120 0.7484567901234568
121 0.7484567901234568
122 0.7484567901234568
123 0.7484567901234568
124 0.7484567901234568
125 0.7484567901234568
126 0.75
127 0.75
128 0.75
129 0.75
130 0.75
131 0.75
132 0.75
133 0.75
134 0.75
135 0.75
136 0.75
137 0.7608024691358024
138 0.7608024691358024
139 0.7608024691358024
140 0.7623456790123457
141 0.7623456790123457
142 0.7623456790123457
143 0.7623456790123457
144 0.7623456790123457
145 0.7623456790123457
146 0.8109567901234568
147 0.8109567901234568
148 0.8109567901234568
149 0.8109567901234568
150 0.8109567901234568
151 0.8109567901234568
152 0.8109567901234568
153 0.8109567901234568
154 0.8109567901234568
155 0.8125
156 0.8125
157 0.8125
158 0.8171296296296297
159 0.8171296296296297
160 0.8171296296296297
161 0.8171296296296297
162 0.8171296296296297
163 0.8171296296296297
164 0.8171296296296297
165 0.8171296296296297
166 0.8171296296296297
167 0.8171296296296297
168 0.8171296296296297
169 0.8171296296296297
170 0.8171296296296297
171 0.8171296296296297
172 0.8171296296296297
173 0.8333333333333334
174 0.8333333333333334
175 0.8333333333333334
176 0.8333333333333334
177 0.8333333333333334
178 0.8333333333333334
179 0.8333333333333334
180 0.8333333333333334
181 0.8333333333333334
182 0.8333333333333334
183 0.8333333333333334
184 0.8333333333333334
185 0.8333333333333334
186 0.8333333333333334
187 0.8333333333333334
188 0.8333333333333334
189 0.8333333333333334
190 0.8333333333333334
191 0.8333333333333334
192 0.8333333333333334
193 0.8333333333333334
194 0.8333333333333334
195 0.8333333333333334
196 0.8333333333333334
197 0.8333333333333334
198 0.8333333333333334
199 0.8333333333333334
200 0.8333333333333334
201 0.8333333333333334
202 0.8333333333333334
203 0.8333333333333334
204 0.8333333333333334
205 0.8333333333333334
206 0.8333333333333334
207 0.8333333333333334
208 0.8333333333333334
209 0.8333333333333334
210 0.8333333333333334
211 0.8333333333333334
212 0.841820987654321
213 0.841820987654321
214 0.841820987654321
215 0.841820987654321
216 0.841820987654321
217 0.841820987654321
218 0.841820987654321
219 0.841820987654321
220 0.841820987654321
221 0.841820987654321
222 0.841820987654321
223 0.841820987654321
224 0.841820987654321
225 0.841820987654321
226 0.841820987654321
227 0.841820987654321
228 0.841820987654321
229 0.841820987654321
230 0.841820987654321
231 0.841820987654321
232 0.841820987654321
233 0.841820987654321
234 0.841820987654321
235 0.841820987654321
236 0.841820987654321
237 0.841820987654321
238 0.841820987654321
239 0.841820987654321
240 0.841820987654321
241 0.841820987654321
242 0.841820987654321
243 0.841820987654321
244 0.841820987654321
245 0.841820987654321
246 0.841820987654321
247 0.841820987654321
248 0.841820987654321
249 0.841820987654321
250 0.841820987654321
251 0.841820987654321
252 0.841820987654321
253 0.841820987654321
254 0.841820987654321
255 0.841820987654321
256 0.841820987654321
257 0.841820987654321
258 0.841820987654321
259 0.841820987654321
260 0.841820987654321
261 0.841820987654321
262 0.841820987654321
263 0.841820987654321
264 0.841820987654321
265 0.841820987654321
266 0.841820987654321
267 0.841820987654321
268 0.841820987654321
269 0.8425925925925926
270 0.8425925925925926
271 0.8425925925925926
272 0.8425925925925926
273 0.8425925925925926
274 0.8425925925925926
275 0.8425925925925926
276 0.8425925925925926
277 0.8425925925925926
278 0.8425925925925926
279 0.8425925925925926
280 0.8425925925925926
281 0.8425925925925926
282 0.8425925925925926
283 0.8425925925925926
284 0.8425925925925926
285 0.8425925925925926
286 0.8425925925925926
287 0.8425925925925926
288 0.8425925925925926
289 0.8425925925925926
290 0.8425925925925926
291 0.8425925925925926
292 0.8425925925925926
293 0.8425925925925926
294 0.8425925925925926
295 0.8425925925925926
296 0.8425925925925926
297 0.8425925925925926
298 0.8425925925925926
299 0.8425925925925926
300 0.8425925925925926
301 0.8425925925925926
302 0.8425925925925926
303 0.8425925925925926
304 0.8425925925925926
305 0.8425925925925926
306 0.8425925925925926
307 0.8425925925925926
308 0.8425925925925926
309 0.8425925925925926
310 0.8425925925925926
311 0.8425925925925926
312 0.8425925925925926
313 0.8425925925925926
314 0.8425925925925926
315 0.8425925925925926
316 0.8425925925925926
317 0.8425925925925926
318 0.8425925925925926
319 0.8425925925925926
320 0.8425925925925926
321 0.8425925925925926
322 0.8425925925925926
323 0.8425925925925926
324 0.8425925925925926
325 0.8425925925925926
326 0.8425925925925926
327 0.8425925925925926
328 0.8425925925925926
329 0.8425925925925926
330 0.8425925925925926
331 0.8425925925925926
332 0.8425925925925926
333 0.8425925925925926
334 0.8425925925925926
335 0.8425925925925926
336 0.8425925925925926
337 0.8425925925925926
338 0.8425925925925926
339 0.8425925925925926
340 0.8425925925925926
341 0.8425925925925926
342 0.8425925925925926
343 0.8425925925925926
344 0.8425925925925926
345 0.8425925925925926
346 0.8425925925925926
347 0.8425925925925926
348 0.8425925925925926
349 0.8425925925925926
350 0.8425925925925926
351 0.8425925925925926
352 0.8425925925925926
353 0.8425925925925926
354 0.8425925925925926
355 0.8425925925925926
356 0.8533950617283951
357 0.8533950617283951
358 0.8533950617283951
359 0.8533950617283951
360 0.8533950617283951
361 0.8533950617283951
362 0.8533950617283951
363 0.8533950617283951
364 0.8533950617283951
365 0.8533950617283951
366 0.8533950617283951
367 0.8533950617283951
368 0.8533950617283951
369 0.8533950617283951
370 0.8533950617283951
371 0.8533950617283951
372 0.8533950617283951
373 0.8533950617283951
374 0.8533950617283951
375 0.8533950617283951
376 0.8533950617283951
377 0.8533950617283951
378 0.8533950617283951
379 0.8533950617283951
380 0.8533950617283951
381 0.8533950617283951
382 0.8533950617283951
383 0.8533950617283951
384 0.8533950617283951
385 0.8533950617283951
386 0.8533950617283951
387 0.8533950617283951
388 0.8533950617283951
389 0.8533950617283951
390 0.8533950617283951
391 0.8533950617283951
392 0.8533950617283951
393 0.8533950617283951
394 0.8533950617283951
395 0.8533950617283951
396 0.8533950617283951
397 0.8533950617283951
398 0.8533950617283951
399 0.8533950617283951
400 0.8533950617283951
401 0.8533950617283951
402 0.8533950617283951
403 0.8533950617283951
404 0.8533950617283951
405 0.8533950617283951
406 0.8533950617283951
407 0.8533950617283951
408 0.8533950617283951
409 0.8533950617283951
410 0.8533950617283951
411 0.8533950617283951
412 0.8533950617283951
413 0.8533950617283951
414 0.8533950617283951
415 0.8533950617283951
416 0.8533950617283951
417 0.8533950617283951
418 0.8533950617283951
419 0.8533950617283951
420 0.8533950617283951
421 0.8533950617283951
422 0.8533950617283951
423 0.8533950617283951
424 0.8533950617283951
425 0.8533950617283951
426 0.8533950617283951
427 0.8533950617283951
428 0.8533950617283951
429 0.8533950617283951
430 0.8533950617283951
431 0.8533950617283951
432 0.8533950617283951
433 0.8533950617283951
434 0.8533950617283951
435 0.8533950617283951
436 0.8533950617283951
437 0.8533950617283951
438 0.8533950617283951
439 0.8533950617283951
440 0.8533950617283951
441 0.8533950617283951
442 0.8533950617283951
443 0.8533950617283951
444 0.8533950617283951
445 0.8533950617283951
446 0.8533950617283951
447 0.8533950617283951
448 0.8533950617283951
449 0.8533950617283951
450 0.8533950617283951
451 0.8533950617283951
452 0.8533950617283951
453 0.8533950617283951
454 0.8533950617283951
455 0.8533950617283951
456 0.8533950617283951
457 0.8533950617283951
458 0.8533950617283951
459 0.8533950617283951
460 0.8533950617283951
461 0.8533950617283951
462 0.8533950617283951
463 0.8533950617283951
464 0.8533950617283951
465 0.8533950617283951
466 0.8533950617283951
467 0.8533950617283951
468 0.8533950617283951
469 0.8533950617283951
470 0.8533950617283951
471 0.8533950617283951
472 0.8533950617283951
473 0.8533950617283951
474 0.8533950617283951
475 0.8533950617283951
476 0.8533950617283951
477 0.8533950617283951
478 0.8533950617283951
479 0.8680555555555556
480 0.8680555555555556
481 0.8680555555555556
482 0.8680555555555556
483 0.8680555555555556
484 0.8680555555555556
485 0.8680555555555556
486 0.8680555555555556
487 0.8680555555555556
488 0.8680555555555556
489 0.8680555555555556
490 0.8680555555555556
491 0.8680555555555556
492 0.8680555555555556
493 0.8680555555555556
494 0.8680555555555556
495 0.8680555555555556
496 0.8680555555555556
497 0.8680555555555556
498 0.8680555555555556
499 0.8680555555555556
500 0.8680555555555556
501 0.8680555555555556
502 0.8680555555555556
503 0.8680555555555556
504 0.8680555555555556
505 0.8680555555555556
506 0.8680555555555556
507 0.8680555555555556
508 0.8680555555555556
509 0.8680555555555556
510 0.8680555555555556
511 0.8680555555555556
512 0.8680555555555556
513 0.8680555555555556
514 0.8680555555555556
515 0.8680555555555556
516 0.8680555555555556
517 0.8680555555555556
518 0.8680555555555556
519 0.8680555555555556
520 0.8680555555555556
521 0.8680555555555556
522 0.8680555555555556
523 0.8680555555555556
524 0.8680555555555556
525 0.8680555555555556
526 0.8680555555555556
527 0.8680555555555556
528 0.8680555555555556
529 0.8680555555555556
530 0.8680555555555556
531 0.8680555555555556
532 0.8680555555555556
533 0.8680555555555556
534 0.8680555555555556
535 0.8680555555555556
536 0.8680555555555556
537 0.8680555555555556
538 0.8680555555555556
539 0.8680555555555556
540 0.8680555555555556
541 0.8680555555555556
542 0.8680555555555556
543 0.8680555555555556
544 0.8680555555555556
545 0.8680555555555556
546 0.8680555555555556
547 0.8680555555555556
548 0.8680555555555556
549 0.8680555555555556
550 0.8680555555555556
551 0.8680555555555556
552 0.8680555555555556
553 0.8680555555555556
554 0.8680555555555556
555 0.8680555555555556
556 0.8680555555555556
557 0.8680555555555556
558 0.8680555555555556
559 0.8680555555555556
560 0.8680555555555556
561 0.8680555555555556
562 0.8680555555555556
563 0.8680555555555556
564 0.8680555555555556
565 0.8680555555555556
566 0.8680555555555556
567 0.8680555555555556
568 0.8680555555555556
569 0.8680555555555556
570 0.8680555555555556
571 0.8680555555555556
572 0.8680555555555556
573 0.8680555555555556
574 0.8680555555555556
575 0.8680555555555556
576 0.8680555555555556
577 0.8680555555555556
578 0.8680555555555556
579 0.8680555555555556
580 0.8680555555555556
581 0.8680555555555556
582 0.8680555555555556
583 0.8680555555555556
584 0.8680555555555556
585 0.8680555555555556
586 0.8680555555555556
587 0.8680555555555556
588 0.8680555555555556
589 0.8680555555555556
590 0.8680555555555556
591 0.8680555555555556
592 0.8680555555555556
593 0.8680555555555556
594 0.8680555555555556
595 0.8680555555555556
596 0.8680555555555556
597 0.8680555555555556
598 0.8680555555555556
599 0.8680555555555556
600 0.8680555555555556
601 0.8680555555555556
602 0.8680555555555556
603 0.8680555555555556
604 0.8680555555555556
605 0.8680555555555556
606 0.8680555555555556
607 0.8680555555555556
608 0.8680555555555556
609 0.8680555555555556
610 0.8680555555555556
611 0.8680555555555556
612 0.8680555555555556
613 0.8680555555555556
614 0.8680555555555556
615 0.8680555555555556
616 0.8680555555555556
617 0.8680555555555556
618 0.8680555555555556
619 0.8680555555555556
620 0.8680555555555556
621 0.8680555555555556
622 0.8680555555555556
623 0.8680555555555556
624 0.8680555555555556
625 0.8680555555555556
626 0.8680555555555556
627 0.8680555555555556
628 0.8695987654320988
629 0.8695987654320988
630 0.8695987654320988
631 0.8695987654320988
632 0.8695987654320988
633 0.8695987654320988
634 0.8695987654320988
635 0.8695987654320988
636 0.8695987654320988
637 0.8695987654320988
638 0.8695987654320988
639 0.8695987654320988
640 0.8695987654320988
641 0.8695987654320988
642 0.8695987654320988
643 0.8695987654320988
644 0.8695987654320988
645 0.8695987654320988
646 0.8695987654320988
647 0.8695987654320988
648 0.8695987654320988
649 0.8695987654320988
650 0.8695987654320988
651 0.8695987654320988
652 0.8695987654320988
653 0.8695987654320988
654 0.8695987654320988
655 0.8695987654320988
656 0.8695987654320988
657 0.8695987654320988
658 0.8695987654320988
659 0.8695987654320988
660 0.8695987654320988
661 0.8695987654320988
662 0.8695987654320988
663 0.8695987654320988
664 0.8695987654320988
665 0.8695987654320988
666 0.8695987654320988
667 0.8695987654320988
668 0.8695987654320988
669 0.8695987654320988
670 0.8695987654320988
671 0.8695987654320988
672 0.8695987654320988
673 0.8695987654320988
674 0.8695987654320988
675 0.8695987654320988
676 0.8695987654320988
677 0.8695987654320988
678 0.8695987654320988
679 0.8695987654320988
680 0.8695987654320988
681 0.8695987654320988
682 0.8695987654320988
683 0.8695987654320988
684 0.8695987654320988
685 0.8695987654320988
686 0.8695987654320988
687 0.8695987654320988
688 0.8695987654320988
689 0.8695987654320988
690 0.8695987654320988
691 0.8695987654320988
692 0.8695987654320988
693 0.8695987654320988
694 0.8695987654320988
695 0.8695987654320988
696 0.8695987654320988
697 0.8695987654320988
698 0.8695987654320988
699 0.8695987654320988
700 0.8695987654320988
701 0.8695987654320988
702 0.8695987654320988
703 0.8695987654320988
704 0.8695987654320988
705 0.8695987654320988
706 0.8695987654320988
707 0.8695987654320988
708 0.8695987654320988
709 0.8695987654320988
710 0.8695987654320988
711 0.8695987654320988
712 0.8695987654320988
713 0.8695987654320988
714 0.8695987654320988
715 0.8695987654320988
716 0.8695987654320988
717 0.8695987654320988
718 0.8695987654320988
719 0.8695987654320988
720 0.8695987654320988
721 0.8695987654320988
722 0.8695987654320988
723 0.8695987654320988
724 0.8695987654320988
725 0.8695987654320988
726 0.8695987654320988
727 0.8695987654320988
728 0.8695987654320988
729 0.8695987654320988
730 0.8695987654320988
731 0.8695987654320988
732 0.8695987654320988
733 0.8695987654320988
734 0.8695987654320988
735 0.8695987654320988
736 0.8695987654320988
737 0.8695987654320988
738 0.8695987654320988
739 0.8695987654320988
740 0.8695987654320988
741 0.8695987654320988
742 0.8695987654320988
743 0.8695987654320988
744 0.8695987654320988
745 0.8695987654320988
746 0.8695987654320988
747 0.8695987654320988
748 0.8695987654320988
749 0.8695987654320988
750 0.8695987654320988
751 0.8695987654320988
752 0.8695987654320988
753 0.8695987654320988
754 0.8695987654320988
755 0.8695987654320988
756 0.8695987654320988
757 0.8695987654320988
758 0.8695987654320988
759 0.8695987654320988
760 0.8695987654320988
761 0.8695987654320988
762 0.8695987654320988
763 0.8695987654320988
764 0.8695987654320988
765 0.8695987654320988
766 0.8695987654320988
767 0.8695987654320988
768 0.8695987654320988
769 0.8695987654320988
770 0.8695987654320988
771 0.8695987654320988
772 0.8695987654320988
773 0.8695987654320988
774 0.8695987654320988
775 0.8695987654320988
776 0.8695987654320988
777 0.8695987654320988
778 0.8695987654320988
779 0.8695987654320988
780 0.8695987654320988
781 0.8695987654320988
782 0.8695987654320988
783 0.8695987654320988
784 0.8695987654320988
785 0.8695987654320988
786 0.8695987654320988
787 0.8695987654320988
788 0.8695987654320988
789 0.8695987654320988
790 0.8695987654320988
791 0.8695987654320988
792 0.8695987654320988
793 0.8695987654320988
794 0.8695987654320988
795 0.8695987654320988
796 0.8695987654320988
797 0.8695987654320988
798 0.8695987654320988
799 0.8695987654320988
800 0.8695987654320988
801 0.8695987654320988
802 0.8695987654320988
803 0.8695987654320988
804 0.8695987654320988
805 0.8695987654320988
806 0.8695987654320988
807 0.8695987654320988
808 0.8695987654320988
809 0.8695987654320988
810 0.8695987654320988
811 0.8695987654320988
812 0.8695987654320988
813 0.8695987654320988
814 0.8695987654320988
815 0.8695987654320988
816 0.8695987654320988
817 0.8695987654320988
818 0.8695987654320988
819 0.8695987654320988
820 0.8695987654320988
821 0.8695987654320988
822 0.8695987654320988
823 0.8695987654320988
824 0.8695987654320988
825 0.8695987654320988
826 0.8695987654320988
827 0.8695987654320988
828 0.8695987654320988
829 0.8695987654320988
830 0.8695987654320988
831 0.8695987654320988
832 0.8695987654320988
833 0.8695987654320988
834 0.8695987654320988
835 0.8695987654320988
836 0.8695987654320988
837 0.8695987654320988
838 0.8695987654320988
839 0.8695987654320988
840 0.8695987654320988
841 0.8695987654320988
842 0.8695987654320988
843 0.8695987654320988
844 0.8695987654320988
845 0.8695987654320988
846 0.8695987654320988
847 0.8695987654320988
848 0.8695987654320988
849 0.8695987654320988
850 0.8695987654320988
851 0.8695987654320988
852 0.8695987654320988
853 0.8695987654320988
854 0.8695987654320988
855 0.8695987654320988
856 0.8695987654320988
857 0.8695987654320988
858 0.8695987654320988
859 0.8695987654320988
860 0.8695987654320988
861 0.8695987654320988
862 0.8695987654320988
863 0.8695987654320988
864 0.8695987654320988
865 0.8695987654320988
866 0.8695987654320988
867 0.8695987654320988
868 0.8695987654320988
869 0.8695987654320988
870 0.8695987654320988
871 0.8695987654320988
872 0.8695987654320988
873 0.8695987654320988
874 0.8695987654320988
875 0.8695987654320988
876 0.8695987654320988
877 0.8695987654320988
878 0.8703703703703703
879 0.8703703703703703
880 0.8703703703703703
881 0.8703703703703703
882 0.8703703703703703
883 0.8703703703703703
884 0.8703703703703703
885 0.8703703703703703
886 0.8703703703703703
887 0.8703703703703703
888 0.8703703703703703
889 0.8703703703703703
890 0.8703703703703703
891 0.8703703703703703
892 0.8703703703703703
893 0.8703703703703703
894 0.8703703703703703
895 0.8703703703703703
896 0.8703703703703703
897 0.8703703703703703
898 0.8703703703703703
899 0.8703703703703703
900 0.8703703703703703
901 0.8703703703703703
902 0.8703703703703703
903 0.8703703703703703
904 0.8703703703703703
905 0.8703703703703703
906 0.8703703703703703
907 0.8703703703703703
908 0.8703703703703703
909 0.8703703703703703
910 0.8703703703703703
911 0.8703703703703703
912 0.8703703703703703
913 0.8703703703703703
914 0.8703703703703703
915 0.8703703703703703
916 0.8703703703703703
917 0.8703703703703703
918 0.8703703703703703
919 0.8703703703703703
920 0.8703703703703703
921 0.8703703703703703
922 0.8703703703703703
923 0.8703703703703703
924 0.8703703703703703
925 0.8703703703703703
926 0.8703703703703703
927 0.8703703703703703
928 0.8703703703703703
929 0.8703703703703703
930 0.8703703703703703
931 0.8703703703703703
932 0.8703703703703703
933 0.8703703703703703
934 0.8703703703703703
935 0.8703703703703703
936 0.8703703703703703
937 0.8703703703703703
938 0.8703703703703703
939 0.8703703703703703
940 0.8703703703703703
941 0.8703703703703703
942 0.8703703703703703
943 0.8703703703703703
944 0.8703703703703703
945 0.8703703703703703
946 0.8703703703703703
947 0.8703703703703703
948 0.8703703703703703
949 0.8703703703703703
950 0.8703703703703703
951 0.8703703703703703
952 0.8703703703703703
953 0.8703703703703703
954 0.8703703703703703
955 0.8703703703703703
956 0.8703703703703703
957 0.8703703703703703
958 0.8703703703703703
959 0.8703703703703703
960 0.8703703703703703
961 0.8703703703703703
962 0.8703703703703703
963 0.8703703703703703
964 0.8703703703703703
965 0.8703703703703703
966 0.8703703703703703
967 0.8703703703703703
968 0.8703703703703703
969 0.8703703703703703
970 0.8703703703703703
971 0.8703703703703703
972 0.8703703703703703
973 0.8703703703703703
974 0.8703703703703703
975 0.8703703703703703
976 0.8703703703703703
977 0.8703703703703703
978 0.8703703703703703
979 0.8703703703703703
980 0.8703703703703703
981 0.8703703703703703
982 0.8703703703703703
983 0.8703703703703703
984 0.8703703703703703
985 0.8703703703703703
986 0.8703703703703703
987 0.8703703703703703
988 0.8703703703703703
989 0.8703703703703703
990 0.8703703703703703
991 0.8703703703703703
992 0.8703703703703703
993 0.8703703703703703
994 0.8703703703703703
995 0.8703703703703703
996 0.8703703703703703
997 0.8703703703703703
998 0.8703703703703703
999 0.8703703703703703
