0 0.0003125
1 0.16994791666666667
2 0.32619791666666664
3 0.350234375
4 0.4237239583333333
5 0.481171875
6 0.5530208333333333
7 0.6108072916666667
8 0.6715885416666667
9 0.678671875
10 0.685234375
11 0.6887760416666666
12 0.6935677083333334
13 0.699609375
14 0.705078125
15 0.7069791666666667
16 0.7075
17 0.7084375
18 0.7092447916666667
19 0.709296875
20 0.7108854166666667
21 0.7123177083333333
22 0.7151822916666667
23 0.7184114583333333
24 0.722265625
25 0.7232291666666667
26 0.7237760416666666
27 0.7249479166666667
28 0.7254427083333334
29 0.7233854166666667
30 0.7264322916666667
31 0.7295833333333334
32 0.7259895833333333
33 0.726484375
34 0.7192708333333333
35 0.7192708333333333
36 0.7208854166666666
37 0.7208854166666666
38 0.7269791666666666
39 0.7269791666666666
40 0.7266927083333333
41 0.728515625
42 0.7266666666666667
43 0.7270572916666667
44 0.7285416666666666
45 0.7276041666666667
46 0.7276041666666667
47 0.7279427083333333
48 0.7280729166666666
49 0.7371354166666667
50 0.7370833333333333
51 0.7384635416666666
52 0.740078125
53 0.7447916666666666
54 0.745234375
55 0.74640625
56 0.7494791666666667
57 0.7497916666666666
58 0.7504427083333334
59 0.753671875
60 0.7548177083333333
61 0.7548177083333333
62 0.7563020833333334
63 0.7559114583333333
64 0.7568489583333333
65 0.7574479166666667
66 0.75765625
67 0.7583072916666667
68 0.7583072916666667
69 0.7583854166666667
70 0.7592447916666667
71 0.760859375
72 0.7640885416666666
73 0.7655989583333334
74 0.7637239583333333
75 0.7640364583333333
76 0.762890625
77 0.7643489583333334
78 0.7643489583333334
79 0.7643489583333334
80 0.7664583333333334
81 0.766484375
82 0.7667447916666666
83 0.766875
84 0.766875
85 0.7676302083333333
86 0.7690104166666667
87 0.7702864583333333
88 0.77015625
89 0.77015625
90 0.7709375
91 0.771171875
92 0.77296875
93 0.77609375
94 0.7764583333333334
95 0.7774479166666667
96 0.7780208333333334
97 0.7795833333333333
98 0.78
99 0.78
100 0.77984375
101 0.77890625
102 0.779375
103 0.779375
104 0.7798958333333333
105 0.7804427083333333
106 0.7797135416666666
107 0.7789583333333333
108 0.778984375
109 0.778984375
110 0.7796354166666667
111 0.77859375
112 0.7770833333333333
113 0.7746614583333333
114 0.77484375
115 0.764765625
116 0.7745052083333334
117 0.7745052083333334
118 0.7730989583333333
119 0.7730989583333333
120 0.7730989583333333
121 0.7730989583333333
122 0.7733333333333333
123 0.7733333333333333
124 0.7733072916666667
125 0.7724739583333333
126 0.7699479166666666
127 0.7699479166666666
128 0.771484375
129 0.771484375
130 0.7723697916666666
131 0.7711458333333333
132 0.7711458333333333
133 0.7711458333333333
134 0.7716927083333334
135 0.7699479166666666
136 0.7703385416666667
137 0.7703385416666667
138 0.7703385416666667
139 0.77046875
140 0.77046875
141 0.77046875
142 0.7717447916666667
143 0.7717447916666667
144 0.7715364583333333
145 0.771953125
146 0.7715104166666666
147 0.7715885416666667
148 0.769765625
149 0.7709114583333333
150 0.7709114583333333
151 0.7709114583333333
152 0.7709375
153 0.7736979166666667
154 0.7737239583333333
155 0.7731770833333333
156 0.773203125
157 0.77359375
158 0.7745572916666666
159 0.774765625
160 0.774296875
161 0.7749479166666666
162 0.7749479166666666
163 0.7749479166666666
164 0.7749479166666666
165 0.7749479166666666
166 0.7749479166666666
167 0.7749479166666666
168 0.7749479166666666
169 0.7749479166666666
170 0.7759375
171 0.775625
172 0.7769270833333334
173 0.777890625
174 0.77921875
175 0.7790885416666666
176 0.7790885416666666
177 0.77859375
178 0.77859375
179 0.780546875
180 0.7788020833333333
181 0.7788020833333333
182 0.7781510416666667
183 0.7783072916666667
184 0.7783072916666667
185 0.7783333333333333
186 0.7783854166666667
187 0.7772135416666667
188 0.7772135416666667
189 0.7772135416666667
190 0.7774479166666667
191 0.7774479166666667
192 0.7774479166666667
193 0.7756770833333333
194 0.7756770833333333
195 0.774375
196 0.77671875
197 0.77671875
198 0.77671875
199 0.77671875
