0 -98.73598580952311
1 -89.41648257791994
2 -47.10372981715504
3 -47.10372981715504
4 -47.10372981715504
5 -47.10372981715504
6 -47.10372981715504
7 -47.10372981715504
8 -47.10372981715504
9 -47.10372981715504
10 -17.737083534447347
11 -17.737083534447347
12 -17.737083534447347
13 -17.737083534447347
14 -17.737083534447347
15 -16.897992252346953
16 -1.0198763731464584
17 6.300358547594821
18 6.300358547594821
19 6.300358547594821
20 6.300358547594821
21 6.300358547594821
22 7.412866890019795
23 10.540717864642431
24 10.540717864642431
25 47.370428557835474
26 47.370428557835474
27 47.370428557835474
28 50.23356708672074
29 50.23356708672074
30 50.23356708672074
31 50.23356708672074
32 50.23356708672074
33 91.16698636254776
34 91.16698636254776
35 91.16698636254776
36 91.16698636254776
37 91.16698636254776
38 94.64365795543911
39 94.64365795543911
40 94.64365795543911
41 116.9765403430839
42 116.9765403430839
43 116.9765403430839
44 124.37894313059806
45 124.37894313059806
46 124.37894313059806
47 124.37894313059806
48 124.37894313059806
49 124.37894313059806
50 146.766755829286
51 146.766755829286
52 146.766755829286
53 146.766755829286
54 146.766755829286
55 146.766755829286
56 146.766755829286
57 146.766755829286
58 146.766755829286
59 146.766755829286
60 146.766755829286
61 146.766755829286
62 146.766755829286
63 146.766755829286
64 146.766755829286
65 146.766755829286
66 146.766755829286
67 146.766755829286
68 146.766755829286
69 146.766755829286
70 146.766755829286
71 146.766755829286
72 146.766755829286
73 146.766755829286
74 146.766755829286
75 146.766755829286
76 146.766755829286
77 146.766755829286
78 146.766755829286
79 146.766755829286
80 146.766755829286
81 146.766755829286
82 146.766755829286
83 146.766755829286
84 146.766755829286
85 148.24277323621303
86 148.24277323621303
87 148.24277323621303
88 148.24277323621303
89 148.24277323621303
90 148.24277323621303
91 154.10480283525956
92 154.10480283525956
93 154.10480283525956
94 154.10480283525956
95 154.10480283525956
96 154.10480283525956
97 157.36980960136177
98 157.36980960136177
99 170.17063794630886
100 170.17063794630886
101 170.17063794630886
102 170.17063794630886
103 170.17063794630886
104 170.17063794630886
105 170.17063794630886
106 170.17063794630886
107 170.17063794630886
108 170.17063794630886
109 173.9451568430372
110 173.9451568430372
111 173.9451568430372
112 173.9451568430372
113 173.9451568430372
114 188.9704005273568
115 188.9704005273568
116 188.9704005273568
117 188.9704005273568
118 188.9704005273568
119 188.9704005273568
120 188.9704005273568
121 188.9704005273568
122 188.9704005273568
123 188.9704005273568
124 188.9704005273568
125 188.9704005273568
126 188.9704005273568
127 188.9704005273568
128 188.9704005273568
129 194.97290149497033
130 194.97290149497033
131 194.97290149497033
132 194.97290149497033
133 194.97290149497033
134 194.97290149497033
135 194.97290149497033
136 194.97290149497033
137 194.97290149497033
138 194.97290149497033
139 194.97290149497033
140 194.97290149497033
141 194.97290149497033
142 194.97290149497033
143 194.97290149497033
144 194.97290149497033
145 194.97290149497033
146 194.97290149497033
147 194.97290149497033
148 194.97290149497033
149 194.97290149497033
150 194.97290149497033
151 194.97290149497033
152 194.97290149497033
153 194.97290149497033
154 194.97290149497033
155 194.97290149497033
156 194.97290149497033
157 194.97290149497033
158 194.97290149497033
159 194.97290149497033
160 194.97290149497033
161 194.97290149497033
162 194.97290149497033
163 194.97290149497033
164 194.97290149497033
165 194.97290149497033
166 194.97290149497033
167 194.97290149497033
168 194.97290149497033
169 194.97290149497033
170 194.97290149497033
171 194.97290149497033
172 194.97290149497033
173 194.97290149497033
174 204.48983839726193
175 204.48983839726193
176 204.48983839726193
177 204.48983839726193
178 204.48983839726193
179 204.48983839726193
180 204.48983839726193
181 204.48983839726193
182 204.48983839726193
183 204.48983839726193
184 204.48983839726193
185 204.48983839726193
186 204.48983839726193
187 204.48983839726193
188 204.48983839726193
189 204.48983839726193
190 204.48983839726193
191 204.48983839726193
192 204.48983839726193
193 204.48983839726193
194 204.48983839726193
195 204.48983839726193
196 204.48983839726193
197 204.48983839726193
198 204.48983839726193
199 204.48983839726193
200 204.48983839726193
201 204.48983839726193
202 204.48983839726193
203 204.48983839726193
204 204.48983839726193
205 204.48983839726193
206 204.48983839726193
207 204.48983839726193
208 204.48983839726193
209 204.48983839726193
210 206.17432447836077
211 206.17432447836077
212 206.17432447836077
213 206.17432447836077
214 206.17432447836077
215 206.17432447836077
216 206.17432447836077
217 206.17432447836077
218 206.17432447836077
219 206.17432447836077
220 206.17432447836077
221 206.17432447836077
222 206.17432447836077
223 206.17432447836077
224 206.17432447836077
225 206.17432447836077
226 206.17432447836077
227 206.17432447836077
228 207.97614576683438
229 207.97614576683438
230 207.97614576683438
231 207.97614576683438
232 207.97614576683438
233 207.97614576683438
234 207.97614576683438
235 208.63637303739068
236 208.63637303739068
237 208.63637303739068
238 208.63637303739068
239 208.63637303739068
240 208.63637303739068
241 208.63637303739068
242 208.63637303739068
243 208.63637303739068
244 208.63637303739068
245 208.63637303739068
246 208.63637303739068
247 208.63637303739068
248 208.63637303739068
249 208.63637303739068
250 210.45686072020456
251 210.45686072020456
252 210.45686072020456
253 210.45686072020456
254 210.45686072020456
255 210.45686072020456
256 210.45686072020456
257 210.45686072020456
258 210.45686072020456
259 210.45686072020456
260 210.45686072020456
261 210.45686072020456
262 210.45686072020456
263 210.45686072020456
264 210.45686072020456
265 210.63092313294473
266 210.63092313294473
267 210.63092313294473
268 210.63092313294473
269 210.63092313294473
270 210.63092313294473
271 210.63092313294473
272 210.63092313294473
273 210.63092313294473
274 211.47176911986526
275 211.47176911986526
276 211.47176911986526
277 211.47176911986526
278 211.47176911986526
279 211.47176911986526
280 211.47176911986526
281 211.47176911986526
282 211.47176911986526
283 211.47176911986526
284 211.47176911986526
285 211.47176911986526
286 211.47176911986526
287 211.47176911986526
288 211.47176911986526
289 211.47176911986526
290 216.877220715059
291 216.877220715059
292 216.877220715059
293 216.877220715059
294 216.877220715059
295 216.877220715059
296 216.877220715059
297 216.877220715059
298 216.877220715059
299 216.877220715059
300 216.877220715059
301 216.877220715059
302 216.877220715059
303 216.877220715059
304 216.877220715059
305 216.877220715059
306 216.877220715059
307 216.877220715059
308 216.877220715059
309 216.877220715059
310 216.877220715059
311 216.877220715059
312 216.877220715059
313 216.877220715059
314 216.877220715059
315 216.877220715059
316 216.877220715059
317 216.877220715059
318 216.877220715059
319 216.877220715059
320 216.877220715059
321 216.877220715059
322 216.877220715059
323 216.877220715059
324 216.877220715059
325 216.877220715059
326 216.877220715059
327 216.877220715059
328 216.877220715059
329 216.877220715059
330 216.877220715059
331 216.877220715059
332 216.877220715059
333 216.877220715059
334 216.877220715059
335 216.877220715059
336 216.877220715059
337 216.877220715059
338 216.877220715059
339 216.877220715059
340 216.877220715059
341 216.877220715059
342 216.877220715059
343 216.877220715059
344 216.877220715059
345 216.877220715059
346 216.877220715059
347 216.877220715059
348 216.877220715059
349 216.877220715059
350 216.877220715059
351 216.877220715059
352 216.877220715059
353 216.877220715059
354 216.877220715059
355 216.877220715059
356 216.877220715059
357 216.877220715059
358 216.877220715059
359 216.877220715059
360 216.877220715059
361 216.877220715059
362 216.877220715059
363 216.877220715059
364 216.877220715059
365 216.877220715059
366 216.877220715059
367 216.877220715059
368 216.877220715059
369 216.877220715059
370 216.877220715059
371 216.877220715059
372 216.877220715059
373 217.18164214426747
374 217.18164214426747
375 220.8040972815037
376 220.8040972815037
377 220.8040972815037
378 220.8040972815037
379 220.8040972815037
380 220.8040972815037
381 220.8040972815037
382 220.8040972815037
383 220.8040972815037
384 220.8040972815037
385 220.8040972815037
386 220.8040972815037
387 220.8040972815037
388 220.8040972815037
389 220.8040972815037
390 220.8040972815037
391 220.8040972815037
392 220.8040972815037
393 220.8040972815037
394 220.8040972815037
395 220.8040972815037
396 220.8040972815037
397 220.8040972815037
398 220.8040972815037
399 221.68521595627234
400 221.68521595627234
401 221.68521595627234
402 221.68521595627234
403 221.68521595627234
404 221.68521595627234
405 221.68521595627234
406 221.68521595627234
407 221.68521595627234
408 221.68521595627234
409 221.68521595627234
410 221.68521595627234
411 221.68521595627234
412 221.68521595627234
413 221.68521595627234
414 221.68521595627234
415 221.68521595627234
416 221.68521595627234
417 221.68521595627234
418 221.68521595627234
419 221.68521595627234
420 221.68521595627234
421 221.68521595627234
422 221.68521595627234
423 221.68521595627234
424 221.68521595627234
425 221.68521595627234
426 221.68521595627234
427 221.68521595627234
428 221.68521595627234
429 221.68521595627234
430 221.68521595627234
431 221.68521595627234
432 221.68521595627234
433 221.68521595627234
434 221.68521595627234
435 221.68521595627234
436 221.68521595627234
437 221.68521595627234
438 221.68521595627234
439 221.68521595627234
440 221.68521595627234
441 221.68521595627234
442 221.68521595627234
443 221.68521595627234
444 221.68521595627234
445 221.68521595627234
446 223.01927479674666
447 223.01927479674666
448 223.01927479674666
449 223.01927479674666
450 223.01927479674666
451 223.01927479674666
452 223.01927479674666
453 223.01927479674666
454 223.01927479674666
455 223.01927479674666
456 223.01927479674666
457 223.01927479674666
458 223.01927479674666
459 223.01927479674666
460 223.01927479674666
461 223.01927479674666
462 223.01927479674666
463 223.01927479674666
464 223.01927479674666
465 223.01927479674666
466 223.01927479674666
467 223.01927479674666
468 223.01927479674666
469 223.01927479674666
470 223.01927479674666
471 223.01927479674666
472 223.01927479674666
473 223.01927479674666
474 223.01927479674666
475 223.01927479674666
476 223.01927479674666
477 224.91791014462788
478 224.91791014462788
479 224.91791014462788
480 224.91791014462788
481 224.91791014462788
482 224.91791014462788
483 224.91791014462788
484 224.91791014462788
485 224.91791014462788
486 224.91791014462788
487 224.91791014462788
488 224.91791014462788
489 224.91791014462788
490 224.91791014462788
491 224.91791014462788
492 224.91791014462788
493 224.91791014462788
494 224.91791014462788
495 224.91791014462788
496 224.91791014462788
497 224.91791014462788
498 224.91791014462788
499 224.91791014462788
500 224.91791014462788
501 224.91791014462788
502 224.91791014462788
503 224.91791014462788
504 224.91791014462788
505 224.91791014462788
506 224.91791014462788
507 224.91791014462788
508 224.91791014462788
509 224.91791014462788
510 224.91791014462788
511 224.91791014462788
512 224.91791014462788
513 224.91791014462788
514 224.91791014462788
515 224.91791014462788
516 224.91791014462788
517 224.91791014462788
518 224.91791014462788
519 224.91791014462788
520 224.91791014462788
521 224.91791014462788
522 224.91791014462788
523 224.91791014462788
524 224.91791014462788
525 224.91791014462788
526 224.91791014462788
527 224.91791014462788
528 224.91791014462788
529 224.91791014462788
530 224.91791014462788
531 224.91791014462788
532 224.91791014462788
533 224.91791014462788
534 224.91791014462788
535 224.91791014462788
536 224.91791014462788
537 224.91791014462788
538 224.91791014462788
539 224.91791014462788
540 224.91791014462788
541 224.91791014462788
542 224.91791014462788
543 224.91791014462788
544 224.91791014462788
545 224.91791014462788
546 224.91791014462788
547 224.91791014462788
548 224.91791014462788
549 224.91791014462788
550 224.91791014462788
551 224.91791014462788
552 224.91791014462788
553 224.91791014462788
554 224.91791014462788
555 224.91791014462788
556 224.91791014462788
557 224.91791014462788
558 224.91791014462788
559 224.91791014462788
560 224.91791014462788
561 224.91791014462788
562 224.91791014462788
563 224.91791014462788
564 224.91791014462788
565 224.91791014462788
566 224.91791014462788
567 224.91791014462788
568 224.91791014462788
569 224.91791014462788
570 224.91791014462788
571 224.91791014462788
572 224.91791014462788
573 224.91791014462788
574 224.91791014462788
575 224.91791014462788
576 224.91791014462788
577 224.91791014462788
578 224.91791014462788
579 224.91791014462788
580 224.91791014462788
581 224.91791014462788
582 224.91791014462788
583 224.91791014462788
584 224.91791014462788
585 224.91791014462788
586 224.91791014462788
587 224.91791014462788
588 224.91791014462788
589 224.91791014462788
590 224.91791014462788
591 224.91791014462788
592 224.91791014462788
593 224.91791014462788
594 224.91791014462788
595 224.91791014462788
596 224.91791014462788
597 224.91791014462788
598 224.91791014462788
599 224.91791014462788
600 224.91791014462788
601 224.91791014462788
602 224.91791014462788
603 224.91791014462788
604 224.91791014462788
605 224.91791014462788
606 224.91791014462788
607 224.91791014462788
608 224.91791014462788
609 224.91791014462788
610 224.91791014462788
611 224.91791014462788
612 224.91791014462788
613 224.91791014462788
614 224.91791014462788
615 224.91791014462788
616 224.91791014462788
617 224.91791014462788
618 224.91791014462788
619 224.91791014462788
620 224.91791014462788
621 224.91791014462788
622 224.91791014462788
623 224.91791014462788
624 224.91791014462788
625 224.91791014462788
626 224.91791014462788
627 224.91791014462788
628 224.91791014462788
629 224.91791014462788
630 224.91791014462788
631 224.91791014462788
632 224.91791014462788
633 224.91791014462788
634 224.91791014462788
635 224.91791014462788
636 224.91791014462788
637 224.91791014462788
638 224.91791014462788
639 224.91791014462788
640 224.91791014462788
641 224.91791014462788
642 224.91791014462788
643 224.91791014462788
644 224.91791014462788
645 224.91791014462788
646 224.91791014462788
647 224.91791014462788
648 224.91791014462788
649 224.91791014462788
650 224.91791014462788
651 224.91791014462788
652 224.91791014462788
653 224.91791014462788
654 224.91791014462788
655 224.91791014462788
656 224.91791014462788
657 224.91791014462788
658 224.91791014462788
659 224.91791014462788
660 224.91791014462788
661 224.91791014462788
662 224.91791014462788
663 224.91791014462788
664 224.91791014462788
665 224.91791014462788
666 224.91791014462788
667 224.91791014462788
668 224.91791014462788
669 224.91791014462788
670 224.91791014462788
671 228.802953438749
672 228.802953438749
673 228.802953438749
674 228.802953438749
675 228.802953438749
676 228.802953438749
677 228.802953438749
678 228.802953438749
679 228.802953438749
680 228.802953438749
681 228.802953438749
682 228.802953438749
683 228.802953438749
684 228.802953438749
685 228.802953438749
686 228.802953438749
687 228.802953438749
688 228.802953438749
689 228.802953438749
690 228.802953438749
691 228.802953438749
692 228.802953438749
693 228.802953438749
694 228.802953438749
695 228.802953438749
696 228.802953438749
697 228.802953438749
698 228.802953438749
699 228.802953438749
700 228.802953438749
701 228.802953438749
702 228.802953438749
703 228.802953438749
704 228.802953438749
705 228.802953438749
706 228.802953438749
707 228.802953438749
708 228.802953438749
709 228.802953438749
710 228.802953438749
711 228.802953438749
712 228.802953438749
713 228.802953438749
714 228.802953438749
715 228.802953438749
716 228.802953438749
717 228.802953438749
718 228.802953438749
719 228.802953438749
720 228.802953438749
721 228.802953438749
722 228.802953438749
723 228.802953438749
724 228.802953438749
725 228.802953438749
726 228.802953438749
727 228.802953438749
728 228.802953438749
729 228.802953438749
730 228.802953438749
731 228.802953438749
732 228.802953438749
733 228.802953438749
734 228.802953438749
735 228.802953438749
736 228.802953438749
737 228.802953438749
738 228.802953438749
739 228.802953438749
740 228.802953438749
741 228.802953438749
742 228.802953438749
743 228.802953438749
744 228.802953438749
745 228.802953438749
746 228.802953438749
747 228.802953438749
748 228.802953438749
749 228.802953438749
750 228.802953438749
751 228.802953438749
752 228.802953438749
753 228.802953438749
754 228.802953438749
755 228.802953438749
756 228.802953438749
757 228.802953438749
758 228.802953438749
759 228.802953438749
760 228.802953438749
761 228.802953438749
762 228.802953438749
763 228.802953438749
764 228.802953438749
765 228.802953438749
766 228.802953438749
767 228.802953438749
768 228.802953438749
769 228.802953438749
770 228.802953438749
771 228.802953438749
772 228.802953438749
773 228.802953438749
774 228.802953438749
775 228.802953438749
776 228.802953438749
777 228.802953438749
778 228.802953438749
779 228.802953438749
780 228.802953438749
781 228.802953438749
782 228.802953438749
783 228.802953438749
784 228.802953438749
785 228.802953438749
786 228.802953438749
787 228.802953438749
788 228.802953438749
789 228.802953438749
790 228.802953438749
791 228.802953438749
792 228.802953438749
793 228.802953438749
794 228.802953438749
795 228.802953438749
796 228.802953438749
797 228.802953438749
798 228.802953438749
799 228.802953438749
800 228.802953438749
801 228.802953438749
802 228.802953438749
803 228.802953438749
804 228.802953438749
805 228.802953438749
806 228.802953438749
807 228.802953438749
808 228.802953438749
809 228.802953438749
810 228.802953438749
811 228.802953438749
812 228.802953438749
813 228.802953438749
814 228.802953438749
815 228.802953438749
816 228.802953438749
817 228.802953438749
818 228.802953438749
819 228.802953438749
820 228.802953438749
821 228.802953438749
822 228.802953438749
823 228.802953438749
824 228.802953438749
825 228.802953438749
826 228.802953438749
827 228.802953438749
828 228.802953438749
829 228.802953438749
830 228.802953438749
831 228.802953438749
832 228.802953438749
833 228.802953438749
834 228.802953438749
835 228.802953438749
836 228.802953438749
837 228.802953438749
838 228.802953438749
839 228.802953438749
840 228.802953438749
841 228.802953438749
842 228.802953438749
843 228.802953438749
844 228.802953438749
845 228.802953438749
846 228.802953438749
847 228.802953438749
848 228.802953438749
849 228.802953438749
850 228.802953438749
851 228.802953438749
852 228.802953438749
853 228.802953438749
854 228.802953438749
855 228.802953438749
856 228.802953438749
857 228.802953438749
858 228.802953438749
859 228.802953438749
860 228.802953438749
861 228.802953438749
862 228.802953438749
863 228.802953438749
864 228.802953438749
865 228.802953438749
866 228.802953438749
867 228.802953438749
868 228.802953438749
869 228.802953438749
870 228.802953438749
871 228.802953438749
872 228.802953438749
873 228.802953438749
874 228.802953438749
875 228.802953438749
876 228.802953438749
877 228.802953438749
878 228.802953438749
879 228.802953438749
880 228.802953438749
881 228.802953438749
882 228.802953438749
883 228.802953438749
884 228.802953438749
885 228.802953438749
886 228.802953438749
887 228.802953438749
888 228.802953438749
889 228.802953438749
890 228.802953438749
891 228.802953438749
892 228.802953438749
893 228.802953438749
894 228.802953438749
895 228.802953438749
896 228.802953438749
897 228.802953438749
898 228.802953438749
899 228.802953438749
900 228.802953438749
901 228.802953438749
902 228.802953438749
903 228.802953438749
904 228.802953438749
905 228.802953438749
906 228.802953438749
907 228.802953438749
908 228.802953438749
909 228.802953438749
910 228.802953438749
911 228.802953438749
912 228.802953438749
913 228.802953438749
914 228.802953438749
915 228.802953438749
916 228.802953438749
917 228.802953438749
918 228.802953438749
919 228.802953438749
920 228.802953438749
921 228.802953438749
922 228.802953438749
923 228.802953438749
924 228.802953438749
925 228.802953438749
926 228.802953438749
927 228.802953438749
928 228.802953438749
929 228.802953438749
930 228.802953438749
931 228.802953438749
932 228.802953438749
933 228.802953438749
934 228.802953438749
935 228.802953438749
936 228.802953438749
937 228.802953438749
938 228.802953438749
939 228.802953438749
940 228.802953438749
941 228.802953438749
942 228.802953438749
943 228.802953438749
944 228.802953438749
945 228.802953438749
946 228.802953438749
947 228.802953438749
948 228.802953438749
949 228.802953438749
950 228.802953438749
951 228.802953438749
952 228.802953438749
953 228.802953438749
954 228.802953438749
955 228.802953438749
956 228.802953438749
957 228.802953438749
958 228.802953438749
959 228.802953438749
960 228.802953438749
961 228.802953438749
962 228.802953438749
963 228.802953438749
964 228.802953438749
965 228.802953438749
966 228.802953438749
967 228.802953438749
968 228.802953438749
969 228.802953438749
970 228.802953438749
971 228.802953438749
972 228.802953438749
973 228.802953438749
974 228.802953438749
975 228.802953438749
976 228.802953438749
977 228.802953438749
978 228.802953438749
979 228.802953438749
980 228.802953438749
981 228.802953438749
982 228.802953438749
983 228.802953438749
984 228.802953438749
985 228.802953438749
986 228.802953438749
987 228.802953438749
988 228.802953438749
989 228.802953438749
990 228.802953438749
991 228.802953438749
992 228.802953438749
993 228.802953438749
994 228.802953438749
995 228.802953438749
996 228.802953438749
997 228.802953438749
998 228.802953438749
999 228.802953438749
1000 228.802953438749
1001 228.802953438749
1002 228.802953438749
1003 228.802953438749
1004 228.802953438749
1005 228.802953438749
1006 228.802953438749
1007 228.802953438749
1008 228.802953438749
1009 228.802953438749
1010 228.802953438749
1011 228.802953438749
1012 228.802953438749
1013 228.802953438749
1014 228.802953438749
1015 228.802953438749
1016 228.802953438749
1017 228.802953438749
1018 228.802953438749
1019 228.802953438749
1020 228.802953438749
1021 228.802953438749
1022 228.802953438749
1023 228.802953438749
1024 228.802953438749
1025 228.802953438749
1026 228.802953438749
1027 228.802953438749
1028 228.802953438749
1029 228.802953438749
1030 228.802953438749
1031 228.802953438749
1032 228.802953438749
1033 228.802953438749
1034 228.802953438749
1035 228.802953438749
1036 228.802953438749
1037 228.802953438749
1038 228.802953438749
1039 228.802953438749
1040 228.802953438749
1041 228.802953438749
1042 228.802953438749
1043 228.802953438749
1044 228.802953438749
1045 228.802953438749
1046 228.802953438749
1047 228.802953438749
1048 228.802953438749
1049 228.802953438749
1050 228.802953438749
1051 228.802953438749
1052 228.802953438749
1053 228.802953438749
1054 228.802953438749
1055 228.802953438749
1056 228.802953438749
1057 228.802953438749
1058 228.802953438749
1059 228.802953438749
1060 228.802953438749
1061 228.802953438749
1062 228.802953438749
1063 228.802953438749
1064 228.802953438749
1065 228.802953438749
1066 228.802953438749
1067 228.802953438749
1068 228.802953438749
1069 228.802953438749
1070 228.802953438749
1071 228.802953438749
1072 228.802953438749
1073 228.802953438749
1074 228.802953438749
1075 228.802953438749
1076 228.802953438749
1077 228.802953438749
1078 228.802953438749
1079 228.802953438749
1080 228.802953438749
1081 228.802953438749
1082 228.802953438749
1083 228.802953438749
1084 228.802953438749
1085 228.802953438749
1086 228.802953438749
1087 228.802953438749
1088 228.802953438749
1089 228.802953438749
1090 228.802953438749
1091 228.802953438749
1092 228.802953438749
1093 228.802953438749
1094 230.19198694622702
1095 230.19198694622702
1096 230.19198694622702
1097 230.19198694622702
1098 230.19198694622702
1099 230.19198694622702
1100 230.19198694622702
1101 230.19198694622702
1102 230.19198694622702
1103 230.19198694622702
1104 230.19198694622702
1105 230.19198694622702
1106 230.19198694622702
1107 230.19198694622702
1108 230.19198694622702
1109 230.19198694622702
1110 230.19198694622702
1111 230.19198694622702
1112 230.19198694622702
1113 230.19198694622702
1114 230.19198694622702
1115 230.19198694622702
1116 230.19198694622702
1117 230.19198694622702
1118 230.19198694622702
1119 230.19198694622702
1120 230.19198694622702
1121 230.19198694622702
1122 230.19198694622702
1123 230.19198694622702
1124 230.19198694622702
1125 230.19198694622702
1126 230.19198694622702
1127 230.19198694622702
1128 230.19198694622702
1129 230.19198694622702
1130 230.19198694622702
1131 230.19198694622702
1132 230.19198694622702
1133 230.19198694622702
1134 230.19198694622702
1135 230.19198694622702
1136 230.19198694622702
1137 230.19198694622702
1138 230.19198694622702
1139 230.19198694622702
1140 230.19198694622702
1141 230.19198694622702
1142 230.19198694622702
1143 230.19198694622702
1144 230.19198694622702
1145 230.19198694622702
1146 230.19198694622702
1147 230.19198694622702
1148 230.19198694622702
1149 230.19198694622702
1150 230.19198694622702
1151 230.19198694622702
1152 230.19198694622702
1153 230.19198694622702
1154 230.19198694622702
1155 230.19198694622702
1156 230.19198694622702
1157 230.19198694622702
1158 230.19198694622702
1159 230.19198694622702
1160 230.19198694622702
1161 230.19198694622702
1162 230.19198694622702
1163 230.19198694622702
1164 230.19198694622702
1165 230.19198694622702
1166 230.19198694622702
1167 230.19198694622702
1168 230.19198694622702
1169 230.19198694622702
1170 230.19198694622702
1171 230.19198694622702
1172 230.19198694622702
1173 230.19198694622702
1174 230.19198694622702
1175 230.19198694622702
1176 230.19198694622702
1177 230.19198694622702
1178 230.19198694622702
1179 230.19198694622702
1180 230.19198694622702
1181 230.19198694622702
1182 230.19198694622702
1183 230.19198694622702
1184 230.19198694622702
1185 230.19198694622702
1186 230.19198694622702
1187 230.19198694622702
1188 230.19198694622702
1189 230.19198694622702
1190 230.19198694622702
1191 230.19198694622702
1192 230.19198694622702
1193 230.19198694622702
1194 230.19198694622702
1195 230.19198694622702
1196 230.19198694622702
1197 230.19198694622702
1198 230.19198694622702
1199 230.19198694622702
1200 230.19198694622702
1201 230.19198694622702
1202 230.19198694622702
1203 230.19198694622702
1204 230.19198694622702
1205 230.19198694622702
1206 230.19198694622702
1207 230.19198694622702
1208 230.19198694622702
1209 230.19198694622702
1210 230.19198694622702
1211 230.19198694622702
1212 230.19198694622702
1213 230.19198694622702
1214 230.19198694622702
1215 230.19198694622702
1216 230.19198694622702
1217 230.19198694622702
1218 230.19198694622702
1219 230.19198694622702
1220 230.19198694622702
1221 230.19198694622702
1222 230.19198694622702
1223 230.19198694622702
1224 230.19198694622702
1225 230.19198694622702
1226 230.19198694622702
1227 230.19198694622702
1228 230.19198694622702
1229 230.19198694622702
1230 230.19198694622702
1231 230.19198694622702
1232 230.19198694622702
1233 230.19198694622702
1234 230.19198694622702
1235 230.19198694622702
1236 230.19198694622702
1237 230.19198694622702
1238 230.19198694622702
1239 230.19198694622702
1240 230.19198694622702
1241 230.19198694622702
1242 230.19198694622702
1243 230.19198694622702
1244 230.19198694622702
1245 230.19198694622702
1246 230.19198694622702
1247 230.19198694622702
1248 230.19198694622702
1249 230.19198694622702
1250 230.19198694622702
1251 230.19198694622702
1252 230.19198694622702
1253 230.19198694622702
1254 230.19198694622702
1255 230.19198694622702
1256 230.19198694622702
1257 230.19198694622702
1258 230.19198694622702
1259 230.19198694622702
1260 230.19198694622702
1261 230.19198694622702
1262 230.19198694622702
1263 230.19198694622702
1264 230.19198694622702
1265 230.19198694622702
1266 230.19198694622702
1267 230.19198694622702
1268 230.19198694622702
1269 230.19198694622702
1270 230.19198694622702
1271 230.19198694622702
1272 230.19198694622702
1273 230.19198694622702
1274 230.19198694622702
1275 230.19198694622702
1276 230.19198694622702
1277 230.19198694622702
1278 230.19198694622702
1279 230.19198694622702
1280 230.19198694622702
1281 230.19198694622702
1282 230.19198694622702
1283 230.19198694622702
1284 230.19198694622702
1285 230.19198694622702
1286 230.19198694622702
1287 230.19198694622702
1288 230.19198694622702
1289 230.19198694622702
1290 230.19198694622702
1291 230.19198694622702
1292 230.19198694622702
1293 230.19198694622702
1294 230.19198694622702
1295 230.19198694622702
1296 230.19198694622702
1297 230.19198694622702
1298 230.19198694622702
1299 230.19198694622702
1300 230.19198694622702
1301 230.19198694622702
1302 230.19198694622702
1303 230.19198694622702
1304 230.19198694622702
1305 230.19198694622702
1306 230.19198694622702
1307 230.19198694622702
1308 230.19198694622702
1309 230.19198694622702
1310 230.19198694622702
1311 230.19198694622702
1312 230.19198694622702
1313 230.19198694622702
1314 230.19198694622702
1315 230.19198694622702
1316 230.19198694622702
1317 230.19198694622702
1318 230.19198694622702
1319 230.19198694622702
1320 230.19198694622702
1321 230.19198694622702
1322 230.19198694622702
1323 230.19198694622702
1324 230.19198694622702
1325 230.19198694622702
1326 230.19198694622702
1327 230.19198694622702
1328 230.19198694622702
1329 230.19198694622702
1330 230.19198694622702
1331 230.19198694622702
1332 230.19198694622702
1333 230.19198694622702
1334 230.19198694622702
1335 230.19198694622702
1336 230.19198694622702
1337 230.19198694622702
1338 230.19198694622702
1339 230.19198694622702
1340 230.19198694622702
1341 230.19198694622702
1342 230.19198694622702
1343 230.19198694622702
1344 230.19198694622702
1345 230.19198694622702
1346 230.19198694622702
1347 230.19198694622702
1348 230.19198694622702
1349 230.19198694622702
1350 230.19198694622702
1351 230.19198694622702
1352 230.19198694622702
1353 230.19198694622702
1354 230.19198694622702
1355 230.19198694622702
1356 230.19198694622702
1357 230.19198694622702
1358 230.19198694622702
1359 230.19198694622702
1360 230.19198694622702
1361 230.19198694622702
1362 230.19198694622702
1363 230.19198694622702
1364 230.19198694622702
1365 230.19198694622702
1366 230.19198694622702
1367 230.19198694622702
1368 230.19198694622702
1369 230.19198694622702
1370 230.19198694622702
1371 230.19198694622702
1372 230.19198694622702
1373 230.19198694622702
1374 230.19198694622702
1375 230.19198694622702
1376 230.19198694622702
1377 230.19198694622702
1378 230.19198694622702
1379 230.19198694622702
1380 230.19198694622702
1381 230.19198694622702
1382 230.19198694622702
1383 230.19198694622702
1384 230.19198694622702
1385 230.19198694622702
1386 230.19198694622702
1387 230.19198694622702
1388 230.19198694622702
1389 230.19198694622702
1390 230.19198694622702
1391 230.19198694622702
1392 230.19198694622702
1393 230.19198694622702
1394 230.19198694622702
1395 230.19198694622702
1396 230.19198694622702
1397 230.19198694622702
1398 230.19198694622702
1399 230.19198694622702
1400 230.19198694622702
1401 230.19198694622702
1402 230.19198694622702
1403 230.19198694622702
1404 230.19198694622702
1405 230.19198694622702
1406 230.19198694622702
1407 230.19198694622702
1408 230.19198694622702
1409 230.19198694622702
1410 230.19198694622702
1411 230.19198694622702
1412 230.19198694622702
1413 230.19198694622702
1414 230.19198694622702
1415 230.19198694622702
1416 230.19198694622702
1417 230.19198694622702
1418 230.19198694622702
1419 230.19198694622702
1420 230.19198694622702
1421 230.19198694622702
1422 230.19198694622702
1423 230.19198694622702
1424 230.19198694622702
1425 230.19198694622702
1426 230.19198694622702
1427 230.19198694622702
1428 230.19198694622702
1429 230.19198694622702
1430 230.19198694622702
1431 230.19198694622702
1432 230.19198694622702
1433 230.19198694622702
1434 230.19198694622702
1435 230.19198694622702
1436 230.19198694622702
1437 230.19198694622702
1438 230.19198694622702
1439 230.19198694622702
1440 230.19198694622702
1441 230.19198694622702
1442 230.19198694622702
1443 230.19198694622702
1444 230.19198694622702
1445 230.19198694622702
1446 230.19198694622702
1447 230.19198694622702
1448 230.19198694622702
1449 230.19198694622702
1450 230.19198694622702
1451 230.19198694622702
1452 230.19198694622702
1453 230.19198694622702
1454 230.19198694622702
1455 230.19198694622702
1456 230.19198694622702
1457 230.19198694622702
1458 230.19198694622702
1459 230.19198694622702
1460 230.19198694622702
1461 230.19198694622702
1462 230.19198694622702
1463 230.19198694622702
1464 230.19198694622702
1465 230.19198694622702
1466 230.19198694622702
1467 230.19198694622702
1468 230.19198694622702
1469 230.19198694622702
1470 230.19198694622702
1471 230.19198694622702
1472 230.19198694622702
1473 230.19198694622702
1474 230.19198694622702
1475 230.19198694622702
1476 230.19198694622702
1477 230.19198694622702
1478 230.19198694622702
1479 230.19198694622702
1480 230.19198694622702
1481 230.19198694622702
1482 230.19198694622702
1483 230.19198694622702
1484 230.19198694622702
1485 230.19198694622702
1486 230.19198694622702
1487 230.19198694622702
1488 230.19198694622702
1489 230.19198694622702
1490 230.19198694622702
1491 230.19198694622702
1492 230.19198694622702
1493 230.19198694622702
1494 230.19198694622702
1495 230.19198694622702
1496 230.19198694622702
1497 230.19198694622702
1498 230.19198694622702
1499 230.19198694622702
1500 230.19198694622702
1501 230.19198694622702
1502 230.19198694622702
1503 230.19198694622702
1504 230.19198694622702
1505 230.19198694622702
1506 230.19198694622702
1507 230.19198694622702
1508 230.19198694622702
1509 230.19198694622702
1510 230.19198694622702
1511 230.19198694622702
1512 230.19198694622702
1513 230.19198694622702
1514 230.19198694622702
1515 230.19198694622702
1516 230.19198694622702
1517 230.19198694622702
1518 230.19198694622702
1519 230.19198694622702
1520 230.19198694622702
1521 230.19198694622702
1522 230.19198694622702
1523 230.19198694622702
1524 230.19198694622702
1525 230.19198694622702
1526 230.19198694622702
1527 230.19198694622702
1528 230.19198694622702
1529 230.19198694622702
1530 230.19198694622702
1531 230.19198694622702
1532 230.19198694622702
1533 230.19198694622702
1534 230.19198694622702
1535 230.19198694622702
1536 230.19198694622702
1537 230.19198694622702
1538 230.19198694622702
1539 230.19198694622702
1540 230.19198694622702
1541 230.19198694622702
1542 230.19198694622702
1543 230.19198694622702
1544 230.19198694622702
1545 230.19198694622702
1546 230.19198694622702
1547 230.19198694622702
1548 230.19198694622702
1549 230.19198694622702
1550 230.19198694622702
1551 230.19198694622702
1552 230.19198694622702
1553 230.19198694622702
1554 230.19198694622702
1555 230.19198694622702
1556 230.19198694622702
1557 230.19198694622702
1558 230.19198694622702
1559 230.19198694622702
1560 230.19198694622702
1561 230.19198694622702
1562 230.19198694622702
1563 230.19198694622702
1564 230.19198694622702
1565 230.19198694622702
1566 230.19198694622702
1567 230.19198694622702
1568 230.19198694622702
1569 230.19198694622702
1570 230.19198694622702
1571 230.19198694622702
1572 230.19198694622702
1573 230.19198694622702
1574 230.19198694622702
1575 230.19198694622702
1576 230.19198694622702
1577 230.19198694622702
1578 230.19198694622702
1579 230.19198694622702
1580 230.19198694622702
1581 230.19198694622702
1582 230.19198694622702
1583 230.19198694622702
1584 230.19198694622702
1585 230.19198694622702
1586 230.19198694622702
1587 230.19198694622702
1588 230.19198694622702
1589 230.19198694622702
1590 230.19198694622702
1591 230.19198694622702
1592 230.19198694622702
1593 230.19198694622702
1594 230.19198694622702
1595 230.19198694622702
1596 230.19198694622702
1597 230.19198694622702
1598 230.19198694622702
1599 230.19198694622702
1600 230.19198694622702
1601 230.19198694622702
1602 230.19198694622702
1603 230.19198694622702
1604 230.19198694622702
1605 230.19198694622702
1606 230.19198694622702
1607 230.19198694622702
1608 230.19198694622702
1609 230.19198694622702
1610 230.19198694622702
1611 230.19198694622702
1612 230.19198694622702
1613 230.19198694622702
1614 230.19198694622702
1615 230.19198694622702
1616 230.19198694622702
1617 230.19198694622702
1618 230.19198694622702
1619 230.19198694622702
1620 230.19198694622702
1621 230.19198694622702
1622 230.19198694622702
1623 230.19198694622702
1624 230.19198694622702
1625 230.19198694622702
1626 230.19198694622702
1627 230.19198694622702
1628 230.19198694622702
1629 230.19198694622702
1630 230.19198694622702
1631 230.19198694622702
1632 230.19198694622702
1633 230.19198694622702
1634 230.19198694622702
1635 230.19198694622702
1636 230.19198694622702
1637 230.19198694622702
1638 230.19198694622702
1639 230.19198694622702
1640 230.19198694622702
1641 230.19198694622702
1642 230.19198694622702
1643 230.19198694622702
1644 230.19198694622702
1645 230.19198694622702
1646 230.19198694622702
1647 230.19198694622702
1648 230.19198694622702
1649 230.19198694622702
1650 230.19198694622702
1651 230.19198694622702
1652 230.19198694622702
1653 230.19198694622702
1654 230.19198694622702
1655 230.19198694622702
1656 230.19198694622702
1657 230.19198694622702
1658 230.19198694622702
1659 230.19198694622702
1660 230.19198694622702
1661 230.19198694622702
1662 230.19198694622702
1663 230.19198694622702
1664 230.19198694622702
1665 230.19198694622702
1666 230.19198694622702
1667 230.19198694622702
1668 230.19198694622702
1669 230.19198694622702
1670 230.19198694622702
1671 230.19198694622702
1672 230.19198694622702
1673 230.19198694622702
1674 230.19198694622702
1675 230.19198694622702
1676 230.19198694622702
1677 230.19198694622702
1678 230.19198694622702
1679 230.19198694622702
1680 230.19198694622702
1681 230.19198694622702
1682 230.19198694622702
1683 230.19198694622702
1684 230.19198694622702
1685 230.19198694622702
1686 230.19198694622702
1687 230.19198694622702
1688 230.19198694622702
1689 230.19198694622702
1690 230.19198694622702
1691 230.19198694622702
1692 230.19198694622702
1693 230.19198694622702
1694 230.19198694622702
1695 230.19198694622702
1696 230.19198694622702
1697 230.19198694622702
1698 230.19198694622702
1699 230.19198694622702
1700 230.19198694622702
1701 230.19198694622702
1702 230.19198694622702
1703 230.19198694622702
1704 230.19198694622702
1705 230.19198694622702
1706 230.19198694622702
1707 230.19198694622702
1708 230.19198694622702
1709 230.19198694622702
1710 230.19198694622702
1711 230.19198694622702
1712 230.19198694622702
1713 230.19198694622702
1714 230.19198694622702
1715 230.19198694622702
1716 230.19198694622702
1717 230.19198694622702
1718 230.19198694622702
1719 230.19198694622702
1720 230.19198694622702
1721 230.19198694622702
1722 230.19198694622702
1723 230.19198694622702
1724 230.19198694622702
1725 230.19198694622702
1726 230.19198694622702
1727 230.19198694622702
1728 230.19198694622702
1729 230.19198694622702
1730 230.19198694622702
1731 230.19198694622702
1732 230.19198694622702
1733 230.19198694622702
1734 230.19198694622702
1735 230.19198694622702
1736 230.19198694622702
1737 230.19198694622702
1738 230.19198694622702
1739 230.19198694622702
1740 230.19198694622702
1741 230.19198694622702
1742 230.19198694622702
1743 230.19198694622702
1744 230.19198694622702
1745 230.19198694622702
1746 230.19198694622702
1747 230.19198694622702
1748 230.19198694622702
1749 230.19198694622702
1750 230.19198694622702
1751 230.19198694622702
1752 230.19198694622702
1753 230.19198694622702
1754 230.19198694622702
1755 230.19198694622702
1756 230.19198694622702
1757 230.19198694622702
1758 230.19198694622702
1759 230.19198694622702
1760 230.19198694622702
1761 230.19198694622702
1762 230.85018336671314
1763 230.85018336671314
1764 230.85018336671314
1765 230.85018336671314
1766 230.85018336671314
1767 230.85018336671314
1768 230.85018336671314
1769 230.85018336671314
1770 230.85018336671314
1771 230.85018336671314
1772 230.85018336671314
1773 230.85018336671314
1774 230.85018336671314
1775 230.85018336671314
1776 230.85018336671314
1777 230.85018336671314
1778 230.85018336671314
1779 230.85018336671314
1780 230.85018336671314
1781 230.85018336671314
1782 230.85018336671314
1783 230.85018336671314
1784 230.85018336671314
1785 230.85018336671314
1786 230.85018336671314
1787 230.85018336671314
1788 230.85018336671314
1789 230.85018336671314
1790 230.85018336671314
1791 230.85018336671314
1792 230.85018336671314
1793 230.85018336671314
1794 230.85018336671314
1795 230.85018336671314
1796 230.85018336671314
1797 230.85018336671314
1798 230.85018336671314
1799 230.85018336671314
1800 230.85018336671314
1801 230.85018336671314
1802 230.85018336671314
1803 230.85018336671314
1804 230.85018336671314
1805 230.85018336671314
1806 230.85018336671314
1807 230.85018336671314
1808 230.85018336671314
1809 230.85018336671314
1810 230.85018336671314
1811 230.85018336671314
1812 230.85018336671314
1813 230.85018336671314
1814 230.85018336671314
1815 230.85018336671314
1816 230.85018336671314
1817 230.85018336671314
1818 230.85018336671314
1819 230.85018336671314
1820 230.85018336671314
1821 230.85018336671314
1822 230.85018336671314
1823 230.85018336671314
1824 230.85018336671314
1825 230.85018336671314
1826 230.85018336671314
1827 230.85018336671314
1828 230.85018336671314
1829 230.85018336671314
1830 230.85018336671314
1831 230.85018336671314
1832 230.85018336671314
1833 230.85018336671314
1834 230.85018336671314
1835 230.85018336671314
1836 230.85018336671314
1837 230.85018336671314
1838 230.85018336671314
1839 230.85018336671314
1840 230.85018336671314
1841 230.85018336671314
1842 230.85018336671314
1843 230.85018336671314
1844 230.85018336671314
1845 230.85018336671314
1846 230.85018336671314
1847 230.85018336671314
1848 230.85018336671314
1849 230.85018336671314
1850 230.85018336671314
1851 230.85018336671314
1852 230.85018336671314
1853 230.85018336671314
1854 230.85018336671314
1855 230.85018336671314
1856 230.85018336671314
1857 230.85018336671314
1858 230.85018336671314
1859 230.85018336671314
1860 230.85018336671314
1861 230.85018336671314
1862 230.85018336671314
1863 230.85018336671314
1864 230.85018336671314
1865 230.85018336671314
1866 230.85018336671314
1867 230.85018336671314
1868 230.85018336671314
1869 230.85018336671314
1870 230.85018336671314
1871 230.85018336671314
1872 230.85018336671314
1873 230.85018336671314
1874 230.85018336671314
1875 230.85018336671314
1876 230.85018336671314
1877 230.85018336671314
1878 230.85018336671314
1879 230.85018336671314
1880 230.85018336671314
1881 230.85018336671314
1882 230.85018336671314
1883 230.85018336671314
1884 230.85018336671314
1885 230.85018336671314
1886 230.85018336671314
1887 230.85018336671314
1888 230.85018336671314
1889 230.85018336671314
1890 230.85018336671314
1891 230.85018336671314
1892 230.85018336671314
1893 230.85018336671314
1894 230.85018336671314
1895 230.85018336671314
1896 230.85018336671314
1897 230.85018336671314
1898 230.85018336671314
1899 230.85018336671314
1900 230.85018336671314
1901 230.85018336671314
1902 230.85018336671314
1903 230.85018336671314
1904 230.85018336671314
1905 230.85018336671314
1906 230.85018336671314
1907 230.85018336671314
1908 230.85018336671314
1909 230.85018336671314
1910 230.85018336671314
1911 230.85018336671314
1912 230.85018336671314
1913 230.85018336671314
1914 230.85018336671314
1915 230.85018336671314
1916 230.85018336671314
1917 230.85018336671314
1918 230.85018336671314
1919 230.85018336671314
1920 230.85018336671314
1921 230.85018336671314
1922 230.85018336671314
1923 230.85018336671314
1924 230.85018336671314
1925 230.85018336671314
1926 230.85018336671314
1927 230.85018336671314
1928 230.85018336671314
1929 230.85018336671314
1930 230.85018336671314
1931 230.85018336671314
1932 230.85018336671314
1933 230.85018336671314
1934 230.85018336671314
1935 230.85018336671314
1936 230.85018336671314
1937 230.85018336671314
1938 230.85018336671314
1939 230.85018336671314
1940 230.85018336671314
1941 230.85018336671314
1942 230.85018336671314
1943 230.85018336671314
1944 230.85018336671314
1945 230.85018336671314
1946 230.85018336671314
1947 230.85018336671314
1948 230.85018336671314
1949 230.85018336671314
1950 230.85018336671314
1951 230.85018336671314
1952 230.85018336671314
1953 230.85018336671314
1954 230.85018336671314
1955 230.85018336671314
1956 230.85018336671314
1957 230.85018336671314
1958 230.85018336671314
1959 230.85018336671314
1960 230.85018336671314
1961 230.85018336671314
1962 230.85018336671314
1963 230.85018336671314
1964 230.85018336671314
1965 230.85018336671314
1966 230.85018336671314
1967 230.85018336671314
1968 230.85018336671314
1969 230.85018336671314
1970 230.85018336671314
1971 230.85018336671314
1972 230.85018336671314
1973 230.85018336671314
1974 230.85018336671314
1975 230.85018336671314
1976 230.85018336671314
1977 230.85018336671314
1978 230.85018336671314
1979 230.85018336671314
1980 230.85018336671314
1981 230.85018336671314
1982 230.85018336671314
1983 230.85018336671314
1984 230.85018336671314
1985 230.85018336671314
1986 230.85018336671314
1987 230.85018336671314
1988 230.85018336671314
1989 230.85018336671314
1990 230.85018336671314
1991 230.85018336671314
1992 230.85018336671314
1993 230.85018336671314
1994 230.85018336671314
1995 230.85018336671314
1996 230.85018336671314
1997 230.85018336671314
1998 230.85018336671314
1999 230.85018336671314
