0 0.131420346364971
1 0.1511182682411617
2 0.16533751347074008
3 0.17484801665302727
4 0.19060000041830158
5 0.19942763351648413
6 0.20174855474147366
7 0.20661464764091644
8 0.21202232000489146
9 0.21682584746095335
10 0.2211724877206982
11 0.22845155004932416
12 0.22996067726306196
13 0.23563147060267095
14 0.24083914223266129
15 0.24457148992241337
16 0.2503744632587271
17 0.2524252023814317
18 0.25983319391012116
19 0.2604230990193933
20 0.26190207863715
21 0.26979227707607073
22 0.2775838653913015
23 0.2782238562227196
24 0.2802202183493994
25 0.28324384491303967
26 0.28422137200929637
27 0.28422137200929637
28 0.2850244015803327
29 0.2850244015803327
30 0.2848165460356713
31 0.2861389652789063
32 0.2864741550537261
33 0.2864741550537261
34 0.28896976878451186
35 0.2911174663360871
36 0.29258946562712923
37 0.29245510009171716
38 0.29245510009171716
39 0.2936652386791821
40 0.294202597618166
41 0.294202597618166
42 0.294202597618166
43 0.294202597618166
44 0.294202597618166
45 0.294202597618166
46 0.29422200923357755
47 0.2931687725495138
48 0.2931687725495138
49 0.2931687725495138
50 0.2925767888126857
51 0.2925767888126857
52 0.2925767888126857
53 0.2945902464195724
54 0.2933264409817976
55 0.2933264409817976
56 0.2942499111999115
57 0.2942499111999115
58 0.2942499111999115
59 0.2945740547489964
60 0.2955834619012165
61 0.2964675357280768
62 0.2977525318023515
63 0.299330980437542
64 0.299330980437542
65 0.299330980437542
66 0.30179134646957395
67 0.30396552952718964
68 0.30396552952718964
69 0.30396552952718964
70 0.30396552952718964
71 0.3075322653265095
72 0.30786955067412924
73 0.30786955067412924
74 0.30816136910561837
75 0.3079799890719036
76 0.30936446302391457
77 0.30968572129314204
78 0.3110822325266452
79 0.312660308087561
80 0.312660308087561
81 0.3135428980158986
82 0.3135428980158986
83 0.3130252201019522
84 0.3130252201019522
85 0.3130252201019522
86 0.3138927003651048
87 0.3138927003651048
88 0.3144875668358146
89 0.31335531593785343
90 0.31396894346949583
91 0.3142477543875429
92 0.3149815733646086
93 0.3149725226960387
94 0.31438203767046163
95 0.31850927643030313
96 0.31850927643030313
97 0.3170617881949787
98 0.3170617881949787
99 0.31713436095706754
100 0.31713436095706754
101 0.31713436095706754
102 0.31713436095706754
103 0.31713436095706754
104 0.31713436095706754
105 0.31731786675595525
106 0.31731786675595525
107 0.31731786675595525
108 0.31731786675595525
109 0.31731786675595525
110 0.31731786675595525
111 0.31632806808994
112 0.316538741765001
113 0.316538741765001
114 0.316538741765001
115 0.31512885408959823
116 0.31549852499860653
117 0.31549852499860653
118 0.31549852499860653
119 0.315061982308855
120 0.315061982308855
121 0.31518465103014676
122 0.31518465103014676
123 0.31518465103014676
124 0.3139562631600967
125 0.3139562631600967
126 0.3139562631600967
127 0.3139562631600967
128 0.3139562631600967
129 0.31598306244569974
130 0.317552327206147
131 0.317552327206147
132 0.31741607862731924
133 0.31894075401513505
134 0.31894075401513505
135 0.31894075401513505
136 0.31894075401513505
137 0.31894075401513505
138 0.31894075401513505
139 0.3196275522665319
140 0.3196275522665319
141 0.3196275522665319
142 0.3196275522665319
143 0.3196275522665319
144 0.3196275522665319
145 0.3196275522665319
146 0.3196275522665319
147 0.3196275522665319
148 0.3196275522665319
149 0.3199336779154409
150 0.3199336779154409
151 0.3189320979647555
152 0.3189320979647555
153 0.3197601253143964
154 0.320872891231212
155 0.3214010145186328
156 0.3214010145186328
157 0.3214010145186328
158 0.3214010145186328
159 0.3214010145186328
160 0.3214010145186328
161 0.3214010145186328
162 0.3214010145186328
163 0.3214010145186328
164 0.3214010145186328
165 0.3214010145186328
166 0.3214010145186328
167 0.3214010145186328
168 0.3214010145186328
169 0.32147254489196603
170 0.32042678431322646
171 0.3189188388162578
172 0.3174864490606844
173 0.3174864490606844
174 0.3174864490606844
175 0.3174864490606844
176 0.3174864490606844
177 0.3174864490606844
178 0.31566229612829066
179 0.31566229612829066
180 0.3144114972488675
181 0.3144114972488675
182 0.3144114972488675
183 0.31229108098741737
184 0.3100835160156821
185 0.3100835160156821
186 0.3100835160156821
187 0.3100835160156821
188 0.3100835160156821
189 0.3100835160156821
190 0.3100835160156821
191 0.3100835160156821
192 0.3080290693268027
193 0.3080290693268027
194 0.3080290693268027
195 0.3053920552050553
196 0.3027325277226449
197 0.3027325277226449
198 0.30274631930547596
199 0.30274631930547596
200 0.30274631930547596
201 0.30274631930547596
202 0.30274631930547596
203 0.30274631930547596
204 0.30274631930547596
205 0.30274631930547596
206 0.30274631930547596
207 0.30274631930547596
208 0.30274631930547596
209 0.30274631930547596
210 0.30274631930547596
211 0.30274631930547596
212 0.30274631930547596
213 0.30274631930547596
214 0.30274631930547596
215 0.30274631930547596
216 0.30274631930547596
217 0.30274631930547596
218 0.30274631930547596
219 0.30274631930547596
220 0.30274631930547596
221 0.30274631930547596
222 0.30274631930547596
223 0.30274631930547596
224 0.30274631930547596
225 0.30274631930547596
226 0.30274631930547596
227 0.3028152849756735
228 0.3028152849756735
229 0.3028152849756735
230 0.3028152849756735
231 0.3028152849756735
232 0.3028152849756735
233 0.3028152849756735
234 0.3028152849756735
235 0.3028152849756735
236 0.3028152849756735
237 0.3028152849756735
238 0.3028152849756735
239 0.30281099235532855
240 0.30281099235532855
241 0.30281099235532855
242 0.30281099235532855
243 0.30293657739886426
244 0.30293657739886426
245 0.30293657739886426
246 0.30293657739886426
247 0.30303088418709456
248 0.30303088418709456
249 0.30303088418709456
250 0.3025686028732507
251 0.3025686028732507
252 0.30205845079356985
253 0.30205845079356985
254 0.2984350116309193
255 0.2984350116309193
256 0.2984350116309193
257 0.2984350116309193
258 0.2984350116309193
259 0.2984350116309193
260 0.2984350116309193
261 0.2984350116309193
262 0.2984350116309193
263 0.2985739369007702
264 0.29991515224566384
265 0.29991515224566384
266 0.29991515224566384
267 0.29991515224566384
268 0.29991515224566384
269 0.29991515224566384
270 0.29991515224566384
271 0.29991515224566384
272 0.29991515224566384
273 0.29991515224566384
274 0.29991515224566384
275 0.29991515224566384
276 0.29991515224566384
277 0.29991515224566384
278 0.29991515224566384
279 0.29991515224566384
280 0.29991515224566384
281 0.30020067503457787
282 0.30020067503457787
283 0.30020067503457787
284 0.30020067503457787
285 0.30020067503457787
286 0.30020067503457787
287 0.30020067503457787
288 0.30020067503457787
289 0.30020067503457787
290 0.30020067503457787
291 0.30020067503457787
292 0.30020067503457787
293 0.30020067503457787
294 0.30084277295237005
295 0.30084277295237005
296 0.30084277295237005
297 0.30084277295237005
298 0.3009977919772882
299 0.3009977919772882
300 0.3009977919772882
301 0.3009977919772882
302 0.3009977919772882
303 0.3012749447637924
304 0.3012749447637924
305 0.3012749447637924
306 0.3012749447637924
307 0.3012749447637924
308 0.3012749447637924
309 0.3016615404194466
310 0.3016615404194466
311 0.3016615404194466
312 0.3013004359010864
313 0.3013004359010864
314 0.3013004359010864
315 0.3013004359010864
316 0.3013004359010864
317 0.3013004359010864
318 0.3013004359010864
319 0.3013004359010864
320 0.3013004359010864
321 0.3013004359010864
322 0.3013197959929383
323 0.3013197959929383
324 0.3013197959929383
325 0.3013197959929383
326 0.3013197959929383
327 0.3013197959929383
328 0.3013197959929383
329 0.3013197959929383
330 0.3013197959929383
331 0.3013197959929383
332 0.3013197959929383
333 0.3015815186235937
334 0.3015815186235937
335 0.3015815186235937
336 0.3015815186235937
337 0.3015815186235937
338 0.3015815186235937
339 0.3015815186235937
340 0.3015815186235937
341 0.3015815186235937
342 0.3019700552004857
343 0.3019700552004857
344 0.3019700552004857
345 0.3019700552004857
346 0.3019700552004857
347 0.3019700552004857
348 0.3019700552004857
349 0.3019700552004857
350 0.3021875480165227
351 0.30459021667592107
352 0.30459021667592107
353 0.30459021667592107
354 0.30459021667592107
355 0.30459021667592107
356 0.30459021667592107
357 0.30459021667592107
358 0.30459021667592107
359 0.30459021667592107
360 0.30459021667592107
361 0.30459021667592107
362 0.30459021667592107
363 0.30459021667592107
364 0.30459021667592107
365 0.30459021667592107
366 0.30459021667592107
367 0.30459021667592107
368 0.30449045207800185
369 0.30449045207800185
370 0.3055648322347338
371 0.3055648322347338
372 0.3055648322347338
373 0.3055648322347338
374 0.3055648322347338
375 0.3055648322347338
376 0.3057926268985296
377 0.3057926268985296
378 0.3057926268985296
379 0.3057926268985296
380 0.3057926268985296
381 0.3058346087852879
382 0.3058346087852879
383 0.3058346087852879
384 0.3058346087852879
385 0.3058346087852879
386 0.305812089874785
387 0.305812089874785
388 0.305812089874785
389 0.30589951657979253
390 0.30589951657979253
391 0.30589951657979253
392 0.30589951657979253
393 0.30589951657979253
394 0.30589951657979253
395 0.30589951657979253
396 0.30589951657979253
397 0.30589951657979253
398 0.30589951657979253
399 0.30589951657979253
400 0.30589951657979253
401 0.30589951657979253
402 0.30589951657979253
403 0.30589951657979253
404 0.30589951657979253
405 0.30589951657979253
406 0.30589951657979253
407 0.30589951657979253
408 0.30589951657979253
409 0.30589951657979253
410 0.30589951657979253
411 0.30589951657979253
412 0.30589951657979253
413 0.30589951657979253
414 0.30589951657979253
415 0.30589951657979253
416 0.30589951657979253
417 0.30589951657979253
418 0.30589951657979253
419 0.30589951657979253
420 0.30589951657979253
421 0.30589951657979253
422 0.30589951657979253
423 0.30591950440918936
424 0.30591950440918936
425 0.30591950440918936
426 0.30591950440918936
427 0.30591950440918936
428 0.30591950440918936
429 0.30591950440918936
430 0.30591950440918936
431 0.30591950440918936
432 0.30591950440918936
433 0.30591950440918936
434 0.30591950440918936
435 0.30591950440918936
436 0.30591950440918936
437 0.30591950440918936
438 0.30591950440918936
439 0.30591950440918936
440 0.30591950440918936
441 0.30591950440918936
442 0.30591950440918936
443 0.30623051594662665
444 0.30623051594662665
445 0.30368297167921837
446 0.3006158553047722
447 0.30112331674505977
448 0.3016677256304178
449 0.3016677256304178
450 0.3016677256304178
451 0.3016677256304178
452 0.3016677256304178
453 0.3016677256304178
454 0.3016677256304178
455 0.3017756760990177
456 0.3017756760990177
457 0.3017756760990177
458 0.3017756760990177
459 0.3017756760990177
460 0.3017756760990177
461 0.3017756760990177
462 0.3018502881471451
463 0.30198253216786175
464 0.30198253216786175
465 0.30198253216786175
466 0.30198253216786175
467 0.30198253216786175
468 0.30198253216786175
469 0.3015674676125225
470 0.3015674676125225
471 0.3015674676125225
472 0.3015674676125225
473 0.3015674676125225
474 0.30223726877327056
475 0.30223726877327056
476 0.30223726877327056
477 0.30223726877327056
478 0.30223726877327056
479 0.30223726877327056
480 0.30223726877327056
481 0.30223726877327056
482 0.30223726877327056
483 0.30223726877327056
484 0.30314321714734577
485 0.30314321714734577
486 0.30314321714734577
487 0.30314321714734577
488 0.30314321714734577
489 0.30314321714734577
490 0.30314321714734577
491 0.30314321714734577
492 0.30314321714734577
493 0.30314321714734577
494 0.30314321714734577
495 0.30314321714734577
496 0.30314321714734577
497 0.30314321714734577
498 0.30314321714734577
499 0.30314321714734577
500 0.29993811675411486
501 0.29993811675411486
502 0.29993811675411486
503 0.29993811675411486
504 0.29993811675411486
505 0.29993811675411486
506 0.29993811675411486
507 0.29993811675411486
508 0.29993811675411486
509 0.29993811675411486
510 0.29993811675411486
511 0.30030856395838296
512 0.30030856395838296
513 0.30030856395838296
514 0.30030856395838296
515 0.30030856395838296
516 0.30030856395838296
517 0.30030856395838296
518 0.30030856395838296
519 0.30030856395838296
520 0.30030856395838296
521 0.30030856395838296
522 0.30030856395838296
523 0.30030856395838296
524 0.30030856395838296
525 0.30030856395838296
526 0.30030856395838296
527 0.30030856395838296
528 0.30030856395838296
529 0.30030856395838296
530 0.30030856395838296
531 0.30030856395838296
532 0.30030856395838296
533 0.30030856395838296
534 0.30030856395838296
535 0.30030856395838296
536 0.30030856395838296
537 0.30030856395838296
538 0.30030856395838296
539 0.30030856395838296
540 0.30030856395838296
541 0.30030856395838296
542 0.3003414342254356
543 0.3003414342254356
544 0.3003414342254356
545 0.30079415557763156
546 0.30079415557763156
547 0.30079415557763156
548 0.3014448042367579
549 0.3014448042367579
550 0.30177096662035796
551 0.30177096662035796
552 0.30177096662035796
553 0.30177096662035796
554 0.30177096662035796
555 0.30177096662035796
556 0.30177096662035796
557 0.30177096662035796
558 0.30177096662035796
559 0.30177096662035796
560 0.30177096662035796
561 0.30177096662035796
562 0.30177096662035796
563 0.30177096662035796
564 0.30177096662035796
565 0.30177096662035796
566 0.30177096662035796
567 0.30177096662035796
568 0.30177096662035796
569 0.30177096662035796
570 0.30177096662035796
571 0.30177096662035796
572 0.3030967772031356
573 0.3030967772031356
574 0.3030967772031356
575 0.3030967772031356
576 0.3030967772031356
577 0.3030967772031356
578 0.3030967772031356
579 0.3030967772031356
580 0.3030967772031356
581 0.3030967772031356
582 0.3030967772031356
583 0.3030967772031356
584 0.3030967772031356
585 0.3030967772031356
586 0.3030967772031356
587 0.3030967772031356
588 0.3030967772031356
589 0.3030967772031356
590 0.3030967772031356
591 0.3030967772031356
592 0.3030967772031356
593 0.3030967772031356
594 0.3030967772031356
595 0.3030967772031356
596 0.3030967772031356
597 0.3030967772031356
598 0.3030967772031356
599 0.3030967772031356
600 0.3030967772031356
601 0.3030967772031356
602 0.3030967772031356
603 0.3030967772031356
604 0.3030967772031356
605 0.3030967772031356
606 0.3030967772031356
607 0.3030967772031356
608 0.30367708926688436
609 0.3038640262783259
610 0.30394158716920683
611 0.30394158716920683
612 0.30394158716920683
613 0.30394158716920683
614 0.30394158716920683
615 0.30394158716920683
616 0.30394158716920683
617 0.30394158716920683
618 0.30394158716920683
619 0.30394158716920683
620 0.30394158716920683
621 0.30394158716920683
622 0.30394158716920683
623 0.30394158716920683
624 0.30394158716920683
625 0.30394158716920683
626 0.30394158716920683
627 0.30394158716920683
628 0.30394158716920683
629 0.30394158716920683
630 0.30394158716920683
631 0.30394158716920683
632 0.30394158716920683
633 0.30394158716920683
634 0.30394158716920683
635 0.30394158716920683
636 0.30394158716920683
637 0.30394158716920683
638 0.30394158716920683
639 0.30394158716920683
640 0.30394158716920683
641 0.30394158716920683
642 0.30394158716920683
643 0.30394158716920683
644 0.30394158716920683
645 0.30394158716920683
646 0.30394158716920683
647 0.30394158716920683
648 0.30394158716920683
649 0.30394158716920683
650 0.30394158716920683
651 0.30394158716920683
652 0.30394158716920683
653 0.30394158716920683
654 0.30394158716920683
655 0.30394158716920683
656 0.30394158716920683
657 0.30394158716920683
658 0.30394158716920683
659 0.30394158716920683
660 0.30394158716920683
661 0.30394158716920683
662 0.30394158716920683
663 0.30394158716920683
664 0.3041732230631876
665 0.3043485091180252
666 0.3043485091180252
667 0.3043485091180252
668 0.3043485091180252
669 0.3058807954237467
670 0.3058807954237467
671 0.3058807954237467
672 0.3058807954237467
673 0.3058807954237467
674 0.3058807954237467
675 0.3058807954237467
676 0.3058807954237467
677 0.3058807954237467
678 0.3058807954237467
679 0.3058807954237467
680 0.3058807954237467
681 0.3058807954237467
682 0.3058807954237467
683 0.3058807954237467
684 0.3058807954237467
685 0.3058807954237467
686 0.3058807954237467
687 0.3059809216837376
688 0.3059809216837376
689 0.3059809216837376
690 0.3059809216837376
691 0.3059809216837376
692 0.3059809216837376
693 0.3059809216837376
694 0.3059809216837376
695 0.3063150846894211
696 0.3063150846894211
697 0.3063150846894211
698 0.3063150846894211
699 0.3063150846894211
700 0.3063150846894211
701 0.3063150846894211
702 0.3063150846894211
703 0.3063150846894211
704 0.3063150846894211
705 0.3063150846894211
706 0.3063150846894211
707 0.3063150846894211
708 0.3063150846894211
709 0.3063150846894211
710 0.3081073338805558
711 0.3081073338805558
712 0.3081073338805558
713 0.3081073338805558
714 0.3081073338805558
715 0.3081073338805558
716 0.3081073338805558
717 0.3081073338805558
718 0.3081073338805558
719 0.3081073338805558
720 0.3081073338805558
721 0.3081073338805558
722 0.3081073338805558
723 0.3081073338805558
724 0.3081073338805558
725 0.3081073338805558
726 0.3081073338805558
727 0.3081073338805558
728 0.3081073338805558
729 0.3081073338805558
730 0.3081073338805558
731 0.3081073338805558
732 0.3081073338805558
733 0.3081073338805558
734 0.3081073338805558
735 0.3081073338805558
736 0.3081073338805558
737 0.3081073338805558
738 0.3081073338805558
739 0.3081073338805558
740 0.3081073338805558
741 0.3081073338805558
742 0.3081073338805558
743 0.30900963224837275
744 0.30900963224837275
745 0.30900963224837275
746 0.30900963224837275
747 0.30900963224837275
748 0.30900963224837275
749 0.30900963224837275
750 0.30900963224837275
751 0.30900963224837275
752 0.30900963224837275
753 0.30900963224837275
754 0.30900963224837275
755 0.30900963224837275
756 0.30900963224837275
757 0.30900963224837275
758 0.30900963224837275
759 0.30900963224837275
760 0.30900963224837275
761 0.30900963224837275
762 0.30900963224837275
763 0.311101951625477
764 0.311101951625477
765 0.311101951625477
766 0.311101951625477
767 0.311101951625477
768 0.311101951625477
769 0.311101951625477
770 0.311101951625477
771 0.311101951625477
772 0.311101951625477
773 0.311101951625477
774 0.311101951625477
775 0.311101951625477
776 0.311101951625477
777 0.311101951625477
778 0.311101951625477
779 0.311101951625477
780 0.311101951625477
781 0.311101951625477
782 0.311101951625477
783 0.311101951625477
784 0.311101951625477
785 0.311101951625477
786 0.311101951625477
787 0.311101951625477
788 0.311101951625477
789 0.311101951625477
790 0.311101951625477
791 0.311101951625477
792 0.311101951625477
793 0.311101951625477
794 0.311101951625477
795 0.311101951625477
796 0.311101951625477
797 0.311101951625477
798 0.311101951625477
799 0.311101951625477
800 0.311101951625477
801 0.311101951625477
802 0.311101951625477
803 0.311101951625477
804 0.311101951625477
805 0.311101951625477
806 0.311101951625477
807 0.311101951625477
808 0.311101951625477
809 0.311101951625477
810 0.311101951625477
811 0.311101951625477
812 0.311101951625477
813 0.311101951625477
814 0.311101951625477
815 0.311101951625477
816 0.311101951625477
817 0.31202840329504283
818 0.31202840329504283
819 0.31202840329504283
820 0.31202840329504283
821 0.31202840329504283
822 0.31202840329504283
823 0.31202840329504283
824 0.31202840329504283
825 0.31202840329504283
826 0.31202840329504283
827 0.31202840329504283
828 0.31202840329504283
829 0.31202840329504283
830 0.31202840329504283
831 0.31202840329504283
832 0.31202840329504283
833 0.31202840329504283
834 0.31202840329504283
835 0.31202840329504283
836 0.31202840329504283
837 0.31202840329504283
838 0.31202840329504283
839 0.31202840329504283
840 0.31202840329504283
841 0.31202840329504283
842 0.31202840329504283
843 0.31202840329504283
844 0.31202840329504283
845 0.31202840329504283
846 0.31202840329504283
847 0.31202840329504283
848 0.31202840329504283
849 0.31202840329504283
850 0.31202840329504283
851 0.31202840329504283
852 0.31202840329504283
853 0.31202840329504283
854 0.31202840329504283
855 0.31202840329504283
856 0.31202840329504283
857 0.31202840329504283
858 0.31202840329504283
859 0.31202840329504283
860 0.31202840329504283
861 0.31202840329504283
862 0.31202840329504283
863 0.31202840329504283
864 0.31202840329504283
865 0.31202840329504283
866 0.31202840329504283
867 0.31202840329504283
868 0.31202840329504283
869 0.31202840329504283
870 0.31202840329504283
871 0.31202840329504283
872 0.31202840329504283
873 0.31202840329504283
874 0.31202840329504283
875 0.31202840329504283
876 0.31202840329504283
877 0.31202840329504283
878 0.31202840329504283
879 0.31202840329504283
880 0.31202840329504283
881 0.31202840329504283
882 0.31202840329504283
883 0.31202840329504283
884 0.31202840329504283
885 0.31202840329504283
886 0.31202840329504283
887 0.31202840329504283
888 0.31202840329504283
889 0.31202840329504283
890 0.31202840329504283
891 0.31202840329504283
892 0.31202840329504283
893 0.31202840329504283
894 0.31202840329504283
895 0.31202840329504283
896 0.31202840329504283
897 0.31202840329504283
898 0.31202840329504283
899 0.31202840329504283
900 0.31202840329504283
901 0.31202840329504283
902 0.31202840329504283
903 0.30794490705759753
904 0.30794490705759753
905 0.30794490705759753
906 0.30794490705759753
907 0.30794490705759753
908 0.30794490705759753
909 0.30794490705759753
910 0.30794490705759753
911 0.30794490705759753
912 0.30794490705759753
913 0.30794490705759753
914 0.30794490705759753
915 0.30794490705759753
916 0.30794490705759753
917 0.30794490705759753
918 0.30794490705759753
919 0.30794490705759753
920 0.30794490705759753
921 0.30794490705759753
922 0.30794490705759753
923 0.30797618531356635
924 0.30797618531356635
925 0.30797618531356635
926 0.30797618531356635
927 0.30797618531356635
928 0.30797618531356635
929 0.30797618531356635
930 0.30797618531356635
931 0.30797618531356635
932 0.30797618531356635
933 0.30797618531356635
934 0.30797618531356635
935 0.30797618531356635
936 0.30797618531356635
937 0.30797618531356635
938 0.30797618531356635
939 0.30797618531356635
940 0.30797618531356635
941 0.30797618531356635
942 0.30797618531356635
943 0.30797618531356635
944 0.3092561229010009
945 0.3092561229010009
946 0.3092561229010009
947 0.3092561229010009
948 0.3092561229010009
949 0.3092561229010009
950 0.3092561229010009
951 0.3092561229010009
952 0.3092561229010009
953 0.3092561229010009
954 0.3092561229010009
955 0.3092561229010009
956 0.3092561229010009
957 0.3092561229010009
958 0.3092561229010009
959 0.3092561229010009
960 0.3092561229010009
961 0.3092561229010009
962 0.3092561229010009
963 0.3092561229010009
964 0.3092561229010009
965 0.3092561229010009
966 0.3092561229010009
967 0.3092561229010009
968 0.3092561229010009
969 0.3092561229010009
970 0.3092561229010009
971 0.3092561229010009
972 0.3092561229010009
973 0.3092561229010009
974 0.3092561229010009
975 0.3113006512827026
976 0.3113006512827026
977 0.3113006512827026
978 0.3113006512827026
979 0.3113006512827026
980 0.3113006512827026
981 0.3113006512827026
982 0.3113006512827026
983 0.3113006512827026
984 0.3113006512827026
985 0.3113006512827026
986 0.3113006512827026
987 0.3065005973311595
988 0.3065005973311595
989 0.3065005973311595
990 0.3065005973311595
991 0.3065005973311595
992 0.3065005973311595
993 0.3065005973311595
994 0.3075675674659127
995 0.3075675674659127
996 0.3075675674659127
997 0.3075675674659127
998 0.3075675674659127
999 0.3075675674659127
