0 0.6657587227608099
1 0.6657587227608099
2 0.6657587227608099
3 0.6657587227608099
4 0.6657587227608099
5 0.6657587227608099
6 0.6657587227608099
7 0.6657587227608099
8 0.6657587227608099
9 0.6657587227608099
10 0.6657587227608099
11 0.6657587227608099
12 0.6657587227608099
13 0.6657587227608099
14 0.6697007140968927
15 0.6697007140968927
16 0.6697527661387994
17 0.6818824860133488
18 0.6818824860133488
19 0.6818824860133488
20 0.6858188133024783
21 0.6858188133024783
22 0.6858188133024783
23 0.6858188133024783
24 0.6858188133024783
25 0.6909950034203222
26 0.6909950034203222
27 0.6909950034203222
28 0.6909950034203222
29 0.6909950034203222
30 0.6909950034203222
31 0.6909950034203222
32 0.6909950034203222
33 0.6909950034203222
34 0.6909950034203222
35 0.6909950034203222
36 0.6909950034203222
37 0.6909950034203222
38 0.6909950034203222
39 0.6909950034203222
40 0.6909950034203222
41 0.6909950034203222
42 0.6909950034203222
43 0.6909950034203222
44 0.6909950034203222
45 0.6909950034203222
46 0.6909950034203222
47 0.6909950034203222
48 0.6909950034203222
49 0.6909950034203222
50 0.6909950034203222
51 0.6909950034203222
52 0.6909950034203222
53 0.6909950034203222
54 0.6909950034203222
55 0.6909950034203222
56 0.6909950034203222
57 0.6909950034203222
58 0.6909950034203222
59 0.6909950034203222
60 0.6909950034203222
61 0.6909950034203222
62 0.6909950034203222
63 0.6909950034203222
64 0.6909950034203222
65 0.6909950034203222
66 0.6909950034203222
67 0.6909950034203222
68 0.6909950034203222
69 0.6909950034203222
70 0.6909950034203222
71 0.6909950034203222
72 0.6909950034203222
73 0.6909950034203222
74 0.6909950034203222
75 0.6909950034203222
76 0.6909950034203222
77 0.6909950034203222
78 0.6909950034203222
79 0.6909950034203222
80 0.6909950034203222
81 0.6909950034203222
82 0.6909950034203222
83 0.6909950034203222
84 0.6909950034203222
85 0.6909950034203222
86 0.6909950034203222
87 0.6909950034203222
88 0.6909950034203222
89 0.6909950034203222
90 0.6909950034203222
91 0.6909950034203222
92 0.6909950034203222
93 0.6909950034203222
94 0.6909950034203222
95 0.6909950034203222
96 0.6909950034203222
97 0.6909950034203222
98 0.6909950034203222
99 0.6909950034203222
100 0.6909950034203222
101 0.6909950034203222
102 0.7929698402782888
103 0.7929698402782888
104 0.7929698402782888
105 0.7929698402782888
106 0.7929698402782888
107 0.7929698402782888
108 0.7929698402782888
109 0.7929698402782888
110 0.7929698402782888
111 0.7929698402782888
112 0.7929698402782888
113 0.7929698402782888
114 0.7929698402782888
115 0.7929698402782888
116 0.7929698402782888
117 0.7929698402782888
118 0.7929698402782888
119 0.7929698402782888
120 0.7929698402782888
121 0.7929698402782888
122 0.7929698402782888
123 0.7929698402782888
124 0.7929698402782888
125 0.7929698402782888
126 0.7929698402782888
127 0.7929698402782888
128 0.7929698402782888
129 0.7929698402782888
130 0.7929698402782888
131 0.7929698402782888
132 0.7929698402782888
133 0.7929698402782888
134 0.7929698402782888
135 0.7929698402782888
136 0.7929698402782888
137 0.7929698402782888
138 0.7929698402782888
139 0.7929698402782888
140 0.7929698402782888
141 0.7929698402782888
142 0.7929698402782888
143 0.7929698402782888
144 0.7929698402782888
145 0.7929698402782888
146 0.7929698402782888
147 0.7929698402782888
148 0.7929698402782888
149 0.7929698402782888
150 0.7929698402782888
151 0.7929698402782888
152 0.7929698402782888
153 0.7929698402782888
154 0.7929698402782888
155 0.7929698402782888
156 0.7929698402782888
157 0.7929698402782888
158 0.7929698402782888
159 0.7929698402782888
160 0.7929698402782888
161 0.7929698402782888
162 0.7929698402782888
163 0.7929698402782888
164 0.7929698402782888
165 0.7929698402782888
166 0.7929698402782888
167 0.7929698402782888
168 0.7929698402782888
169 0.7929698402782888
170 0.7929698402782888
171 0.7929698402782888
172 0.7929698402782888
173 0.7929698402782888
174 0.7929698402782888
175 0.7929698402782888
176 0.7929698402782888
177 0.7929698402782888
178 0.7929698402782888
179 0.7929698402782888
180 0.7929698402782888
181 0.7929698402782888
182 0.7929698402782888
183 0.7929698402782888
184 0.7929698402782888
185 0.7929698402782888
186 0.7929698402782888
187 0.7929698402782888
188 0.7929698402782888
189 0.7929698402782888
190 0.7929698402782888
191 0.7929698402782888
192 0.7929698402782888
193 0.7929698402782888
194 0.7929698402782888
195 0.7929698402782888
196 0.7929698402782888
197 0.7929698402782888
198 0.7929698402782888
199 0.7929698402782888
200 0.7929698402782888
201 0.7929698402782888
202 0.7929698402782888
203 0.7929698402782888
204 0.7929698402782888
205 0.7929698402782888
206 0.7929698402782888
207 0.7929698402782888
208 0.7929698402782888
209 0.7929698402782888
210 0.7929698402782888
211 0.7929698402782888
212 0.7929698402782888
213 0.7929698402782888
214 0.7929698402782888
215 0.7929698402782888
216 0.7929698402782888
217 0.7929698402782888
218 0.7929698402782888
219 0.7929698402782888
220 0.7929698402782888
221 0.7929698402782888
222 0.7929698402782888
223 0.7929698402782888
224 0.7929698402782888
225 0.7929698402782888
226 0.7929698402782888
227 0.7929698402782888
228 0.7929698402782888
229 0.7929698402782888
230 0.7929698402782888
231 0.7929698402782888
232 0.7929698402782888
233 0.7929698402782888
234 0.7929698402782888
235 0.7929698402782888
236 0.7929698402782888
237 0.7929698402782888
238 0.7929698402782888
239 0.7929698402782888
240 0.7929698402782888
241 0.7929698402782888
242 0.7929698402782888
243 0.7929698402782888
244 0.7929698402782888
245 0.7929698402782888
246 0.7929698402782888
247 0.7929698402782888
248 0.7929698402782888
249 0.7929698402782888
250 0.7929698402782888
251 0.7929698402782888
252 0.7929698402782888
253 0.7929698402782888
254 0.7929698402782888
255 0.7929698402782888
256 0.7929698402782888
257 0.7929698402782888
258 0.7929698402782888
259 0.7929698402782888
260 0.7929698402782888
261 0.7929698402782888
262 0.7929698402782888
263 0.7929698402782888
264 0.7929698402782888
265 0.7929698402782888
266 0.7929698402782888
267 0.7929698402782888
268 0.7929698402782888
269 0.7929698402782888
270 0.7929698402782888
271 0.7929698402782888
272 0.7929698402782888
273 0.7929698402782888
274 0.7929698402782888
275 0.7929698402782888
276 0.7929698402782888
277 0.7929698402782888
278 0.7929698402782888
279 0.7929698402782888
280 0.7929698402782888
281 0.7929698402782888
282 0.7929698402782888
283 0.7929698402782888
284 0.7929698402782888
285 0.7929698402782888
286 0.7929698402782888
287 0.7929698402782888
288 0.7929698402782888
289 0.7929698402782888
290 0.7929698402782888
291 0.7929698402782888
292 0.7929698402782888
293 0.7929698402782888
294 0.7929698402782888
295 0.7929698402782888
296 0.7929698402782888
297 0.7929698402782888
298 0.7929698402782888
299 0.7929698402782888
300 0.7929698402782888
301 0.7929698402782888
302 0.7929698402782888
303 0.7929698402782888
304 0.7929698402782888
305 0.7929698402782888
306 0.7929698402782888
307 0.7929698402782888
308 0.7929698402782888
309 0.7929698402782888
310 0.7929698402782888
311 0.7929698402782888
312 0.7929698402782888
313 0.7929698402782888
314 0.7929698402782888
315 0.7929698402782888
316 0.7929698402782888
317 0.7929698402782888
318 0.7929698402782888
319 0.7929698402782888
320 0.7929698402782888
321 0.7929698402782888
322 0.7929698402782888
323 0.7929698402782888
324 0.7929698402782888
325 0.7929698402782888
326 0.7929698402782888
327 0.7929698402782888
328 0.7929698402782888
329 0.7929698402782888
330 0.7929698402782888
331 0.7929698402782888
332 0.7929698402782888
333 0.7929698402782888
334 0.7929698402782888
335 0.7929698402782888
336 0.7929698402782888
337 0.7929698402782888
338 0.7929698402782888
339 0.7929698402782888
340 0.7929698402782888
341 0.7929698402782888
342 0.7929698402782888
343 0.7929698402782888
344 0.7929698402782888
345 0.7929698402782888
346 0.7929698402782888
347 0.7929698402782888
348 0.7929698402782888
349 0.7929698402782888
350 0.7929698402782888
351 0.7929698402782888
352 0.7929698402782888
353 0.7929698402782888
354 0.7929698402782888
355 0.7929698402782888
356 0.7929698402782888
357 0.7929698402782888
358 0.7929698402782888
359 0.7929698402782888
360 0.7929698402782888
361 0.7929698402782888
362 0.7929698402782888
363 0.7929698402782888
364 0.7929698402782888
365 0.7929698402782888
366 0.7929698402782888
367 0.7929698402782888
368 0.7929698402782888
369 0.7929698402782888
370 0.7929698402782888
371 0.7929698402782888
372 0.7929698402782888
373 0.7929698402782888
374 0.7929698402782888
375 0.7929698402782888
376 0.7929698402782888
377 0.7929698402782888
378 0.7929698402782888
379 0.7929698402782888
380 0.7929698402782888
381 0.7929698402782888
382 0.7929698402782888
383 0.7929698402782888
384 0.7929698402782888
385 0.7929698402782888
386 0.7929698402782888
387 0.7929698402782888
388 0.7929698402782888
389 0.7929698402782888
390 0.7929698402782888
391 0.7929698402782888
392 0.7929698402782888
393 0.7929698402782888
394 0.7929698402782888
395 0.7929698402782888
396 0.7929698402782888
397 0.7929698402782888
398 0.7929698402782888
399 0.7929698402782888
400 0.7996157494029494
401 0.7996157494029494
402 0.7996157494029494
403 0.7996157494029494
404 0.7996157494029494
405 0.7996157494029494
406 0.7996157494029494
407 0.7996157494029494
408 0.7996157494029494
409 0.7996157494029494
410 0.7996157494029494
411 0.7996157494029494
412 0.7996157494029494
413 0.7996157494029494
414 0.7996157494029494
415 0.7996157494029494
416 0.7996157494029494
417 0.7996157494029494
418 0.7996157494029494
419 0.7996157494029494
420 0.8243608211851335
421 0.8243608211851335
422 0.8243608211851335
423 0.8243608211851335
424 0.8243608211851335
425 0.8243608211851335
426 0.8243608211851335
427 0.8243608211851335
428 0.8243608211851335
429 0.8243608211851335
430 0.8243608211851335
431 0.8243608211851335
432 0.8243608211851335
433 0.8243608211851335
434 0.8243608211851335
435 0.8243608211851335
436 0.8243608211851335
437 0.8243608211851335
438 0.8243608211851335
439 0.8243608211851335
440 0.8243608211851335
441 0.8243608211851335
442 0.8243608211851335
443 0.8243608211851335
444 0.8243608211851335
445 0.8243608211851335
446 0.8243608211851335
447 0.8243608211851335
448 0.8243608211851335
449 0.8243608211851335
450 0.8243608211851335
451 0.8243608211851335
452 0.8243608211851335
453 0.8243608211851335
454 0.8243608211851335
455 0.8243608211851335
456 0.8243608211851335
457 0.8243608211851335
458 0.8243608211851335
459 0.8243608211851335
460 0.8243608211851335
461 0.8243608211851335
462 0.8243608211851335
463 0.8243608211851335
464 0.8243608211851335
465 0.8243608211851335
466 0.8243608211851335
467 0.8243608211851335
468 0.8243608211851335
469 0.8243608211851335
470 0.8243608211851335
471 0.8243608211851335
472 0.8243608211851335
473 0.8243608211851335
474 0.8243608211851335
475 0.8243608211851335
476 0.8243608211851335
477 0.8243608211851335
478 0.8243608211851335
479 0.8243608211851335
480 0.8243608211851335
481 0.8243608211851335
482 0.8243608211851335
483 0.8243608211851335
484 0.8243608211851335
485 0.8243608211851335
486 0.8243608211851335
487 0.8243608211851335
488 0.8243608211851335
489 0.8243608211851335
490 0.8243608211851335
491 0.8243608211851335
492 0.8243608211851335
493 0.8243608211851335
494 0.8243608211851335
495 0.8243608211851335
496 0.8243608211851335
497 0.8243608211851335
498 0.8243608211851335
499 0.8243608211851335
500 0.8243608211851335
501 0.8243608211851335
502 0.8243608211851335
503 0.8243608211851335
504 0.8243608211851335
505 0.8243608211851335
506 0.8243608211851335
507 0.8243608211851335
508 0.8243608211851335
509 0.8243608211851335
510 0.8243608211851335
511 0.8243608211851335
512 0.8243608211851335
513 0.8243608211851335
514 0.8243608211851335
515 0.8243608211851335
516 0.8243608211851335
517 0.8243608211851335
518 0.8243608211851335
519 0.8243608211851335
520 0.8243608211851335
521 0.8243608211851335
522 0.8243608211851335
523 0.8243608211851335
524 0.8243608211851335
525 0.8243608211851335
526 0.8243608211851335
527 0.8243608211851335
528 0.8243608211851335
529 0.8243608211851335
530 0.8243608211851335
531 0.8243608211851335
532 0.8243608211851335
533 0.8243608211851335
534 0.8243608211851335
535 0.8243608211851335
536 0.8243608211851335
537 0.8243608211851335
538 0.8243608211851335
539 0.8243608211851335
540 0.8243608211851335
541 0.8243608211851335
542 0.8243608211851335
543 0.8243608211851335
544 0.8243608211851335
545 0.8243608211851335
546 0.8243608211851335
547 0.8243608211851335
548 0.8243608211851335
549 0.8243608211851335
550 0.8243608211851335
551 0.8243608211851335
552 0.8243608211851335
553 0.8243608211851335
554 0.8243608211851335
555 0.8243608211851335
556 0.8243608211851335
557 0.8243608211851335
558 0.8243608211851335
559 0.8243608211851335
560 0.8243608211851335
561 0.8243608211851335
562 0.8243608211851335
563 0.8243608211851335
564 0.8243608211851335
565 0.8243608211851335
566 0.8243608211851335
567 0.8243608211851335
568 0.8243608211851335
569 0.8243608211851335
570 0.8243608211851335
571 0.8243608211851335
572 0.8243608211851335
573 0.8243608211851335
574 0.8243608211851335
575 0.8243608211851335
576 0.8243608211851335
577 0.8243608211851335
578 0.8243608211851335
579 0.8243608211851335
580 0.8243608211851335
581 0.8243608211851335
582 0.8243608211851335
583 0.8243608211851335
584 0.8243608211851335
585 0.8243608211851335
586 0.8243608211851335
587 0.8243608211851335
588 0.8243608211851335
589 0.8243608211851335
590 0.8243608211851335
591 0.8243608211851335
592 0.8243608211851335
593 0.8243608211851335
594 0.8243608211851335
595 0.8243608211851335
596 0.8243608211851335
597 0.8243608211851335
598 0.8243608211851335
599 0.8243608211851335
600 0.8243608211851335
601 0.8243608211851335
602 0.8243608211851335
603 0.8243608211851335
604 0.8243608211851335
605 0.8243608211851335
606 0.8243608211851335
607 0.8243608211851335
608 0.8243608211851335
609 0.8243608211851335
610 0.8243608211851335
611 0.8243608211851335
612 0.8243608211851335
613 0.8243608211851335
614 0.8243608211851335
615 0.8243608211851335
616 0.8243608211851335
617 0.8243608211851335
618 0.8243608211851335
619 0.8243608211851335
620 0.8243608211851335
621 0.8243608211851335
622 0.8243608211851335
623 0.8243608211851335
624 0.8243608211851335
625 0.8243608211851335
626 0.8243608211851335
627 0.8243608211851335
628 0.8243608211851335
629 0.8243608211851335
630 0.8243608211851335
631 0.8243608211851335
632 0.8243608211851335
633 0.8243608211851335
634 0.8243608211851335
635 0.8243608211851335
636 0.8243608211851335
637 0.8243608211851335
638 0.8243608211851335
639 0.8243608211851335
640 0.8243608211851335
641 0.8243608211851335
642 0.8243608211851335
643 0.8243608211851335
644 0.8243608211851335
645 0.8243608211851335
646 0.8243608211851335
647 0.8243608211851335
648 0.8243608211851335
649 0.8243608211851335
650 0.8243608211851335
651 0.8243608211851335
652 0.8243608211851335
653 0.8243608211851335
654 0.8243608211851335
655 0.8243608211851335
656 0.8243608211851335
657 0.8243608211851335
658 0.8243608211851335
659 0.8243608211851335
660 0.8243608211851335
661 0.8243608211851335
662 0.8243608211851335
663 0.8243608211851335
664 0.8243608211851335
665 0.8243608211851335
666 0.8243608211851335
667 0.8243608211851335
668 0.8243608211851335
669 0.8243608211851335
670 0.8243608211851335
671 0.8243608211851335
672 0.8243608211851335
673 0.8243608211851335
674 0.8243608211851335
675 0.8243608211851335
676 0.8243608211851335
677 0.8243608211851335
678 0.8243608211851335
679 0.8243608211851335
680 0.8243608211851335
681 0.8243608211851335
682 0.8243608211851335
683 0.8243608211851335
684 0.8243608211851335
685 0.8243608211851335
686 0.8243608211851335
687 0.8243608211851335
688 0.8243608211851335
689 0.8243608211851335
690 0.8243608211851335
691 0.8243608211851335
692 0.8243608211851335
693 0.8243608211851335
694 0.8243608211851335
695 0.8243608211851335
696 0.8243608211851335
697 0.8243608211851335
698 0.8243608211851335
699 0.8243608211851335
700 0.8243608211851335
701 0.8243608211851335
702 0.8243608211851335
703 0.8243608211851335
704 0.8243608211851335
705 0.8243608211851335
706 0.8243608211851335
707 0.8243608211851335
708 0.8243608211851335
709 0.8243608211851335
710 0.8243608211851335
711 0.8243608211851335
712 0.8243608211851335
713 0.8243608211851335
714 0.8243608211851335
715 0.8243608211851335
716 0.8243608211851335
717 0.8243608211851335
718 0.8243608211851335
719 0.8243608211851335
720 0.8243608211851335
721 0.8243608211851335
722 0.8243608211851335
723 0.8243608211851335
724 0.8243608211851335
725 0.8243608211851335
726 0.8243608211851335
727 0.8243608211851335
728 0.8243608211851335
729 0.8243608211851335
730 0.8243608211851335
731 0.8243608211851335
732 0.8243608211851335
733 0.8243608211851335
734 0.8243608211851335
735 0.8243608211851335
736 0.8243608211851335
737 0.8243608211851335
738 0.8243608211851335
739 0.8243608211851335
740 0.8243608211851335
741 0.8243608211851335
742 0.8243608211851335
743 0.8243608211851335
744 0.8243608211851335
745 0.8243608211851335
746 0.8243608211851335
747 0.8243608211851335
748 0.8243608211851335
749 0.8243608211851335
750 0.8243608211851335
751 0.8243608211851335
752 0.8243608211851335
753 0.8243608211851335
754 0.8243608211851335
755 0.8243608211851335
756 0.8243608211851335
757 0.8243608211851335
758 0.8243608211851335
759 0.8243608211851335
760 0.8243608211851335
761 0.8243608211851335
762 0.8243608211851335
763 0.8243608211851335
764 0.8243608211851335
765 0.8243608211851335
766 0.8243608211851335
767 0.8243608211851335
768 0.8243608211851335
769 0.8243608211851335
770 0.8243608211851335
771 0.8243608211851335
772 0.8243608211851335
773 0.8243608211851335
774 0.8243608211851335
775 0.8243608211851335
776 0.8243608211851335
777 0.8243608211851335
778 0.8243608211851335
779 0.8243608211851335
780 0.8243608211851335
781 0.8243608211851335
782 0.8243608211851335
783 0.8243608211851335
784 0.8243608211851335
785 0.8243608211851335
786 0.8243608211851335
787 0.8243608211851335
788 0.8243608211851335
789 0.8243608211851335
790 0.8243608211851335
791 0.8243608211851335
792 0.8243608211851335
793 0.8243608211851335
794 0.8243608211851335
795 0.8243608211851335
796 0.8243608211851335
797 0.8243608211851335
798 0.8243608211851335
799 0.8243608211851335
800 0.8243608211851335
801 0.8243608211851335
802 0.8243608211851335
803 0.8243608211851335
804 0.8243608211851335
805 0.8243608211851335
806 0.8243608211851335
807 0.8243608211851335
808 0.8243608211851335
809 0.8243608211851335
810 0.8243608211851335
811 0.8243608211851335
812 0.8243608211851335
813 0.8243608211851335
814 0.8243608211851335
815 0.8243608211851335
816 0.8243608211851335
817 0.8243608211851335
818 0.8243608211851335
819 0.8243608211851335
820 0.8243608211851335
821 0.8243608211851335
822 0.8243608211851335
823 0.8243608211851335
824 0.8243608211851335
825 0.8243608211851335
826 0.8243608211851335
827 0.8243608211851335
828 0.8243608211851335
829 0.8243608211851335
830 0.8243608211851335
831 0.8243608211851335
832 0.8243608211851335
833 0.8243608211851335
834 0.8243608211851335
835 0.8243608211851335
836 0.8243608211851335
837 0.8243608211851335
838 0.8243608211851335
839 0.8243608211851335
840 0.8243608211851335
841 0.8243608211851335
842 0.8243608211851335
843 0.8243608211851335
844 0.8243608211851335
845 0.8243608211851335
846 0.8243608211851335
847 0.8243608211851335
848 0.8243608211851335
849 0.8243608211851335
850 0.8243608211851335
851 0.8243608211851335
852 0.8243608211851335
853 0.8243608211851335
854 0.8243608211851335
855 0.8243608211851335
856 0.8243608211851335
857 0.8243608211851335
858 0.8243608211851335
859 0.8243608211851335
860 0.8243608211851335
861 0.8243608211851335
862 0.8243608211851335
863 0.8243608211851335
864 0.8243608211851335
865 0.8243608211851335
866 0.8243608211851335
867 0.8243608211851335
868 0.8243608211851335
869 0.8243608211851335
870 0.8243608211851335
871 0.8243608211851335
872 0.8243608211851335
873 0.8243608211851335
874 0.8243608211851335
875 0.8243608211851335
876 0.8243608211851335
877 0.8243608211851335
878 0.8591261853323046
879 0.8591261853323046
880 0.8591261853323046
881 0.8591261853323046
882 0.8591261853323046
883 0.8591261853323046
884 0.8591261853323046
885 0.8591261853323046
886 0.8591261853323046
887 0.8591261853323046
888 0.8591261853323046
889 0.8591261853323046
890 0.8591261853323046
891 0.8591261853323046
892 0.8591261853323046
893 0.8591261853323046
894 0.8591261853323046
895 0.8591261853323046
896 0.8591261853323046
897 0.8591261853323046
898 0.8591261853323046
899 0.8591261853323046
900 0.8591261853323046
901 0.8591261853323046
902 0.8591261853323046
903 0.8591261853323046
904 0.8591261853323046
905 0.8591261853323046
906 0.8591261853323046
907 0.8591261853323046
908 0.8591261853323046
909 0.8591261853323046
910 0.8591261853323046
911 0.8591261853323046
912 0.8591261853323046
913 0.8591261853323046
914 0.8591261853323046
915 0.8591261853323046
916 0.8591261853323046
917 0.8591261853323046
918 0.8591261853323046
919 0.8591261853323046
920 0.8591261853323046
921 0.8591261853323046
922 0.8591261853323046
923 0.8591261853323046
924 0.8591261853323046
925 0.8591261853323046
926 0.8591261853323046
927 0.8591261853323046
928 0.8591261853323046
929 0.8591261853323046
930 0.8591261853323046
931 0.8591261853323046
932 0.8591261853323046
933 0.8591261853323046
934 0.8591261853323046
935 0.8591261853323046
936 0.8591261853323046
937 0.8591261853323046
938 0.8591261853323046
939 0.8591261853323046
940 0.8591261853323046
941 0.8591261853323046
942 0.8591261853323046
943 0.8591261853323046
944 0.8591261853323046
945 0.8713321619371593
946 0.8713321619371593
947 0.8713321619371593
948 0.8713321619371593
949 0.8713321619371593
950 0.8713321619371593
951 0.8713321619371593
952 0.8742817024800249
953 0.8742817024800249
954 0.8742817024800249
955 0.8742817024800249
956 0.8742817024800249
957 0.8742817024800249
958 0.8742817024800249
959 0.8742817024800249
960 0.8742817024800249
961 0.8742817024800249
962 0.8742817024800249
963 0.8742817024800249
964 0.8742817024800249
965 0.8742817024800249
966 0.8742817024800249
967 0.8742817024800249
968 0.8742817024800249
969 0.8742817024800249
970 0.8742817024800249
971 0.8742817024800249
972 0.8742817024800249
973 0.8742817024800249
974 0.8742817024800249
975 0.8742817024800249
976 0.8742817024800249
977 0.8742817024800249
978 0.8742817024800249
979 0.8742817024800249
980 0.8742817024800249
981 0.8742817024800249
982 0.8742817024800249
983 0.8742817024800249
984 0.8742817024800249
985 0.8742817024800249
986 0.8742817024800249
987 0.8742817024800249
988 0.8742817024800249
989 0.8742817024800249
990 0.8742817024800249
991 0.8742817024800249
992 0.8742817024800249
993 0.8742817024800249
994 0.8742817024800249
995 0.8742817024800249
996 0.8742817024800249
997 0.8742817024800249
998 0.8742817024800249
999 0.8742817024800249
