0 -0.002421875
1 0.27145833333333336
2 0.3090625
3 0.34372395833333336
4 0.3656510416666667
5 0.3776041666666667
6 0.4024739583333333
7 0.411328125
8 0.43971354166666665
9 0.449375
10 0.45903645833333334
11 0.4719010416666667
12 0.48791666666666667
13 0.500390625
14 0.501484375
15 0.50640625
16 0.5072395833333333
17 0.517734375
18 0.527578125
19 0.527578125
20 0.54328125
21 0.543828125
22 0.5448697916666667
23 0.5467447916666667
24 0.54875
25 0.549453125
26 0.549453125
27 0.5498697916666667
28 0.5522135416666667
29 0.5601041666666666
30 0.5628385416666667
31 0.5626822916666666
32 0.5677864583333333
33 0.5796875
34 0.5851302083333333
35 0.5934895833333333
36 0.6065625
37 0.6070833333333333
38 0.6043229166666667
39 0.6051302083333333
40 0.6097135416666667
41 0.6102083333333334
42 0.6136458333333333
43 0.6177083333333333
44 0.619140625
45 0.6194010416666667
46 0.606484375
47 0.6188541666666667
48 0.620234375
49 0.621796875
50 0.6261458333333333
51 0.6259375
52 0.6375
53 0.6384895833333334
54 0.6399739583333334
55 0.6403385416666667
56 0.6409635416666667
57 0.6418229166666667
58 0.6418229166666667
59 0.6440625
60 0.657890625
61 0.6622916666666666
62 0.6629947916666666
63 0.68015625
64 0.681796875
65 0.681796875
66 0.6811979166666666
67 0.6812239583333334
68 0.682265625
69 0.682265625
70 0.683828125
71 0.6840625
72 0.6848177083333333
73 0.684921875
74 0.6847135416666666
75 0.6852083333333333
76 0.68515625
77 0.684140625
78 0.6842447916666666
79 0.6842447916666666
80 0.685
81 0.6867708333333333
82 0.687421875
83 0.687421875
84 0.6876822916666666
85 0.6876822916666666
86 0.6876822916666666
87 0.6876822916666666
88 0.6876822916666666
89 0.6876822916666666
90 0.6878125
91 0.6878125
92 0.6884895833333333
93 0.6884895833333333
94 0.6884895833333333
95 0.6884895833333333
96 0.6884895833333333
97 0.6884895833333333
98 0.6884895833333333
99 0.6884895833333333
100 0.6884895833333333
101 0.6897395833333333
102 0.6897395833333333
103 0.6897395833333333
104 0.6897395833333333
105 0.6897395833333333
106 0.6897395833333333
107 0.6897395833333333
108 0.6897395833333333
109 0.6897395833333333
110 0.6897395833333333
111 0.6897395833333333
112 0.6897395833333333
113 0.69015625
114 0.6905729166666666
115 0.6905729166666666
116 0.6905729166666666
117 0.6924479166666667
118 0.6924479166666667
119 0.6924479166666667
120 0.6926041666666667
121 0.694765625
122 0.694765625
123 0.694765625
124 0.694765625
125 0.694765625
126 0.694765625
127 0.694765625
128 0.694765625
129 0.694765625
130 0.694765625
131 0.694765625
132 0.694765625
133 0.694765625
134 0.694765625
135 0.6948177083333333
136 0.6948177083333333
137 0.6948177083333333
138 0.6948177083333333
139 0.6963802083333334
140 0.6963802083333334
141 0.6963802083333334
142 0.6963802083333334
143 0.6963802083333334
144 0.6963802083333334
145 0.6987239583333333
146 0.6987239583333333
147 0.6987239583333333
148 0.6987239583333333
149 0.6987239583333333
150 0.6987239583333333
151 0.6987239583333333
152 0.6987239583333333
153 0.6987239583333333
154 0.7004947916666666
155 0.7004947916666666
156 0.7004947916666666
157 0.7004947916666666
158 0.7004947916666666
159 0.7004947916666666
160 0.701640625
161 0.701640625
162 0.7027083333333334
163 0.7027083333333334
164 0.7027083333333334
165 0.7039583333333334
166 0.7040104166666666
167 0.7040104166666666
168 0.7040104166666666
169 0.7040104166666666
170 0.7040104166666666
171 0.7040104166666666
172 0.7040104166666666
173 0.7040104166666666
174 0.7040104166666666
175 0.7040104166666666
176 0.7040104166666666
177 0.7040104166666666
178 0.7040104166666666
179 0.7040104166666666
180 0.7040104166666666
181 0.7040104166666666
182 0.7040104166666666
183 0.7040104166666666
184 0.7040104166666666
185 0.7040104166666666
186 0.7040104166666666
187 0.7040104166666666
188 0.7040104166666666
189 0.7040104166666666
190 0.7040104166666666
191 0.704140625
192 0.704140625
193 0.704140625
194 0.704140625
195 0.704140625
196 0.704140625
197 0.704140625
198 0.704140625
199 0.704140625
