0 0.4193987522762022
1 0.439566651143834
2 0.439566651143834
3 0.5828169885922142
4 0.6851679901584703
5 0.6851679901584703
6 0.6851679901584703
7 0.6851679901584703
8 0.6851679901584703
9 0.6851679901584703
10 0.6851679901584703
11 0.6851679901584703
12 0.6851679901584703
13 0.6851679901584703
14 0.6851679901584703
15 0.6851679901584703
16 0.6851679901584703
17 0.6851679901584703
18 0.6851679901584703
19 0.6851679901584703
20 0.6851679901584703
21 0.6851679901584703
22 0.6851679901584703
23 0.6851679901584703
24 0.6851679901584703
25 0.6884845356049346
26 0.6884845356049346
27 0.6913573916783547
28 0.6913573916783547
29 0.6913573916783547
30 0.6913573916783547
31 0.6913573916783547
32 0.6913573916783547
33 0.6913573916783547
34 0.6913573916783547
35 0.6913573916783547
36 0.6913573916783547
37 0.6913573916783547
38 0.6913573916783547
39 0.6913573916783547
40 0.6913573916783547
41 0.6913573916783547
42 0.6913573916783547
43 0.6913573916783547
44 0.6913573916783547
45 0.6913573916783547
46 0.6913573916783547
47 0.6913573916783547
48 0.6913573916783547
49 0.6913573916783547
50 0.6913573916783547
51 0.6913573916783547
52 0.6913573916783547
53 0.6913573916783547
54 0.6913573916783547
55 0.6927997470759877
56 0.7614146757249226
57 0.7614146757249226
58 0.7614146757249226
59 0.7614146757249226
60 0.7614146757249226
61 0.7614146757249226
62 0.7614146757249226
63 0.7614146757249226
64 0.7614146757249226
65 0.7614146757249226
66 0.7614146757249226
67 0.7614146757249226
68 0.7614146757249226
69 0.7614146757249226
70 0.7614146757249226
71 0.7614146757249226
72 0.7614146757249226
73 0.7614146757249226
74 0.7614146757249226
75 0.7614146757249226
76 0.8093179223226291
77 0.8093179223226291
78 0.8093179223226291
79 0.8093179223226291
80 0.8093179223226291
81 0.8093179223226291
82 0.8093179223226291
83 0.8093179223226291
84 0.8093179223226291
85 0.8093179223226291
86 0.8093179223226291
87 0.8093179223226291
88 0.8093179223226291
89 0.8093179223226291
90 0.855192817459068
91 0.855192817459068
92 0.855192817459068
93 0.855192817459068
94 0.855192817459068
95 0.855192817459068
96 0.855192817459068
97 0.855192817459068
98 0.855192817459068
99 0.855192817459068
100 0.855192817459068
101 0.855192817459068
102 0.855192817459068
103 0.855192817459068
104 0.855192817459068
105 0.855192817459068
106 0.855192817459068
107 0.855192817459068
108 0.855192817459068
109 0.855192817459068
110 0.855192817459068
111 0.855192817459068
112 0.855192817459068
113 0.855192817459068
114 0.855192817459068
115 0.855192817459068
116 0.855192817459068
117 0.855192817459068
118 0.855192817459068
119 0.855192817459068
120 0.855192817459068
121 0.855192817459068
122 0.855192817459068
123 0.855192817459068
124 0.855192817459068
125 0.855192817459068
126 0.855192817459068
127 0.855192817459068
128 0.855192817459068
129 0.855192817459068
130 0.855192817459068
131 0.855192817459068
132 0.855192817459068
133 0.855192817459068
134 0.855192817459068
135 0.855192817459068
136 0.855192817459068
137 0.855192817459068
138 0.855192817459068
139 0.855192817459068
140 0.855192817459068
141 0.855192817459068
142 0.855192817459068
143 0.855192817459068
144 0.855192817459068
145 0.855192817459068
146 0.855192817459068
147 0.855192817459068
148 0.855192817459068
149 0.855192817459068
150 0.855192817459068
151 0.8722750200598742
152 0.8722750200598742
153 0.8722750200598742
154 0.8722750200598742
155 0.8722750200598742
156 0.8722750200598742
157 0.8722750200598742
158 0.8722750200598742
159 0.8722750200598742
160 0.8722750200598742
161 0.8722750200598742
162 0.8722750200598742
163 0.8722750200598742
164 0.8722750200598742
165 0.8722750200598742
166 0.8722750200598742
167 0.8722750200598742
168 0.8722750200598742
169 0.8722750200598742
170 0.8722750200598742
171 0.8722750200598742
172 0.8722750200598742
173 0.8722750200598742
174 0.8722750200598742
175 0.8722750200598742
176 0.8722750200598742
177 0.8831382259461044
178 0.8831382259461044
179 0.8831382259461044
180 0.8831382259461044
181 0.8831382259461044
182 0.8831382259461044
183 0.8831382259461044
184 0.8831382259461044
185 0.8831382259461044
186 0.8831382259461044
187 0.8831382259461044
188 0.8831382259461044
189 0.8831382259461044
190 0.8831382259461044
191 0.8831382259461044
192 0.8831382259461044
193 0.8831382259461044
194 0.8831382259461044
195 0.8831382259461044
196 0.8831382259461044
197 0.8831382259461044
198 0.8831382259461044
199 0.8831382259461044
200 0.8831382259461044
201 0.8831382259461044
202 0.8831382259461044
203 0.8831382259461044
204 0.8831382259461044
205 0.8831382259461044
206 0.8831382259461044
207 0.8831382259461044
208 0.8831382259461044
209 0.8831382259461044
210 0.8831382259461044
211 0.8831382259461044
212 0.8831382259461044
213 0.8831382259461044
214 0.8831382259461044
215 0.8831382259461044
216 0.8831382259461044
217 0.8831382259461044
218 0.8831382259461044
219 0.8831382259461044
220 0.8831382259461044
221 0.8831382259461044
222 0.8831382259461044
223 0.8831382259461044
224 0.8831382259461044
225 0.8831382259461044
226 0.8831382259461044
227 0.8831382259461044
228 0.8831382259461044
229 0.8831382259461044
230 0.8831382259461044
231 0.8831382259461044
232 0.8831382259461044
233 0.8831382259461044
234 0.8831382259461044
235 0.8831382259461044
236 0.8831382259461044
237 0.8831382259461044
238 0.8831382259461044
239 0.8831382259461044
240 0.8831382259461044
241 0.8831382259461044
242 0.8831382259461044
243 0.8831382259461044
244 0.8831382259461044
245 0.8831382259461044
246 0.8831382259461044
247 0.8831382259461044
248 0.8831382259461044
249 0.8831382259461044
250 0.8831382259461044
251 0.8831382259461044
252 0.8831382259461044
253 0.8831382259461044
254 0.8831382259461044
255 0.8831382259461044
256 0.8831382259461044
257 0.8831382259461044
258 0.8831382259461044
259 0.8831382259461044
260 0.8831382259461044
261 0.8831382259461044
262 0.8831382259461044
263 0.8831382259461044
264 0.8831382259461044
265 0.8831382259461044
266 0.8831382259461044
267 0.8831382259461044
268 0.8831382259461044
269 0.8831382259461044
270 0.8831382259461044
271 0.8831382259461044
272 0.8831382259461044
273 0.8831382259461044
274 0.8831382259461044
275 0.8831382259461044
276 0.8831382259461044
277 0.8831382259461044
278 0.8831382259461044
279 0.8831382259461044
280 0.8831382259461044
281 0.8831382259461044
282 0.8831382259461044
283 0.8831382259461044
284 0.8831382259461044
285 0.8831382259461044
286 0.8831382259461044
287 0.8831382259461044
288 0.8831382259461044
289 0.8831382259461044
290 0.8831382259461044
291 0.8831382259461044
292 0.8831382259461044
293 0.9064202450187199
294 0.9064202450187199
295 0.9064202450187199
296 0.9064202450187199
297 0.9064202450187199
298 0.9064202450187199
299 0.9064202450187199
300 0.9064202450187199
301 0.9064202450187199
302 0.9064202450187199
303 0.9064202450187199
304 0.9064202450187199
305 0.9064202450187199
306 0.9064202450187199
307 0.9064202450187199
308 0.9064202450187199
309 0.9064202450187199
310 0.9064202450187199
311 0.9064202450187199
312 0.9064202450187199
313 0.9064202450187199
314 0.9064202450187199
315 0.9064202450187199
316 0.9064202450187199
317 0.9064202450187199
318 0.9064202450187199
319 0.9064202450187199
320 0.9064202450187199
321 0.9064202450187199
322 0.9064202450187199
323 0.9064202450187199
324 0.9064202450187199
325 0.9064202450187199
326 0.9064202450187199
327 0.9064202450187199
328 0.9064202450187199
329 0.9064202450187199
330 0.9064202450187199
331 0.9064202450187199
332 0.9064202450187199
333 0.9064202450187199
334 0.9064202450187199
335 0.9064202450187199
336 0.9064202450187199
337 0.9064202450187199
338 0.9064202450187199
339 0.9064202450187199
340 0.9064202450187199
341 0.9064202450187199
342 0.9064202450187199
343 0.9064202450187199
344 0.9064202450187199
345 0.9064202450187199
346 0.9064202450187199
347 0.9064202450187199
348 0.9064202450187199
349 0.9064202450187199
350 0.9064202450187199
351 0.9064202450187199
352 0.9064202450187199
353 0.9064202450187199
354 0.9064202450187199
355 0.9064202450187199
356 0.9064202450187199
357 0.9064202450187199
358 0.9064202450187199
359 0.9064202450187199
360 0.9064202450187199
361 0.9064202450187199
362 0.9064202450187199
363 0.9064202450187199
364 0.9064202450187199
365 0.9064202450187199
366 0.9064202450187199
367 0.9064202450187199
368 0.9064202450187199
369 0.9064202450187199
370 0.9064202450187199
371 0.9064202450187199
372 0.9064202450187199
373 0.9064202450187199
374 0.9064202450187199
375 0.9064202450187199
376 0.9064202450187199
377 0.9064202450187199
378 0.9064202450187199
379 0.9064202450187199
380 0.9064202450187199
381 0.9064202450187199
382 0.9064202450187199
383 0.9064202450187199
384 0.9064202450187199
385 0.9064202450187199
386 0.9064202450187199
387 0.9064202450187199
388 0.9064202450187199
389 0.9064202450187199
390 0.9064202450187199
391 0.9064202450187199
392 0.9064202450187199
393 0.9064202450187199
394 0.9064202450187199
395 0.9064202450187199
396 0.9064202450187199
397 0.9064202450187199
398 0.9064202450187199
399 0.9064202450187199
400 0.9064202450187199
401 0.9064202450187199
402 0.9064202450187199
403 0.9064202450187199
404 0.9064202450187199
405 0.9064202450187199
406 0.9064202450187199
407 0.9064202450187199
408 0.9064202450187199
409 0.9064202450187199
410 0.9064202450187199
411 0.9064202450187199
412 0.9064202450187199
413 0.9064202450187199
414 0.9064202450187199
415 0.9064202450187199
416 0.9064202450187199
417 0.9064202450187199
418 0.9064202450187199
419 0.9064202450187199
420 0.9064202450187199
421 0.9064202450187199
422 0.9064202450187199
423 0.9064202450187199
424 0.9064202450187199
425 0.9064202450187199
426 0.9064202450187199
427 0.9064202450187199
428 0.9064202450187199
429 0.9064202450187199
430 0.9064202450187199
431 0.9064202450187199
432 0.9064202450187199
433 0.9064202450187199
434 0.9064202450187199
435 0.9064202450187199
436 0.9064202450187199
437 0.9064202450187199
438 0.9064202450187199
439 0.9064202450187199
440 0.9064202450187199
441 0.9064202450187199
442 0.9064202450187199
443 0.9064202450187199
444 0.9064202450187199
445 0.9064202450187199
446 0.9064202450187199
447 0.9064202450187199
448 0.9064202450187199
449 0.9064202450187199
450 0.9064202450187199
451 0.9064202450187199
452 0.9064202450187199
453 0.9064202450187199
454 0.9064202450187199
455 0.9064202450187199
456 0.9064202450187199
457 0.9064202450187199
458 0.9064202450187199
459 0.9064202450187199
460 0.9064202450187199
461 0.9064202450187199
462 0.9064202450187199
463 0.9064202450187199
464 0.9064202450187199
465 0.9064202450187199
466 0.9064202450187199
467 0.9064202450187199
468 0.9064202450187199
469 0.9064202450187199
470 0.9064202450187199
471 0.9064202450187199
472 0.9064202450187199
473 0.9064202450187199
474 0.9064202450187199
475 0.9064202450187199
476 0.9064202450187199
477 0.9064202450187199
478 0.9064202450187199
479 0.9064202450187199
480 0.9064202450187199
481 0.9064202450187199
482 0.9064202450187199
483 0.9064202450187199
484 0.9064202450187199
485 0.9064202450187199
486 0.9064202450187199
487 0.9064202450187199
488 0.9064202450187199
489 0.9064202450187199
490 0.9064202450187199
491 0.9064202450187199
492 0.9064202450187199
493 0.9064202450187199
494 0.9064202450187199
495 0.9064202450187199
496 0.9064202450187199
497 0.9064202450187199
498 0.9064202450187199
499 0.9064202450187199
500 0.9064202450187199
501 0.9064202450187199
502 0.9064202450187199
503 0.9064202450187199
504 0.9064202450187199
505 0.9064202450187199
506 0.9064202450187199
507 0.9064202450187199
508 0.9064202450187199
509 0.9064202450187199
510 0.9064202450187199
511 0.9064202450187199
512 0.9064202450187199
513 0.9064202450187199
514 0.9064202450187199
515 0.9064202450187199
516 0.9064202450187199
517 0.9064202450187199
518 0.9064202450187199
519 0.9064202450187199
520 0.9064202450187199
521 0.9064202450187199
522 0.9064202450187199
523 0.9064202450187199
524 0.9064202450187199
525 0.9064202450187199
526 0.9064202450187199
527 0.9064202450187199
528 0.9064202450187199
529 0.9064202450187199
530 0.9064202450187199
531 0.9064202450187199
532 0.9064202450187199
533 0.9064202450187199
534 0.9064202450187199
535 0.9064202450187199
536 0.9064202450187199
537 0.9064202450187199
538 0.9064202450187199
539 0.9064202450187199
540 0.9064202450187199
541 0.9064202450187199
542 0.9064202450187199
543 0.9064202450187199
544 0.9064202450187199
545 0.9064202450187199
546 0.9064202450187199
547 0.9064202450187199
548 0.9064202450187199
549 0.9064202450187199
550 0.9064202450187199
551 0.9064202450187199
552 0.9064202450187199
553 0.9064202450187199
554 0.9064202450187199
555 0.9064202450187199
556 0.9064202450187199
557 0.9064202450187199
558 0.9064202450187199
559 0.9064202450187199
560 0.9064202450187199
561 0.9064202450187199
562 0.9064202450187199
563 0.9064202450187199
564 0.9064202450187199
565 0.9064202450187199
566 0.9064202450187199
567 0.9064202450187199
568 0.9064202450187199
569 0.9064202450187199
570 0.9064202450187199
571 0.9064202450187199
572 0.9064202450187199
573 0.9064202450187199
574 0.9064202450187199
575 0.9064202450187199
576 0.9064202450187199
577 0.9064202450187199
578 0.9064202450187199
579 0.9064202450187199
580 0.9064202450187199
581 0.9064202450187199
582 0.9064202450187199
583 0.9064202450187199
584 0.9064202450187199
585 0.9064202450187199
586 0.9064202450187199
587 0.9064202450187199
588 0.9064202450187199
589 0.9064202450187199
590 0.9064202450187199
591 0.9064202450187199
592 0.9064202450187199
593 0.9064202450187199
594 0.9064202450187199
595 0.9064202450187199
596 0.9064202450187199
597 0.9064202450187199
598 0.9064202450187199
599 0.9064202450187199
600 0.9064202450187199
601 0.9064202450187199
602 0.9064202450187199
603 0.9064202450187199
604 0.9064202450187199
605 0.9064202450187199
606 0.9064202450187199
607 0.9064202450187199
608 0.9064202450187199
609 0.9064202450187199
610 0.9064202450187199
611 0.9064202450187199
612 0.9064202450187199
613 0.9064202450187199
614 0.9064202450187199
615 0.9064202450187199
616 0.9064202450187199
617 0.9064202450187199
618 0.9064202450187199
619 0.9064202450187199
620 0.9064202450187199
621 0.9064202450187199
622 0.9064202450187199
623 0.9064202450187199
624 0.9064202450187199
625 0.9064202450187199
626 0.9064202450187199
627 0.9064202450187199
628 0.9064202450187199
629 0.9064202450187199
630 0.9064202450187199
631 0.9064202450187199
632 0.9064202450187199
633 0.9064202450187199
634 0.9064202450187199
635 0.9064202450187199
636 0.9064202450187199
637 0.9064202450187199
638 0.9064202450187199
639 0.9064202450187199
640 0.9064202450187199
641 0.9064202450187199
642 0.9064202450187199
643 0.9064202450187199
644 0.9064202450187199
645 0.9064202450187199
646 0.9064202450187199
647 0.9064202450187199
648 0.9064202450187199
649 0.9064202450187199
650 0.9064202450187199
651 0.9064202450187199
652 0.9064202450187199
653 0.9064202450187199
654 0.9064202450187199
655 0.9064202450187199
656 0.9064202450187199
657 0.9064202450187199
658 0.9064202450187199
659 0.9064202450187199
660 0.9064202450187199
661 0.9064202450187199
662 0.9064202450187199
663 0.9064202450187199
664 0.9064202450187199
665 0.9064202450187199
666 0.9064202450187199
667 0.9064202450187199
668 0.9064202450187199
669 0.9064202450187199
670 0.9064202450187199
671 0.9064202450187199
672 0.9064202450187199
673 0.9064202450187199
674 0.9064202450187199
675 0.9064202450187199
676 0.9064202450187199
677 0.9064202450187199
678 0.9064202450187199
679 0.9064202450187199
680 0.9064202450187199
681 0.9064202450187199
682 0.9064202450187199
683 0.9064202450187199
684 0.9064202450187199
685 0.9064202450187199
686 0.9064202450187199
687 0.9064202450187199
688 0.9064202450187199
689 0.9064202450187199
690 0.9064202450187199
691 0.9064202450187199
692 0.9064202450187199
693 0.9064202450187199
694 0.9064202450187199
695 0.9064202450187199
696 0.9064202450187199
697 0.9064202450187199
698 0.9064202450187199
699 0.9064202450187199
700 0.9064202450187199
701 0.9064202450187199
702 0.9064202450187199
703 0.9064202450187199
704 0.9064202450187199
705 0.9064202450187199
706 0.9064202450187199
707 0.9064202450187199
708 0.9064202450187199
709 0.9064202450187199
710 0.9064202450187199
711 0.9064202450187199
712 0.9064202450187199
713 0.9064202450187199
714 0.9064202450187199
715 0.9064202450187199
716 0.9064202450187199
717 0.9064202450187199
718 0.9064202450187199
719 0.9064202450187199
720 0.9064202450187199
721 0.9064202450187199
722 0.9064202450187199
723 0.9064202450187199
724 0.9064202450187199
725 0.9064202450187199
726 0.9064202450187199
727 0.9064202450187199
728 0.9064202450187199
729 0.9064202450187199
730 0.9064202450187199
731 0.9064202450187199
732 0.9064202450187199
733 0.9064202450187199
734 0.9064202450187199
735 0.9064202450187199
736 0.9064202450187199
737 0.9064202450187199
738 0.9064202450187199
739 0.9064202450187199
740 0.9064202450187199
741 0.9064202450187199
742 0.9064202450187199
743 0.9064202450187199
744 0.9064202450187199
745 0.9064202450187199
746 0.9064202450187199
747 0.9064202450187199
748 0.9064202450187199
749 0.9064202450187199
750 0.9064202450187199
751 0.9064202450187199
752 0.9064202450187199
753 0.9064202450187199
754 0.9064202450187199
755 0.9064202450187199
756 0.9064202450187199
757 0.9064202450187199
758 0.9064202450187199
759 0.9064202450187199
760 0.9064202450187199
761 0.9064202450187199
762 0.9064202450187199
763 0.9064202450187199
764 0.9064202450187199
765 0.9064202450187199
766 0.9064202450187199
767 0.9064202450187199
768 0.9064202450187199
769 0.9064202450187199
770 0.9064202450187199
771 0.9064202450187199
772 0.9064202450187199
773 0.9064202450187199
774 0.9064202450187199
775 0.9064202450187199
776 0.9064202450187199
777 0.9064202450187199
778 0.9064202450187199
779 0.9064202450187199
780 0.9064202450187199
781 0.9064202450187199
782 0.9064202450187199
783 0.9064202450187199
784 0.9064202450187199
785 0.9064202450187199
786 0.9064202450187199
787 0.9064202450187199
788 0.9064202450187199
789 0.9064202450187199
790 0.9064202450187199
791 0.9064202450187199
792 0.9064202450187199
793 0.9064202450187199
794 0.9064202450187199
795 0.9064202450187199
796 0.9064202450187199
797 0.9064202450187199
798 0.9064202450187199
799 0.9064202450187199
800 0.9064202450187199
801 0.9064202450187199
802 0.9064202450187199
803 0.9064202450187199
804 0.9064202450187199
805 0.9064202450187199
806 0.9064202450187199
807 0.9064202450187199
808 0.9064202450187199
809 0.9064202450187199
810 0.9064202450187199
811 0.9064202450187199
812 0.9064202450187199
813 0.9064202450187199
814 0.9064202450187199
815 0.9064202450187199
816 0.9064202450187199
817 0.9064202450187199
818 0.9064202450187199
819 0.9064202450187199
820 0.9064202450187199
821 0.9064202450187199
822 0.9064202450187199
823 0.9064202450187199
824 0.9064202450187199
825 0.9064202450187199
826 0.9064202450187199
827 0.9064202450187199
828 0.9064202450187199
829 0.9064202450187199
830 0.9064202450187199
831 0.9064202450187199
832 0.9064202450187199
833 0.9064202450187199
834 0.9064202450187199
835 0.9064202450187199
836 0.9064202450187199
837 0.9064202450187199
838 0.9064202450187199
839 0.9064202450187199
840 0.9064202450187199
841 0.9064202450187199
842 0.9064202450187199
843 0.9064202450187199
844 0.9064202450187199
845 0.9064202450187199
846 0.9064202450187199
847 0.9064202450187199
848 0.9064202450187199
849 0.9064202450187199
850 0.9064202450187199
851 0.9064202450187199
852 0.9064202450187199
853 0.9064202450187199
854 0.9064202450187199
855 0.9064202450187199
856 0.9064202450187199
857 0.9064202450187199
858 0.9064202450187199
859 0.9064202450187199
860 0.9064202450187199
861 0.9064202450187199
862 0.9064202450187199
863 0.9064202450187199
864 0.9064202450187199
865 0.9064202450187199
866 0.9064202450187199
867 0.9064202450187199
868 0.9064202450187199
869 0.9064202450187199
870 0.9064202450187199
871 0.9064202450187199
872 0.9064202450187199
873 0.9064202450187199
874 0.9064202450187199
875 0.9064202450187199
876 0.9064202450187199
877 0.9064202450187199
878 0.9064202450187199
879 0.9064202450187199
880 0.9064202450187199
881 0.9064202450187199
882 0.9064202450187199
883 0.9064202450187199
884 0.9064202450187199
885 0.9064202450187199
886 0.9064202450187199
887 0.9064202450187199
888 0.9064202450187199
889 0.9064202450187199
890 0.9064202450187199
891 0.9064202450187199
892 0.9064202450187199
893 0.9064202450187199
894 0.9064202450187199
895 0.9064202450187199
896 0.9064202450187199
897 0.9064202450187199
898 0.9064202450187199
899 0.9064202450187199
900 0.9064202450187199
901 0.9064202450187199
902 0.9064202450187199
903 0.9064202450187199
904 0.9064202450187199
905 0.9064202450187199
906 0.9064202450187199
907 0.9064202450187199
908 0.9064202450187199
909 0.9064202450187199
910 0.9064202450187199
911 0.9064202450187199
912 0.9064202450187199
913 0.9064202450187199
914 0.9064202450187199
915 0.9064202450187199
916 0.9064202450187199
917 0.9064202450187199
918 0.9064202450187199
919 0.9064202450187199
920 0.9064202450187199
921 0.9064202450187199
922 0.9064202450187199
923 0.9064202450187199
924 0.9064202450187199
925 0.9064202450187199
926 0.9064202450187199
927 0.9064202450187199
928 0.9064202450187199
929 0.9064202450187199
930 0.9064202450187199
931 0.9064202450187199
932 0.9064202450187199
933 0.9064202450187199
934 0.9064202450187199
935 0.9064202450187199
936 0.9064202450187199
937 0.9064202450187199
938 0.9064202450187199
939 0.9064202450187199
940 0.9064202450187199
941 0.9064202450187199
942 0.9064202450187199
943 0.9064202450187199
944 0.9064202450187199
945 0.9064202450187199
946 0.9064202450187199
947 0.9064202450187199
948 0.9064202450187199
949 0.9064202450187199
950 0.9064202450187199
951 0.9064202450187199
952 0.9064202450187199
953 0.9064202450187199
954 0.9064202450187199
955 0.9064202450187199
956 0.9064202450187199
957 0.9064202450187199
958 0.9064202450187199
959 0.9064202450187199
960 0.9064202450187199
961 0.9064202450187199
962 0.9064202450187199
963 0.9064202450187199
964 0.9064202450187199
965 0.9064202450187199
966 0.9064202450187199
967 0.9064202450187199
968 0.9064202450187199
969 0.9064202450187199
970 0.9064202450187199
971 0.9064202450187199
972 0.9064202450187199
973 0.9064202450187199
974 0.9064202450187199
975 0.9064202450187199
976 0.9064202450187199
977 0.9064202450187199
978 0.9064202450187199
979 0.9064202450187199
980 0.9064202450187199
981 0.9064202450187199
982 0.9064202450187199
983 0.9064202450187199
984 0.9064202450187199
985 0.9064202450187199
986 0.9064202450187199
987 0.9064202450187199
988 0.9064202450187199
989 0.9064202450187199
990 0.9064202450187199
991 0.9064202450187199
992 0.9064202450187199
993 0.9064202450187199
994 0.9064202450187199
995 0.9174064100906635
996 0.9174064100906635
997 0.9174064100906635
998 0.9174064100906635
999 0.9174064100906635
