0 0.6640625
1 0.6640625
2 0.71875
3 0.71875
4 0.7734375
5 0.7734375
6 0.8046875
7 0.8046875
8 0.8046875
9 0.8046875
10 0.8046875
11 0.8046875
12 0.8046875
13 0.8046875
14 0.8046875
15 0.8046875
16 0.8046875
17 0.8046875
18 0.8046875
19 0.8515625
20 0.8515625
21 0.8515625
22 0.8515625
23 0.8515625
24 0.8515625
25 0.8515625
26 0.8515625
27 0.8515625
28 0.8515625
29 0.8515625
30 0.8515625
31 0.8515625
32 0.8515625
33 0.8515625
34 0.8515625
35 0.8515625
36 0.8515625
37 0.8515625
38 0.8515625
39 0.8515625
40 0.8515625
41 0.8515625
42 0.8515625
43 0.8515625
44 0.86328125
45 0.86328125
46 0.86328125
47 0.86328125
48 0.86328125
49 0.86328125
50 0.86328125
51 0.8828125
52 0.8828125
53 0.8828125
54 0.8828125
55 0.8828125
56 0.8828125
57 0.8828125
58 0.8828125
59 0.8828125
60 0.8828125
61 0.8828125
62 0.8828125
63 0.8828125
64 0.8828125
65 0.8828125
66 0.8828125
67 0.8828125
68 0.8828125
69 0.8828125
70 0.88671875
71 0.88671875
72 0.88671875
73 0.88671875
74 0.91015625
75 0.91015625
76 0.91015625
77 0.91015625
78 0.91015625
79 0.91015625
80 0.91015625
81 0.91015625
82 0.9140625
83 0.9140625
84 0.9140625
85 0.92578125
86 0.92578125
87 0.92578125
88 0.92578125
89 0.92578125
90 0.92578125
91 0.92578125
92 0.92578125
93 0.92578125
94 0.92578125
95 0.92578125
96 0.95703125
97 0.95703125
98 0.95703125
99 0.95703125
100 0.95703125
101 0.95703125
102 0.95703125
103 0.95703125
104 0.95703125
105 0.95703125
106 0.95703125
107 0.95703125
108 0.95703125
109 0.95703125
110 0.95703125
111 0.9765625
112 0.9765625
113 0.9765625
114 0.9765625
115 0.9765625
116 0.9765625
117 0.9765625
118 0.9765625
119 0.9765625
120 0.9765625
121 0.9765625
122 0.9765625
123 0.9765625
124 0.9765625
125 0.9765625
126 0.9921875
127 0.9921875
128 0.9921875
129 0.9921875
130 0.9921875
131 0.9921875
132 0.9921875
133 0.9921875
134 0.9921875
135 0.9921875
136 0.9921875
137 0.9921875
138 1.0
139 1.0
140 1.0
141 1.0
142 1.0
143 1.0
144 1.0
145 1.0
146 1.0
147 1.0
148 1.0
149 1.0
150 1.0
151 1.0
152 1.0
153 1.0
154 1.0
155 1.0
156 1.0
157 1.0
158 1.0
159 1.0
160 1.0
161 1.0
162 1.0
163 1.0
164 1.0
165 1.0
166 1.0
167 1.0
168 1.0
169 1.0
170 1.0
171 1.0
172 1.0
173 1.0
174 1.0
175 1.0
176 1.0
177 1.0
178 1.0
179 1.0
180 1.0
181 1.0
182 1.0
183 1.0
184 1.0
185 1.0
186 1.0
187 1.0
188 1.0
189 1.0
190 1.0
191 1.0
192 1.0
193 1.0
194 1.0
195 1.0
196 1.0
197 1.0
198 1.0
199 1.0
