0 0.9
1 0.9
2 0.9
3 0.9
4 1.2
5 1.2
6 1.2
7 1.2666666666666666
8 1.4
9 1.4
10 1.5
11 1.6333333333333333
12 1.6333333333333333
13 1.6333333333333333
14 1.6333333333333333
15 1.6333333333333333
16 1.8333333333333333
17 1.9
18 1.9
19 1.9
20 2.0
21 2.033333333333333
22 2.2
23 2.466666666666667
24 2.466666666666667
25 2.466666666666667
26 2.466666666666667
27 2.466666666666667
28 2.466666666666667
29 2.466666666666667
30 2.5
31 2.5
32 2.6333333333333333
33 2.6333333333333333
34 2.6333333333333333
35 2.8
36 2.8
37 2.8666666666666667
38 2.8666666666666667
39 3.066666666666667
40 3.066666666666667
41 3.066666666666667
42 3.066666666666667
43 3.2666666666666666
44 3.2666666666666666
45 3.2666666666666666
46 3.2666666666666666
47 3.2666666666666666
48 3.2666666666666666
49 3.2666666666666666
50 3.433333333333333
51 3.433333333333333
52 3.433333333333333
53 3.433333333333333
54 3.433333333333333
55 3.433333333333333
56 3.433333333333333
57 3.433333333333333
58 3.433333333333333
59 3.433333333333333
60 3.5
61 3.5
62 3.5
63 3.5
64 3.5
65 3.5
66 3.5
67 3.7666666666666666
68 3.7666666666666666
69 3.8
70 3.8
71 3.9
72 3.9
73 3.966666666666667
74 3.966666666666667
75 3.966666666666667
76 3.966666666666667
77 3.966666666666667
78 3.966666666666667
79 3.966666666666667
80 3.966666666666667
81 3.966666666666667
82 3.966666666666667
83 3.966666666666667
84 4.033333333333333
85 4.033333333333333
86 4.033333333333333
87 4.033333333333333
88 4.033333333333333
89 4.1
90 4.1
91 4.1
92 4.1
93 4.1
94 4.1
95 4.1
96 4.1
97 4.1
98 4.1
99 4.1
100 4.1
101 4.1
102 4.1
103 4.1
104 4.1
105 4.1
106 4.1
107 4.1
108 4.2
109 4.2
110 4.233333333333333
111 4.233333333333333
112 4.233333333333333
113 4.233333333333333
114 4.233333333333333
115 4.233333333333333
116 4.233333333333333
117 4.233333333333333
118 4.233333333333333
119 4.233333333333333
120 4.333333333333333
121 4.333333333333333
122 4.333333333333333
123 4.333333333333333
124 4.333333333333333
125 4.333333333333333
126 4.333333333333333
127 4.333333333333333
128 4.333333333333333
129 4.333333333333333
130 4.333333333333333
131 4.333333333333333
132 4.333333333333333
133 4.333333333333333
134 4.433333333333334
135 4.433333333333334
136 4.433333333333334
137 4.433333333333334
138 4.433333333333334
139 4.433333333333334
140 4.433333333333334
141 4.433333333333334
142 4.433333333333334
143 4.433333333333334
144 4.433333333333334
145 4.433333333333334
146 4.433333333333334
147 4.433333333333334
148 4.433333333333334
149 4.433333333333334
150 4.433333333333334
151 4.433333333333334
152 4.433333333333334
153 4.433333333333334
154 4.433333333333334
155 4.433333333333334
156 4.433333333333334
157 4.5
158 4.633333333333334
159 4.633333333333334
160 4.633333333333334
161 4.633333333333334
162 4.633333333333334
163 4.633333333333334
164 4.633333333333334
165 4.633333333333334
166 4.633333333333334
167 4.633333333333334
168 4.633333333333334
169 4.633333333333334
170 4.633333333333334
171 4.633333333333334
172 4.633333333333334
173 4.633333333333334
174 4.633333333333334
175 4.633333333333334
176 4.633333333333334
177 4.633333333333334
178 4.633333333333334
179 4.633333333333334
180 4.633333333333334
181 4.766666666666667
182 4.766666666666667
183 4.766666666666667
184 4.766666666666667
185 4.766666666666667
186 4.766666666666667
187 4.833333333333333
188 4.833333333333333
189 4.833333333333333
190 4.833333333333333
191 4.833333333333333
192 4.833333333333333
193 4.833333333333333
194 4.833333333333333
195 4.833333333333333
196 4.833333333333333
197 4.833333333333333
198 4.833333333333333
199 4.833333333333333
200 4.833333333333333
201 4.833333333333333
202 4.833333333333333
203 4.833333333333333
204 4.833333333333333
205 4.833333333333333
206 4.833333333333333
207 4.833333333333333
208 4.833333333333333
209 4.833333333333333
210 4.833333333333333
211 4.833333333333333
212 4.866666666666666
213 4.866666666666666
214 4.866666666666666
215 4.866666666666666
216 4.866666666666666
217 4.866666666666666
218 4.9
219 4.9
220 4.9
221 4.9
222 4.9
223 4.9
224 4.9
225 4.9
226 4.9
227 4.9
228 4.966666666666667
229 4.966666666666667
230 4.966666666666667
231 4.966666666666667
232 4.966666666666667
233 4.966666666666667
234 4.966666666666667
235 4.966666666666667
236 4.966666666666667
237 4.966666666666667
238 4.966666666666667
239 4.966666666666667
240 4.966666666666667
241 4.966666666666667
242 4.966666666666667
243 4.966666666666667
244 4.966666666666667
245 4.966666666666667
246 4.966666666666667
247 4.966666666666667
248 4.966666666666667
249 4.966666666666667
250 4.966666666666667
251 4.966666666666667
252 4.966666666666667
253 4.966666666666667
254 4.966666666666667
255 4.966666666666667
256 4.966666666666667
257 4.966666666666667
258 4.966666666666667
259 4.966666666666667
260 4.966666666666667
261 4.966666666666667
262 4.966666666666667
263 4.966666666666667
264 4.966666666666667
265 4.966666666666667
266 4.966666666666667
267 4.966666666666667
268 4.966666666666667
269 4.966666666666667
270 4.966666666666667
271 4.966666666666667
272 4.966666666666667
273 4.966666666666667
274 4.966666666666667
275 4.966666666666667
276 4.966666666666667
277 4.966666666666667
278 4.966666666666667
279 4.966666666666667
280 4.966666666666667
281 4.966666666666667
282 4.966666666666667
283 4.966666666666667
284 4.966666666666667
285 4.966666666666667
286 4.966666666666667
287 4.966666666666667
288 4.966666666666667
289 4.966666666666667
290 4.966666666666667
291 4.966666666666667
292 4.966666666666667
293 4.966666666666667
294 4.966666666666667
295 4.966666666666667
296 4.966666666666667
297 4.966666666666667
298 4.966666666666667
299 4.966666666666667
300 4.966666666666667
301 4.966666666666667
302 4.966666666666667
303 4.966666666666667
304 4.966666666666667
305 4.966666666666667
306 4.966666666666667
307 4.966666666666667
308 4.966666666666667
309 4.966666666666667
310 4.966666666666667
311 4.966666666666667
312 4.966666666666667
313 4.966666666666667
314 4.966666666666667
315 4.966666666666667
316 4.966666666666667
317 4.966666666666667
318 4.966666666666667
319 4.966666666666667
320 4.966666666666667
321 4.966666666666667
322 4.966666666666667
323 4.966666666666667
324 4.966666666666667
325 4.966666666666667
326 4.966666666666667
327 4.966666666666667
328 4.966666666666667
329 4.966666666666667
330 4.966666666666667
331 4.966666666666667
332 4.966666666666667
333 4.966666666666667
334 4.966666666666667
335 4.966666666666667
336 4.966666666666667
337 4.966666666666667
338 4.966666666666667
339 4.966666666666667
340 4.966666666666667
341 4.966666666666667
342 4.966666666666667
343 4.966666666666667
344 4.966666666666667
345 4.966666666666667
346 4.966666666666667
347 4.966666666666667
348 4.966666666666667
349 4.966666666666667
350 4.966666666666667
351 4.966666666666667
352 4.966666666666667
353 4.966666666666667
354 4.966666666666667
355 4.966666666666667
356 4.966666666666667
357 4.966666666666667
358 4.966666666666667
359 4.966666666666667
360 4.966666666666667
361 5.0
362 5.0
363 5.0
364 5.0
365 5.0
366 5.0
367 5.0
368 5.0
369 5.0
370 5.0
371 5.0
372 5.0
373 5.0
374 5.0
375 5.0
376 5.0
377 5.0
378 5.0
379 5.0
380 5.0
381 5.0
382 5.0
383 5.0
384 5.0
385 5.0
386 5.0
387 5.0
388 5.0
389 5.0
390 5.0
391 5.0
392 5.0
393 5.0
394 5.0
395 5.0
396 5.0
397 5.0
398 5.0
399 5.0
400 5.0
401 5.0
402 5.0
403 5.0
404 5.0
405 5.0
406 5.0
407 5.0
408 5.0
409 5.0
410 5.0
411 5.0
412 5.0
413 5.0
414 5.066666666666666
415 5.066666666666666
416 5.133333333333334
417 5.133333333333334
418 5.133333333333334
419 5.133333333333334
420 5.133333333333334
421 5.133333333333334
422 5.133333333333334
423 5.133333333333334
424 5.133333333333334
425 5.133333333333334
426 5.133333333333334
427 5.133333333333334
428 5.2
429 5.2
430 5.2
431 5.2
432 5.2
433 5.2
434 5.2
435 5.2
436 5.2
437 5.2
438 5.2
439 5.2
440 5.2
441 5.2
442 5.2
443 5.2
444 5.2
445 5.2
446 5.2
447 5.2
448 5.2
449 5.2
450 5.2
451 5.2
452 5.2
453 5.2
454 5.2
455 5.2
456 5.2
457 5.2
458 5.2
459 5.2
460 5.2
461 5.2
462 5.2
463 5.2
464 5.2
465 5.2
466 5.2
467 5.2
468 5.2
469 5.2
470 5.2
471 5.2
472 5.2
473 5.2
474 5.2
475 5.2
476 5.2
477 5.2
478 5.2
479 5.2
480 5.2
481 5.2
482 5.2
483 5.2
484 5.2
485 5.2
486 5.2
487 5.2
488 5.2
489 5.2
490 5.2
491 5.2
492 5.2
493 5.2
494 5.2
495 5.2
496 5.2
497 5.2
498 5.2
499 5.2
500 5.2
501 5.2
502 5.2
503 5.2
504 5.2
505 5.2
506 5.2
507 5.2
508 5.2
509 5.2
510 5.2
511 5.2
512 5.2
513 5.2
514 5.2
515 5.2
516 5.2
517 5.2
518 5.2
519 5.2
520 5.2
521 5.2
522 5.2
523 5.2
524 5.2
525 5.2
526 5.2
527 5.2
528 5.2
529 5.2
530 5.2
531 5.2
532 5.2
533 5.2
534 5.2
535 5.2
536 5.2
537 5.2
538 5.2
539 5.2
540 5.2
541 5.2
542 5.2
543 5.2
544 5.2
545 5.2
546 5.2
547 5.2
548 5.2
549 5.2
550 5.2
551 5.2
552 5.2
553 5.2
554 5.2
555 5.2
556 5.2
557 5.2
558 5.2
559 5.2
560 5.2
561 5.2
562 5.2
563 5.2
564 5.2
565 5.2
566 5.2
567 5.2
568 5.2
569 5.2
570 5.2
571 5.2
572 5.2
573 5.2
574 5.2
575 5.2
576 5.2
577 5.2
578 5.2
579 5.2
580 5.2
581 5.2
582 5.2
583 5.2
584 5.2
585 5.2
586 5.2
587 5.2
588 5.2
589 5.2
590 5.2
591 5.2
592 5.2
593 5.2
594 5.2
595 5.2
596 5.2
597 5.2
598 5.2
599 5.2
600 5.2
601 5.2
602 5.2
603 5.2
604 5.2
605 5.2
606 5.2
607 5.2
608 5.2
609 5.2
610 5.2
611 5.2
612 5.2
613 5.2
614 5.2
615 5.2
616 5.2
617 5.2
618 5.2
619 5.2
620 5.2
621 5.2
622 5.2
623 5.2
624 5.2
625 5.2
626 5.2
627 5.2
628 5.2
629 5.2
630 5.2
631 5.2
632 5.2
633 5.2
634 5.2
635 5.2
636 5.2
637 5.2
638 5.2
639 5.2
640 5.2
641 5.2
642 5.2
643 5.2
644 5.2
645 5.2
646 5.2
647 5.2
648 5.2
649 5.2
650 5.2
651 5.2
652 5.2
653 5.2
654 5.2
655 5.2
656 5.2
657 5.2
658 5.2
659 5.2
660 5.2
661 5.2
662 5.2
663 5.2
664 5.2
665 5.2
666 5.2
667 5.2
668 5.2
669 5.2
670 5.2
671 5.2
672 5.2
673 5.2
674 5.2
675 5.2
676 5.2
677 5.2
678 5.2
679 5.2
680 5.2
681 5.2
682 5.2
683 5.2
684 5.2
685 5.2
686 5.2
687 5.2
688 5.2
689 5.2
690 5.2
691 5.2
692 5.2
693 5.2
694 5.2
695 5.2
696 5.2
697 5.2
698 5.2
699 5.2
700 5.2
701 5.2
702 5.2
703 5.2
704 5.2
705 5.2
706 5.2
707 5.2
708 5.2
709 5.2
710 5.2
711 5.2
712 5.2
713 5.2
714 5.2
715 5.2
716 5.2
717 5.2
718 5.2
719 5.2
720 5.2
721 5.2
722 5.2
723 5.2
724 5.2
725 5.2
726 5.2
727 5.2
728 5.2
729 5.2
730 5.2
731 5.2
732 5.2
733 5.2
734 5.2
735 5.2
736 5.2
737 5.2
738 5.2
739 5.2
740 5.2
741 5.2
742 5.2
743 5.2
744 5.2
745 5.2
746 5.2
747 5.2
748 5.2
749 5.2
750 5.2
751 5.2
752 5.2
753 5.2
754 5.2
755 5.2
756 5.2
757 5.2
758 5.2
759 5.2
760 5.2
761 5.233333333333333
762 5.233333333333333
763 5.233333333333333
764 5.233333333333333
765 5.233333333333333
766 5.233333333333333
767 5.233333333333333
768 5.233333333333333
769 5.233333333333333
770 5.233333333333333
771 5.233333333333333
772 5.233333333333333
773 5.233333333333333
774 5.233333333333333
775 5.233333333333333
776 5.233333333333333
777 5.233333333333333
778 5.233333333333333
779 5.233333333333333
780 5.233333333333333
781 5.233333333333333
782 5.233333333333333
783 5.233333333333333
784 5.233333333333333
785 5.233333333333333
786 5.233333333333333
787 5.233333333333333
788 5.233333333333333
789 5.233333333333333
790 5.233333333333333
791 5.233333333333333
792 5.233333333333333
793 5.233333333333333
794 5.233333333333333
795 5.233333333333333
796 5.233333333333333
797 5.233333333333333
798 5.233333333333333
799 5.233333333333333
800 5.233333333333333
801 5.233333333333333
802 5.233333333333333
803 5.233333333333333
804 5.233333333333333
805 5.266666666666667
806 5.266666666666667
807 5.266666666666667
808 5.266666666666667
809 5.266666666666667
810 5.266666666666667
811 5.266666666666667
812 5.266666666666667
813 5.266666666666667
814 5.266666666666667
815 5.266666666666667
816 5.266666666666667
817 5.266666666666667
818 5.266666666666667
819 5.266666666666667
820 5.266666666666667
821 5.266666666666667
822 5.266666666666667
823 5.266666666666667
824 5.266666666666667
825 5.266666666666667
826 5.266666666666667
827 5.266666666666667
828 5.266666666666667
829 5.333333333333333
830 5.333333333333333
831 5.333333333333333
832 5.333333333333333
833 5.333333333333333
834 5.333333333333333
835 5.333333333333333
836 5.333333333333333
837 5.333333333333333
838 5.333333333333333
839 5.333333333333333
840 5.333333333333333
841 5.333333333333333
842 5.333333333333333
843 5.333333333333333
844 5.333333333333333
845 5.333333333333333
846 5.333333333333333
847 5.333333333333333
848 5.333333333333333
849 5.333333333333333
850 5.333333333333333
851 5.333333333333333
852 5.333333333333333
853 5.333333333333333
854 5.333333333333333
855 5.333333333333333
856 5.333333333333333
857 5.333333333333333
858 5.333333333333333
859 5.333333333333333
860 5.333333333333333
861 5.333333333333333
862 5.333333333333333
863 5.333333333333333
864 5.333333333333333
865 5.333333333333333
866 5.333333333333333
867 5.333333333333333
868 5.333333333333333
869 5.333333333333333
870 5.333333333333333
871 5.333333333333333
872 5.333333333333333
873 5.333333333333333
874 5.333333333333333
875 5.333333333333333
876 5.333333333333333
877 5.333333333333333
878 5.333333333333333
879 5.333333333333333
880 5.333333333333333
881 5.333333333333333
882 5.333333333333333
883 5.333333333333333
884 5.333333333333333
885 5.333333333333333
886 5.333333333333333
887 5.333333333333333
888 5.333333333333333
889 5.333333333333333
890 5.333333333333333
891 5.333333333333333
892 5.333333333333333
893 5.333333333333333
894 5.333333333333333
895 5.333333333333333
896 5.333333333333333
897 5.333333333333333
898 5.333333333333333
899 5.333333333333333
900 5.333333333333333
901 5.333333333333333
902 5.333333333333333
903 5.333333333333333
904 5.333333333333333
905 5.333333333333333
906 5.333333333333333
907 5.333333333333333
908 5.333333333333333
909 5.333333333333333
910 5.333333333333333
911 5.333333333333333
912 5.333333333333333
913 5.333333333333333
914 5.333333333333333
915 5.333333333333333
916 5.333333333333333
917 5.333333333333333
918 5.333333333333333
919 5.333333333333333
920 5.333333333333333
921 5.333333333333333
922 5.333333333333333
923 5.333333333333333
924 5.333333333333333
925 5.333333333333333
926 5.333333333333333
927 5.333333333333333
928 5.333333333333333
929 5.333333333333333
930 5.333333333333333
931 5.333333333333333
932 5.333333333333333
933 5.333333333333333
934 5.333333333333333
935 5.333333333333333
936 5.333333333333333
937 5.333333333333333
938 5.333333333333333
939 5.333333333333333
940 5.333333333333333
941 5.333333333333333
942 5.333333333333333
943 5.333333333333333
944 5.333333333333333
945 5.333333333333333
946 5.333333333333333
947 5.333333333333333
948 5.333333333333333
949 5.333333333333333
950 5.333333333333333
951 5.333333333333333
952 5.333333333333333
953 5.333333333333333
954 5.333333333333333
955 5.333333333333333
956 5.333333333333333
957 5.333333333333333
958 5.333333333333333
959 5.333333333333333
960 5.333333333333333
961 5.333333333333333
962 5.333333333333333
963 5.333333333333333
964 5.333333333333333
965 5.333333333333333
966 5.333333333333333
967 5.333333333333333
968 5.333333333333333
969 5.333333333333333
970 5.333333333333333
971 5.333333333333333
972 5.333333333333333
973 5.333333333333333
974 5.333333333333333
975 5.333333333333333
976 5.333333333333333
977 5.333333333333333
978 5.333333333333333
979 5.333333333333333
980 5.333333333333333
981 5.333333333333333
982 5.333333333333333
983 5.333333333333333
984 5.333333333333333
985 5.333333333333333
986 5.333333333333333
987 5.333333333333333
988 5.333333333333333
989 5.333333333333333
990 5.333333333333333
991 5.333333333333333
992 5.333333333333333
993 5.333333333333333
994 5.333333333333333
995 5.333333333333333
996 5.333333333333333
997 5.333333333333333
998 5.333333333333333
999 5.333333333333333
1000 5.333333333333333
1001 5.333333333333333
1002 5.333333333333333
1003 5.333333333333333
1004 5.333333333333333
1005 5.333333333333333
1006 5.333333333333333
1007 5.333333333333333
1008 5.333333333333333
1009 5.333333333333333
1010 5.333333333333333
1011 5.333333333333333
1012 5.333333333333333
1013 5.333333333333333
1014 5.333333333333333
1015 5.333333333333333
1016 5.333333333333333
1017 5.333333333333333
1018 5.333333333333333
1019 5.333333333333333
1020 5.333333333333333
1021 5.333333333333333
1022 5.333333333333333
1023 5.333333333333333
1024 5.333333333333333
1025 5.333333333333333
1026 5.333333333333333
1027 5.333333333333333
1028 5.333333333333333
1029 5.333333333333333
1030 5.333333333333333
1031 5.333333333333333
1032 5.333333333333333
1033 5.333333333333333
1034 5.333333333333333
1035 5.333333333333333
1036 5.333333333333333
1037 5.333333333333333
1038 5.333333333333333
1039 5.333333333333333
1040 5.333333333333333
1041 5.333333333333333
1042 5.333333333333333
1043 5.333333333333333
1044 5.333333333333333
1045 5.333333333333333
1046 5.333333333333333
1047 5.333333333333333
1048 5.333333333333333
1049 5.333333333333333
1050 5.333333333333333
1051 5.333333333333333
1052 5.333333333333333
1053 5.333333333333333
1054 5.333333333333333
1055 5.333333333333333
1056 5.333333333333333
1057 5.333333333333333
1058 5.333333333333333
1059 5.333333333333333
1060 5.333333333333333
1061 5.333333333333333
1062 5.333333333333333
1063 5.333333333333333
1064 5.333333333333333
1065 5.333333333333333
1066 5.333333333333333
1067 5.333333333333333
1068 5.333333333333333
1069 5.333333333333333
1070 5.333333333333333
1071 5.333333333333333
1072 5.333333333333333
1073 5.333333333333333
1074 5.333333333333333
1075 5.333333333333333
1076 5.333333333333333
1077 5.333333333333333
1078 5.333333333333333
1079 5.333333333333333
1080 5.333333333333333
1081 5.333333333333333
1082 5.333333333333333
1083 5.333333333333333
1084 5.333333333333333
1085 5.333333333333333
1086 5.333333333333333
1087 5.333333333333333
1088 5.333333333333333
1089 5.333333333333333
1090 5.333333333333333
1091 5.333333333333333
1092 5.333333333333333
1093 5.333333333333333
1094 5.333333333333333
1095 5.333333333333333
1096 5.333333333333333
1097 5.333333333333333
1098 5.333333333333333
1099 5.333333333333333
1100 5.333333333333333
1101 5.333333333333333
1102 5.333333333333333
1103 5.333333333333333
1104 5.333333333333333
1105 5.333333333333333
1106 5.333333333333333
1107 5.333333333333333
1108 5.333333333333333
1109 5.333333333333333
1110 5.333333333333333
1111 5.333333333333333
1112 5.333333333333333
1113 5.333333333333333
1114 5.333333333333333
1115 5.333333333333333
1116 5.333333333333333
1117 5.333333333333333
1118 5.333333333333333
1119 5.333333333333333
1120 5.333333333333333
1121 5.333333333333333
1122 5.333333333333333
1123 5.333333333333333
1124 5.333333333333333
1125 5.333333333333333
1126 5.333333333333333
1127 5.333333333333333
1128 5.333333333333333
1129 5.333333333333333
1130 5.333333333333333
1131 5.333333333333333
1132 5.333333333333333
1133 5.333333333333333
1134 5.333333333333333
1135 5.333333333333333
1136 5.333333333333333
1137 5.333333333333333
1138 5.333333333333333
1139 5.333333333333333
1140 5.333333333333333
1141 5.333333333333333
1142 5.333333333333333
1143 5.333333333333333
1144 5.333333333333333
1145 5.333333333333333
1146 5.333333333333333
1147 5.333333333333333
1148 5.333333333333333
1149 5.333333333333333
1150 5.333333333333333
1151 5.333333333333333
1152 5.333333333333333
1153 5.333333333333333
1154 5.333333333333333
1155 5.333333333333333
1156 5.333333333333333
1157 5.333333333333333
1158 5.333333333333333
1159 5.333333333333333
1160 5.333333333333333
1161 5.333333333333333
1162 5.333333333333333
1163 5.333333333333333
1164 5.333333333333333
1165 5.333333333333333
1166 5.333333333333333
1167 5.333333333333333
1168 5.333333333333333
1169 5.333333333333333
1170 5.333333333333333
1171 5.333333333333333
1172 5.333333333333333
1173 5.333333333333333
1174 5.333333333333333
1175 5.333333333333333
1176 5.333333333333333
1177 5.333333333333333
1178 5.333333333333333
1179 5.333333333333333
1180 5.333333333333333
1181 5.333333333333333
1182 5.333333333333333
1183 5.333333333333333
1184 5.333333333333333
1185 5.333333333333333
1186 5.333333333333333
1187 5.333333333333333
1188 5.333333333333333
1189 5.333333333333333
1190 5.333333333333333
1191 5.333333333333333
1192 5.333333333333333
1193 5.333333333333333
1194 5.333333333333333
1195 5.333333333333333
1196 5.333333333333333
1197 5.333333333333333
1198 5.333333333333333
1199 5.333333333333333
1200 5.333333333333333
1201 5.333333333333333
1202 5.333333333333333
1203 5.333333333333333
1204 5.333333333333333
1205 5.333333333333333
1206 5.333333333333333
1207 5.333333333333333
1208 5.333333333333333
1209 5.333333333333333
1210 5.333333333333333
1211 5.333333333333333
1212 5.333333333333333
1213 5.333333333333333
1214 5.333333333333333
1215 5.333333333333333
1216 5.4
1217 5.4
1218 5.4
1219 5.4
1220 5.4
1221 5.4
1222 5.4
1223 5.4
1224 5.4
1225 5.4
1226 5.4
1227 5.4
1228 5.4
1229 5.4
1230 5.4
1231 5.4
1232 5.4
1233 5.4
1234 5.4
1235 5.4
1236 5.4
1237 5.4
1238 5.4
1239 5.4
1240 5.4
1241 5.4
1242 5.4
1243 5.4
1244 5.4
1245 5.4
1246 5.4
1247 5.4
1248 5.4
1249 5.4
1250 5.4
1251 5.4
1252 5.4
1253 5.4
1254 5.4
1255 5.4
1256 5.4
1257 5.4
1258 5.533333333333333
1259 5.533333333333333
1260 5.533333333333333
1261 5.533333333333333
1262 5.533333333333333
1263 5.533333333333333
1264 5.533333333333333
1265 5.533333333333333
1266 5.533333333333333
1267 5.533333333333333
1268 5.533333333333333
1269 5.533333333333333
1270 5.533333333333333
1271 5.533333333333333
1272 5.533333333333333
1273 5.533333333333333
1274 5.533333333333333
1275 5.533333333333333
1276 5.533333333333333
1277 5.533333333333333
1278 5.533333333333333
1279 5.533333333333333
1280 5.533333333333333
1281 5.533333333333333
1282 5.533333333333333
1283 5.533333333333333
1284 5.533333333333333
1285 5.533333333333333
1286 5.533333333333333
1287 5.533333333333333
1288 5.533333333333333
1289 5.533333333333333
1290 5.533333333333333
1291 5.533333333333333
1292 5.533333333333333
1293 5.533333333333333
1294 5.533333333333333
1295 5.533333333333333
1296 5.533333333333333
1297 5.533333333333333
1298 5.533333333333333
1299 5.533333333333333
1300 5.533333333333333
1301 5.533333333333333
1302 5.533333333333333
1303 5.533333333333333
1304 5.533333333333333
1305 5.533333333333333
1306 5.533333333333333
1307 5.533333333333333
1308 5.533333333333333
1309 5.533333333333333
1310 5.533333333333333
1311 5.533333333333333
1312 5.533333333333333
1313 5.533333333333333
1314 5.533333333333333
1315 5.533333333333333
1316 5.533333333333333
1317 5.533333333333333
1318 5.533333333333333
1319 5.533333333333333
1320 5.533333333333333
1321 5.533333333333333
1322 5.533333333333333
1323 5.533333333333333
1324 5.533333333333333
1325 5.533333333333333
1326 5.533333333333333
1327 5.533333333333333
1328 5.533333333333333
1329 5.533333333333333
1330 5.533333333333333
1331 5.533333333333333
1332 5.533333333333333
1333 5.533333333333333
1334 5.533333333333333
1335 5.533333333333333
1336 5.533333333333333
1337 5.533333333333333
1338 5.533333333333333
1339 5.533333333333333
1340 5.533333333333333
1341 5.533333333333333
1342 5.533333333333333
1343 5.533333333333333
1344 5.533333333333333
1345 5.533333333333333
1346 5.533333333333333
1347 5.533333333333333
1348 5.533333333333333
1349 5.533333333333333
1350 5.533333333333333
1351 5.533333333333333
1352 5.533333333333333
1353 5.533333333333333
1354 5.533333333333333
1355 5.533333333333333
1356 5.533333333333333
1357 5.533333333333333
1358 5.533333333333333
1359 5.533333333333333
1360 5.566666666666666
1361 5.566666666666666
1362 5.566666666666666
1363 5.566666666666666
1364 5.566666666666666
1365 5.566666666666666
1366 5.566666666666666
1367 5.566666666666666
1368 5.566666666666666
1369 5.566666666666666
1370 5.566666666666666
1371 5.566666666666666
1372 5.566666666666666
1373 5.566666666666666
1374 5.566666666666666
1375 5.566666666666666
1376 5.566666666666666
1377 5.566666666666666
1378 5.566666666666666
1379 5.566666666666666
1380 5.566666666666666
1381 5.566666666666666
1382 5.566666666666666
1383 5.566666666666666
1384 5.566666666666666
1385 5.566666666666666
1386 5.566666666666666
1387 5.566666666666666
1388 5.566666666666666
1389 5.566666666666666
1390 5.566666666666666
1391 5.566666666666666
1392 5.566666666666666
1393 5.566666666666666
1394 5.566666666666666
1395 5.566666666666666
1396 5.566666666666666
1397 5.566666666666666
1398 5.566666666666666
1399 5.566666666666666
1400 5.566666666666666
1401 5.566666666666666
1402 5.566666666666666
1403 5.566666666666666
1404 5.566666666666666
1405 5.566666666666666
1406 5.566666666666666
1407 5.566666666666666
1408 5.566666666666666
1409 5.566666666666666
1410 5.566666666666666
1411 5.566666666666666
1412 5.566666666666666
1413 5.566666666666666
1414 5.566666666666666
1415 5.566666666666666
1416 5.566666666666666
1417 5.566666666666666
1418 5.566666666666666
1419 5.566666666666666
1420 5.566666666666666
1421 5.566666666666666
1422 5.566666666666666
1423 5.566666666666666
1424 5.566666666666666
1425 5.566666666666666
1426 5.566666666666666
1427 5.566666666666666
1428 5.566666666666666
1429 5.566666666666666
1430 5.566666666666666
1431 5.566666666666666
1432 5.566666666666666
1433 5.566666666666666
1434 5.566666666666666
1435 5.566666666666666
1436 5.566666666666666
1437 5.566666666666666
1438 5.566666666666666
1439 5.566666666666666
1440 5.566666666666666
1441 5.566666666666666
1442 5.566666666666666
1443 5.566666666666666
1444 5.566666666666666
1445 5.566666666666666
1446 5.566666666666666
1447 5.566666666666666
1448 5.566666666666666
1449 5.566666666666666
1450 5.566666666666666
1451 5.566666666666666
1452 5.566666666666666
1453 5.566666666666666
1454 5.566666666666666
1455 5.566666666666666
1456 5.566666666666666
1457 5.566666666666666
1458 5.566666666666666
1459 5.566666666666666
1460 5.566666666666666
1461 5.566666666666666
1462 5.566666666666666
1463 5.566666666666666
1464 5.566666666666666
1465 5.566666666666666
1466 5.566666666666666
1467 5.566666666666666
1468 5.566666666666666
1469 5.566666666666666
1470 5.6
1471 5.6
1472 5.6
1473 5.6
1474 5.6
1475 5.6
1476 5.6
1477 5.6
1478 5.6
1479 5.6
1480 5.6
1481 5.6
1482 5.6
1483 5.6
1484 5.6
1485 5.6
1486 5.6
1487 5.6
1488 5.6
1489 5.6
1490 5.6
1491 5.6
1492 5.6
1493 5.6
1494 5.6
1495 5.6
1496 5.6
1497 5.6
1498 5.6
1499 5.6
