0 0.46507199252467907
1 0.46507199252467907
2 0.5891921803775434
3 0.7129395695670787
4 0.7129395695670787
5 0.7129395695670787
6 0.7129395695670787
7 0.7129395695670787
8 0.7129395695670787
9 0.7129395695670787
10 0.7129395695670787
11 0.7129395695670787
12 0.7129395695670787
13 0.7129395695670787
14 0.7129395695670787
15 0.7136910401206806
16 0.7136910401206806
17 0.7136910401206806
18 0.7136910401206806
19 0.7136910401206806
20 0.7136910401206806
21 0.7155036949707239
22 0.7155687103069552
23 0.7155687103069552
24 0.7155687103069552
25 0.7155687103069552
26 0.7155687103069552
27 0.7155687103069552
28 0.72055806931043
29 0.72055806931043
30 0.72055806931043
31 0.72055806931043
32 0.8615522924912885
33 0.861552293113786
34 0.8615648222901046
35 0.8615648222901046
36 0.8615648222901046
37 0.8615648222901046
38 0.8615648222901046
39 0.8615648222901046
40 0.8615676644842294
41 0.8615676644842294
42 0.861567771413484
43 0.861567771413484
44 0.861567771413484
45 0.8647605228197941
46 0.8692104578183707
47 0.8692104578183707
48 0.8692104578183707
49 0.8692104578183707
50 0.8723606861410457
51 0.8723606861410457
52 0.8723606861410457
53 0.8723606861410457
54 0.8723606861410457
55 0.8723606861410457
56 0.8723606861410457
57 0.8723606861410457
58 0.8723606861410457
59 0.8723606861410457
60 0.8723606861410457
61 0.8723606861410457
62 0.8723606861410457
63 0.8723606861410457
64 0.8723606861410457
65 0.8723606861410457
66 0.8723606861410457
67 0.8723606861410457
68 0.8723606861410457
69 0.8723606861410457
70 0.8723606861410457
71 0.8723606861410457
72 0.8723606861410457
73 0.8723606861410457
74 0.8723606861410457
75 0.8723606861410457
76 0.8723606861410457
77 0.8723606861410457
78 0.8723606861410457
79 0.8770109951361263
80 0.8770109951361263
81 0.8770109951361263
82 0.8770109951361263
83 0.8770109951361263
84 0.8770109951361263
85 0.8770109951361388
86 0.8770109953747086
87 0.8770109953747086
88 0.8770109953752295
89 0.8770109953754609
90 0.8770112464190042
91 0.8770112464190042
92 0.8770112464190042
93 0.8770112485852007
94 0.8770112485852007
95 0.8770112535061705
96 0.8770112535061705
97 0.8770112535061705
98 0.8770112535061705
99 0.8770112535061705
100 0.8770112535061705
101 0.8770112546161861
102 0.8889136165196045
103 0.8889136165196045
104 0.8889136165196045
105 0.8889141274912354
106 0.8889141274912354
107 0.8889141274912354
108 0.8889141274912354
109 0.8889141274912354
110 0.8889141274912354
111 0.8889141274912354
112 0.8889141274912354
113 0.8889141274912354
114 0.8889201070116589
115 0.8889201070116589
116 0.8889201070116589
117 0.8889201070116589
118 0.8889201070116589
119 0.8889201070116589
120 0.8889201070116589
121 0.8889201070116589
122 0.8889201070116589
123 0.8889201070116589
124 0.8889201070116589
125 0.8889201070116589
126 0.8889201070116589
127 0.8889201070116589
128 0.8889201070116589
129 0.8889201070116589
130 0.8896540239588686
131 0.8896540239588686
132 0.8896540239588686
133 0.8896540239588686
134 0.8896554505458063
135 0.8896554505458063
136 0.8896554505458063
137 0.8896554505458063
138 0.8896554505458063
139 0.8896554505458063
140 0.8896554505458063
141 0.8896554505458063
142 0.8896554505458063
143 0.8896554505458063
144 0.8896554569110597
145 0.8896554569110597
146 0.8896554569110597
147 0.8896873712558528
148 0.8896873712558528
149 0.8896873712558528
150 0.8896873712558528
151 0.8920616147190322
152 0.8920616147190322
153 0.8943733897630906
154 0.8943733897630906
155 0.8943733897630906
156 0.8943733897630906
157 0.8943733897630906
158 0.8943733970701339
159 0.8943733970701339
160 0.8943733970701339
161 0.8943733970701339
162 0.8943733970701339
163 0.8943734050175591
164 0.8943734050175591
165 0.8943734050175591
166 0.8943734050175591
167 0.8943734050175591
168 0.8943734050175591
169 0.8943734050175591
170 0.8943734050175591
171 0.8943734050175591
172 0.8943734050175591
173 0.8943734050175591
174 0.9046448344457169
175 0.9046448344457169
176 0.9046448344457169
177 0.9046448344457169
178 0.9046448344457169
179 0.9046448344457169
180 0.9046448344457169
181 0.9046448344457169
182 0.9046448344457169
183 0.9046448344457169
184 0.9046448344457169
185 0.9046448344457169
186 0.9046448344457169
187 0.9046448344457169
188 0.9046448361891285
189 0.9046448361891285
190 0.9046448361891285
191 0.9046448361891285
192 0.9046448361891285
193 0.9046448361891285
194 0.9046448361891285
195 0.9046448361891285
196 0.9046448361891285
197 0.9046448361891285
198 0.9046448361891285
199 0.9046448361891285
200 0.9046448361891285
201 0.9046448361891285
202 0.9046448361891285
203 0.9046448361891285
204 0.9046448361891285
205 0.9046448361891285
206 0.9046448361891285
207 0.9046448361891285
208 0.9046448361891285
209 0.9046448361891285
210 0.9046448361891285
211 0.9046448361891285
212 0.9046448361891285
213 0.9046448361891285
214 0.9046448361891285
215 0.9046448361891285
216 0.9046448362643874
217 0.9046448362643874
218 0.9046448362643874
219 0.9046448362643874
220 0.9046448362643874
221 0.9046448362643874
222 0.9046448362643874
223 0.9046448362643874
224 0.9046448362643874
225 0.9046448362643874
226 0.9046448362643874
227 0.9046448362643874
228 0.9046448362643874
229 0.9046448362643874
230 0.9046448362643874
231 0.9046448362643874
232 0.9046448362643874
233 0.9046448362643874
234 0.9046448362643874
235 0.9046448362643874
236 0.9046448362643874
237 0.9046448362643874
238 0.9046448362643874
239 0.9046448362643874
240 0.9046448362643874
241 0.9046448362643874
242 0.9046448362643874
243 0.9046448362643874
244 0.9046448362643874
245 0.9046448362643874
246 0.9046448362643874
247 0.9046448362643874
248 0.9046448362837747
249 0.9046448362837747
250 0.9046448362837747
251 0.9046448362837747
252 0.9046448362837747
253 0.9046448362837747
254 0.9046448362837747
255 0.9046448362837747
256 0.9046450354611889
257 0.9046450354611889
258 0.9046450354611889
259 0.9046450354611889
260 0.9046450354611889
261 0.9046450354611889
262 0.9046450354611889
263 0.9046450354611889
264 0.9046450354611889
265 0.9046450354611889
266 0.9046450354611889
267 0.9046450354611889
268 0.9046450354611889
269 0.9046450354611889
270 0.9046450354611889
271 0.9046450354611889
272 0.9046450354611889
273 0.9046450354611889
274 0.9046450354611889
275 0.9046450354611889
276 0.9046450354611889
277 0.9046450354611889
278 0.9046450354611889
279 0.9046450354611889
280 0.9046450354611889
281 0.9046450354611889
282 0.9046450354611889
283 0.9046450354611889
284 0.9046450354611889
285 0.9046450354611889
286 0.9046450354611889
287 0.9046450354611889
288 0.9046450354611889
289 0.9046450354611889
290 0.9046450354611889
291 0.9046450354611889
292 0.9046450354611889
293 0.9046450354611889
294 0.9046450354611889
295 0.9046450354611889
296 0.9046450354611889
297 0.9046450354611889
298 0.9046450354611889
299 0.9046450354611889
300 0.9046450354611889
301 0.9046450354611889
302 0.9046450354611889
303 0.9046450354611889
304 0.9046450354678658
305 0.9046450354790695
306 0.9046450354790695
307 0.9046450354790695
308 0.9046450354790695
309 0.9046450354790695
310 0.9046450354790695
311 0.9046450354790695
312 0.9046450354790695
313 0.9046450354790695
314 0.9046450354790695
315 0.9046450354790695
316 0.9046450354824629
317 0.9046450354824629
318 0.9046450354824681
319 0.9046450354824681
320 0.9046450354824681
321 0.9046450354824681
322 0.9046450354824681
323 0.9046450354824681
324 0.9046450354824681
325 0.9046450354824681
326 0.9046450354824681
327 0.9046450354824681
328 0.9046450354824681
329 0.9046450354824681
330 0.9046450354824681
331 0.9046450354824681
332 0.9046450354824681
333 0.9046450354824681
334 0.9046450354824681
335 0.9046450354824681
336 0.9046450354824681
337 0.9046450354824681
338 0.9046450354824681
339 0.9046450354824681
340 0.9046450354824681
341 0.9046450354824681
342 0.9046450354824681
343 0.9046450354824681
344 0.9046450354824681
345 0.9046450354824681
346 0.9046450354824681
347 0.9046450354824681
348 0.9046450354824681
349 0.9046450354824681
350 0.9046450354824681
351 0.9046450354824681
352 0.9046450354824681
353 0.9046450354824681
354 0.9046450354824681
355 0.9046450354824681
356 0.9046450354824681
357 0.9046450354824681
358 0.9046450354824681
359 0.9046450354824681
360 0.9046450354824681
361 0.9046450354824681
362 0.9046450354824681
363 0.9046450354824681
364 0.9046450354824681
365 0.9046450354824681
366 0.9046450354824681
367 0.9046450354824681
368 0.9046450354824681
369 0.9046450354824681
370 0.9046450354824681
371 0.9046450354824681
372 0.9046450354824681
373 0.9046450354824681
374 0.9046450354824681
375 0.9046450354824864
376 0.9046450354824864
377 0.9046450354824864
378 0.9046450354824864
379 0.9046450354824864
380 0.9046450354824864
381 0.9046450354824864
382 0.9046450354824864
383 0.9046450354824864
384 0.9046450354824864
385 0.9046450354824864
386 0.9046450354824864
387 0.9046450354824864
388 0.9046450354824864
389 0.9046450354824864
390 0.9046450354824864
391 0.9046450354824864
392 0.9046450354824864
393 0.9046450354824864
394 0.9046450354824864
395 0.9046450354824864
396 0.9046450354824864
397 0.9046450354824864
398 0.9046450354824864
399 0.9046450354824864
400 0.9046450354824864
401 0.9046450354824864
402 0.9046450354824864
403 0.9046450354825002
404 0.9046450354825002
405 0.9046450354825002
406 0.9046450354825002
407 0.9046450354825002
408 0.9046450354825002
409 0.9046450354825002
410 0.9046450354825002
411 0.9046450354825002
412 0.9046450354825002
413 0.9046450354825002
414 0.9046450354825002
415 0.9046450354825002
416 0.9046450354825002
417 0.9046450354825002
418 0.9046450354825002
419 0.9046450354825002
420 0.9046450354825002
421 0.9046450354825051
422 0.9046450354825051
423 0.9046450354825051
424 0.9046450354825051
425 0.9046450354825051
426 0.9046450354825073
427 0.9046450354825073
428 0.9046450354825073
429 0.9046450354825073
430 0.9046450354825073
431 0.9046450354825073
432 0.9046450354825073
433 0.9046450354825073
434 0.9046450354825073
435 0.9046450354825073
436 0.9046450354825073
437 0.9046450354825073
438 0.9046450354825073
439 0.9046450354825073
440 0.9046450354825073
441 0.9046450354825073
442 0.9046450354825073
443 0.9046450354825073
444 0.9046450354825073
445 0.9046450354825073
446 0.9046450354825073
447 0.9046450354825073
448 0.9046450354825073
449 0.9046450354825073
450 0.9046450354825073
451 0.9046450354825073
452 0.9046450354825073
453 0.9046450354825073
454 0.9046450354825073
455 0.9046450354825073
456 0.9046450354825115
457 0.9046450354825115
458 0.9046450354825115
459 0.9046450354825115
460 0.9046450354825115
461 0.9046450354825115
462 0.9046450354825115
463 0.9046450354825115
464 0.9046450354825115
465 0.9046450354825115
466 0.904645035482513
467 0.904645035482513
468 0.904645035482513
469 0.904645035482513
470 0.904645035482513
471 0.904645035482513
472 0.904645035482513
473 0.904645035482513
474 0.9046450354825142
475 0.9046450354825142
476 0.9046450354825142
477 0.9046450354825142
478 0.9046450354825142
479 0.9046450354825142
480 0.9046450354825142
481 0.9046450354825142
482 0.9046450354825142
483 0.9046450354825142
484 0.9046450354825142
485 0.9046450354825142
486 0.9046450354825142
487 0.9046450354825142
488 0.9046450354825142
489 0.9046450354825148
490 0.9046450354825148
491 0.9046450354825148
492 0.9046450354825148
493 0.9046450354825148
494 0.9046450354825148
495 0.9046450354825148
496 0.9046450354825148
497 0.9046450354825148
498 0.9046450354825148
499 0.9046450354825148
500 0.9046450354825148
501 0.9046450354825148
502 0.9046450354825148
503 0.9046450354825148
504 0.9046450354825148
505 0.9046450354825148
506 0.9046450354825148
507 0.9046450354825148
508 0.9046450354825148
509 0.9046450354825148
510 0.9046450354825148
511 0.9046450354825148
512 0.9046450354825148
513 0.9046450354825148
514 0.9046450354825148
515 0.9046450354825148
516 0.9046450354825148
517 0.9046450354825148
518 0.9046450354825148
519 0.9046450354825148
520 0.9046450354825148
521 0.9046450354825148
522 0.9046450354825148
523 0.9046450354825148
524 0.9046450354825148
525 0.9046450354825148
526 0.9046450354825148
527 0.9046450354825148
528 0.9047581548939082
529 0.9047581548939082
530 0.9047581548939082
531 0.9047581548939082
532 0.9047581548939082
533 0.9047581548939082
534 0.9047581548939082
535 0.9047581548939082
536 0.9047581548939082
537 0.9047581548939082
538 0.9047581548939082
539 0.9047581548939082
540 0.9047581548939082
541 0.9047581548939082
542 0.9047581548939082
543 0.9047581548939082
544 0.9047581548939082
545 0.9047581548939082
546 0.9047581548939082
547 0.9047581548939082
548 0.9047581548939082
549 0.9047581548939082
550 0.9047581548939082
551 0.9047581548939082
552 0.9047581548939082
553 0.9047581548939082
554 0.9047581548939082
555 0.9047581548939082
556 0.9047581548939082
557 0.9047581548939082
558 0.9047581548939082
559 0.9047581548939082
560 0.9047581548939082
561 0.9047581548939082
562 0.9047581548939082
563 0.9047581548939082
564 0.9047581548939082
565 0.9047581548939082
566 0.9047581548939082
567 0.9047581548939082
568 0.9047581548939082
569 0.9047581548939082
570 0.9047581548939082
571 0.9047581548939082
572 0.9047581548939082
573 0.9047581548939082
574 0.9047581548939082
575 0.9047581548939082
576 0.9047581548939082
577 0.9047581548939082
578 0.9047581548939082
579 0.9047581548939082
580 0.9047581548939082
581 0.9047581548939082
582 0.9047581548939082
583 0.9047581548939082
584 0.9047581548939082
585 0.9047581548939082
586 0.9047581548939082
587 0.9047581548939082
588 0.9047581548939082
589 0.9047581548939082
590 0.9047581548939082
591 0.9047581548939082
592 0.9047581548939082
593 0.9047581548939082
594 0.9047581548939082
595 0.9047581548939082
596 0.9047581548939082
597 0.9047581548939082
598 0.9047581548939082
599 0.9047581548939082
600 0.9047581548939089
601 0.9047581548939089
602 0.9047581548939089
603 0.9047581548939089
604 0.9047581548939089
605 0.9047581548939089
606 0.9047581548939089
607 0.9047581548939098
608 0.9047581548939098
609 0.9047581548939098
610 0.9047581548939098
611 0.9047581548939098
612 0.9047581548939098
613 0.9047581548939098
614 0.9047581548939098
615 0.9047581548939098
616 0.9047581548939098
617 0.9047581548939098
618 0.9047581548939098
619 0.9047581548939098
620 0.9047581548939098
621 0.9047581548939098
622 0.9047581548939098
623 0.9047581548939098
624 0.9047581548939098
625 0.9047581548939098
626 0.9047581548939098
627 0.9047581548939098
628 0.9047581548939098
629 0.9047581548939098
630 0.9047581548939098
631 0.9047581548939098
632 0.9047581548939098
633 0.9047581548939098
634 0.9047581548939098
635 0.9047581548939098
636 0.9047581548939098
637 0.9047581548939098
638 0.9047581548939098
639 0.9047581548939098
640 0.9047581548939098
641 0.9047581548939098
642 0.9047581548939098
643 0.9047581548939098
644 0.9047581548939098
645 0.9047581548939098
646 0.9047581548939098
647 0.9047581548939098
648 0.9047581548939098
649 0.9047581548939098
650 0.9047581548939098
651 0.9047581548939098
652 0.9047581548939098
653 0.9047581548939098
654 0.9047581548939098
655 0.90475815489391
656 0.90475815489391
657 0.90475815489391
658 0.90475815489391
659 0.90475815489391
660 0.90475815489391
661 0.90475815489391
662 0.90475815489391
663 0.90475815489391
664 0.90475815489391
665 0.90475815489391
666 0.90475815489391
667 0.90475815489391
668 0.90475815489391
669 0.90475815489391
670 0.90475815489391
671 0.90475815489391
672 0.90475815489391
673 0.90475815489391
674 0.90475815489391
675 0.90475815489391
676 0.9047861322507459
677 0.9047861322507459
678 0.9047861322507459
679 0.9047861322507459
680 0.9047861322507459
681 0.9047861322507459
682 0.9047861322507459
683 0.9047861322507459
684 0.9047861322507459
685 0.9047861322507459
686 0.9047861322507459
687 0.9047861322507459
688 0.9047861322507459
689 0.9047861322507459
690 0.9047861322507459
691 0.9047861322507459
692 0.9047861322507459
693 0.9047861322507459
694 0.9047861322507459
695 0.9047861322507459
696 0.9047861322507459
697 0.9047861322507459
698 0.9047861322507459
699 0.9047861322507459
700 0.9047861322507459
701 0.9047861322507459
702 0.9047861322507459
703 0.9047861322507459
704 0.9047861322507459
705 0.9047861322507459
706 0.9047861322507459
707 0.9047861322507459
708 0.9047861322507459
709 0.9047861322507459
710 0.9047861322507459
711 0.9047861322507459
712 0.9047861322507459
713 0.9047861322507459
714 0.9047861322507459
715 0.9047861322507459
716 0.9047861322507459
717 0.9047861322507459
718 0.9047861322507459
719 0.9047861322507459
720 0.9047861322507459
721 0.9047861322507459
722 0.9047861322507459
723 0.9047861322507459
724 0.9047861322507459
725 0.9047861322507459
726 0.9047861322507459
727 0.9047861322507459
728 0.9047861322507459
729 0.9047861322507459
730 0.9047861322507459
731 0.9047861322507459
732 0.9047861322507459
733 0.9047867636037501
734 0.9047867636037501
735 0.9047867636037501
736 0.9047867636037501
737 0.9047867636037501
738 0.9047867636037501
739 0.9047867636037501
740 0.9047867636037501
741 1.0
742 1.0
743 1.0
744 1.0
745 1.0
746 1.0
747 1.0
748 1.0
749 1.0
750 1.0
751 1.0
752 1.0
753 1.0
754 1.0
755 1.0
756 1.0
757 1.0
758 1.0
759 1.0
760 1.0
761 1.0
762 1.0
763 1.0
764 1.0
765 1.0
766 1.0
767 1.0
768 1.0
769 1.0
770 1.0
771 1.0
772 1.0
773 1.0
774 1.0
775 1.0
776 1.0
777 1.0
778 1.0
779 1.0
780 1.0
781 1.0
782 1.0
783 1.0
784 1.0
785 1.0
786 1.0
787 1.0
788 1.0
789 1.0
790 1.0
791 1.0
792 1.0
793 1.0
794 1.0
795 1.0
796 1.0
797 1.0
798 1.0
799 1.0
800 1.0
801 1.0
802 1.0
803 1.0
804 1.0
805 1.0
806 1.0
807 1.0
808 1.0
809 1.0
810 1.0
811 1.0
812 1.0
813 1.0
814 1.0
815 1.0
816 1.0
817 1.0
818 1.0
819 1.0
820 1.0
821 1.0
822 1.0
823 1.0
824 1.0
825 1.0
826 1.0
827 1.0
828 1.0
829 1.0
830 1.0
831 1.0
832 1.0
833 1.0
834 1.0
835 1.0
836 1.0
837 1.0
838 1.0
839 1.0
840 1.0
841 1.0
842 1.0
843 1.0
844 1.0
845 1.0
846 1.0
847 1.0
848 1.0
849 1.0
850 1.0
851 1.0
852 1.0
853 1.0
854 1.0
855 1.0
856 1.0
857 1.0
858 1.0
859 1.0
860 1.0
861 1.0
862 1.0
863 1.0
864 1.0
865 1.0
866 1.0
867 1.0
868 1.0
869 1.0
870 1.0
871 1.0
872 1.0
873 1.0
874 1.0
875 1.0
876 1.0
877 1.0
878 1.0
879 1.0
880 1.0
881 1.0
882 1.0
883 1.0
884 1.0
885 1.0
886 1.0
887 1.0
888 1.0
889 1.0
890 1.0
891 1.0
892 1.0
893 1.0
894 1.0
895 1.0
896 1.0
897 1.0
898 1.0
899 1.0
900 1.0
901 1.0
902 1.0
903 1.0
904 1.0
905 1.0
906 1.0
907 1.0
908 1.0
909 1.0
910 1.0
911 1.0
912 1.0
913 1.0
914 1.0
915 1.0
916 1.0
917 1.0
918 1.0
919 1.0
920 1.0
921 1.0
922 1.0
923 1.0
924 1.0
925 1.0
926 1.0
927 1.0
928 1.0
929 1.0
930 1.0
931 1.0
932 1.0
933 1.0
934 1.0
935 1.0
936 1.0
937 1.0
938 1.0
939 1.0
940 1.0
941 1.0
942 1.0
943 1.0
944 1.0
945 1.0
946 1.0
947 1.0
948 1.0
949 1.0
950 1.0
951 1.0
952 1.0
953 1.0
954 1.0
955 1.0
956 1.0
957 1.0
958 1.0
959 1.0
960 1.0
961 1.0
962 1.0
963 1.0
964 1.0
965 1.0
966 1.0
967 1.0
968 1.0
969 1.0
970 1.0
971 1.0
972 1.0
973 1.0
974 1.0
975 1.0
976 1.0
977 1.0
978 1.0
979 1.0
980 1.0
981 1.0
982 1.0
983 1.0
984 1.0
985 1.0
986 1.0
987 1.0
988 1.0
989 1.0
990 1.0
991 1.0
992 1.0
993 1.0
994 1.0
995 1.0
996 1.0
997 1.0
998 1.0
999 1.0
1000 1.0
1001 1.0
1002 1.0
1003 1.0
1004 1.0
1005 1.0
1006 1.0
1007 1.0
1008 1.0
1009 1.0
1010 1.0
1011 1.0
1012 1.0
1013 1.0
1014 1.0
1015 1.0
1016 1.0
1017 1.0
1018 1.0
1019 1.0
1020 1.0
1021 1.0
1022 1.0
1023 1.0
1024 1.0
1025 1.0
1026 1.0
1027 1.0
1028 1.0
1029 1.0
1030 1.0
1031 1.0
1032 1.0
1033 1.0
1034 1.0
1035 1.0
1036 1.0
1037 1.0
1038 1.0
1039 1.0
1040 1.0
1041 1.0
1042 1.0
1043 1.0
1044 1.0
1045 1.0
1046 1.0
1047 1.0
1048 1.0
1049 1.0
1050 1.0
1051 1.0
1052 1.0
1053 1.0
1054 1.0
1055 1.0
1056 1.0
1057 1.0
1058 1.0
1059 1.0
1060 1.0
1061 1.0
1062 1.0
1063 1.0
1064 1.0
1065 1.0
1066 1.0
1067 1.0
1068 1.0
1069 1.0
1070 1.0
1071 1.0
1072 1.0
1073 1.0
1074 1.0
1075 1.0
1076 1.0
1077 1.0
1078 1.0
1079 1.0
1080 1.0
1081 1.0
1082 1.0
1083 1.0
1084 1.0
1085 1.0
1086 1.0
1087 1.0
1088 1.0
1089 1.0
1090 1.0
1091 1.0
1092 1.0
1093 1.0
1094 1.0
1095 1.0
1096 1.0
1097 1.0
1098 1.0
1099 1.0
1100 1.0
1101 1.0
1102 1.0
1103 1.0
1104 1.0
1105 1.0
1106 1.0
1107 1.0
1108 1.0
1109 1.0
1110 1.0
1111 1.0
1112 1.0
1113 1.0
1114 1.0
1115 1.0
1116 1.0
1117 1.0
1118 1.0
1119 1.0
1120 1.0
1121 1.0
1122 1.0
1123 1.0
1124 1.0
1125 1.0
1126 1.0
1127 1.0
1128 1.0
1129 1.0
1130 1.0
1131 1.0
1132 1.0
1133 1.0
1134 1.0
1135 1.0
1136 1.0
1137 1.0
1138 1.0
1139 1.0
1140 1.0
1141 1.0
1142 1.0
1143 1.0
1144 1.0
1145 1.0
1146 1.0
1147 1.0
1148 1.0
1149 1.0
1150 1.0
1151 1.0
1152 1.0
1153 1.0
1154 1.0
1155 1.0
1156 1.0
1157 1.0
1158 1.0
1159 1.0
1160 1.0
1161 1.0
1162 1.0
1163 1.0
1164 1.0
1165 1.0
1166 1.0
1167 1.0
1168 1.0
1169 1.0
1170 1.0
1171 1.0
1172 1.0
1173 1.0
1174 1.0
1175 1.0
1176 1.0
1177 1.0
1178 1.0
1179 1.0
1180 1.0
1181 1.0
1182 1.0
1183 1.0
1184 1.0
1185 1.0
1186 1.0
1187 1.0
1188 1.0
1189 1.0
1190 1.0
1191 1.0
1192 1.0
1193 1.0
1194 1.0
1195 1.0
1196 1.0
1197 1.0
1198 1.0
1199 1.0
1200 1.0
1201 1.0
1202 1.0
1203 1.0
1204 1.0
1205 1.0
1206 1.0
1207 1.0
1208 1.0
1209 1.0
1210 1.0
1211 1.0
1212 1.0
1213 1.0
1214 1.0
1215 1.0
1216 1.0
1217 1.0
1218 1.0
1219 1.0
1220 1.0
1221 1.0
1222 1.0
1223 1.0
1224 1.0
1225 1.0
1226 1.0
1227 1.0
1228 1.0
1229 1.0
1230 1.0
1231 1.0
1232 1.0
1233 1.0
1234 1.0
1235 1.0
1236 1.0
1237 1.0
1238 1.0
1239 1.0
1240 1.0
1241 1.0
1242 1.0
1243 1.0
1244 1.0
1245 1.0
1246 1.0
1247 1.0
1248 1.0
1249 1.0
1250 1.0
1251 1.0
1252 1.0
1253 1.0
1254 1.0
1255 1.0
1256 1.0
1257 1.0
1258 1.0
1259 1.0
1260 1.0
1261 1.0
1262 1.0
1263 1.0
1264 1.0
1265 1.0
1266 1.0
1267 1.0
1268 1.0
1269 1.0
1270 1.0
1271 1.0
1272 1.0
1273 1.0
1274 1.0
1275 1.0
1276 1.0
1277 1.0
1278 1.0
1279 1.0
1280 1.0
1281 1.0
1282 1.0
1283 1.0
1284 1.0
1285 1.0
1286 1.0
1287 1.0
1288 1.0
1289 1.0
1290 1.0
1291 1.0
1292 1.0
1293 1.0
1294 1.0
1295 1.0
1296 1.0
1297 1.0
1298 1.0
1299 1.0
1300 1.0
1301 1.0
1302 1.0
1303 1.0
1304 1.0
1305 1.0
1306 1.0
1307 1.0
1308 1.0
1309 1.0
1310 1.0
1311 1.0
1312 1.0
1313 1.0
1314 1.0
1315 1.0
1316 1.0
1317 1.0
1318 1.0
1319 1.0
1320 1.0
1321 1.0
1322 1.0
1323 1.0
1324 1.0
1325 1.0
1326 1.0
1327 1.0
1328 1.0
1329 1.0
1330 1.0
1331 1.0
1332 1.0
1333 1.0
1334 1.0
1335 1.0
1336 1.0
1337 1.0
1338 1.0
1339 1.0
1340 1.0
1341 1.0
1342 1.0
1343 1.0
1344 1.0
1345 1.0
1346 1.0
1347 1.0
1348 1.0
1349 1.0
1350 1.0
1351 1.0
1352 1.0
1353 1.0
1354 1.0
1355 1.0
1356 1.0
1357 1.0
1358 1.0
1359 1.0
1360 1.0
1361 1.0
1362 1.0
1363 1.0
1364 1.0
1365 1.0
1366 1.0
1367 1.0
1368 1.0
1369 1.0
1370 1.0
1371 1.0
1372 1.0
1373 1.0
1374 1.0
1375 1.0
1376 1.0
1377 1.0
1378 1.0
1379 1.0
1380 1.0
1381 1.0
1382 1.0
1383 1.0
1384 1.0
1385 1.0
1386 1.0
1387 1.0
1388 1.0
1389 1.0
1390 1.0
1391 1.0
1392 1.0
1393 1.0
1394 1.0
1395 1.0
1396 1.0
1397 1.0
1398 1.0
1399 1.0
1400 1.0
1401 1.0
1402 1.0
1403 1.0
1404 1.0
1405 1.0
1406 1.0
1407 1.0
1408 1.0
1409 1.0
1410 1.0
1411 1.0
1412 1.0
1413 1.0
1414 1.0
1415 1.0
1416 1.0
1417 1.0
1418 1.0
1419 1.0
1420 1.0
1421 1.0
1422 1.0
1423 1.0
1424 1.0
1425 1.0
1426 1.0
1427 1.0
1428 1.0
1429 1.0
1430 1.0
1431 1.0
1432 1.0
1433 1.0
1434 1.0
1435 1.0
1436 1.0
1437 1.0
1438 1.0
1439 1.0
1440 1.0
1441 1.0
1442 1.0
1443 1.0
1444 1.0
1445 1.0
1446 1.0
1447 1.0
1448 1.0
1449 1.0
1450 1.0
1451 1.0
1452 1.0
1453 1.0
1454 1.0
1455 1.0
1456 1.0
1457 1.0
1458 1.0
1459 1.0
1460 1.0
1461 1.0
1462 1.0
1463 1.0
1464 1.0
1465 1.0
1466 1.0
1467 1.0
1468 1.0
1469 1.0
1470 1.0
1471 1.0
1472 1.0
1473 1.0
1474 1.0
1475 1.0
1476 1.0
1477 1.0
1478 1.0
1479 1.0
1480 1.0
1481 1.0
1482 1.0
1483 1.0
1484 1.0
1485 1.0
1486 1.0
1487 1.0
1488 1.0
1489 1.0
1490 1.0
1491 1.0
1492 1.0
1493 1.0
1494 1.0
1495 1.0
1496 1.0
1497 1.0
1498 1.0
1499 1.0
