0 0.654296875
1 0.6650390625
2 0.7099609375
3 0.75
4 0.75
5 0.7646484375
6 0.7646484375
7 0.7822265625
8 0.7822265625
9 0.783203125
10 0.7998046875
11 0.8232421875
12 0.833984375
13 0.833984375
14 0.8486328125
15 0.85546875
16 0.857421875
17 0.857421875
18 0.8583984375
19 0.8583984375
20 0.87109375
21 0.8759765625
22 0.8828125
23 0.9033203125
24 0.9052734375
25 0.9140625
26 0.9140625
27 0.921875
28 0.921875
29 0.921875
30 0.9267578125
31 0.9267578125
32 0.9267578125
33 0.9267578125
34 0.9267578125
35 0.9267578125
36 0.9267578125
37 0.9267578125
38 0.9267578125
39 0.9267578125
40 0.9267578125
41 0.9267578125
42 0.927734375
43 0.927734375
44 0.927734375
45 0.927734375
46 0.9287109375
47 0.9287109375
48 0.9287109375
49 0.9287109375
50 0.9287109375
51 0.9287109375
52 0.9287109375
53 0.9287109375
54 0.9287109375
55 0.9287109375
56 0.9287109375
57 0.9287109375
58 0.9287109375
59 0.9287109375
60 0.9287109375
61 0.9296875
62 0.9296875
63 0.9306640625
64 0.9306640625
65 0.9306640625
66 0.931640625
67 0.931640625
68 0.931640625
69 0.931640625
70 0.931640625
71 0.931640625
72 0.931640625
73 0.931640625
74 0.931640625
75 0.931640625
76 0.931640625
77 0.931640625
78 0.931640625
79 0.93359375
80 0.93359375
81 0.93359375
82 0.93359375
83 0.93359375
84 0.93359375
85 0.93359375
86 0.93359375
87 0.93359375
88 0.93359375
89 0.93359375
90 0.93359375
91 0.93359375
92 0.93359375
93 0.93359375
94 0.93359375
95 0.93359375
96 0.93359375
97 0.93359375
98 0.93359375
99 0.93359375
100 0.93359375
101 0.93359375
102 0.93359375
103 0.93359375
104 0.93359375
105 0.93359375
106 0.93359375
107 0.93359375
108 0.93359375
109 0.93359375
110 0.93359375
111 0.93359375
112 0.9345703125
113 0.9345703125
114 0.9345703125
115 0.9345703125
116 0.9345703125
117 0.9345703125
118 0.9365234375
119 0.9365234375
120 0.9365234375
121 0.9365234375
122 0.9375
123 0.9375
124 0.9375
125 0.9375
126 0.9375
127 0.9375
128 0.939453125
129 0.939453125
130 0.939453125
131 0.939453125
132 0.939453125
133 0.939453125
134 0.939453125
135 0.939453125
136 0.939453125
137 0.939453125
138 0.9423828125
139 0.9423828125
140 0.9423828125
141 0.9423828125
142 0.9423828125
143 0.9423828125
144 0.9423828125
145 0.9423828125
146 0.9423828125
147 0.9423828125
148 0.9423828125
149 0.9423828125
150 0.9423828125
151 0.9423828125
152 0.9423828125
153 0.9423828125
154 0.9423828125
155 0.9423828125
156 0.9423828125
157 0.9423828125
158 0.9423828125
159 0.9423828125
160 0.9423828125
161 0.9423828125
162 0.943359375
163 0.943359375
164 0.943359375
165 0.943359375
166 0.943359375
167 0.943359375
168 0.943359375
169 0.943359375
170 0.943359375
171 0.943359375
172 0.943359375
173 0.943359375
174 0.943359375
175 0.943359375
176 0.943359375
177 0.943359375
178 0.943359375
179 0.943359375
180 0.943359375
181 0.943359375
182 0.943359375
183 0.943359375
184 0.943359375
185 0.943359375
186 0.943359375
187 0.943359375
188 0.943359375
189 0.943359375
190 0.943359375
191 0.943359375
192 0.943359375
193 0.943359375
194 0.943359375
195 0.943359375
196 0.943359375
197 0.943359375
198 0.943359375
199 0.943359375
200 0.943359375
201 0.943359375
202 0.943359375
203 0.943359375
204 0.943359375
205 0.943359375
206 0.943359375
207 0.943359375
208 0.943359375
209 0.943359375
210 0.943359375
211 0.943359375
212 0.943359375
213 0.943359375
214 0.943359375
215 0.943359375
216 0.943359375
217 0.943359375
218 0.943359375
219 0.943359375
220 0.943359375
221 0.943359375
222 0.943359375
223 0.943359375
224 0.943359375
225 0.943359375
226 0.943359375
227 0.943359375
228 0.943359375
229 0.943359375
230 0.943359375
231 0.943359375
232 0.943359375
233 0.943359375
234 0.943359375
235 0.943359375
236 0.943359375
237 0.943359375
238 0.943359375
239 0.943359375
240 0.943359375
241 0.943359375
242 0.943359375
243 0.943359375
244 0.943359375
245 0.943359375
246 0.943359375
247 0.943359375
248 0.943359375
249 0.943359375
250 0.943359375
251 0.943359375
252 0.943359375
253 0.943359375
254 0.943359375
255 0.943359375
256 0.943359375
257 0.943359375
258 0.943359375
259 0.943359375
260 0.943359375
261 0.943359375
262 0.943359375
263 0.943359375
264 0.943359375
265 0.943359375
266 0.943359375
267 0.943359375
268 0.943359375
269 0.943359375
270 0.943359375
271 0.943359375
272 0.943359375
273 0.943359375
274 0.943359375
275 0.943359375
276 0.943359375
277 0.943359375
278 0.943359375
279 0.943359375
280 0.943359375
281 0.943359375
282 0.943359375
283 0.943359375
284 0.943359375
285 0.943359375
286 0.943359375
287 0.943359375
288 0.943359375
289 0.943359375
290 0.943359375
291 0.943359375
292 0.943359375
293 0.943359375
294 0.943359375
295 0.943359375
296 0.943359375
297 0.943359375
298 0.943359375
299 0.943359375
300 0.943359375
301 0.943359375
302 0.943359375
303 0.943359375
304 0.943359375
305 0.943359375
306 0.943359375
307 0.943359375
308 0.943359375
309 0.943359375
310 0.943359375
311 0.943359375
312 0.943359375
313 0.943359375
314 0.943359375
315 0.943359375
316 0.943359375
317 0.943359375
318 0.943359375
319 0.943359375
320 0.943359375
321 0.943359375
322 0.943359375
323 0.943359375
324 0.943359375
325 0.943359375
326 0.943359375
327 0.943359375
328 0.943359375
329 0.943359375
330 0.943359375
331 0.943359375
332 0.943359375
333 0.943359375
334 0.943359375
335 0.943359375
336 0.943359375
337 0.943359375
338 0.943359375
339 0.943359375
340 0.943359375
341 0.943359375
342 0.943359375
343 0.943359375
344 0.943359375
345 0.943359375
346 0.943359375
347 0.943359375
348 0.943359375
349 0.943359375
350 0.943359375
351 0.943359375
352 0.943359375
353 0.943359375
354 0.943359375
355 0.943359375
356 0.943359375
357 0.943359375
358 0.943359375
359 0.943359375
360 0.943359375
361 0.943359375
362 0.943359375
363 0.943359375
364 0.943359375
365 0.943359375
366 0.943359375
367 0.943359375
368 0.943359375
369 0.943359375
370 0.943359375
371 0.943359375
372 0.943359375
373 0.943359375
374 0.943359375
375 0.943359375
376 0.943359375
377 0.943359375
378 0.943359375
379 0.943359375
380 0.943359375
381 0.943359375
382 0.943359375
383 0.943359375
384 0.943359375
385 0.943359375
386 0.943359375
387 0.943359375
388 0.943359375
389 0.943359375
390 0.943359375
391 0.943359375
392 0.943359375
393 0.943359375
394 0.943359375
395 0.943359375
396 0.943359375
397 0.943359375
398 0.943359375
399 0.943359375
400 0.943359375
401 0.943359375
402 0.943359375
403 0.943359375
404 0.943359375
405 0.943359375
406 0.943359375
407 0.943359375
408 0.943359375
409 0.943359375
410 0.943359375
411 0.943359375
412 0.943359375
413 0.943359375
414 0.943359375
415 0.943359375
416 0.943359375
417 0.943359375
418 0.943359375
419 0.943359375
420 0.943359375
421 0.943359375
422 0.943359375
423 0.943359375
424 0.943359375
425 0.943359375
426 0.943359375
427 0.943359375
428 0.943359375
429 0.943359375
430 0.943359375
431 0.943359375
432 0.943359375
433 0.943359375
434 0.943359375
435 0.943359375
436 0.943359375
437 0.943359375
438 0.943359375
439 0.943359375
440 0.943359375
441 0.943359375
442 0.943359375
443 0.943359375
444 0.943359375
445 0.943359375
446 0.943359375
447 0.943359375
448 0.943359375
449 0.943359375
450 0.943359375
451 0.943359375
452 0.943359375
453 0.943359375
454 0.943359375
455 0.943359375
456 0.943359375
457 0.943359375
458 0.943359375
459 0.943359375
460 0.943359375
461 0.943359375
462 0.943359375
463 0.943359375
464 0.943359375
465 0.943359375
466 0.943359375
467 0.943359375
468 0.943359375
469 0.943359375
470 0.943359375
471 0.943359375
472 0.943359375
473 0.943359375
474 0.943359375
475 0.943359375
476 0.943359375
477 0.943359375
478 0.943359375
479 0.943359375
480 0.943359375
481 0.943359375
482 0.943359375
483 0.943359375
484 0.943359375
485 0.943359375
486 0.943359375
487 0.943359375
488 0.943359375
489 0.943359375
490 0.943359375
491 0.943359375
492 0.943359375
493 0.943359375
494 0.943359375
495 0.943359375
496 0.943359375
497 0.943359375
498 0.943359375
499 0.943359375
500 0.943359375
501 0.943359375
502 0.943359375
503 0.943359375
504 0.943359375
505 0.943359375
506 0.943359375
507 0.943359375
508 0.943359375
509 0.943359375
510 0.943359375
511 0.943359375
512 0.943359375
513 0.943359375
514 0.943359375
515 0.943359375
516 0.943359375
517 0.943359375
518 0.943359375
519 0.943359375
520 0.943359375
521 0.943359375
522 0.943359375
523 0.943359375
524 0.943359375
525 0.943359375
526 0.943359375
527 0.943359375
528 0.943359375
529 0.943359375
530 0.943359375
531 0.943359375
532 0.943359375
533 0.943359375
534 0.943359375
535 0.943359375
536 0.943359375
537 0.943359375
538 0.943359375
539 0.943359375
540 0.943359375
541 0.943359375
542 0.943359375
543 0.943359375
544 0.943359375
545 0.943359375
546 0.943359375
547 0.943359375
548 0.943359375
549 0.943359375
550 0.943359375
551 0.943359375
552 0.943359375
553 0.943359375
554 0.943359375
555 0.943359375
556 0.943359375
557 0.943359375
558 0.943359375
559 0.943359375
560 0.943359375
561 0.943359375
562 0.943359375
563 0.943359375
564 0.943359375
565 0.943359375
566 0.943359375
567 0.943359375
568 0.943359375
569 0.943359375
570 0.943359375
571 0.943359375
572 0.943359375
573 0.943359375
574 0.943359375
575 0.943359375
576 0.943359375
577 0.943359375
578 0.943359375
579 0.943359375
580 0.943359375
581 0.943359375
582 0.943359375
583 0.943359375
584 0.943359375
585 0.943359375
586 0.943359375
587 0.943359375
588 0.943359375
589 0.943359375
590 0.943359375
591 0.943359375
592 0.943359375
593 0.943359375
594 0.943359375
595 0.943359375
596 0.943359375
597 0.943359375
598 0.943359375
599 0.943359375
600 0.943359375
601 0.943359375
602 0.943359375
603 0.943359375
604 0.943359375
605 0.943359375
606 0.943359375
607 0.943359375
608 0.943359375
609 0.943359375
610 0.943359375
611 0.943359375
612 0.943359375
613 0.943359375
614 0.943359375
615 0.943359375
616 0.943359375
617 0.943359375
618 0.943359375
619 0.943359375
620 0.943359375
621 0.943359375
622 0.943359375
623 0.943359375
624 0.943359375
625 0.943359375
626 0.943359375
627 0.943359375
628 0.943359375
629 0.943359375
630 0.943359375
631 0.943359375
632 0.943359375
633 0.943359375
634 0.943359375
635 0.943359375
636 0.943359375
637 0.943359375
638 0.943359375
639 0.943359375
640 0.943359375
641 0.943359375
642 0.943359375
643 0.943359375
644 0.943359375
645 0.943359375
646 0.943359375
647 0.943359375
648 0.943359375
649 0.943359375
650 0.943359375
651 0.943359375
652 0.943359375
653 0.943359375
654 0.943359375
655 0.943359375
656 0.943359375
657 0.943359375
658 0.943359375
659 0.943359375
660 0.943359375
661 0.943359375
662 0.943359375
663 0.943359375
664 0.943359375
665 0.943359375
666 0.943359375
667 0.943359375
668 0.943359375
669 0.943359375
670 0.943359375
671 0.943359375
672 0.943359375
673 0.943359375
674 0.943359375
675 0.943359375
676 0.943359375
677 0.943359375
678 0.943359375
679 0.943359375
680 0.943359375
681 0.943359375
682 0.943359375
683 0.943359375
684 0.943359375
685 0.943359375
686 0.943359375
687 0.943359375
688 0.943359375
689 0.943359375
690 0.943359375
691 0.943359375
692 0.943359375
693 0.943359375
694 0.943359375
695 0.943359375
696 0.943359375
697 0.943359375
698 0.943359375
699 0.943359375
700 0.943359375
701 0.943359375
702 0.943359375
703 0.943359375
704 0.943359375
705 0.943359375
706 0.943359375
707 0.943359375
708 0.943359375
709 0.943359375
710 0.943359375
711 0.943359375
712 0.943359375
713 0.943359375
714 0.943359375
715 0.943359375
716 0.943359375
717 0.943359375
718 0.943359375
719 0.943359375
720 0.943359375
721 0.943359375
722 0.943359375
723 0.943359375
724 0.943359375
725 0.943359375
726 0.943359375
727 0.943359375
728 0.943359375
729 0.943359375
730 0.943359375
731 0.943359375
732 0.943359375
733 0.943359375
734 0.943359375
735 0.943359375
736 0.943359375
737 0.943359375
738 0.943359375
739 0.943359375
740 0.943359375
741 0.943359375
742 0.943359375
743 0.943359375
744 0.943359375
745 0.943359375
746 0.943359375
747 0.943359375
748 0.943359375
749 0.943359375
750 0.943359375
751 0.943359375
752 0.943359375
753 0.943359375
754 0.943359375
755 0.943359375
756 0.943359375
757 0.943359375
758 0.943359375
759 0.943359375
760 0.943359375
761 0.943359375
762 0.943359375
763 0.943359375
764 0.943359375
765 0.943359375
766 0.943359375
767 0.943359375
768 0.943359375
769 0.943359375
770 0.943359375
771 0.943359375
772 0.943359375
773 0.943359375
774 0.943359375
775 0.943359375
776 0.943359375
777 0.943359375
778 0.943359375
779 0.943359375
780 0.943359375
781 0.943359375
782 0.943359375
783 0.943359375
784 0.943359375
785 0.943359375
786 0.943359375
787 0.943359375
788 0.943359375
789 0.943359375
790 0.943359375
791 0.943359375
792 0.943359375
793 0.947265625
794 0.947265625
795 0.947265625
796 0.947265625
797 0.947265625
798 0.947265625
799 0.947265625
800 0.947265625
801 0.947265625
802 0.947265625
803 0.947265625
804 0.947265625
805 0.953125
806 0.953125
807 0.953125
808 0.953125
809 0.953125
810 0.953125
811 0.953125
812 0.953125
813 0.953125
814 0.953125
815 0.953125
816 0.953125
817 0.953125
818 0.953125
819 0.953125
820 0.953125
821 0.953125
822 0.953125
823 0.953125
824 0.953125
825 0.953125
826 0.953125
827 0.95703125
828 0.95703125
829 0.95703125
830 0.95703125
831 0.95703125
832 0.95703125
833 0.95703125
834 0.95703125
835 0.95703125
836 0.95703125
837 0.95703125
838 0.95703125
839 0.95703125
840 0.95703125
841 0.95703125
842 0.95703125
843 0.95703125
844 0.95703125
845 0.95703125
846 0.95703125
847 0.95703125
848 0.95703125
849 0.95703125
850 0.95703125
851 0.95703125
852 0.95703125
853 0.95703125
854 0.95703125
855 0.95703125
856 0.95703125
857 0.95703125
858 0.95703125
859 0.9609375
860 0.9609375
861 0.9609375
862 0.9609375
863 0.9609375
864 0.9609375
865 0.9609375
866 0.9609375
867 0.9609375
868 0.9609375
869 0.9609375
870 0.9609375
871 0.9609375
872 0.9609375
873 0.9609375
874 0.9609375
875 0.9609375
876 0.9609375
877 0.9609375
878 0.9609375
879 0.9609375
880 0.9609375
881 0.9609375
882 0.9609375
883 0.9609375
884 0.9609375
885 0.9609375
886 0.9609375
887 0.9609375
888 0.9609375
889 0.9609375
890 0.9609375
891 0.9609375
892 0.9609375
893 0.9609375
894 0.9609375
895 0.9609375
896 0.9609375
897 0.9609375
898 0.9609375
899 0.9609375
900 0.9609375
901 0.9609375
902 0.9609375
903 0.9609375
904 0.9609375
905 0.9609375
906 0.9609375
907 0.9609375
908 0.9609375
909 0.9609375
910 0.9609375
911 0.9609375
912 0.9609375
913 0.9609375
914 0.9609375
915 0.9609375
916 0.9609375
917 0.9609375
918 0.9609375
919 0.9609375
920 0.9609375
921 0.9609375
922 0.9609375
923 0.9609375
924 0.9609375
925 0.9609375
926 0.9609375
927 0.9609375
928 0.9609375
929 0.9609375
930 0.9609375
931 0.9609375
932 0.9609375
933 0.9609375
934 0.9609375
935 0.9609375
936 0.9619140625
937 0.9619140625
938 0.9619140625
939 0.9619140625
940 0.9619140625
941 0.9619140625
942 0.9619140625
943 0.9619140625
944 0.9619140625
945 0.9619140625
946 0.9619140625
947 0.9619140625
948 0.9619140625
949 0.9619140625
950 0.9619140625
951 0.9619140625
952 0.9619140625
953 0.9619140625
954 0.9619140625
955 0.9619140625
956 0.9619140625
957 0.9619140625
958 0.9619140625
959 0.9619140625
960 0.9619140625
961 0.9619140625
962 0.9619140625
963 0.9619140625
964 0.9619140625
965 0.9619140625
966 0.9619140625
967 0.9619140625
968 0.9619140625
969 0.9619140625
970 0.9619140625
971 0.9619140625
972 0.9619140625
973 0.9619140625
974 0.9619140625
975 0.9619140625
976 0.9619140625
977 0.9619140625
978 0.9619140625
979 0.9619140625
980 0.9619140625
981 0.9619140625
982 0.9619140625
983 0.9619140625
984 0.9619140625
985 0.9619140625
986 0.9619140625
987 0.9619140625
988 0.9619140625
989 0.9619140625
990 0.9619140625
991 0.9619140625
992 0.9619140625
993 0.9619140625
994 0.9619140625
995 0.9619140625
996 0.962890625
997 0.962890625
998 0.962890625
999 0.962890625
1000 0.962890625
1001 0.962890625
1002 0.962890625
1003 0.962890625
1004 0.962890625
1005 0.962890625
1006 0.962890625
1007 0.962890625
1008 0.962890625
1009 0.962890625
1010 0.962890625
1011 0.962890625
1012 0.962890625
1013 0.962890625
1014 0.962890625
1015 0.962890625
1016 0.962890625
1017 0.962890625
1018 0.962890625
1019 0.962890625
1020 0.962890625
1021 0.962890625
1022 0.962890625
1023 0.962890625
1024 0.962890625
1025 0.962890625
1026 0.962890625
1027 0.962890625
1028 0.962890625
1029 0.962890625
1030 0.962890625
1031 0.962890625
1032 0.962890625
1033 0.962890625
1034 0.962890625
1035 0.962890625
1036 0.962890625
1037 0.962890625
1038 0.962890625
1039 0.962890625
1040 0.962890625
1041 0.962890625
1042 0.962890625
1043 0.962890625
1044 0.962890625
1045 0.962890625
1046 0.962890625
1047 0.962890625
1048 0.962890625
1049 0.962890625
1050 0.962890625
1051 0.962890625
1052 0.962890625
1053 0.962890625
1054 0.962890625
1055 0.962890625
1056 0.962890625
1057 0.962890625
1058 0.962890625
1059 0.962890625
1060 0.962890625
1061 0.962890625
1062 0.962890625
1063 0.962890625
1064 0.962890625
1065 0.962890625
1066 0.962890625
1067 0.962890625
1068 0.962890625
1069 0.962890625
1070 0.962890625
1071 0.962890625
1072 0.962890625
1073 0.962890625
1074 0.962890625
1075 0.962890625
1076 0.962890625
1077 0.962890625
1078 0.962890625
1079 0.962890625
1080 0.962890625
1081 0.962890625
1082 0.962890625
1083 0.962890625
1084 0.962890625
1085 0.962890625
1086 0.962890625
1087 0.962890625
1088 0.962890625
1089 0.962890625
1090 0.962890625
1091 0.962890625
1092 0.962890625
1093 0.962890625
1094 0.962890625
1095 0.962890625
1096 0.962890625
1097 0.962890625
1098 0.962890625
1099 0.962890625
1100 0.962890625
1101 0.962890625
1102 0.962890625
1103 0.962890625
1104 0.962890625
1105 0.962890625
1106 0.962890625
1107 0.962890625
1108 0.962890625
1109 0.962890625
1110 0.962890625
1111 0.962890625
1112 0.962890625
1113 0.962890625
1114 0.962890625
1115 0.962890625
1116 0.962890625
1117 0.962890625
1118 0.962890625
1119 0.962890625
1120 0.962890625
1121 0.962890625
1122 0.962890625
1123 0.962890625
1124 0.962890625
1125 0.962890625
1126 0.962890625
1127 0.962890625
1128 0.962890625
1129 0.962890625
1130 0.962890625
1131 0.962890625
1132 0.962890625
1133 0.962890625
1134 0.962890625
1135 0.962890625
1136 0.962890625
1137 0.962890625
1138 0.962890625
1139 0.962890625
1140 0.962890625
1141 0.962890625
1142 0.962890625
1143 0.962890625
1144 0.962890625
1145 0.962890625
1146 0.962890625
1147 0.962890625
1148 0.962890625
1149 0.962890625
1150 0.962890625
1151 0.962890625
1152 0.962890625
1153 0.962890625
1154 0.962890625
1155 0.962890625
1156 0.962890625
1157 0.962890625
1158 0.962890625
1159 0.962890625
1160 0.962890625
1161 0.962890625
1162 0.962890625
1163 0.962890625
1164 0.962890625
1165 0.962890625
1166 0.962890625
1167 0.962890625
1168 0.962890625
1169 0.962890625
1170 0.962890625
1171 0.962890625
1172 0.962890625
1173 0.962890625
1174 0.962890625
1175 0.962890625
1176 0.962890625
1177 0.962890625
1178 0.962890625
1179 0.962890625
1180 0.962890625
1181 0.962890625
1182 0.962890625
1183 0.962890625
1184 0.962890625
1185 0.962890625
1186 0.962890625
1187 0.962890625
1188 0.962890625
1189 0.962890625
1190 0.962890625
1191 0.962890625
1192 0.962890625
1193 0.962890625
1194 0.962890625
1195 0.962890625
1196 0.962890625
1197 0.962890625
1198 0.962890625
1199 0.962890625
1200 0.962890625
1201 0.962890625
1202 0.962890625
1203 0.962890625
1204 0.962890625
1205 0.962890625
1206 0.962890625
1207 0.962890625
1208 0.962890625
1209 0.962890625
1210 0.962890625
1211 0.962890625
1212 0.962890625
1213 0.962890625
1214 0.962890625
1215 0.962890625
1216 0.962890625
1217 0.962890625
1218 0.962890625
1219 0.962890625
1220 0.962890625
1221 0.962890625
1222 0.962890625
1223 0.962890625
1224 0.962890625
1225 0.962890625
1226 0.962890625
1227 0.962890625
1228 0.962890625
1229 0.962890625
1230 0.962890625
1231 0.962890625
1232 0.962890625
1233 0.962890625
1234 0.962890625
1235 0.962890625
1236 0.962890625
1237 0.962890625
1238 0.962890625
1239 0.962890625
1240 0.962890625
1241 0.962890625
1242 0.962890625
1243 0.962890625
1244 0.962890625
1245 0.962890625
1246 0.962890625
1247 0.962890625
1248 0.962890625
1249 0.962890625
1250 0.962890625
1251 0.962890625
1252 0.962890625
1253 0.962890625
1254 0.962890625
1255 0.962890625
1256 0.962890625
1257 0.962890625
1258 0.962890625
1259 0.962890625
1260 0.962890625
1261 0.962890625
1262 0.962890625
1263 0.962890625
1264 0.962890625
1265 0.962890625
1266 0.962890625
1267 0.962890625
1268 0.962890625
1269 0.962890625
1270 0.962890625
1271 0.962890625
1272 0.962890625
1273 0.962890625
1274 0.962890625
1275 0.962890625
1276 0.962890625
1277 0.962890625
1278 0.962890625
1279 0.962890625
1280 0.962890625
1281 0.962890625
1282 0.962890625
1283 0.962890625
1284 0.962890625
1285 0.962890625
1286 0.962890625
1287 0.962890625
1288 0.962890625
1289 0.962890625
1290 0.962890625
1291 0.962890625
1292 0.962890625
1293 0.962890625
1294 0.962890625
1295 0.962890625
1296 0.962890625
1297 0.962890625
1298 0.962890625
1299 0.962890625
1300 0.962890625
1301 0.962890625
1302 0.962890625
1303 0.962890625
1304 0.962890625
1305 0.962890625
1306 0.962890625
1307 0.962890625
1308 0.962890625
1309 0.962890625
1310 0.962890625
1311 0.962890625
1312 0.962890625
1313 0.962890625
1314 0.962890625
1315 0.962890625
1316 0.962890625
1317 0.962890625
1318 0.962890625
1319 0.962890625
1320 0.962890625
1321 0.962890625
1322 0.962890625
1323 0.962890625
1324 0.962890625
1325 0.962890625
1326 0.962890625
1327 0.962890625
1328 0.962890625
1329 0.962890625
1330 0.962890625
1331 0.962890625
1332 0.962890625
1333 0.962890625
1334 0.962890625
1335 0.962890625
1336 0.962890625
1337 0.962890625
1338 0.962890625
1339 0.962890625
1340 0.962890625
1341 0.962890625
1342 0.962890625
1343 0.962890625
1344 0.962890625
1345 0.962890625
1346 0.962890625
1347 0.962890625
1348 0.962890625
1349 0.962890625
1350 0.962890625
1351 0.962890625
1352 0.962890625
1353 0.962890625
1354 0.962890625
1355 0.962890625
1356 0.962890625
1357 0.962890625
1358 0.962890625
1359 0.962890625
1360 0.962890625
1361 0.962890625
1362 0.962890625
1363 0.962890625
1364 0.962890625
1365 0.962890625
1366 0.962890625
1367 0.962890625
1368 0.962890625
1369 0.962890625
1370 0.962890625
1371 0.962890625
1372 0.962890625
1373 0.962890625
1374 0.962890625
1375 0.962890625
1376 0.962890625
1377 0.962890625
1378 0.962890625
1379 0.962890625
1380 0.962890625
1381 0.962890625
1382 0.962890625
1383 0.962890625
1384 0.962890625
1385 0.962890625
1386 0.962890625
1387 0.962890625
1388 0.962890625
1389 0.962890625
1390 0.962890625
1391 0.962890625
1392 0.962890625
1393 0.962890625
1394 0.962890625
1395 0.962890625
1396 0.962890625
1397 0.962890625
1398 0.962890625
1399 0.962890625
1400 0.962890625
1401 0.962890625
1402 0.962890625
1403 0.962890625
1404 0.962890625
1405 0.962890625
1406 0.962890625
1407 0.962890625
1408 0.962890625
1409 0.962890625
1410 0.962890625
1411 0.962890625
1412 0.962890625
1413 0.962890625
1414 0.962890625
1415 0.962890625
1416 0.962890625
1417 0.962890625
1418 0.962890625
1419 0.962890625
1420 0.962890625
1421 0.962890625
1422 0.962890625
1423 0.962890625
1424 0.962890625
1425 0.962890625
1426 0.962890625
1427 0.962890625
1428 0.962890625
1429 0.962890625
1430 0.962890625
1431 0.962890625
1432 0.962890625
1433 0.962890625
1434 0.962890625
1435 0.962890625
1436 0.962890625
1437 0.962890625
1438 0.962890625
1439 0.962890625
1440 0.962890625
1441 0.962890625
1442 0.962890625
1443 0.962890625
1444 0.962890625
1445 0.962890625
1446 0.962890625
1447 0.962890625
1448 0.962890625
1449 0.962890625
1450 0.962890625
1451 0.962890625
1452 0.962890625
1453 0.962890625
1454 0.962890625
1455 0.962890625
1456 0.962890625
1457 0.962890625
1458 0.962890625
1459 0.962890625
1460 0.962890625
1461 0.962890625
1462 0.962890625
1463 0.962890625
1464 0.962890625
1465 0.962890625
1466 0.962890625
1467 0.962890625
1468 0.962890625
1469 0.962890625
1470 0.962890625
1471 0.962890625
1472 0.962890625
1473 0.962890625
1474 0.962890625
1475 0.962890625
1476 0.962890625
1477 0.962890625
1478 0.962890625
1479 0.962890625
1480 0.962890625
1481 0.962890625
1482 0.962890625
1483 0.962890625
1484 0.962890625
1485 0.962890625
1486 0.962890625
1487 0.962890625
1488 0.962890625
1489 0.962890625
1490 0.962890625
1491 0.962890625
1492 0.962890625
1493 0.962890625
1494 0.962890625
1495 0.962890625
1496 0.962890625
1497 0.962890625
1498 0.962890625
1499 0.962890625
1500 0.962890625
1501 0.962890625
1502 0.962890625
1503 0.962890625
1504 0.962890625
1505 0.962890625
1506 0.962890625
1507 0.962890625
1508 0.962890625
1509 0.962890625
1510 0.962890625
1511 0.962890625
1512 0.962890625
1513 0.962890625
1514 0.962890625
1515 0.962890625
1516 0.962890625
1517 0.962890625
1518 0.962890625
1519 0.962890625
1520 0.962890625
1521 0.962890625
1522 0.962890625
1523 0.962890625
1524 0.962890625
1525 0.962890625
1526 0.962890625
1527 0.962890625
1528 0.962890625
1529 0.962890625
1530 0.962890625
1531 0.962890625
1532 0.962890625
1533 0.962890625
1534 0.962890625
1535 0.962890625
1536 0.962890625
1537 0.962890625
1538 0.962890625
1539 0.962890625
1540 0.962890625
1541 0.962890625
1542 0.962890625
1543 0.962890625
1544 0.962890625
1545 0.962890625
1546 0.962890625
1547 0.962890625
1548 0.962890625
1549 0.962890625
1550 0.962890625
1551 0.962890625
1552 0.962890625
1553 0.962890625
1554 0.962890625
1555 0.962890625
1556 0.962890625
1557 0.962890625
1558 0.962890625
1559 0.962890625
1560 0.962890625
1561 0.962890625
1562 0.962890625
1563 0.962890625
1564 0.962890625
1565 0.962890625
1566 0.962890625
1567 0.962890625
1568 0.962890625
1569 0.962890625
1570 0.962890625
1571 0.962890625
1572 0.962890625
1573 0.962890625
1574 0.962890625
1575 0.962890625
1576 0.962890625
1577 0.962890625
1578 0.962890625
1579 0.962890625
1580 0.962890625
1581 0.962890625
1582 0.962890625
1583 0.962890625
1584 0.962890625
1585 0.962890625
1586 0.962890625
1587 0.962890625
1588 0.962890625
1589 0.962890625
1590 0.962890625
1591 0.962890625
1592 0.962890625
1593 0.962890625
1594 0.962890625
1595 0.962890625
1596 0.962890625
1597 0.962890625
1598 0.962890625
1599 0.962890625
1600 0.962890625
1601 0.962890625
1602 0.962890625
1603 0.962890625
1604 0.962890625
1605 0.962890625
1606 0.962890625
1607 0.962890625
1608 0.962890625
1609 0.962890625
1610 0.962890625
1611 0.962890625
1612 0.962890625
1613 0.962890625
1614 0.962890625
1615 0.962890625
1616 0.962890625
1617 0.962890625
1618 0.962890625
1619 0.962890625
1620 0.962890625
1621 0.962890625
1622 0.962890625
1623 0.962890625
1624 0.962890625
1625 0.962890625
1626 0.962890625
1627 0.962890625
1628 0.962890625
1629 0.962890625
1630 0.962890625
1631 0.962890625
1632 0.962890625
1633 0.962890625
1634 0.962890625
1635 0.962890625
1636 0.962890625
1637 0.962890625
1638 0.962890625
1639 0.962890625
1640 0.962890625
1641 0.962890625
1642 0.962890625
1643 0.962890625
1644 0.962890625
1645 0.962890625
1646 0.962890625
1647 0.962890625
1648 0.962890625
1649 0.962890625
1650 0.962890625
1651 0.962890625
1652 0.962890625
1653 0.962890625
1654 0.962890625
1655 0.962890625
1656 0.962890625
1657 0.962890625
1658 0.962890625
1659 0.962890625
1660 0.962890625
1661 0.962890625
1662 0.962890625
1663 0.962890625
1664 0.962890625
1665 0.962890625
1666 0.962890625
1667 0.962890625
1668 0.962890625
1669 0.962890625
1670 0.962890625
1671 0.962890625
1672 0.962890625
1673 0.962890625
1674 0.962890625
1675 0.962890625
1676 0.962890625
1677 0.962890625
1678 0.962890625
1679 0.962890625
1680 0.962890625
1681 0.962890625
1682 0.962890625
1683 0.962890625
1684 0.962890625
1685 0.962890625
1686 0.962890625
1687 0.962890625
1688 0.962890625
1689 0.962890625
1690 0.962890625
1691 0.962890625
1692 0.962890625
1693 0.962890625
1694 0.962890625
1695 0.962890625
1696 0.962890625
1697 0.962890625
1698 0.962890625
1699 0.962890625
1700 0.962890625
1701 0.962890625
1702 0.962890625
1703 0.962890625
1704 0.962890625
1705 0.962890625
1706 0.962890625
1707 0.962890625
1708 0.962890625
1709 0.962890625
1710 0.962890625
1711 0.962890625
1712 0.962890625
1713 0.962890625
1714 0.962890625
1715 0.962890625
1716 0.962890625
1717 0.962890625
1718 0.962890625
1719 0.962890625
1720 0.962890625
1721 0.962890625
1722 0.962890625
1723 0.962890625
1724 0.962890625
1725 0.962890625
1726 0.962890625
1727 0.962890625
1728 0.962890625
1729 0.962890625
1730 0.962890625
1731 0.962890625
1732 0.962890625
1733 0.962890625
1734 0.962890625
1735 0.962890625
1736 0.962890625
1737 0.962890625
1738 0.962890625
1739 0.962890625
1740 0.962890625
1741 0.962890625
1742 0.962890625
1743 0.962890625
1744 0.962890625
1745 0.962890625
1746 0.962890625
1747 0.962890625
1748 0.962890625
1749 0.962890625
1750 0.962890625
1751 0.962890625
1752 0.962890625
1753 0.962890625
1754 0.962890625
1755 0.962890625
1756 0.962890625
1757 0.962890625
1758 0.962890625
1759 0.962890625
1760 0.962890625
1761 0.962890625
1762 0.962890625
1763 0.962890625
1764 0.962890625
1765 0.962890625
1766 0.962890625
1767 0.962890625
1768 0.962890625
1769 0.962890625
1770 0.962890625
1771 0.962890625
1772 0.962890625
1773 0.962890625
1774 0.962890625
1775 0.962890625
1776 0.962890625
1777 0.962890625
1778 0.962890625
1779 0.962890625
1780 0.962890625
1781 0.962890625
1782 0.962890625
1783 0.962890625
1784 0.962890625
1785 0.962890625
1786 0.962890625
1787 0.962890625
1788 0.962890625
1789 0.962890625
1790 0.962890625
1791 0.962890625
1792 0.962890625
1793 0.962890625
1794 0.962890625
1795 0.962890625
1796 0.962890625
1797 0.962890625
1798 0.962890625
1799 0.962890625
1800 0.962890625
1801 0.962890625
1802 0.962890625
1803 0.962890625
1804 0.962890625
1805 0.962890625
1806 0.962890625
1807 0.962890625
1808 0.962890625
1809 0.962890625
1810 0.962890625
1811 0.962890625
1812 0.962890625
1813 0.962890625
1814 0.962890625
1815 0.962890625
1816 0.962890625
1817 0.962890625
1818 0.962890625
1819 0.962890625
1820 0.962890625
1821 0.962890625
1822 0.962890625
1823 0.962890625
1824 0.962890625
1825 0.962890625
1826 0.962890625
1827 0.962890625
1828 0.962890625
1829 0.962890625
1830 0.962890625
1831 0.962890625
1832 0.962890625
1833 0.962890625
1834 0.962890625
1835 0.962890625
1836 0.962890625
1837 0.962890625
1838 0.962890625
1839 0.962890625
1840 0.962890625
1841 0.962890625
1842 0.962890625
1843 0.962890625
1844 0.962890625
1845 0.962890625
1846 0.962890625
1847 0.962890625
1848 0.962890625
1849 0.962890625
1850 0.962890625
1851 0.962890625
1852 0.962890625
1853 0.962890625
1854 0.962890625
1855 0.962890625
1856 0.962890625
1857 0.962890625
1858 0.962890625
1859 0.962890625
1860 0.962890625
1861 0.962890625
1862 0.962890625
1863 0.962890625
1864 0.962890625
1865 0.962890625
1866 0.962890625
1867 0.962890625
1868 0.962890625
1869 0.962890625
1870 0.962890625
1871 0.962890625
1872 0.962890625
1873 0.962890625
1874 0.962890625
1875 0.962890625
1876 0.962890625
1877 0.962890625
1878 0.962890625
1879 0.962890625
1880 0.962890625
1881 0.962890625
1882 0.962890625
1883 0.962890625
1884 0.962890625
1885 0.962890625
1886 0.962890625
1887 0.962890625
1888 0.962890625
1889 0.962890625
1890 0.962890625
1891 0.962890625
1892 0.962890625
1893 0.962890625
1894 0.962890625
1895 0.962890625
1896 0.962890625
1897 0.962890625
1898 0.962890625
1899 0.962890625
1900 0.962890625
1901 0.962890625
1902 0.962890625
1903 0.962890625
1904 0.962890625
1905 0.962890625
1906 0.962890625
1907 0.962890625
1908 0.962890625
1909 0.962890625
1910 0.962890625
1911 0.962890625
1912 0.962890625
1913 0.962890625
1914 0.962890625
1915 0.962890625
1916 0.962890625
1917 0.962890625
1918 0.962890625
1919 0.962890625
1920 0.962890625
1921 0.962890625
1922 0.962890625
1923 0.962890625
1924 0.962890625
1925 0.962890625
1926 0.962890625
1927 0.962890625
1928 0.962890625
1929 0.962890625
1930 0.962890625
1931 0.962890625
1932 0.962890625
1933 0.962890625
1934 0.962890625
1935 0.962890625
1936 0.962890625
1937 0.962890625
1938 0.962890625
1939 0.962890625
1940 0.962890625
1941 0.962890625
1942 0.962890625
1943 0.962890625
1944 0.962890625
1945 0.962890625
1946 0.962890625
1947 0.962890625
1948 0.962890625
1949 0.962890625
1950 0.962890625
1951 0.962890625
1952 0.962890625
1953 0.962890625
1954 0.962890625
1955 0.962890625
1956 0.962890625
1957 0.962890625
1958 0.962890625
1959 0.962890625
1960 0.962890625
1961 0.962890625
1962 0.962890625
1963 0.962890625
1964 0.962890625
1965 0.962890625
1966 0.962890625
1967 0.962890625
1968 0.962890625
1969 0.962890625
1970 0.962890625
1971 0.962890625
1972 0.962890625
1973 0.962890625
1974 0.962890625
1975 0.962890625
1976 0.962890625
1977 0.962890625
1978 0.962890625
1979 0.962890625
1980 0.962890625
1981 0.962890625
1982 0.962890625
1983 0.962890625
1984 0.962890625
1985 0.9638671875
1986 0.9638671875
1987 0.9638671875
1988 0.9638671875
1989 0.9638671875
1990 0.9638671875
1991 0.96484375
1992 0.96484375
1993 0.96484375
1994 0.96484375
1995 0.96484375
1996 0.96484375
1997 0.96484375
1998 0.96484375
1999 0.96484375
2000 0.96484375
2001 0.96484375
2002 0.96484375
2003 0.96484375
2004 0.96484375
2005 0.96484375
2006 0.96484375
2007 0.96484375
2008 0.96484375
2009 0.96484375
2010 0.96484375
2011 0.96484375
2012 0.96484375
2013 0.96484375
2014 0.96484375
2015 0.96484375
2016 0.96484375
2017 0.96484375
2018 0.96484375
2019 0.96484375
2020 0.96484375
2021 0.96484375
2022 0.96484375
2023 0.96484375
2024 0.96484375
2025 0.96484375
2026 0.96484375
2027 0.96484375
2028 0.96484375
2029 0.96484375
2030 0.96484375
2031 0.96484375
2032 0.96484375
2033 0.96484375
2034 0.96484375
2035 0.96484375
2036 0.96484375
2037 0.96484375
2038 0.96484375
2039 0.96484375
2040 0.96484375
2041 0.96484375
2042 0.96484375
2043 0.96484375
2044 0.96484375
2045 0.96484375
2046 0.96484375
2047 0.96484375
2048 0.96484375
2049 0.96484375
2050 0.96484375
2051 0.96484375
2052 0.96484375
2053 0.96484375
2054 0.96484375
2055 0.96484375
2056 0.96484375
2057 0.96484375
2058 0.96484375
2059 0.96484375
2060 0.96484375
2061 0.96484375
2062 0.96484375
2063 0.96484375
2064 0.96484375
2065 0.96484375
2066 0.96484375
2067 0.96484375
2068 0.96484375
2069 0.96484375
2070 0.96484375
2071 0.96484375
2072 0.96484375
2073 0.96484375
2074 0.96484375
2075 0.96484375
2076 0.96484375
2077 0.96484375
2078 0.96484375
2079 0.96484375
2080 0.96484375
2081 0.96484375
2082 0.96484375
2083 0.96484375
2084 0.96484375
2085 0.96484375
2086 0.96484375
2087 0.96484375
2088 0.96484375
2089 0.96484375
2090 0.96484375
2091 0.96484375
2092 0.96484375
2093 0.96484375
2094 0.96484375
2095 0.96484375
2096 0.96484375
2097 0.96484375
2098 0.96484375
2099 0.96484375
2100 0.96484375
2101 0.96484375
2102 0.96484375
2103 0.96484375
2104 0.96484375
2105 0.96484375
2106 0.96484375
2107 0.96484375
2108 0.96484375
2109 0.96484375
2110 0.96484375
2111 0.96484375
2112 0.96484375
2113 0.96484375
2114 0.96484375
2115 0.96484375
2116 0.96484375
2117 0.96484375
2118 0.96484375
2119 0.96484375
2120 0.96484375
2121 0.96484375
2122 0.96484375
2123 0.96484375
2124 0.96484375
2125 0.96484375
2126 0.96484375
2127 0.96484375
2128 0.96484375
2129 0.96484375
2130 0.96484375
2131 0.96484375
2132 0.96484375
2133 0.96484375
2134 0.96484375
2135 0.96484375
2136 0.96484375
2137 0.96484375
2138 0.96484375
2139 0.96484375
2140 0.96484375
2141 0.96484375
2142 0.96484375
2143 0.96484375
2144 0.96484375
2145 0.96484375
2146 0.96484375
2147 0.96484375
2148 0.96484375
2149 0.96484375
2150 0.96484375
2151 0.96484375
2152 0.96484375
2153 0.96484375
2154 0.96484375
2155 0.96484375
2156 0.96484375
2157 0.96484375
2158 0.96484375
2159 0.96484375
2160 0.96484375
2161 0.96484375
2162 0.96484375
2163 0.96484375
2164 0.96484375
2165 0.96484375
2166 0.96484375
2167 0.96484375
2168 0.96484375
2169 0.96484375
2170 0.96484375
2171 0.96484375
2172 0.96484375
2173 0.96484375
2174 0.96484375
2175 0.96484375
2176 0.96484375
2177 0.96484375
2178 0.96484375
2179 0.96484375
2180 0.96484375
2181 0.96484375
2182 0.96484375
2183 0.96484375
2184 0.96484375
2185 0.96484375
2186 0.96484375
2187 0.96484375
2188 0.96484375
2189 0.96484375
2190 0.96484375
2191 0.96484375
2192 0.96484375
2193 0.96484375
2194 0.96484375
2195 0.96484375
2196 0.96484375
2197 0.96484375
2198 0.96484375
2199 0.96484375
2200 0.96484375
2201 0.96484375
2202 0.96484375
2203 0.96484375
2204 0.96484375
2205 0.96484375
2206 0.96484375
2207 0.96484375
2208 0.96484375
2209 0.96484375
2210 0.96484375
2211 0.96484375
2212 0.96484375
2213 0.96484375
2214 0.96484375
2215 0.96484375
2216 0.96484375
2217 0.96484375
2218 0.96484375
2219 0.96484375
2220 0.96484375
2221 0.96484375
2222 0.96484375
2223 0.96484375
2224 0.96484375
2225 0.96484375
2226 0.96484375
2227 0.96484375
2228 0.96484375
2229 0.96484375
2230 0.96484375
2231 0.96484375
2232 0.96484375
2233 0.96484375
2234 0.96484375
2235 0.96484375
2236 0.96484375
2237 0.96484375
2238 0.96484375
2239 0.96484375
2240 0.96484375
2241 0.96484375
2242 0.96484375
2243 0.96484375
2244 0.96484375
2245 0.96484375
2246 0.96484375
2247 0.96484375
2248 0.96484375
2249 0.96484375
2250 0.96484375
2251 0.96484375
2252 0.96484375
2253 0.96484375
2254 0.96484375
2255 0.96484375
2256 0.96484375
2257 0.96484375
2258 0.96484375
2259 0.96484375
2260 0.96484375
2261 0.96484375
2262 0.96484375
2263 0.96484375
2264 0.96484375
2265 0.96484375
2266 0.96484375
2267 0.96484375
2268 0.96484375
2269 0.96484375
2270 0.96484375
2271 0.96484375
2272 0.96484375
2273 0.96484375
2274 0.96484375
2275 0.96484375
2276 0.96484375
2277 0.96484375
2278 0.96484375
2279 0.96484375
2280 0.96484375
2281 0.96484375
2282 0.96484375
2283 0.96484375
2284 0.96484375
2285 0.96484375
2286 0.96484375
2287 0.96484375
2288 0.96484375
2289 0.96484375
2290 0.96484375
2291 0.96484375
2292 0.96484375
2293 0.96484375
2294 0.96484375
2295 0.96484375
2296 0.96484375
2297 0.96484375
2298 0.96484375
2299 0.96484375
2300 0.96484375
2301 0.96484375
2302 0.96484375
2303 0.96484375
2304 0.96484375
2305 0.96484375
2306 0.96484375
2307 0.96484375
2308 0.96484375
2309 0.96484375
2310 0.96484375
2311 0.96484375
2312 0.96484375
2313 0.96484375
2314 0.96484375
2315 0.96484375
2316 0.96484375
2317 0.96484375
2318 0.96484375
2319 0.96484375
2320 0.96484375
2321 0.96484375
2322 0.96484375
2323 0.96484375
2324 0.96484375
2325 0.96484375
2326 0.96484375
2327 0.96484375
2328 0.96484375
2329 0.96484375
2330 0.96484375
2331 0.96484375
2332 0.96484375
2333 0.96484375
2334 0.96484375
2335 0.96484375
2336 0.96484375
2337 0.96484375
2338 0.96484375
2339 0.96484375
2340 0.96484375
2341 0.96484375
2342 0.96484375
2343 0.96484375
2344 0.96484375
2345 0.96484375
2346 0.96484375
2347 0.96484375
2348 0.96484375
2349 0.96484375
2350 0.96484375
2351 0.96484375
2352 0.96484375
2353 0.96484375
2354 0.96484375
2355 0.96484375
2356 0.96484375
2357 0.96484375
2358 0.96484375
2359 0.96484375
2360 0.96484375
2361 0.96484375
2362 0.96484375
2363 0.96484375
2364 0.96484375
2365 0.96484375
2366 0.96484375
2367 0.96484375
2368 0.96484375
2369 0.96484375
2370 0.96484375
2371 0.96484375
2372 0.96484375
2373 0.96484375
2374 0.96484375
2375 0.96484375
2376 0.96484375
2377 0.96484375
2378 0.96484375
2379 0.96484375
2380 0.96484375
2381 0.96484375
2382 0.96484375
2383 0.96484375
2384 0.96484375
2385 0.96484375
2386 0.96484375
2387 0.96484375
2388 0.96484375
2389 0.96484375
2390 0.96484375
2391 0.96484375
2392 0.96484375
2393 0.96484375
2394 0.96484375
2395 0.96484375
2396 0.96484375
2397 0.96484375
2398 0.96484375
2399 0.96484375
2400 0.96484375
2401 0.96484375
2402 0.96484375
2403 0.96484375
2404 0.96484375
2405 0.96484375
2406 0.96484375
2407 0.96484375
2408 0.96484375
2409 0.96484375
2410 0.96484375
2411 0.96484375
2412 0.96484375
2413 0.96484375
2414 0.96484375
2415 0.96484375
2416 0.96484375
2417 0.96484375
2418 0.96484375
2419 0.96484375
2420 0.96484375
2421 0.96484375
2422 0.96484375
2423 0.96484375
2424 0.96484375
2425 0.96484375
2426 0.96484375
2427 0.96484375
2428 0.96484375
2429 0.96484375
2430 0.96484375
2431 0.96484375
2432 0.96484375
2433 0.96484375
2434 0.96484375
2435 0.96484375
2436 0.96484375
2437 0.96484375
2438 0.96484375
2439 0.96484375
2440 0.96484375
2441 0.96484375
2442 0.96484375
2443 0.96484375
2444 0.96484375
2445 0.96484375
2446 0.96484375
2447 0.96484375
2448 0.96484375
2449 0.96484375
2450 0.96484375
2451 0.96484375
2452 0.96484375
2453 0.96484375
2454 0.96484375
2455 0.96484375
2456 0.96484375
2457 0.96484375
2458 0.96484375
2459 0.96484375
2460 0.96484375
2461 0.96484375
2462 0.96484375
2463 0.96484375
2464 0.96484375
2465 0.96484375
2466 0.96484375
2467 0.96484375
2468 0.96484375
2469 0.96484375
2470 0.96484375
2471 0.96484375
2472 0.96484375
2473 0.96484375
2474 0.96484375
2475 0.96484375
2476 0.96484375
2477 0.96484375
2478 0.96484375
2479 0.96484375
2480 0.96484375
2481 0.96484375
2482 0.96484375
2483 0.96484375
2484 0.96484375
2485 0.96484375
2486 0.96484375
2487 0.96484375
2488 0.96484375
2489 0.96484375
2490 0.96484375
2491 0.96484375
2492 0.96484375
2493 0.96484375
2494 0.96484375
2495 0.96484375
2496 0.96484375
2497 0.96484375
2498 0.96484375
2499 0.96484375
2500 0.96484375
2501 0.96484375
2502 0.96484375
2503 0.96484375
2504 0.96484375
2505 0.96484375
2506 0.96484375
2507 0.96484375
2508 0.96484375
2509 0.96484375
2510 0.96484375
2511 0.96484375
2512 0.96484375
2513 0.96484375
2514 0.96484375
2515 0.96484375
2516 0.96484375
2517 0.96484375
2518 0.96484375
2519 0.96484375
2520 0.96484375
2521 0.96484375
2522 0.96484375
2523 0.96484375
2524 0.96484375
2525 0.96484375
2526 0.96484375
2527 0.96484375
2528 0.96484375
2529 0.96484375
2530 0.96484375
2531 0.96484375
2532 0.96484375
2533 0.96484375
2534 0.96484375
2535 0.96484375
2536 0.96484375
2537 0.96484375
2538 0.96484375
2539 0.96484375
2540 0.96484375
2541 0.96484375
2542 0.96484375
2543 0.96484375
2544 0.96484375
2545 0.96484375
2546 0.96484375
2547 0.96484375
2548 0.96484375
2549 0.96484375
2550 0.96484375
2551 0.96484375
2552 0.96484375
2553 0.96484375
2554 0.96484375
2555 0.96484375
2556 0.96484375
2557 0.96484375
2558 0.96484375
2559 0.96484375
2560 0.96484375
2561 0.96484375
2562 0.96484375
2563 0.96484375
2564 0.96484375
2565 0.96484375
2566 0.96484375
2567 0.96484375
2568 0.96484375
2569 0.96484375
2570 0.96484375
2571 0.96484375
2572 0.96484375
2573 0.96484375
2574 0.96484375
2575 0.96484375
2576 0.96484375
2577 0.96484375
2578 0.96484375
2579 0.96484375
2580 0.96484375
2581 0.96484375
2582 0.96484375
2583 0.96484375
2584 0.96484375
2585 0.96484375
2586 0.96484375
2587 0.96484375
2588 0.96484375
2589 0.96484375
2590 0.96484375
2591 0.96484375
2592 0.96484375
2593 0.96484375
2594 0.96484375
2595 0.96484375
2596 0.96484375
2597 0.96484375
2598 0.96484375
2599 0.96484375
2600 0.96484375
2601 0.96484375
2602 0.96484375
2603 0.96484375
2604 0.96484375
2605 0.96484375
2606 0.96484375
2607 0.96484375
2608 0.96484375
2609 0.96484375
2610 0.96484375
2611 0.96484375
2612 0.96484375
2613 0.96484375
2614 0.96484375
2615 0.96484375
2616 0.96484375
2617 0.96484375
2618 0.96484375
2619 0.96484375
2620 0.96484375
2621 0.96484375
2622 0.96484375
2623 0.96484375
2624 0.96484375
2625 0.96484375
2626 0.96484375
2627 0.96484375
2628 0.96484375
2629 0.96484375
2630 0.96484375
2631 0.96484375
2632 0.96484375
2633 0.96484375
2634 0.96484375
2635 0.96484375
2636 0.96484375
2637 0.96484375
2638 0.96484375
2639 0.96484375
2640 0.96484375
2641 0.96484375
2642 0.96484375
2643 0.96484375
2644 0.96484375
2645 0.96484375
2646 0.96484375
2647 0.96484375
2648 0.96484375
2649 0.96484375
2650 0.96484375
2651 0.96484375
2652 0.96484375
2653 0.96484375
2654 0.96484375
2655 0.96484375
2656 0.96484375
2657 0.96484375
2658 0.96484375
2659 0.96484375
2660 0.96484375
2661 0.96484375
2662 0.96484375
2663 0.96484375
2664 0.96484375
2665 0.96484375
2666 0.96484375
2667 0.96484375
2668 0.96484375
2669 0.96484375
2670 0.96484375
2671 0.96484375
2672 0.96484375
2673 0.96484375
2674 0.96484375
2675 0.96484375
2676 0.96484375
2677 0.96484375
2678 0.96484375
2679 0.96484375
2680 0.96484375
2681 0.96484375
2682 0.96484375
2683 0.96484375
2684 0.96484375
2685 0.96484375
2686 0.96484375
2687 0.96484375
2688 0.96484375
2689 0.96484375
2690 0.96484375
2691 0.96484375
2692 0.96484375
2693 0.96484375
2694 0.96484375
2695 0.96484375
2696 0.96484375
2697 0.96484375
2698 0.96484375
2699 0.96484375
2700 0.96484375
2701 0.96484375
2702 0.96484375
2703 0.96484375
2704 0.96484375
2705 0.96484375
2706 0.96484375
2707 0.96484375
2708 0.96484375
2709 0.96484375
2710 0.96484375
2711 0.96484375
2712 0.96484375
2713 0.96484375
2714 0.96484375
2715 0.96484375
2716 0.96484375
2717 0.96484375
2718 0.96484375
2719 0.96484375
2720 0.96484375
2721 0.96484375
2722 0.96484375
2723 0.96484375
2724 0.96484375
2725 0.96484375
2726 0.96484375
2727 0.96484375
2728 0.96484375
2729 0.96484375
2730 0.96484375
2731 0.96484375
2732 0.96484375
2733 0.96484375
2734 0.96484375
2735 0.96484375
2736 0.96484375
2737 0.96484375
2738 0.96484375
2739 0.96484375
2740 0.96484375
2741 0.96484375
2742 0.96484375
2743 0.96484375
2744 0.96484375
2745 0.96484375
2746 0.96484375
2747 0.96484375
2748 0.96484375
2749 0.96484375
2750 0.96484375
2751 0.96484375
2752 0.96484375
2753 0.96484375
2754 0.96484375
2755 0.96484375
2756 0.96484375
2757 0.96484375
2758 0.96484375
2759 0.96484375
2760 0.96484375
2761 0.96484375
2762 0.96484375
2763 0.96484375
2764 0.96484375
2765 0.96484375
2766 0.96484375
2767 0.96484375
2768 0.96484375
2769 0.96484375
2770 0.96484375
2771 0.96484375
2772 0.96484375
2773 0.96484375
2774 0.96484375
2775 0.96484375
2776 0.96484375
2777 0.96484375
2778 0.96484375
2779 0.96484375
2780 0.96484375
2781 0.96484375
2782 0.96484375
2783 0.96484375
2784 0.96484375
2785 0.96484375
2786 0.96484375
2787 0.96484375
2788 0.96484375
2789 0.96484375
2790 0.96484375
2791 0.96484375
2792 0.96484375
2793 0.96484375
2794 0.96484375
2795 0.96484375
2796 0.96484375
2797 0.96484375
2798 0.96484375
2799 0.96484375
2800 0.96484375
2801 0.96484375
2802 0.96484375
2803 0.96484375
2804 0.96484375
2805 0.96484375
2806 0.96484375
2807 0.96484375
2808 0.96484375
2809 0.96484375
2810 0.96484375
2811 0.96484375
2812 0.96484375
2813 0.96484375
2814 0.96484375
2815 0.96484375
2816 0.96484375
2817 0.96484375
2818 0.96484375
2819 0.96484375
2820 0.96484375
2821 0.96484375
2822 0.96484375
2823 0.96484375
2824 0.96484375
2825 0.96484375
2826 0.96484375
2827 0.96484375
2828 0.96484375
2829 0.96484375
2830 0.96484375
2831 0.96484375
2832 0.96484375
2833 0.96484375
2834 0.96484375
2835 0.96484375
2836 0.96484375
2837 0.96484375
2838 0.96484375
2839 0.96484375
2840 0.96484375
2841 0.96484375
2842 0.96484375
2843 0.96484375
2844 0.96484375
2845 0.96484375
2846 0.96484375
2847 0.96484375
2848 0.96484375
2849 0.96484375
2850 0.96484375
2851 0.96484375
2852 0.96484375
2853 0.96484375
2854 0.96484375
2855 0.96484375
2856 0.96484375
2857 0.96484375
2858 0.96484375
2859 0.96484375
2860 0.96484375
2861 0.96484375
2862 0.96484375
2863 0.96484375
2864 0.96484375
2865 0.96484375
2866 0.96484375
2867 0.96484375
2868 0.96484375
2869 0.96484375
2870 0.96484375
2871 0.96484375
2872 0.96484375
2873 0.96484375
2874 0.96484375
2875 0.96484375
2876 0.96484375
2877 0.96484375
2878 0.96484375
2879 0.96484375
2880 0.96484375
2881 0.96484375
2882 0.96484375
2883 0.96484375
2884 0.96484375
2885 0.96484375
2886 0.96484375
2887 0.96484375
2888 0.96484375
2889 0.96484375
2890 0.96484375
2891 0.96484375
2892 0.96484375
2893 0.96484375
2894 0.96484375
2895 0.96484375
2896 0.96484375
2897 0.96484375
2898 0.96484375
2899 0.96484375
2900 0.96484375
2901 0.96484375
2902 0.96484375
2903 0.96484375
2904 0.96484375
2905 0.96484375
2906 0.96484375
2907 0.96484375
2908 0.96484375
2909 0.96484375
2910 0.96484375
2911 0.96484375
2912 0.96484375
2913 0.96484375
2914 0.96484375
2915 0.96484375
2916 0.96484375
2917 0.96484375
2918 0.96484375
2919 0.96484375
2920 0.96484375
2921 0.96484375
2922 0.96484375
2923 0.96484375
2924 0.96484375
2925 0.96484375
2926 0.96484375
2927 0.96484375
2928 0.96484375
2929 0.96484375
2930 0.96484375
2931 0.96484375
2932 0.96484375
2933 0.96484375
2934 0.96484375
2935 0.96484375
2936 0.96484375
2937 0.96484375
2938 0.96484375
2939 0.96484375
2940 0.96484375
2941 0.96484375
2942 0.96484375
2943 0.96484375
2944 0.96484375
2945 0.96484375
2946 0.96484375
2947 0.96484375
2948 0.96484375
2949 0.96484375
2950 0.96484375
2951 0.96484375
2952 0.96484375
2953 0.96484375
2954 0.96484375
2955 0.96484375
2956 0.96484375
2957 0.96484375
2958 0.96484375
2959 0.96484375
2960 0.96484375
2961 0.96484375
2962 0.96484375
2963 0.96484375
2964 0.96484375
2965 0.96484375
2966 0.96484375
2967 0.96484375
2968 0.96484375
2969 0.96484375
2970 0.96484375
2971 0.96484375
2972 0.96484375
2973 0.96484375
2974 0.96484375
2975 0.96484375
2976 0.96484375
2977 0.96484375
2978 0.96484375
2979 0.96484375
2980 0.96484375
2981 0.96484375
2982 0.96484375
2983 0.96484375
2984 0.96484375
2985 0.96484375
2986 0.96484375
2987 0.96484375
2988 0.96484375
2989 0.96484375
2990 0.96484375
2991 0.96484375
2992 0.96484375
2993 0.96484375
2994 0.96484375
2995 0.96484375
2996 0.96484375
2997 0.96484375
2998 0.96484375
2999 0.96484375
3000 0.96484375
3001 0.96484375
3002 0.96484375
3003 0.96484375
3004 0.96484375
3005 0.96484375
3006 0.96484375
3007 0.96484375
3008 0.96484375
3009 0.96484375
3010 0.96484375
3011 0.96484375
3012 0.96484375
3013 0.96484375
3014 0.96484375
3015 0.96484375
3016 0.96484375
3017 0.96484375
3018 0.96484375
3019 0.96484375
3020 0.96484375
3021 0.96484375
3022 0.96484375
3023 0.96484375
3024 0.96484375
3025 0.96484375
3026 0.96484375
3027 0.96484375
3028 0.96484375
3029 0.96484375
3030 0.96484375
3031 0.96484375
3032 0.96484375
3033 0.96484375
3034 0.96484375
3035 0.96484375
3036 0.96484375
3037 0.96484375
3038 0.96484375
3039 0.96484375
3040 0.96484375
3041 0.96484375
3042 0.96484375
3043 0.96484375
3044 0.96484375
3045 0.96484375
3046 0.96484375
3047 0.96484375
3048 0.96484375
3049 0.96484375
3050 0.96484375
3051 0.96484375
3052 0.96484375
3053 0.96484375
3054 0.96484375
3055 0.96484375
3056 0.96484375
3057 0.96484375
3058 0.96484375
3059 0.96484375
3060 0.96484375
3061 0.96484375
3062 0.96484375
3063 0.96484375
3064 0.96484375
3065 0.96484375
3066 0.96484375
3067 0.96484375
3068 0.96484375
3069 0.96484375
3070 0.96484375
3071 0.96484375
3072 0.96484375
3073 0.96484375
3074 0.96484375
3075 0.96484375
3076 0.96484375
3077 0.96484375
3078 0.96484375
3079 0.96484375
3080 0.96484375
3081 0.96484375
3082 0.96484375
3083 0.96484375
3084 0.96484375
3085 0.96484375
3086 0.96484375
3087 0.96484375
3088 0.96484375
3089 0.96484375
3090 0.96484375
3091 0.96484375
3092 0.96484375
3093 0.96484375
3094 0.96484375
3095 0.96484375
3096 0.96484375
3097 0.96484375
3098 0.96484375
3099 0.96484375
3100 0.96484375
3101 0.96484375
3102 0.96484375
3103 0.96484375
3104 0.96484375
3105 0.96484375
3106 0.96484375
3107 0.96484375
3108 0.96484375
3109 0.96484375
3110 0.96484375
3111 0.96484375
3112 0.96484375
3113 0.96484375
3114 0.96484375
3115 0.96484375
3116 0.96484375
3117 0.96484375
3118 0.96484375
3119 0.96484375
3120 0.96484375
3121 0.96484375
3122 0.96484375
3123 0.96484375
3124 0.96484375
3125 0.96484375
3126 0.96484375
3127 0.96484375
3128 0.96484375
3129 0.96484375
3130 0.96484375
3131 0.96484375
3132 0.96484375
3133 0.96484375
3134 0.96484375
3135 0.96484375
3136 0.96484375
3137 0.96484375
3138 0.96484375
3139 0.96484375
3140 0.96484375
3141 0.96484375
3142 0.96484375
3143 0.96484375
3144 0.96484375
3145 0.96484375
3146 0.96484375
3147 0.96484375
3148 0.96484375
3149 0.96484375
3150 0.96484375
3151 0.96484375
3152 0.96484375
3153 0.96484375
3154 0.96484375
3155 0.96484375
3156 0.96484375
3157 0.96484375
3158 0.96484375
3159 0.96484375
3160 0.96484375
3161 0.96484375
3162 0.96484375
3163 0.96484375
3164 0.96484375
3165 0.96484375
3166 0.96484375
3167 0.96484375
3168 0.96484375
3169 0.96484375
3170 0.96484375
3171 0.96484375
3172 0.96484375
3173 0.96484375
3174 0.96484375
3175 0.96484375
3176 0.96484375
3177 0.96484375
3178 0.96484375
3179 0.96484375
3180 0.96484375
3181 0.96484375
3182 0.96484375
3183 0.96484375
3184 0.96484375
3185 0.96484375
3186 0.96484375
3187 0.96484375
3188 0.96484375
3189 0.96484375
3190 0.96484375
3191 0.96484375
3192 0.96484375
3193 0.96484375
3194 0.96484375
3195 0.96484375
3196 0.96484375
3197 0.96484375
3198 0.96484375
3199 0.96484375
3200 0.96484375
3201 0.96484375
3202 0.96484375
3203 0.96484375
3204 0.96484375
3205 0.96484375
3206 0.96484375
3207 0.96484375
3208 0.96484375
3209 0.96484375
3210 0.96484375
3211 0.96484375
3212 0.96484375
3213 0.96484375
3214 0.96484375
3215 0.96484375
3216 0.96484375
3217 0.96484375
3218 0.96484375
3219 0.96484375
3220 0.96484375
3221 0.96484375
3222 0.96484375
3223 0.96484375
3224 0.96484375
3225 0.96484375
3226 0.96484375
3227 0.96484375
3228 0.96484375
3229 0.96484375
3230 0.96484375
3231 0.96484375
3232 0.96484375
3233 0.96484375
3234 0.96484375
3235 0.96484375
3236 0.96484375
3237 0.96484375
3238 0.96484375
3239 0.96484375
3240 0.96484375
3241 0.96484375
3242 0.96484375
3243 0.96484375
3244 0.96484375
3245 0.96484375
3246 0.96484375
3247 0.96484375
3248 0.96484375
3249 0.96484375
3250 0.96484375
3251 0.96484375
3252 0.96484375
3253 0.96484375
3254 0.96484375
3255 0.96484375
3256 0.96484375
3257 0.96484375
3258 0.96484375
3259 0.96484375
3260 0.96484375
3261 0.96484375
3262 0.96484375
3263 0.96484375
3264 0.96484375
3265 0.96484375
3266 0.96484375
3267 0.96484375
3268 0.96484375
3269 0.96484375
3270 0.96484375
3271 0.96484375
3272 0.96484375
3273 0.96484375
3274 0.96484375
3275 0.96484375
3276 0.96484375
3277 0.96484375
3278 0.96484375
3279 0.96484375
3280 0.96484375
3281 0.96484375
3282 0.96484375
3283 0.96484375
3284 0.96484375
3285 0.96484375
3286 0.96484375
3287 0.96484375
3288 0.96484375
3289 0.96484375
3290 0.96484375
3291 0.96484375
3292 0.96484375
3293 0.96484375
3294 0.96484375
3295 0.96484375
3296 0.96484375
3297 0.96484375
3298 0.96484375
3299 0.96484375
3300 0.96484375
3301 0.96484375
3302 0.96484375
3303 0.96484375
3304 0.96484375
3305 0.96484375
3306 0.96484375
3307 0.96484375
3308 0.96484375
3309 0.96484375
3310 0.96484375
3311 0.96484375
3312 0.96484375
3313 0.96484375
3314 0.96484375
3315 0.96484375
3316 0.96484375
3317 0.96484375
3318 0.96484375
3319 0.96484375
3320 0.96484375
3321 0.96484375
3322 0.96484375
3323 0.96484375
3324 0.96484375
3325 0.96484375
3326 0.96484375
3327 0.96484375
3328 0.96484375
3329 0.96484375
3330 0.96484375
3331 0.96484375
3332 0.96484375
3333 0.96484375
3334 0.96484375
3335 0.96484375
3336 0.96484375
3337 0.96484375
3338 0.96484375
3339 0.96484375
3340 0.96484375
3341 0.96484375
3342 0.96484375
3343 0.96484375
3344 0.96484375
3345 0.96484375
3346 0.96484375
3347 0.96484375
3348 0.96484375
3349 0.96484375
3350 0.96484375
3351 0.96484375
3352 0.96484375
3353 0.96484375
3354 0.96484375
3355 0.96484375
3356 0.96484375
3357 0.96484375
3358 0.96484375
3359 0.96484375
3360 0.96484375
3361 0.96484375
3362 0.96484375
3363 0.96484375
3364 0.96484375
3365 0.96484375
3366 0.96484375
3367 0.96484375
3368 0.96484375
3369 0.96484375
3370 0.96484375
3371 0.96484375
3372 0.96484375
3373 0.96484375
3374 0.96484375
3375 0.96484375
3376 0.96484375
3377 0.96484375
3378 0.96484375
3379 0.96484375
3380 0.96484375
3381 0.96484375
3382 0.96484375
3383 0.96484375
3384 0.96484375
3385 0.96484375
3386 0.96484375
3387 0.96484375
3388 0.96484375
3389 0.96484375
3390 0.96484375
3391 0.96484375
3392 0.96484375
3393 0.96484375
3394 0.96484375
3395 0.96484375
3396 0.96484375
3397 0.96484375
3398 0.96484375
3399 0.96484375
3400 0.96484375
3401 0.96484375
3402 0.96484375
3403 0.96484375
3404 0.96484375
3405 0.96484375
3406 0.96484375
3407 0.96484375
3408 0.96484375
3409 0.96484375
3410 0.96484375
3411 0.96484375
3412 0.96484375
3413 0.96484375
3414 0.96484375
3415 0.96484375
3416 0.96484375
3417 0.96484375
3418 0.96484375
3419 0.96484375
3420 0.96484375
3421 0.96484375
3422 0.96484375
3423 0.96484375
3424 0.96484375
3425 0.96484375
3426 0.96484375
3427 0.96484375
3428 0.96484375
3429 0.96484375
3430 0.96484375
3431 0.96484375
3432 0.96484375
3433 0.96484375
3434 0.96484375
3435 0.96484375
3436 0.96484375
3437 0.96484375
3438 0.96484375
3439 0.96484375
3440 0.96484375
3441 0.96484375
3442 0.96484375
3443 0.96484375
3444 0.96484375
3445 0.96484375
3446 0.96484375
3447 0.96484375
3448 0.96484375
3449 0.96484375
3450 0.96484375
3451 0.96484375
3452 0.96484375
3453 0.96484375
3454 0.96484375
3455 0.96484375
3456 0.96484375
3457 0.96484375
3458 0.96484375
3459 0.96484375
3460 0.96484375
3461 0.96484375
3462 0.96484375
3463 0.96484375
3464 0.96484375
3465 0.96484375
3466 0.96484375
3467 0.96484375
3468 0.96484375
3469 0.96484375
3470 0.96484375
3471 0.96484375
3472 0.96484375
3473 0.96484375
3474 0.96484375
3475 0.96484375
3476 0.96484375
3477 0.96484375
3478 0.96484375
3479 0.96484375
3480 0.96484375
3481 0.96484375
3482 0.96484375
3483 0.96484375
3484 0.96484375
3485 0.96484375
3486 0.96484375
3487 0.96484375
3488 0.96484375
3489 0.96484375
3490 0.96484375
3491 0.96484375
3492 0.96484375
3493 0.96484375
3494 0.96484375
3495 0.96484375
3496 0.96484375
3497 0.96484375
3498 0.96484375
3499 0.96484375
3500 0.96484375
3501 0.96484375
3502 0.96484375
3503 0.96484375
3504 0.96484375
3505 0.96484375
3506 0.96484375
3507 0.96484375
3508 0.96484375
3509 0.96484375
3510 0.96484375
3511 0.96484375
3512 0.96484375
3513 0.96484375
3514 0.96484375
3515 0.96484375
3516 0.96484375
3517 0.96484375
3518 0.96484375
3519 0.96484375
3520 0.96484375
3521 0.96484375
3522 0.96484375
3523 0.96484375
3524 0.96484375
3525 0.96484375
3526 0.96484375
3527 0.96484375
3528 0.96484375
3529 0.96484375
3530 0.96484375
3531 0.96484375
3532 0.96484375
3533 0.96484375
3534 0.96484375
3535 0.96484375
3536 0.96484375
3537 0.96484375
3538 0.96484375
3539 0.96484375
3540 0.96484375
3541 0.96484375
3542 0.96484375
3543 0.96484375
3544 0.96484375
3545 0.96484375
3546 0.96484375
3547 0.96484375
3548 0.96484375
3549 0.96484375
3550 0.96484375
3551 0.96484375
3552 0.96484375
3553 0.96484375
3554 0.96484375
3555 0.96484375
3556 0.96484375
3557 0.96484375
3558 0.96484375
3559 0.96484375
3560 0.96484375
3561 0.96484375
3562 0.96484375
3563 0.96484375
3564 0.96484375
3565 0.96484375
3566 0.96484375
3567 0.96484375
3568 0.96484375
3569 0.96484375
3570 0.96484375
3571 0.96484375
3572 0.96484375
3573 0.96484375
3574 0.96484375
3575 0.96484375
3576 0.96484375
3577 0.96484375
3578 0.96484375
3579 0.96484375
3580 0.96484375
3581 0.96484375
3582 0.96484375
3583 0.96484375
3584 0.96484375
3585 0.96484375
3586 0.96484375
3587 0.96484375
3588 0.96484375
3589 0.96484375
3590 0.96484375
3591 0.96484375
3592 0.96484375
3593 0.96484375
3594 0.96484375
3595 0.96484375
3596 0.96484375
3597 0.96484375
3598 0.96484375
3599 0.96484375
3600 0.96484375
3601 0.96484375
3602 0.96484375
3603 0.96484375
3604 0.96484375
3605 0.96484375
3606 0.96484375
3607 0.96484375
3608 0.96484375
3609 0.96484375
3610 0.96484375
3611 0.96484375
3612 0.96484375
3613 0.96484375
3614 0.96484375
3615 0.96484375
3616 0.96484375
3617 0.96484375
3618 0.96484375
3619 0.96484375
3620 0.96484375
3621 0.96484375
3622 0.96484375
3623 0.96484375
3624 0.96484375
3625 0.96484375
3626 0.96484375
3627 0.96484375
3628 0.96484375
3629 0.96484375
3630 0.96484375
3631 0.96484375
3632 0.96484375
3633 0.96484375
3634 0.96484375
3635 0.96484375
3636 0.96484375
3637 0.96484375
3638 0.96484375
3639 0.96484375
3640 0.96484375
3641 0.96484375
3642 0.96484375
3643 0.96484375
3644 0.96484375
3645 0.96484375
3646 0.96484375
3647 0.96484375
3648 0.96484375
3649 0.96484375
3650 0.96484375
3651 0.96484375
3652 0.96484375
3653 0.96484375
3654 0.96484375
3655 0.96484375
3656 0.96484375
3657 0.96484375
3658 0.96484375
3659 0.96484375
3660 0.96484375
3661 0.96484375
3662 0.96484375
3663 0.96484375
3664 0.96484375
3665 0.96484375
3666 0.96484375
3667 0.96484375
3668 0.96484375
3669 0.96484375
3670 0.96484375
3671 0.96484375
3672 0.96484375
3673 0.96484375
3674 0.96484375
3675 0.96484375
3676 0.96484375
3677 0.96484375
3678 0.96484375
3679 0.96484375
3680 0.96484375
3681 0.96484375
3682 0.96484375
3683 0.96484375
3684 0.96484375
3685 0.96484375
3686 0.96484375
3687 0.96484375
3688 0.96484375
3689 0.96484375
3690 0.96484375
3691 0.96484375
3692 0.96484375
3693 0.96484375
3694 0.96484375
3695 0.96484375
3696 0.96484375
3697 0.96484375
3698 0.96484375
3699 0.96484375
3700 0.96484375
3701 0.96484375
3702 0.96484375
3703 0.96484375
3704 0.96484375
3705 0.96484375
3706 0.96484375
3707 0.96484375
3708 0.96484375
3709 0.96484375
3710 0.96484375
3711 0.96484375
3712 0.96484375
3713 0.96484375
3714 0.96484375
3715 0.96484375
3716 0.96484375
3717 0.96484375
3718 0.96484375
3719 0.96484375
3720 0.96484375
3721 0.96484375
3722 0.96484375
3723 0.96484375
3724 0.96484375
3725 0.96484375
3726 0.96484375
3727 0.96484375
3728 0.96484375
3729 0.96484375
3730 0.96484375
3731 0.96484375
3732 0.96484375
3733 0.96484375
3734 0.96484375
3735 0.96484375
3736 0.96484375
3737 0.96484375
3738 0.96484375
3739 0.96484375
3740 0.96484375
3741 0.96484375
3742 0.96484375
3743 0.96484375
3744 0.96484375
3745 0.96484375
3746 0.96484375
3747 0.96484375
3748 0.96484375
3749 0.96484375
3750 0.96484375
3751 0.96484375
3752 0.96484375
3753 0.96484375
3754 0.96484375
3755 0.96484375
3756 0.96484375
3757 0.96484375
3758 0.96484375
3759 0.96484375
3760 0.96484375
3761 0.96484375
3762 0.96484375
3763 0.96484375
3764 0.96484375
3765 0.96484375
3766 0.96484375
3767 0.96484375
3768 0.96484375
3769 0.96484375
3770 0.96484375
3771 0.96484375
3772 0.96484375
3773 0.96484375
3774 0.96484375
3775 0.96484375
3776 0.96484375
3777 0.96484375
3778 0.96484375
3779 0.96484375
3780 0.96484375
3781 0.96484375
3782 0.96484375
3783 0.96484375
3784 0.96484375
3785 0.96484375
3786 0.96484375
3787 0.96484375
3788 0.96484375
3789 0.96484375
3790 0.96484375
3791 0.96484375
3792 0.96484375
3793 0.96484375
3794 0.96484375
3795 0.96484375
3796 0.96484375
3797 0.96484375
3798 0.96484375
3799 0.96484375
3800 0.96484375
3801 0.96484375
3802 0.96484375
3803 0.96484375
3804 0.96484375
3805 0.96484375
3806 0.96484375
3807 0.96484375
3808 0.96484375
3809 0.96484375
3810 0.96484375
3811 0.96484375
3812 0.96484375
3813 0.96484375
3814 0.96484375
3815 0.96484375
3816 0.96484375
3817 0.96484375
3818 0.96484375
3819 0.96484375
3820 0.96484375
3821 0.96484375
3822 0.96484375
3823 0.96484375
3824 0.96484375
3825 0.96484375
3826 0.96484375
3827 0.96484375
3828 0.96484375
3829 0.96484375
3830 0.96484375
3831 0.96484375
3832 0.96484375
3833 0.96484375
3834 0.96484375
3835 0.96484375
3836 0.96484375
3837 0.96484375
3838 0.96484375
3839 0.96484375
3840 0.96484375
3841 0.96484375
3842 0.96484375
3843 0.96484375
3844 0.96484375
3845 0.96484375
3846 0.96484375
3847 0.96484375
3848 0.96484375
3849 0.96484375
3850 0.96484375
3851 0.96484375
3852 0.96484375
3853 0.96484375
3854 0.96484375
3855 0.96484375
3856 0.96484375
3857 0.96484375
3858 0.96484375
3859 0.96484375
3860 0.96484375
3861 0.96484375
3862 0.96484375
3863 0.96484375
3864 0.96484375
3865 0.96484375
3866 0.96484375
3867 0.96484375
3868 0.96484375
3869 0.96484375
3870 0.96484375
3871 0.96484375
3872 0.96484375
3873 0.96484375
3874 0.96484375
3875 0.96484375
3876 0.96484375
3877 0.96484375
3878 0.96484375
3879 0.96484375
3880 0.96484375
3881 0.96484375
3882 0.96484375
3883 0.96484375
3884 0.96484375
3885 0.96484375
3886 0.96484375
3887 0.96484375
3888 0.96484375
3889 0.96484375
3890 0.96484375
3891 0.96484375
3892 0.96484375
3893 0.96484375
3894 0.96484375
3895 0.96484375
3896 0.96484375
3897 0.96484375
3898 0.96484375
3899 0.96484375
3900 0.96484375
3901 0.96484375
3902 0.96484375
3903 0.96484375
3904 0.96484375
3905 0.96484375
3906 0.96484375
3907 0.96484375
3908 0.96484375
3909 0.96484375
3910 0.96484375
3911 0.96484375
3912 0.96484375
3913 0.96484375
3914 0.96484375
3915 0.96484375
3916 0.96484375
3917 0.96484375
3918 0.96484375
3919 0.96484375
3920 0.96484375
3921 0.96484375
3922 0.96484375
3923 0.96484375
3924 0.96484375
3925 0.96484375
3926 0.96484375
3927 0.96484375
3928 0.96484375
3929 0.96484375
3930 0.96484375
3931 0.96484375
3932 0.96484375
3933 0.96484375
3934 0.96484375
3935 0.96484375
3936 0.96484375
3937 0.96484375
3938 0.96484375
3939 0.96484375
3940 0.96484375
3941 0.96484375
3942 0.96484375
3943 0.96484375
3944 0.96484375
3945 0.96484375
3946 0.96484375
3947 0.96484375
3948 0.96484375
3949 0.96484375
3950 0.96484375
3951 0.96484375
3952 0.96484375
3953 0.96484375
3954 0.96484375
3955 0.96484375
3956 0.96484375
3957 0.96484375
3958 0.96484375
3959 0.96484375
3960 0.96484375
3961 0.96484375
3962 0.96484375
3963 0.96484375
3964 0.96484375
3965 0.96484375
3966 0.96484375
3967 0.96484375
3968 0.96484375
3969 0.96484375
3970 0.96484375
3971 0.96484375
3972 0.96484375
3973 0.96484375
3974 0.96484375
3975 0.96484375
3976 0.96484375
3977 0.96484375
3978 0.96484375
3979 0.96484375
3980 0.96484375
3981 0.96484375
3982 0.96484375
3983 0.96484375
3984 0.96484375
3985 0.96484375
3986 0.96484375
3987 0.96484375
3988 0.96484375
3989 0.96484375
3990 0.96484375
3991 0.96484375
3992 0.96484375
3993 0.96484375
3994 0.96484375
3995 0.96484375
3996 0.96484375
3997 0.96484375
3998 0.96484375
3999 0.96484375
4000 0.96484375
4001 0.96484375
4002 0.96484375
4003 0.96484375
4004 0.96484375
4005 0.96484375
4006 0.96484375
4007 0.96484375
4008 0.96484375
4009 0.96484375
4010 0.96484375
4011 0.96484375
4012 0.96484375
4013 0.96484375
4014 0.96484375
4015 0.96484375
4016 0.96484375
4017 0.96484375
4018 0.96484375
4019 0.96484375
4020 0.96484375
4021 0.96484375
4022 0.96484375
4023 0.96484375
4024 0.96484375
4025 0.96484375
4026 0.96484375
4027 0.96484375
4028 0.96484375
4029 0.96484375
4030 0.96484375
4031 0.96484375
4032 0.96484375
4033 0.96484375
4034 0.96484375
4035 0.96484375
4036 0.96484375
4037 0.96484375
4038 0.96484375
4039 0.96484375
4040 0.96484375
4041 0.96484375
4042 0.96484375
4043 0.96484375
4044 0.96484375
4045 0.96484375
4046 0.96484375
4047 0.96484375
4048 0.96484375
4049 0.96484375
4050 0.96484375
4051 0.96484375
4052 0.96484375
4053 0.96484375
4054 0.96484375
4055 0.96484375
4056 0.96484375
4057 0.96484375
4058 0.96484375
4059 0.96484375
4060 0.96484375
4061 0.96484375
4062 0.96484375
4063 0.96484375
4064 0.96484375
4065 0.96484375
4066 0.96484375
4067 0.96484375
4068 0.96484375
4069 0.96484375
4070 0.96484375
4071 0.96484375
4072 0.96484375
4073 0.96484375
4074 0.96484375
4075 0.96484375
4076 0.96484375
4077 0.96484375
4078 0.96484375
4079 0.96484375
4080 0.96484375
4081 0.96484375
4082 0.96484375
4083 0.96484375
4084 0.96484375
4085 0.96484375
4086 0.96484375
4087 0.96484375
4088 0.96484375
4089 0.96484375
4090 0.96484375
4091 0.96484375
4092 0.96484375
4093 0.96484375
4094 0.96484375
4095 0.96484375
4096 0.96484375
4097 0.96484375
4098 0.96484375
4099 0.96484375
4100 0.96484375
4101 0.96484375
4102 0.96484375
4103 0.96484375
4104 0.96484375
4105 0.96484375
4106 0.96484375
4107 0.96484375
4108 0.96484375
4109 0.96484375
4110 0.96484375
4111 0.96484375
4112 0.96484375
4113 0.96484375
4114 0.96484375
4115 0.96484375
4116 0.96484375
4117 0.96484375
4118 0.96484375
4119 0.96484375
4120 0.96484375
4121 0.96484375
4122 0.96484375
4123 0.96484375
4124 0.96484375
4125 0.96484375
4126 0.96484375
4127 0.96484375
4128 0.96484375
4129 0.96484375
4130 0.96484375
4131 0.96484375
4132 0.96484375
4133 0.96484375
4134 0.96484375
4135 0.96484375
4136 0.96484375
4137 0.96484375
4138 0.96484375
4139 0.96484375
4140 0.96484375
4141 0.96484375
4142 0.96484375
4143 0.96484375
4144 0.96484375
4145 0.96484375
4146 0.96484375
4147 0.96484375
4148 0.96484375
4149 0.96484375
4150 0.96484375
4151 0.96484375
4152 0.96484375
4153 0.96484375
4154 0.96484375
4155 0.96484375
4156 0.96484375
4157 0.96484375
4158 0.96484375
4159 0.96484375
4160 0.96484375
4161 0.96484375
4162 0.96484375
4163 0.96484375
4164 0.96484375
4165 0.96484375
4166 0.96484375
4167 0.96484375
4168 0.96484375
4169 0.96484375
4170 0.96484375
4171 0.96484375
4172 0.96484375
4173 0.96484375
4174 0.96484375
4175 0.96484375
4176 0.96484375
4177 0.96484375
4178 0.96484375
4179 0.96484375
4180 0.96484375
4181 0.96484375
4182 0.96484375
4183 0.96484375
4184 0.96484375
4185 0.96484375
4186 0.96484375
4187 0.96484375
4188 0.96484375
4189 0.96484375
4190 0.96484375
4191 0.96484375
4192 0.96484375
4193 0.96484375
4194 0.96484375
4195 0.96484375
4196 0.96484375
4197 0.96484375
4198 0.96484375
4199 0.96484375
4200 0.96484375
4201 0.96484375
4202 0.96484375
4203 0.96484375
4204 0.96484375
4205 0.96484375
4206 0.96484375
4207 0.96484375
4208 0.96484375
4209 0.96484375
4210 0.96484375
4211 0.96484375
4212 0.96484375
4213 0.96484375
4214 0.96484375
4215 0.96484375
4216 0.96484375
4217 0.96484375
4218 0.96484375
4219 0.96484375
4220 0.96484375
4221 0.96484375
4222 0.96484375
4223 0.96484375
4224 0.96484375
4225 0.96484375
4226 0.96484375
4227 0.96484375
4228 0.96484375
4229 0.96484375
4230 0.96484375
4231 0.96484375
4232 0.96484375
4233 0.96484375
4234 0.96484375
4235 0.96484375
4236 0.96484375
4237 0.96484375
4238 0.96484375
4239 0.96484375
4240 0.96484375
4241 0.96484375
4242 0.96484375
4243 0.96484375
4244 0.96484375
4245 0.96484375
4246 0.96484375
4247 0.96484375
4248 0.96484375
4249 0.96484375
4250 0.96484375
4251 0.96484375
4252 0.96484375
4253 0.96484375
4254 0.96484375
4255 0.96484375
4256 0.96484375
4257 0.96484375
4258 0.96484375
4259 0.96484375
4260 0.96484375
4261 0.96484375
4262 0.96484375
4263 0.96484375
4264 0.96484375
4265 0.96484375
4266 0.96484375
4267 0.96484375
4268 0.96484375
4269 0.96484375
4270 0.96484375
4271 0.96484375
4272 0.96484375
4273 0.96484375
4274 0.96484375
4275 0.96484375
4276 0.96484375
4277 0.96484375
4278 0.96484375
4279 0.96484375
4280 0.96484375
4281 0.96484375
4282 0.96484375
4283 0.96484375
4284 0.96484375
4285 0.96484375
4286 0.96484375
4287 0.96484375
4288 0.96484375
4289 0.96484375
4290 0.96484375
4291 0.96484375
4292 0.96484375
4293 0.96484375
4294 0.96484375
4295 0.96484375
4296 0.96484375
4297 0.96484375
4298 0.96484375
4299 0.96484375
4300 0.96484375
4301 0.96484375
4302 0.96484375
4303 0.96484375
4304 0.96484375
4305 0.96484375
4306 0.96484375
4307 0.96484375
4308 0.96484375
4309 0.96484375
4310 0.96484375
4311 0.96484375
4312 0.96484375
4313 0.96484375
4314 0.96484375
4315 0.96484375
4316 0.96484375
4317 0.96484375
4318 0.96484375
4319 0.96484375
4320 0.96484375
4321 0.96484375
4322 0.96484375
4323 0.96484375
4324 0.96484375
4325 0.96484375
4326 0.96484375
4327 0.96484375
4328 0.96484375
4329 0.96484375
4330 0.96484375
4331 0.96484375
4332 0.96484375
4333 0.96484375
4334 0.96484375
4335 0.96484375
4336 0.96484375
4337 0.96484375
4338 0.96484375
4339 0.96484375
4340 0.96484375
4341 0.96484375
4342 0.96484375
4343 0.96484375
4344 0.96484375
4345 0.96484375
4346 0.96484375
4347 0.96484375
4348 0.96484375
4349 0.96484375
4350 0.96484375
4351 0.96484375
4352 0.96484375
4353 0.96484375
4354 0.96484375
4355 0.96484375
4356 0.96484375
4357 0.96484375
4358 0.96484375
4359 0.96484375
4360 0.96484375
4361 0.96484375
4362 0.96484375
4363 0.96484375
4364 0.96484375
4365 0.96484375
4366 0.96484375
4367 0.96484375
4368 0.96484375
4369 0.96484375
4370 0.96484375
4371 0.96484375
4372 0.96484375
4373 0.96484375
4374 0.96484375
4375 0.96484375
4376 0.96484375
4377 0.96484375
4378 0.96484375
4379 0.96484375
4380 0.96484375
4381 0.96484375
4382 0.96484375
4383 0.96484375
4384 0.96484375
4385 0.96484375
4386 0.96484375
4387 0.96484375
4388 0.96484375
4389 0.96484375
4390 0.96484375
4391 0.96484375
4392 0.96484375
4393 0.96484375
4394 0.96484375
4395 0.96484375
4396 0.96484375
4397 0.96484375
4398 0.96484375
4399 0.96484375
4400 0.96484375
4401 0.96484375
4402 0.96484375
4403 0.96484375
4404 0.96484375
4405 0.96484375
4406 0.96484375
4407 0.96484375
4408 0.96484375
4409 0.96484375
4410 0.96484375
4411 0.96484375
4412 0.96484375
4413 0.96484375
4414 0.96484375
4415 0.96484375
4416 0.96484375
4417 0.96484375
4418 0.96484375
4419 0.96484375
4420 0.96484375
4421 0.96484375
4422 0.96484375
4423 0.96484375
4424 0.96484375
4425 0.96484375
4426 0.96484375
4427 0.96484375
4428 0.96484375
4429 0.96484375
4430 0.96484375
4431 0.96484375
4432 0.96484375
4433 0.96484375
4434 0.96484375
4435 0.96484375
4436 0.96484375
4437 0.96484375
4438 0.96484375
4439 0.96484375
4440 0.96484375
4441 0.96484375
4442 0.96484375
4443 0.96484375
4444 0.96484375
4445 0.96484375
4446 0.96484375
4447 0.96484375
4448 0.96484375
4449 0.96484375
4450 0.96484375
4451 0.96484375
4452 0.96484375
4453 0.96484375
4454 0.96484375
4455 0.96484375
4456 0.96484375
4457 0.96484375
4458 0.96484375
4459 0.96484375
4460 0.96484375
4461 0.96484375
4462 0.96484375
4463 0.96484375
4464 0.96484375
4465 0.96484375
4466 0.96484375
4467 0.96484375
4468 0.96484375
4469 0.96484375
4470 0.96484375
4471 0.96484375
4472 0.96484375
4473 0.96484375
4474 0.96484375
4475 0.96484375
4476 0.96484375
4477 0.96484375
4478 0.96484375
4479 0.96484375
4480 0.96484375
4481 0.96484375
4482 0.96484375
4483 0.96484375
4484 0.96484375
4485 0.96484375
4486 0.96484375
4487 0.96484375
4488 0.96484375
4489 0.96484375
4490 0.96484375
4491 0.96484375
4492 0.96484375
4493 0.96484375
4494 0.96484375
4495 0.96484375
4496 0.96484375
4497 0.96484375
4498 0.96484375
4499 0.96484375
4500 0.96484375
4501 0.96484375
4502 0.96484375
4503 0.96484375
4504 0.96484375
4505 0.96484375
4506 0.96484375
4507 0.96484375
4508 0.96484375
4509 0.96484375
4510 0.96484375
4511 0.96484375
4512 0.96484375
4513 0.96484375
4514 0.96484375
4515 0.96484375
4516 0.96484375
4517 0.96484375
4518 0.96484375
4519 0.96484375
4520 0.96484375
4521 0.96484375
4522 0.96484375
4523 0.96484375
4524 0.96484375
4525 0.96484375
4526 0.96484375
4527 0.96484375
4528 0.96484375
4529 0.96484375
4530 0.96484375
4531 0.96484375
4532 0.96484375
4533 0.96484375
4534 0.96484375
4535 0.96484375
4536 0.96484375
4537 0.96484375
4538 0.96484375
4539 0.96484375
4540 0.96484375
4541 0.96484375
4542 0.96484375
4543 0.96484375
4544 0.96484375
4545 0.96484375
4546 0.96484375
4547 0.96484375
4548 0.96484375
4549 0.96484375
4550 0.96484375
4551 0.96484375
4552 0.96484375
4553 0.96484375
4554 0.96484375
4555 0.96484375
4556 0.96484375
4557 0.96484375
4558 0.96484375
4559 0.96484375
4560 0.96484375
4561 0.96484375
4562 0.96484375
4563 0.96484375
4564 0.96484375
4565 0.96484375
4566 0.96484375
4567 0.96484375
4568 0.96484375
4569 0.96484375
4570 0.96484375
4571 0.96484375
4572 0.96484375
4573 0.96484375
4574 0.96484375
4575 0.96484375
4576 0.96484375
4577 0.96484375
4578 0.96484375
4579 0.96484375
4580 0.96484375
4581 0.96484375
4582 0.96484375
4583 0.96484375
4584 0.96484375
4585 0.96484375
4586 0.96484375
4587 0.96484375
4588 0.96484375
4589 0.96484375
4590 0.96484375
4591 0.96484375
4592 0.96484375
4593 0.96484375
4594 0.96484375
4595 0.96484375
4596 0.96484375
4597 0.96484375
4598 0.96484375
4599 0.96484375
4600 0.96484375
4601 0.96484375
4602 0.96484375
4603 0.96484375
4604 0.96484375
4605 0.96484375
4606 0.96484375
4607 0.96484375
4608 0.96484375
4609 0.96484375
4610 0.96484375
4611 0.96484375
4612 0.96484375
4613 0.96484375
4614 0.96484375
4615 0.96484375
4616 0.96484375
4617 0.96484375
4618 0.96484375
4619 0.96484375
4620 0.96484375
4621 0.96484375
4622 0.96484375
4623 0.96484375
4624 0.96484375
4625 0.96484375
4626 0.96484375
4627 0.96484375
4628 0.96484375
4629 0.96484375
4630 0.96484375
4631 0.96484375
4632 0.96484375
4633 0.96484375
4634 0.96484375
4635 0.96484375
4636 0.96484375
4637 0.96484375
4638 0.96484375
4639 0.96484375
4640 0.96484375
4641 0.96484375
4642 0.96484375
4643 0.96484375
4644 0.96484375
4645 0.96484375
4646 0.96484375
4647 0.96484375
4648 0.96484375
4649 0.96484375
4650 0.96484375
4651 0.96484375
4652 0.96484375
4653 0.96484375
4654 0.96484375
4655 0.96484375
4656 0.96484375
4657 0.96484375
4658 0.96484375
4659 0.96484375
4660 0.96484375
4661 0.96484375
4662 0.96484375
4663 0.96484375
4664 0.96484375
4665 0.96484375
4666 0.96484375
4667 0.96484375
4668 0.96484375
4669 0.96484375
4670 0.96484375
4671 0.96484375
4672 0.96484375
4673 0.96484375
4674 0.96484375
4675 0.96484375
4676 0.96484375
4677 0.96484375
4678 0.96484375
4679 0.96484375
4680 0.96484375
4681 0.96484375
4682 0.96484375
4683 0.96484375
4684 0.96484375
4685 0.96484375
4686 0.96484375
4687 0.96484375
4688 0.96484375
4689 0.96484375
4690 0.96484375
4691 0.96484375
4692 0.96484375
4693 0.96484375
4694 0.96484375
4695 0.96484375
4696 0.96484375
4697 0.96484375
4698 0.96484375
4699 0.96484375
4700 0.96484375
4701 0.96484375
4702 0.96484375
4703 0.96484375
4704 0.96484375
4705 0.96484375
4706 0.96484375
4707 0.96484375
4708 0.96484375
4709 0.96484375
4710 0.96484375
4711 0.96484375
4712 0.96484375
4713 0.96484375
4714 0.96484375
4715 0.96484375
4716 0.96484375
4717 0.96484375
4718 0.96484375
4719 0.96484375
4720 0.96484375
4721 0.96484375
4722 0.96484375
4723 0.96484375
4724 0.96484375
4725 0.96484375
4726 0.96484375
4727 0.96484375
4728 0.96484375
4729 0.96484375
4730 0.96484375
4731 0.96484375
4732 0.96484375
4733 0.96484375
4734 0.96484375
4735 0.96484375
4736 0.96484375
4737 0.96484375
4738 0.96484375
4739 0.96484375
4740 0.96484375
4741 0.96484375
4742 0.96484375
4743 0.96484375
4744 0.96484375
4745 0.96484375
4746 0.96484375
4747 0.96484375
4748 0.96484375
4749 0.96484375
4750 0.96484375
4751 0.96484375
4752 0.96484375
4753 0.96484375
4754 0.96484375
4755 0.96484375
4756 0.96484375
4757 0.96484375
4758 0.96484375
4759 0.96484375
4760 0.96484375
4761 0.96484375
4762 0.96484375
4763 0.96484375
4764 0.96484375
4765 0.96484375
4766 0.96484375
4767 0.96484375
4768 0.96484375
4769 0.96484375
4770 0.96484375
4771 0.96484375
4772 0.96484375
4773 0.96484375
4774 0.96484375
4775 0.96484375
4776 0.96484375
4777 0.96484375
4778 0.96484375
4779 0.96484375
4780 0.96484375
4781 0.96484375
4782 0.96484375
4783 0.96484375
4784 0.96484375
4785 0.96484375
4786 0.96484375
4787 0.96484375
4788 0.96484375
4789 0.96484375
4790 0.96484375
4791 0.96484375
4792 0.96484375
4793 0.96484375
4794 0.96484375
4795 0.96484375
4796 0.96484375
4797 0.96484375
4798 0.96484375
4799 0.96484375
4800 0.96484375
4801 0.96484375
4802 0.96484375
4803 0.96484375
4804 0.96484375
4805 0.96484375
4806 0.96484375
4807 0.96484375
4808 0.96484375
4809 0.96484375
4810 0.96484375
4811 0.96484375
4812 0.96484375
4813 0.96484375
4814 0.96484375
4815 0.96484375
4816 0.96484375
4817 0.96484375
4818 0.96484375
4819 0.96484375
4820 0.96484375
4821 0.96484375
4822 0.96484375
4823 0.96484375
4824 0.96484375
4825 0.96484375
4826 0.96484375
4827 0.96484375
4828 0.96484375
4829 0.96484375
4830 0.96484375
4831 0.96484375
4832 0.96484375
4833 0.96484375
4834 0.96484375
4835 0.96484375
4836 0.96484375
4837 0.96484375
4838 0.96484375
4839 0.96484375
4840 0.96484375
4841 0.96484375
4842 0.96484375
4843 0.96484375
4844 0.96484375
4845 0.96484375
4846 0.96484375
4847 0.96484375
4848 0.96484375
4849 0.96484375
4850 0.96484375
4851 0.96484375
4852 0.96484375
4853 0.96484375
4854 0.96484375
4855 0.96484375
4856 0.96484375
4857 0.96484375
4858 0.96484375
4859 0.96484375
4860 0.96484375
4861 0.96484375
4862 0.96484375
4863 0.96484375
4864 0.96484375
4865 0.96484375
4866 0.96484375
4867 0.96484375
4868 0.96484375
4869 0.96484375
4870 0.96484375
4871 0.96484375
4872 0.96484375
4873 0.96484375
4874 0.96484375
4875 0.96484375
4876 0.96484375
4877 0.96484375
4878 0.96484375
4879 0.96484375
4880 0.96484375
4881 0.96484375
4882 0.96484375
4883 0.96484375
4884 0.96484375
4885 0.96484375
4886 0.96484375
4887 0.96484375
4888 0.96484375
4889 0.96484375
4890 0.96484375
4891 0.96484375
4892 0.96484375
4893 0.96484375
4894 0.96484375
4895 0.96484375
4896 0.96484375
4897 0.96484375
4898 0.96484375
4899 0.96484375
4900 0.96484375
4901 0.96484375
4902 0.96484375
4903 0.96484375
4904 0.96484375
4905 0.96484375
4906 0.96484375
4907 0.96484375
4908 0.96484375
4909 0.96484375
4910 0.96484375
4911 0.96484375
4912 0.96484375
4913 0.96484375
4914 0.96484375
4915 0.96484375
4916 0.96484375
4917 0.96484375
4918 0.96484375
4919 0.96484375
4920 0.96484375
4921 0.96484375
4922 0.96484375
4923 0.96484375
4924 0.96484375
4925 0.96484375
4926 0.96484375
4927 0.96484375
4928 0.96484375
4929 0.96484375
4930 0.96484375
4931 0.96484375
4932 0.96484375
4933 0.96484375
4934 0.96484375
4935 0.96484375
4936 0.96484375
4937 0.96484375
4938 0.96484375
4939 0.96484375
4940 0.96484375
4941 0.96484375
4942 0.96484375
4943 0.96484375
4944 0.96484375
4945 0.96484375
4946 0.96484375
4947 0.96484375
4948 0.96484375
4949 0.96484375
4950 0.96484375
4951 0.96484375
4952 0.96484375
4953 0.96484375
4954 0.96484375
4955 0.96484375
4956 0.96484375
4957 0.96484375
4958 0.96484375
4959 0.96484375
4960 0.96484375
4961 0.96484375
4962 0.96484375
4963 0.96484375
4964 0.96484375
4965 0.96484375
4966 0.96484375
4967 0.96484375
4968 0.96484375
4969 0.96484375
4970 0.96484375
4971 0.96484375
4972 0.96484375
4973 0.96484375
4974 0.96484375
4975 0.96484375
4976 0.96484375
4977 0.96484375
4978 0.96484375
4979 0.96484375
4980 0.96484375
4981 0.96484375
4982 0.96484375
4983 0.96484375
4984 0.96484375
4985 0.96484375
4986 0.96484375
4987 0.96484375
4988 0.96484375
4989 0.96484375
4990 0.96484375
4991 0.96484375
4992 0.96484375
4993 0.96484375
4994 0.96484375
4995 0.96484375
4996 0.96484375
4997 0.96484375
4998 0.96484375
4999 0.96484375
