0 0.3485952913992853
1 0.620092706673129
2 0.620092706673129
3 0.620092706673129
4 0.620092706673129
5 0.620092706673129
6 0.620092706673129
7 0.620092706673129
8 0.620092706673129
9 0.6389335238794375
10 0.6389335238794375
11 0.6389335238794375
12 0.6389335238794375
13 0.6389335238794375
14 0.6389335238794375
15 0.6389335238794375
16 0.6389335238794375
17 0.6389335238794375
18 0.6506987888805441
19 0.6506987888805441
20 0.6506987888805441
21 0.6525335563089246
22 0.6525335563089246
23 0.6525335563089246
24 0.6525335563089246
25 0.6525335563089246
26 0.6525335563089246
27 0.6525335563089246
28 0.6525335563089246
29 0.6621532601168247
30 0.6621532601168247
31 0.6621532601168247
32 0.6621532601168247
33 0.6621532601168247
34 0.6621532601168247
35 0.6621532601168247
36 0.6621532601168247
37 0.6621532601168247
38 0.6621532601168247
39 0.6621532601168247
40 0.6621532601168247
41 0.6621532601168247
42 0.6621532601168247
43 0.6621532601168247
44 0.6621532601168247
45 0.6621532601168247
46 0.6621532601168247
47 0.6621532601168247
48 0.6648179056992568
49 0.6648179056992568
50 0.6648179056992568
51 0.6648179056992568
52 0.6648179056992568
53 0.6648179056992568
54 0.6648179056992568
55 0.6648179056992568
56 0.6648179056992568
57 0.6648179056992568
58 0.6648179056992568
59 0.6648179056992568
60 0.6648179056992568
61 0.6648179056992568
62 0.6648179056992568
63 0.6648179056992568
64 0.6648179056992568
65 0.6648179056992568
66 0.6648179056992568
67 0.6648179056992568
68 0.6648179056992568
69 0.6648179056992568
70 0.6648179056992568
71 0.6648179056992568
72 0.6648179056992568
73 0.6648179056992568
74 0.6648179056992568
75 0.6648179056992568
76 0.6648179056992568
77 0.6648179056992568
78 0.6648179056992568
79 0.6648179056992568
80 0.6648179056992568
81 0.6648179056992568
82 0.6648179056992568
83 0.6648179056992568
84 0.6648179056992568
85 0.6648179056992568
86 0.6648179056992568
87 0.6648179056992568
88 0.6648179056992568
89 0.6689375837052078
90 0.6689375837052078
91 0.6689375837052078
92 0.6689375837052078
93 0.6689375837052078
94 0.6689375837052078
95 0.6689375837052078
96 0.6689375837052078
97 0.6689375837052078
98 0.6689375837052078
99 0.6689375837052078
100 0.6689375837052078
101 0.6689375837052078
102 0.6689375837052078
103 0.6689375837052078
104 0.6689375837052078
105 0.6689375837052078
106 0.6689375837052078
107 0.6689375837052078
108 0.6689375837052078
109 0.6689375837052078
110 0.6689375837052078
111 0.6689375837052078
112 0.6689375837052078
113 0.6689375837052078
114 0.6689375837052078
115 0.6689375837052078
116 0.6689375837052078
117 0.6689375837052078
118 0.6689375837052078
119 0.6689375837052078
120 0.6689375837052078
121 0.6689375837052078
122 0.6689375837052078
123 0.6760962615279412
124 0.6760962615279412
125 0.6760962615279412
126 0.6760962615279412
127 0.6760962615279412
128 0.6760962615279412
129 0.6760962615279412
130 0.6760962615279412
131 0.6760962615279412
132 0.6760962615279412
133 0.6760962615279412
134 0.6760962615279412
135 0.6760962615279412
136 0.6760962615279412
137 0.6760962615279412
138 0.6760962615279412
139 0.6760962615279412
140 0.6760962615279412
141 0.6760962615279412
142 0.6760962615279412
143 0.6760962615279412
144 0.6760962615279412
145 0.6760962615279412
146 0.6760962615279412
147 0.6760962615279412
148 0.6760962615279412
149 0.6760962615279412
150 0.6760962615279412
151 0.6760962615279412
152 0.6760962615279412
153 0.6760962615279412
154 0.6760962615279412
155 0.6760962615279412
156 0.6760962615279412
157 0.6760962615279412
158 0.6760962615279412
159 0.6760962615279412
160 0.6760962615279412
161 0.6760962615279412
162 0.6760962615279412
163 0.6760962615279412
164 0.6760962615279412
165 0.6760962615279412
166 0.7335741478784212
167 0.7335741478784212
168 0.7335741478784212
169 0.7335741478784212
170 0.7335741478784212
171 0.7335741478784212
172 0.7335741478784212
173 0.7335741478784212
174 0.7335741478784212
175 0.7335741478784212
176 0.7335741478784212
177 0.7335741478784212
178 0.7335741478784212
179 0.7335741478784212
180 0.7335741478784212
181 0.7335741478784212
182 0.7335741478784212
183 0.7335741478784212
184 0.7335741478784212
185 0.7335741478784212
186 0.7335741478784212
187 0.7335741478784212
188 0.7335741478784212
189 0.7335741478784212
190 0.7335741478784212
191 0.7335741478784212
192 0.7335741478784212
193 0.7335741478784212
194 0.7335741478784212
195 0.7335741478784212
196 0.7335741478784212
197 0.7335741478784212
198 0.7335741478784212
199 0.7335741478784212
200 0.7335741478784212
201 0.7335741478784212
202 0.7335741478784212
203 0.7335741478784212
204 0.7335741478784212
205 0.7335741478784212
206 0.7335741478784212
207 0.7335741478784212
208 0.7335741478784212
209 0.7335741478784212
210 0.7335741478784212
211 0.7335741478784212
212 0.7335741478784212
213 0.7335741478784212
214 0.7335741478784212
215 0.7335741478784212
216 0.7335741478784212
217 0.7335741478784212
218 0.7335741478784212
219 0.7335741478784212
220 0.7335741478784212
221 0.7335741478784212
222 0.7335741478784212
223 0.7335741478784212
224 0.7335741478784212
225 0.7335741478784212
226 0.7335741478784212
227 0.7335741478784212
228 0.7335741478784212
229 0.7335741478784212
230 0.7335741478784212
231 0.7335741478784212
232 0.7335741478784212
233 0.7335741478784212
234 0.7335741478784212
235 0.7335741478784212
236 0.7335741478784212
237 0.7335741478784212
238 0.7335741478784212
239 0.7335741478784212
240 0.7335741478784212
241 0.7335741478784212
242 0.7335741478784212
243 0.7335741478784212
244 0.7335741478784212
245 0.7335741478784212
246 0.7335741478784212
247 0.7335741478784212
248 0.7335741478784212
249 0.7335741478784212
250 0.7335741478784212
251 0.7335741478784212
252 0.7335741478784212
253 0.7335741478784212
254 0.7335741478784212
255 0.7335741478784212
256 0.7335741478784212
257 0.7335741478784212
258 0.7335741478784212
259 0.7335741478784212
260 0.7335741478784212
261 0.7335741478784212
262 0.7335741478784212
263 0.7335741478784212
264 0.7335741478784212
265 0.7335741478784212
266 0.7335741478784212
267 0.7335741478784212
268 0.7335741478784212
269 0.7335741478784212
270 0.7335741478784212
271 0.7335741478784212
272 0.7335741478784212
273 0.7335741478784212
274 0.7335741478784212
275 0.7335741478784212
276 0.7335741478784212
277 0.7335741478784212
278 0.7335741478784212
279 0.7335741478784212
280 0.7335741478784212
281 0.7335741478784212
282 0.7335741478784212
283 0.7335741478784212
284 0.7335741478784212
285 0.7335741478784212
286 0.7335741478784212
287 0.7335741478784212
288 0.7335741478784212
289 0.7335741478784212
290 0.7335741478784212
291 0.7335741478784212
292 0.7335741478784212
293 0.7335741478784212
294 0.7335741478784212
295 0.7335741478784212
296 0.7335741478784212
297 0.7335741478784212
298 0.7335741478784212
299 0.7335741478784212
300 0.7335741478784212
301 0.7335741478784212
302 0.7335741478784212
303 0.7335741478784212
304 0.7335741478784212
305 0.7335741478784212
306 0.7335741478784212
307 0.7335741478784212
308 0.7335741478784212
309 0.7335741478784212
310 0.7335741478784212
311 0.7335741478784212
312 0.7335741478784212
313 0.7335741478784212
314 0.7335741478784212
315 0.7335741478784212
316 0.7335741478784212
317 0.7335741478784212
318 0.7335741478784212
319 0.7335741478784212
320 0.7335741478784212
321 0.7335741478784212
322 0.7335741478784212
323 0.7335741478784212
324 0.7335741478784212
325 0.7335741478784212
326 0.7335741478784212
327 0.7335741478784212
328 0.7335741478784212
329 0.7335741478784212
330 0.7335741478784212
331 0.7335741478784212
332 0.7335741478784212
333 0.7335741478784212
334 0.7335741478784212
335 0.7335741478784212
336 0.7335741478784212
337 0.7335741478784212
338 0.7335741478784212
339 0.7335741478784212
340 0.7335741478784212
341 0.7335741478784212
342 0.7335741478784212
343 0.7335741478784212
344 0.7335741478784212
345 0.7335741478784212
346 0.7335741478784212
347 0.7335741478784212
348 0.7335741478784212
349 0.7335741478784212
350 0.7335741478784212
351 0.7335741478784212
352 0.7335741478784212
353 0.7335741478784212
354 0.7335741478784212
355 0.7335741478784212
356 0.7335741478784212
357 0.7335741478784212
358 0.7335741478784212
359 0.7335741478784212
360 0.7335741478784212
361 0.7335741478784212
362 0.7335741478784212
363 0.7335741478784212
364 0.7335741478784212
365 0.7335741478784212
366 0.7335741478784212
367 0.7381168117448198
368 0.7633466126515955
369 0.7633466126515955
370 0.7633466126515955
371 0.7633466126515955
372 0.7633466126515955
373 0.7633466126515955
374 0.7633466126515955
375 0.7633466126515955
376 0.7633466126515955
377 0.7633466126515955
378 0.7633466126515955
379 0.7633466126515955
380 0.7633466126515955
381 0.7633466126515955
382 0.7633466126515955
383 0.7633466126515955
384 0.7633466126515955
385 0.7633466126515955
386 0.7633466126515955
387 0.8009507918550147
388 0.8009507918550147
389 0.8009507918550147
390 0.8009507918550147
391 0.8009507918550147
392 0.8009507918550147
393 0.8009507918550147
394 0.8009507918550147
395 0.8009507918550147
396 0.8009507918550147
397 0.8009507918550147
398 0.8009507918550147
399 0.8009507918550147
400 0.8009507918550147
401 0.8009507918550147
402 0.8009507918550147
403 0.8009507918550147
404 0.8009507918550147
405 0.8009507918550147
406 0.8009507918550147
407 0.8009507918550147
408 0.8009507918550147
409 0.8009507918550147
410 0.8009507918550147
411 0.8009507918550147
412 0.8009507918550147
413 0.8009507918550147
414 0.8009507918550147
415 0.8009507918550147
416 0.8009507918550147
417 0.8009507918550147
418 0.8009507918550147
419 0.8009507918550147
420 0.8009507918550147
421 0.8009507918550147
422 0.8009507918550147
423 0.8009507918550147
424 0.8009507918550147
425 0.8009507918550147
426 0.8009507918550147
427 0.8009507918550147
428 0.8009507918550147
429 0.8009507918550147
430 0.8009507918550147
431 0.8009507918550147
432 0.8009507918550147
433 0.8009507918550147
434 0.8009507918550147
435 0.8009507918550147
436 0.8009507918550147
437 0.8009507918550147
438 0.8009507918550147
439 0.8009507918550147
440 0.8009507918550147
441 0.8009507918550147
442 0.8009507918550147
443 0.8009507918550147
444 0.8009507918550147
445 0.8009507918550147
446 0.8009507918550147
447 0.8009507918550147
448 0.8009507918550147
449 0.8009507918550147
450 0.8009507918550147
451 0.8009507918550147
452 0.8009507918550147
453 0.8009507918550147
454 0.8009507918550147
455 0.8009507918550147
456 0.8009507918550147
457 0.8009507918550147
458 0.8009507918550147
459 0.8009507918550147
460 0.8009507918550147
461 0.8009507918550147
462 0.8009507918550147
463 0.8009507918550147
464 0.8009507918550147
465 0.8009507918550147
466 0.8009507918550147
467 0.8009507918550147
468 0.8009507918550147
469 0.8009507918550147
470 0.8009507918550147
471 0.8009507918550147
472 0.8009507918550147
473 0.8009507918550147
474 0.8009507918550147
475 0.8009507918550147
476 0.8009507918550147
477 0.8009507918550147
478 0.8009507918550147
479 0.8009507918550147
480 0.8009507918550147
481 0.8009507918550147
482 0.9678478872045885
483 0.9678478872045885
484 0.9678478872045885
485 0.9678478872045885
486 0.9678478872045885
487 0.9678478872045885
488 0.9678478872045885
489 0.9678478872045885
490 0.9678478872045885
491 0.9678478872045885
492 0.9678478872045885
493 0.9678478872045885
494 0.9678478872045885
495 0.9678478872045885
496 0.9678478872045885
497 0.9678478872045885
498 0.9678478872045885
499 0.9678478872045885
500 0.9678478872045885
501 0.9678478872045885
502 0.9678478872045885
503 0.9678478872045885
504 0.9678478872045885
505 0.9678478872045885
506 0.9678478872045885
507 0.9678478872045885
508 0.9678478872045885
509 0.9678478872045885
510 0.9678478872045885
511 0.9678478872045885
512 0.9678478872045885
513 0.9678478872045885
514 0.9678478872045885
515 0.9678478872045885
516 0.9678478872045885
517 0.9678478872045885
518 0.9678478872045885
519 0.9678478872045885
520 0.9678478872045885
521 0.9678478872045885
522 0.9678478872045885
523 0.9678478872045885
524 0.9678478872045885
525 0.9678478872045885
526 0.9678478872045885
527 0.9678478872045885
528 0.9678478872045885
529 0.9678478872045885
530 0.9678478872045885
531 0.9678478872045885
532 0.9678478872045885
533 0.9678478872045885
534 0.9678478872045885
535 0.9678478872045885
536 0.9678478872045885
537 0.9678478872045885
538 0.9678478872045885
539 0.9678478872045885
540 0.9678478872045885
541 0.9678478872045885
542 0.9678478872045885
543 0.9678478872045885
544 0.9678478872045885
545 0.9678478872045885
546 0.9678478872045885
547 0.9678478872045885
548 0.9678478872045885
549 0.9678478872045885
550 0.9678478872045885
551 0.9678478872045885
552 0.9678478872045885
553 0.9678478872045885
554 0.9678478872045885
555 0.9678478872045885
556 0.9678478872045885
557 0.9678478872045885
558 0.9678478872045885
559 0.9678478872045885
560 0.9678478872045885
561 0.9678478872045885
562 0.9678478872045885
563 0.9678478872045885
564 0.9678478872045885
565 0.9678478872045885
566 0.9678478872045885
567 0.9678478872045885
568 0.9678478872045885
569 0.9678478872045885
570 0.9678478872045885
571 0.9678478872045885
572 0.9678478872045885
573 0.9678478872045885
574 0.9678478872045885
575 0.9678478872045885
576 0.9678478872045885
577 0.9678478872045885
578 0.9678478872045885
579 0.9678478872045885
580 0.9678478872045885
581 0.9678478872045885
582 0.9678478872045885
583 0.9678478872045885
584 0.9678478872045885
585 0.9678478872045885
586 0.9678478872045885
587 0.9678478872045885
588 0.9678478872045885
589 0.9678478872045885
590 0.9678478872045885
591 0.9678478872045885
592 0.9678478872045885
593 0.9678478872045885
594 0.9678478872045885
595 0.9678478872045885
596 0.9678478872045885
597 0.9678478872045885
598 0.9678478872045885
599 0.9678478872045885
600 0.9678478872045885
601 0.9678478872045885
602 0.9678478872045885
603 0.9678478872045885
604 0.9678478872045885
605 0.9678478872045885
606 0.9678478872045885
607 0.9678478872045885
608 0.9678478872045885
609 0.9678478872045885
610 0.9678478872045885
611 0.9678478872045885
612 0.9678478872045885
613 0.9678478872045885
614 0.9678478872045885
615 0.9678478872045885
616 0.9678478872045885
617 0.9678478872045885
618 0.9678478872045885
619 0.9678478872045885
620 0.9678478872045885
621 0.9678478872045885
622 0.9678478872045885
623 0.9678478872045885
624 0.9678478872045885
625 0.9678478872045885
626 0.9678478872045885
627 0.9678478872045885
628 0.9678478872045885
629 0.9678478872045885
630 0.9678478872045885
631 0.9678478872045885
632 0.9678478872045885
633 0.9678478872045885
634 0.9678478872045885
635 0.9678478872045885
636 0.9678478872045885
637 0.9678478872045885
638 0.9678478872045885
639 0.9678478872045885
640 0.9678478872045885
641 0.9678478872045885
642 0.9678478872045885
643 0.9678478872045885
644 0.9678478872045885
645 0.9678478872045885
646 0.9678478872045885
647 0.9678478872045885
648 0.9678478872045885
649 0.9678478872045885
650 0.9678478872045885
651 0.9678478872045885
652 0.9678478872045885
653 0.9678478872045885
654 0.9678478872045885
655 0.9678478872045885
656 0.9678478872045885
657 0.9678478872045885
658 0.9678478872045885
659 0.9678478872045885
660 0.9678478872045885
661 0.9678478872045885
662 0.9678478872045885
663 0.9678478872045885
664 0.9678478872045885
665 0.9678478872045885
666 0.9678478872045885
667 0.9678478872045885
668 0.9678478872045885
669 0.9678478872045885
670 0.9678478872045885
671 0.9678478872045885
672 0.9678478872045885
673 0.9678478872045885
674 0.9678478872045885
675 0.9678478872045885
676 0.9678478872045885
677 0.9678478872045885
678 0.9678478872045885
679 0.9678478872045885
680 0.9678478872045885
681 0.9678478872045885
682 0.9678478872045885
683 0.9678478872045885
684 0.9678478872045885
685 0.9678478872045885
686 0.9678478872045885
687 0.9678478872045885
688 0.9678478872045885
689 0.9678478872045885
690 0.9678478872045885
691 0.9678478872045885
692 0.9678478872045885
693 0.9678478872045885
694 0.9678478872045885
695 0.9678478872045885
696 0.9678478872045885
697 0.9678478872045885
698 0.9678478872045885
699 0.9678478872045885
700 0.9678478872045885
701 0.9678478872045885
702 0.9678478872045885
703 0.9678478872045885
704 0.9678478872045885
705 0.9678478872045885
706 0.9678478872045885
707 0.9678478872045885
708 0.9678478872045885
709 0.9678478872045885
710 0.9678478872045885
711 0.9678478872045885
712 0.9678478872045885
713 0.9678478872045885
714 0.9678478872045885
715 0.9678478872045885
716 0.9678478872045885
717 0.9678478872045885
718 0.9678478872045885
719 0.9678478872045885
720 0.9678478872045885
721 0.9678478872045885
722 0.9678478872045885
723 0.9678478872045885
724 0.9678478872045885
725 0.9678478872045885
726 0.9678478872045885
727 0.9678478872045885
728 0.9678478872045885
729 0.9678478872045885
730 0.9678478872045885
731 0.9678478872045885
732 0.9678478872045885
733 0.9678478872045885
734 0.9678478872045885
735 0.9678478872045885
736 0.9678478872045885
737 0.9678478872045885
738 0.9678478872045885
739 0.9678478872045885
740 0.9678478872045885
741 0.9678478872045885
742 0.9678478872045885
743 0.9678478872045885
744 0.9678478872045885
745 0.9678478872045885
746 0.9678478872045885
747 0.9678478872045885
748 0.9678478872045885
749 0.9678478872045885
750 0.9678478872045885
751 0.9678478872045885
752 0.9678478872045885
753 0.9678478872045885
754 0.9678478872045885
755 0.9678478872045885
756 0.9678478872045885
757 0.9678478872045885
758 0.9678478872045885
759 0.9678478872045885
760 0.9678478872045885
761 0.9678478872045885
762 0.9678478872045885
763 0.9678478872045885
764 0.9678478872045885
765 0.9678478872045885
766 0.9678478872045885
767 0.9678478872045885
768 0.9678478872045885
769 0.9678478872045885
770 0.9678478872045885
771 0.9678478872045885
772 0.9678478872045885
773 0.9678478872045885
774 0.9678478872045885
775 0.9678478872045885
776 0.9678478872045885
777 0.9678478872045885
778 0.9678478872045885
779 0.9678478872045885
780 0.9678478872045885
781 0.9678478872045885
782 0.9678478872045885
783 0.9678478872045885
784 0.9678478872045885
785 0.9678478872045885
786 0.9678478872045885
787 0.9678478872045885
788 0.9678478872045885
789 0.9678478872045885
790 0.9678478872045885
791 0.9678478872045885
792 0.9678478872045885
793 0.9678478872045885
794 0.9678478872045885
795 0.9678478872045885
796 0.9678478872045885
797 0.9678478872045885
798 0.9678478872045885
799 0.9678478872045885
800 0.9678478872045885
801 0.9678478872045885
802 0.9678478872045885
803 0.9678478872045885
804 0.9678478872045885
805 0.9678478872045885
806 0.9678478872045885
807 0.9678478872045885
808 0.9678478872045885
809 0.9678478872045885
810 0.9678478872045885
811 0.9678478872045885
812 0.9678478872045885
813 0.9678478872045885
814 0.9678478872045885
815 0.9678478872045885
816 0.9678478872045885
817 0.9678478872045885
818 0.9678478872045885
819 0.9678478872045885
820 0.9678478872045885
821 0.9678478872045885
822 0.9678478872045885
823 0.9678478872045885
824 0.9678478872045885
825 0.9678478872045885
826 0.9678478872045885
827 0.9678478872045885
828 0.9678478872045885
829 0.9678478872045885
830 0.9678478872045885
831 0.9678478872045885
832 0.9678478872045885
833 0.9678478872045885
834 0.9678478872045885
835 0.9678478872045885
836 0.9678478872045885
837 0.9678478872045885
838 0.9678478872045885
839 0.9678478872045885
840 0.9678478872045885
841 0.9678478872045885
842 0.9678478872045885
843 0.9678478872045885
844 0.9678478872045885
845 0.9678478872045885
846 0.9678478872045885
847 0.9678478872045885
848 0.9678478872045885
849 0.9678478872045885
850 0.9678478872045885
851 0.9678478872045885
852 0.9678478872045885
853 0.9678478872045885
854 0.9678478872045885
855 0.9678478872045885
856 0.9678478872045885
857 0.9678478872045885
858 0.9678478872045885
859 0.9678478872045885
860 0.9678478872045885
861 0.9678478872045885
862 0.9678478872045885
863 0.9678478872045885
864 0.9678478872045885
865 0.9678478872045885
866 0.9678478872045885
867 0.9678478872045885
868 0.9678478872045885
869 0.9678478872045885
870 0.9678478872045885
871 0.9678478872045885
872 0.9678478872045885
873 0.9678478872045885
874 0.9678478872045885
875 0.9678478872045885
876 0.9678478872045885
877 0.9678478872045885
878 0.9678478872045885
879 0.9678478872045885
880 0.9678478872045885
881 0.9678478872045885
882 0.9678478872045885
883 0.9678478872045885
884 0.9678478872045885
885 0.9678478872045885
886 0.9678478872045885
887 0.9678478872045885
888 0.9678478872045885
889 0.9678478872045885
890 0.9678478872045885
891 0.9678478872045885
892 0.9678478872045885
893 0.9678478872045885
894 0.9678478872045885
895 0.9678478872045885
896 0.9678478872045885
897 0.9678478872045885
898 0.9678478872045885
899 0.9678478872045885
900 0.9678478872045885
901 0.9678478872045885
902 0.9678478872045885
903 0.9678478872045885
904 0.9678478872045885
905 0.9678478872045885
906 0.9678478872045885
907 0.9678478872045885
908 0.9678478872045885
909 0.9678478872045885
910 0.9678478872045885
911 0.9678478872045885
912 0.9678478872045885
913 0.9678478872045885
914 0.9678478872045885
915 0.9678478872045885
916 0.9678478872045885
917 0.9678478872045885
918 0.9678478872045885
919 0.9678478872045885
920 0.9678478872045885
921 0.9678478872045885
922 0.9678478872045885
923 0.9678478872045885
924 0.9678478872045885
925 0.9678478872045885
926 0.9678478872045885
927 0.9678478872045885
928 0.9678478872045885
929 0.9678478872045885
930 0.9678478872045885
931 0.9678478872045885
932 0.9678478872045885
933 0.9678478872045885
934 0.9678478872045885
935 0.9678478872045885
936 0.9678478872045885
937 0.9678478872045885
938 0.9678478872045885
939 0.9678478872045885
940 0.9678478872045885
941 0.9678478872045885
942 0.9678478872045885
943 0.9678478872045885
944 0.9678478872045885
945 0.9678478872045885
946 0.9678478872045885
947 0.9678478872045885
948 0.9678478872045885
949 0.9678478872045885
950 0.9678478872045885
951 0.9678478872045885
952 0.9678478872045885
953 0.9678478872045885
954 0.9678478872045885
955 0.9678478872045885
956 0.9678478872045885
957 0.9678478872045885
958 0.9678478872045885
959 0.9678478872045885
960 0.9678478872045885
961 0.9678478872045885
962 0.9678478872045885
963 0.9678478872045885
964 0.9678478872045885
965 0.9678478872045885
966 0.9678478872045885
967 0.9678478872045885
968 0.9678478872045885
969 0.9678478872045885
970 0.9678478872045885
971 0.9678478872045885
972 0.9678478872045885
973 0.9678478872045885
974 0.9678478872045885
975 0.9678478872045885
976 0.9678478872045885
977 0.9678478872045885
978 0.9678478872045885
979 0.9678478872045885
980 0.9678478872045885
981 0.9678478872045885
982 0.9678478872045885
983 0.9678478872045885
984 0.9678478872045885
985 0.9678478872045885
986 0.9678478872045885
987 0.9678478872045885
988 0.9678478872045885
989 0.9678478872045885
990 0.9678478872045885
991 0.9678478872045885
992 0.9678478872045885
993 0.9678478872045885
994 0.9678478872045885
995 0.9678478872045885
996 0.9678478872045885
997 0.9678478872045885
998 0.9678478872045885
999 0.9678478872045885
