0 0.1334004591393974
1 0.13097536925913458
2 0.14393144044412448
3 0.15518905772790983
4 0.1596218988840443
5 0.16088519583501668
6 0.16641047704633274
7 0.16887634297075374
8 0.17579756789902146
9 0.19060094341153014
10 0.20338394222015413
11 0.21075642461822092
12 0.21416343373513896
13 0.21851815137468183
14 0.224903772884824
15 0.22747255038371397
16 0.2303209577668267
17 0.23343306392754457
18 0.23343306392754457
19 0.23568942232130502
20 0.2400307299712491
21 0.24452407085086608
22 0.24749522302177912
23 0.2513156420439661
24 0.25338124513706006
25 0.25510889807191484
26 0.2580906053945461
27 0.26096514609850474
28 0.2633607459702816
29 0.26745592050861255
30 0.26812586723795656
31 0.2706760075306102
32 0.2712707630860305
33 0.2721985022389418
34 0.2734221112918652
35 0.27500886870945257
36 0.27578377219689515
37 0.28044604398877615
38 0.28044604398877615
39 0.28181511891763833
40 0.28177450268950144
41 0.28177450268950144
42 0.2813349693700588
43 0.28259414984662573
44 0.2837637480306997
45 0.28428117531555597
46 0.285215503083426
47 0.2860074728641823
48 0.28687214101837605
49 0.28687214101837605
50 0.2874789344041577
51 0.2876489826553298
52 0.2879658752354182
53 0.2886905083279512
54 0.2895225238977387
55 0.29014321130837006
56 0.28983614037666144
57 0.290304535040015
58 0.290304535040015
59 0.2911359045706692
60 0.29115003680964086
61 0.2913472066464115
62 0.29135935716427264
63 0.292229219784865
64 0.292229219784865
65 0.29276680316095655
66 0.29276680316095655
67 0.29276680316095655
68 0.29229366416158403
69 0.2920966316374232
70 0.2924810771237714
71 0.29269825565472535
72 0.29269825565472535
73 0.29269825565472535
74 0.2927357702984332
75 0.29279730058289233
76 0.2930734700692279
77 0.29316301701528596
78 0.2932341609092495
79 0.2932341609092495
80 0.29220867796145894
81 0.29227766722679493
82 0.2925726121316679
83 0.2925726121316679
84 0.29257261214043284
85 0.29266335540001265
86 0.293235415687036
87 0.293235415687036
88 0.2932362876914678
89 0.29330386348204157
90 0.29289939752805777
91 0.29289939752805777
92 0.29289939752805777
93 0.29289939752805777
94 0.29289939752805777
95 0.29289939752805777
96 0.2933104741204662
97 0.29346458833730776
98 0.29346458833730776
99 0.29346458833730776
100 0.29346458833730776
101 0.2935190488257643
102 0.2935190488257643
103 0.2935317332925452
104 0.2935317332925452
105 0.2935317332925452
106 0.2935317332925452
107 0.2935317332925452
108 0.2935317332925452
109 0.2935317332925452
110 0.2935317332925452
111 0.2936304372043569
112 0.2936304372043569
113 0.2936901129003593
114 0.29381298393155486
115 0.29381298393155486
116 0.29381298393155486
117 0.29381298393155486
118 0.29381298393155486
119 0.29381298393155486
120 0.29381298393155486
121 0.29382542965887914
122 0.2938290391306352
123 0.2938290391306352
124 0.2938290391306352
125 0.2939388752661401
126 0.2939388752661401
127 0.2939388752661401
128 0.2939388752661401
129 0.2939388752661401
130 0.2939388752661401
131 0.2939388752661401
132 0.2939388752661401
133 0.2939388752661401
134 0.2939388752661401
135 0.2939388752661401
136 0.2939388752661401
137 0.2939388752661401
138 0.29400426984775313
139 0.29400426984775313
140 0.29400426984775313
141 0.294066423740306
142 0.2941085728370022
143 0.2941085728370022
144 0.2942819463922426
145 0.294913691329899
146 0.294913691329899
147 0.29469773127975457
148 0.2905364757068732
149 0.2905364757068732
150 0.2905364757068732
151 0.2905364757068732
152 0.2905364757068732
153 0.2905364757068732
154 0.2905364757068732
155 0.2905364757068732
156 0.2905364757068732
157 0.2905364757068732
158 0.2905364757068732
159 0.2905364757068732
160 0.2905364757068732
161 0.2905364757068732
162 0.2905364757068732
163 0.2905364757068732
164 0.2905364757068732
165 0.2905364757068732
166 0.2905364757068732
167 0.2905364757068732
168 0.2905364757068732
169 0.2905364757068732
170 0.2905364757068732
171 0.2906031723620296
172 0.2906031723620296
173 0.29063668903820433
174 0.29063668903820433
175 0.29082018626776623
176 0.29082018626776623
177 0.29082018626776623
178 0.29082018626776623
179 0.29082018626776623
180 0.29082018626776623
181 0.29082018626776623
182 0.2908373045808605
183 0.2908373045808605
184 0.29086208073528697
185 0.29086208073528697
186 0.29086208073528697
187 0.29086208073528697
188 0.29086208073528697
189 0.29086208073528697
190 0.29086208073528697
191 0.29086208073528697
192 0.29086208073528697
193 0.29086208073528697
194 0.29086208073528697
195 0.29086208073528697
196 0.29088767837581253
197 0.2910854106035476
198 0.2910854106035476
199 0.2910854106035476
200 0.2910881625856558
201 0.2910881625856558
202 0.2910881625856558
203 0.2910881625856558
204 0.2910881625856558
205 0.2910881625856558
206 0.29138482541413013
207 0.29138482541413013
208 0.29138482541413013
209 0.29138482541413013
210 0.29138482541413013
211 0.29138482541413013
212 0.29138482541413013
213 0.29140015610689135
214 0.29140015610689135
215 0.29140015610689135
216 0.29140015610689135
217 0.29140015610689135
218 0.2915306020847093
219 0.29155652988134106
220 0.29155652988134106
221 0.29155652988134106
222 0.29155652988134106
223 0.2916031007105959
224 0.29183102139178824
225 0.29183102139178824
226 0.2920306313102807
227 0.2920306313102807
228 0.2920306313102807
229 0.2920306313102807
230 0.29213278246193325
231 0.29213278246193325
232 0.29213278246193325
233 0.29213278246193325
234 0.29213278246193325
235 0.29213278246193325
236 0.29213278246193325
237 0.29213278246193325
238 0.29213278246193325
239 0.29213278246193325
240 0.29234877552593397
241 0.29234877552593397
242 0.29234877552593397
243 0.29255187004815786
244 0.29255187004815786
245 0.292776141117589
246 0.292776141117589
247 0.292776141117589
248 0.292776141117589
249 0.292776141117589
250 0.2930412747590065
251 0.2930412747590065
252 0.2930412747590065
253 0.2930412747590065
254 0.2936000235271678
255 0.2936000235271678
256 0.2891014079303663
257 0.2891014079303663
258 0.2891014079303663
259 0.2891014079303663
260 0.2891014079303663
261 0.2891014079303663
262 0.2891014079303663
263 0.2891014079303663
264 0.2891014079303663
265 0.2896010048374341
266 0.2896010048374341
267 0.2896010048374341
268 0.2896010048374341
269 0.2896010048374341
270 0.2896010048374341
271 0.2896382803395013
272 0.2896382803395013
273 0.2896382803395013
274 0.2896382803395013
275 0.2896382803395013
276 0.2896382803395013
277 0.2896382803395013
278 0.2896382803395013
279 0.2896487262193355
280 0.2896487262193355
281 0.2896487262193355
282 0.2896487262193355
283 0.2896487262193355
284 0.2896487262193355
285 0.2896487262193355
286 0.2896487262193355
287 0.2896487262193355
288 0.2896487262193355
289 0.2896487262193355
290 0.2896487262193355
291 0.2896487262193355
292 0.2896487262193355
293 0.2898004891360451
294 0.29005614684282205
295 0.29015173524751353
296 0.29015173524751353
297 0.2903860820858013
298 0.29088369340863124
299 0.29088369340863124
300 0.2910786240761878
301 0.2910786240761878
302 0.29108784939914173
303 0.29108784939914173
304 0.29108784939914173
305 0.29108784939914173
306 0.29108784939914173
307 0.29137868858671234
308 0.29137868858671234
309 0.29137868858671234
310 0.29137868858671234
311 0.29137868858671234
312 0.29137868858671234
313 0.29151255585378705
314 0.29151255585378705
315 0.29151255585378705
316 0.2870108569077744
317 0.28739540909435896
318 0.28796550197842175
319 0.28796550197842175
320 0.2837506270410792
321 0.2837506270410792
322 0.278663801790065
323 0.27894434109775346
324 0.27894434109775346
325 0.27894434109775346
326 0.2791259350018499
327 0.2791259350018499
328 0.2791259350018499
329 0.2791259350018499
330 0.2793854435430238
331 0.2795500476889387
332 0.2795500476889387
333 0.2795500476889387
334 0.2795500476889387
335 0.2795500476889387
336 0.2796716769277651
337 0.2796716769277651
338 0.2796716769277651
339 0.2796716769277651
340 0.2796716769277651
341 0.2796716769277651
342 0.2796716769277651
343 0.27996021350072575
344 0.28029682118851823
345 0.28029682118851823
346 0.28029682118851823
347 0.28029682118851823
348 0.28029682118851823
349 0.2749319519203595
350 0.2749319519203595
351 0.27519400579652575
352 0.2754718728716453
353 0.2754718728716453
354 0.2754718728716453
355 0.26993931625921624
356 0.26380647969760135
357 0.26380647969760135
358 0.26391921508491434
359 0.26391921508491434
360 0.26391921508491434
361 0.26391921508491434
362 0.26391921508491434
363 0.26391921508491434
364 0.26391921508491434
365 0.26412756741566823
366 0.2641347896465976
367 0.2641347896465976
368 0.2641347896465976
369 0.2641347896465976
370 0.2641347896465976
371 0.2641347896465976
372 0.26438732312325697
373 0.26438732312325697
374 0.26438732312325697
375 0.26438732312325697
376 0.26438732312325697
377 0.26441895296457374
378 0.26461857377248754
379 0.26461857377248754
380 0.26461857377248754
381 0.26461857377248754
382 0.26461857377248754
383 0.26469584858876194
384 0.26469584858876194
385 0.26469584858876194
386 0.26469584858876194
387 0.26469584858876194
388 0.26469584858876194
389 0.26469584858876194
390 0.26469584858876194
391 0.26469584858876194
392 0.26469584858876194
393 0.26469584858876194
394 0.26469584858876194
395 0.26469584858876194
396 0.26469584858876194
397 0.26469584858876194
398 0.26469584858876194
399 0.26469584858876194
400 0.26469584858876194
401 0.2647800620619834
402 0.2647800620619834
403 0.2647800620619834
404 0.2647800620619834
405 0.2647800620619834
406 0.2647800620619834
407 0.2647800620619834
408 0.2647800620619834
409 0.26485245731452256
410 0.26485245731452256
411 0.26485245731452256
412 0.26485245731452256
413 0.26485245731452256
414 0.26485245731452256
415 0.26485245731452256
416 0.26485245731452256
417 0.26485245731452256
418 0.26485245731452256
419 0.26485245731452256
420 0.26485245731452256
421 0.26485245731452256
422 0.26485667175466815
423 0.26485667175466815
424 0.26485667175466815
425 0.26485667175466815
426 0.26485667175466815
427 0.26485667175466815
428 0.26485667175466815
429 0.26485667175466815
430 0.26485667175466815
431 0.26485667175466815
432 0.26485667175466815
433 0.26485667175466815
434 0.26485667175466815
435 0.26497839225910524
436 0.26497839225910524
437 0.26497839225910524
438 0.26497839225910524
439 0.26497839225910524
440 0.26497839225910524
441 0.26497839225910524
442 0.26497839225910524
443 0.26497839225910524
444 0.26498056584066654
445 0.26498056584066654
446 0.26498056584066654
447 0.26498056584066654
448 0.26498056584066654
449 0.26498056584066654
450 0.26498056584066654
451 0.26498480178786027
452 0.26498480178786027
453 0.26498480178786027
454 0.26498480178786027
455 0.26498480178786027
456 0.2650005428046218
457 0.2650005428046218
458 0.2650005428046218
459 0.2650005428046218
460 0.2650005428046218
461 0.2650005428046218
462 0.2650005428046218
463 0.2650005428046218
464 0.2650005428046218
465 0.2650005428046218
466 0.2650005428046218
467 0.2650005428046218
468 0.2650005428046218
469 0.2650005428046218
470 0.2650005428046218
471 0.2650041824978832
472 0.2650041824978832
473 0.2650041824978832
474 0.2650041824978832
475 0.2650041824978832
476 0.2650041824978832
477 0.2650041824978832
478 0.2650041824978832
479 0.2650041824978832
480 0.26490898747994074
481 0.26490898747994074
482 0.26490898747994074
483 0.26490898747994074
484 0.26490898747994074
485 0.26490898747994074
486 0.26508526420731676
487 0.2651769705651929
488 0.2651769705651929
489 0.2651769705651929
490 0.2652458324576228
491 0.2652458324576228
492 0.2652458324576228
493 0.2652458324576228
494 0.2652458324576228
495 0.2652458324576228
496 0.2652458324576228
497 0.2652458324576228
498 0.2652458324576228
499 0.2652458324576228
500 0.2652458324576228
501 0.2652458324576228
502 0.2652458324576228
503 0.2652458324576228
504 0.2652458324576228
505 0.2652458324576228
506 0.26558258250652184
507 0.26558258250652184
508 0.26558258250652184
509 0.26558258250652184
510 0.26558258250652184
511 0.26558258250652184
512 0.26558258250652184
513 0.26558258250652184
514 0.26558258250652184
515 0.26558258250652184
516 0.26558922809398244
517 0.26558922809398244
518 0.26558922809398244
519 0.26558922809398244
520 0.26558922809398244
521 0.26558922809398244
522 0.26558922809398244
523 0.265522942742542
524 0.2656217561136731
525 0.2656584455392355
526 0.2656584455392355
527 0.2656584455392355
528 0.2656584455392355
529 0.2656584455392355
530 0.2656584455392355
531 0.2657851721455238
532 0.2657851721455238
533 0.2660170488212698
534 0.2660170488212698
535 0.2660170488212698
536 0.2660170488212698
537 0.2660498245887532
538 0.2660498245887532
539 0.2660498245887532
540 0.26760151982353314
541 0.26752157352823275
542 0.26752157352823275
543 0.26752157352823275
544 0.26752157352823275
545 0.26752157352823275
546 0.26752157352823275
547 0.26752157352823275
548 0.26752157352823275
549 0.26752157352823275
550 0.26752157352823275
551 0.26752157352823275
552 0.26752157352823275
553 0.2674163355787406
554 0.2674163355787406
555 0.2674163355787406
556 0.2674163355787406
557 0.2674163355787406
558 0.2674163355787406
559 0.2674163355787406
560 0.2674163355787406
561 0.2674163355787406
562 0.26742454609364585
563 0.26740798292657675
564 0.26740798292657675
565 0.26740798292657675
566 0.26740798292657675
567 0.26740798292657675
568 0.26740798292657675
569 0.26740798292657675
570 0.26740798292657675
571 0.26740798292657675
572 0.26740798292657675
573 0.26740798292657675
574 0.26740798292657675
575 0.26740798292657675
576 0.26740798292657675
577 0.26740798292657675
578 0.2674368422257455
579 0.2674368422257455
580 0.2674368422257455
581 0.2674368422257455
582 0.2674368422257455
583 0.26745167776941103
584 0.26745167776941103
585 0.26745167776941103
586 0.26745167776941103
587 0.26745167776941103
588 0.26745167776941103
589 0.26745167776941103
590 0.26745167776941103
591 0.26745167776941103
592 0.26745167776941103
593 0.26745167776941103
594 0.26745167776941103
595 0.26745167776941103
596 0.26745167776941103
597 0.26745167776941103
598 0.26745167776941103
599 0.26745167776941103
600 0.26745167776941103
601 0.26745167776941103
602 0.26745167776941103
603 0.26745167776941103
604 0.26745167776941103
605 0.26745167776941103
606 0.26745167776941103
607 0.26745167776941103
608 0.26745167776941103
609 0.26745167776941103
610 0.26745167776941103
611 0.26745167776941103
612 0.26745167776941103
613 0.26745167776941103
614 0.26745167776941103
615 0.26755344908705164
616 0.26755344908705164
617 0.26755344908705164
618 0.26755344908705164
619 0.26761660068822457
620 0.26761660068822457
621 0.26761660068822457
622 0.26761660068822457
623 0.26761660068822457
624 0.26761660068822457
625 0.26761660068822457
626 0.26761660068822457
627 0.26761660068822457
628 0.26761660068822457
629 0.26761660068822457
630 0.26761660068822457
631 0.26761660068822457
632 0.26761660068822457
633 0.2676536255119199
634 0.2676536255119199
635 0.2676536255119199
636 0.2676536255119199
637 0.2676536255119199
638 0.2676536255119199
639 0.2676536255119199
640 0.2676536255119199
641 0.2676536255119199
642 0.2676536255119199
643 0.2676536255119199
644 0.26765402396457333
645 0.26765402396457333
646 0.26765402396457333
647 0.26765402396457333
648 0.26765402396457333
649 0.26765402396457333
650 0.26757704432565027
651 0.26757704432565027
652 0.26757704432565027
653 0.26757704432565027
654 0.26757704432565027
655 0.26757704432565027
656 0.26757704432565027
657 0.26757704432565027
658 0.26757704432565027
659 0.26757704432565027
660 0.26757704432565027
661 0.26757704432565027
662 0.26757704432565027
663 0.26757704432565027
664 0.26757704432565027
665 0.26757704432565027
666 0.26757704432565027
667 0.26757704432565027
668 0.26757704432565027
669 0.26762502519223846
670 0.26762502519223846
671 0.26762502519223846
672 0.26762502519223846
673 0.26762502519223846
674 0.26762502519223846
675 0.26762502519223846
676 0.26762502519223846
677 0.26762502519223846
678 0.26768070278533734
679 0.26768070278533734
680 0.26768070278533734
681 0.26768070278533734
682 0.26768070278533734
683 0.26768070278533734
684 0.26768070278533734
685 0.26768070278533734
686 0.26768070278533734
687 0.26768070278533734
688 0.26768070278533734
689 0.26768070278533734
690 0.2677077686120925
691 0.2677077686120925
692 0.2677077686120925
693 0.2677077686120925
694 0.2677077686120925
695 0.2677077686120925
696 0.2677077686120925
697 0.2677077686120925
698 0.2677077686120925
699 0.2677077686120925
700 0.2677077686120925
701 0.2676804224682347
702 0.2676804224682347
703 0.2676804224682347
704 0.2676804224682347
705 0.2676804224682347
706 0.2676804224682347
707 0.2676804224682347
708 0.2676804224682347
709 0.2676804224682347
710 0.2676804224682347
711 0.2676804224682347
712 0.2676804224682347
713 0.2676804224682347
714 0.2676804224682347
715 0.2676804224682347
716 0.2676804224682347
717 0.2676804224682347
718 0.2676804224682347
719 0.2676804224682347
720 0.26768382497653076
721 0.26768382497653076
722 0.26768382497653076
723 0.26768382497653076
724 0.26768382497653076
725 0.26768382497653076
726 0.26768382497653076
727 0.26768382497653076
728 0.26768382497653076
729 0.26768382497653076
730 0.26768382497653076
731 0.26768382497653076
732 0.26768382497653076
733 0.26768382497653076
734 0.26768382497653076
735 0.26768382497653076
736 0.26775362342540765
737 0.26775362342540765
738 0.26775362342540765
739 0.26775362342540765
740 0.26775362342540765
741 0.26775362342540765
742 0.26775362342540765
743 0.26775362342540765
744 0.26775362342540765
745 0.26775362342540765
746 0.26775362342540765
747 0.26775362342540765
748 0.26775362342540765
749 0.26775362342540765
750 0.2678875375772166
751 0.26803317334137905
752 0.26803317334137905
753 0.26803317334137905
754 0.26803317334137905
755 0.26803317334137905
756 0.26803317334137905
757 0.26803317334137905
758 0.26803317334137905
759 0.26803317334137905
760 0.26803317334137905
761 0.26803317334137905
762 0.26803317334137905
763 0.26803317334137905
764 0.26803317334137905
765 0.26803317334137905
766 0.26803317334137905
767 0.26813151526957313
768 0.2677916180975821
769 0.2677916180975821
770 0.2677916180975821
771 0.2677916180975821
772 0.2677916180975821
773 0.2677916180975821
774 0.2677916180975821
775 0.2677916180975821
776 0.2677916180975821
777 0.2677916180975821
778 0.2677916180975821
779 0.26818581865366886
780 0.26818581865366886
781 0.26818581865366886
782 0.26827805126286125
783 0.26827805126286125
784 0.26827805126286125
785 0.26827805126286125
786 0.26827805126286125
787 0.26827805126286125
788 0.26827805126286125
789 0.26827805126286125
790 0.26827805126286125
791 0.26831798016945085
792 0.26797518995265257
793 0.26797518995265257
794 0.26797518995265257
795 0.26797518995265257
796 0.26797518995265257
797 0.26797518995265257
798 0.26797518995265257
799 0.26797518995265257
800 0.26797518995265257
801 0.26797518995265257
802 0.26797518995265257
803 0.26797518995265257
804 0.26797518995265257
805 0.26797518995265257
806 0.26797518995265257
807 0.26797518995265257
808 0.2679994656142295
809 0.2679994656142295
810 0.2679994656142295
811 0.26823618089407936
812 0.26823618089407936
813 0.26823618089407936
814 0.26823618089407936
815 0.26823618089407936
816 0.26823618089407936
817 0.26823618089407936
818 0.26823618089407936
819 0.26823618089407936
820 0.26823618089407936
821 0.26823618089407936
822 0.26823618089407936
823 0.26823618089407936
824 0.26823618089407936
825 0.26823618089407936
826 0.26823618089407936
827 0.26823618089407936
828 0.26823618089407936
829 0.26823618089407936
830 0.2682997148638298
831 0.2682997148638298
832 0.2682997148638298
833 0.2682997148638298
834 0.2682997148638298
835 0.2682997148638298
836 0.2682997148638298
837 0.2682997148638298
838 0.2682997148638298
839 0.2682997148638298
840 0.2682997148638298
841 0.268122375283721
842 0.26861427728102516
843 0.26837325950458396
844 0.26837325950458396
845 0.26837325950458396
846 0.2683813669476607
847 0.2683813669476607
848 0.2683819012466791
849 0.2683819012466791
850 0.2683819012466791
851 0.2683819012466791
852 0.2683819012466791
853 0.2683402487994979
854 0.2683402487994979
855 0.2683402487994979
856 0.2683402487994979
857 0.2682287123265564
858 0.2682287123265564
859 0.26812332663222016
860 0.26812332663222016
861 0.26812332663222016
862 0.26812332663222016
863 0.26812332663222016
864 0.26812332663222016
865 0.26812332663222016
866 0.26812332663222016
867 0.26812332663222016
868 0.26812332663222016
869 0.26812332663222016
870 0.26812332663222016
871 0.26812332663222016
872 0.26812332663222016
873 0.26812332663222016
874 0.26812332663222016
875 0.26812332663222016
876 0.26812332663222016
877 0.2681498015678448
878 0.2681498015678448
879 0.2681498015678448
880 0.2681498015678448
881 0.2681498015678448
882 0.2683054528160082
883 0.2683054528160082
884 0.2683054528160082
885 0.2683054528160082
886 0.2683054528160082
887 0.2683054528160082
888 0.2683054528160082
889 0.2683054528160082
890 0.2683054528160082
891 0.2683054528160082
892 0.2683054528160082
893 0.2683054528160082
894 0.2683054528160082
895 0.2683054528160082
896 0.2683054528160082
897 0.2683054528160082
898 0.2683054528160082
899 0.2683054528160082
900 0.2683054528160082
901 0.2683054528160082
902 0.2683054528160082
903 0.2683054528160082
904 0.2683054528160082
905 0.2683054528160082
906 0.2683054528160082
907 0.2684046159897259
908 0.2684046159897259
909 0.2684046159897259
910 0.2684046159897259
911 0.2684046159897259
912 0.2684046159897259
913 0.2684046159897259
914 0.2684046159897259
915 0.2684046159897259
916 0.2684046159897259
917 0.2684046159897259
918 0.2684046159897259
919 0.2684046159897259
920 0.2684046159897259
921 0.2684046159897259
922 0.2682664105688285
923 0.2682664105688285
924 0.2682664105688285
925 0.2682664105688285
926 0.2682664105688285
927 0.2682664105688285
928 0.2682664105688285
929 0.2682664105688285
930 0.26830815459092955
931 0.26830815459092955
932 0.26830815459092955
933 0.26830815459092955
934 0.2681490181902172
935 0.26814616227519145
936 0.26848316417449164
937 0.26848316417449164
938 0.26848316417449164
939 0.2685019189870827
940 0.2685019189870827
941 0.2685019189870827
942 0.2685019189870827
943 0.2685019189870827
944 0.2685019189870827
945 0.2685019189870827
946 0.2685019189870827
947 0.2685019189870827
948 0.2685019189870827
949 0.2685019189870827
950 0.2685019189870827
951 0.26853347602777994
952 0.26869482569240544
953 0.26869482569240544
954 0.26869482569240544
955 0.26869482569240544
956 0.26869482569240544
957 0.26869482569240544
958 0.26869482569240544
959 0.26869482569240544
960 0.26869482569240544
961 0.26869482569240544
962 0.26869482569240544
963 0.26869482569240544
964 0.26869482569240544
965 0.26869482569240544
966 0.26869482569240544
967 0.26869482569240544
968 0.26869482569240544
969 0.26869482569240544
970 0.26869482569240544
971 0.26869482569240544
972 0.26869482569240544
973 0.26859894335815054
974 0.26859894335815054
975 0.26859894335815054
976 0.26859894335815054
977 0.26859894335815054
978 0.26859894335815054
979 0.26859894335815054
980 0.26859894335815054
981 0.26859894335815054
982 0.2686964222216188
983 0.2686964222216188
984 0.2686964222216188
985 0.2686964222216188
986 0.2686964222216188
987 0.2686964222216188
988 0.26874493009563105
989 0.26842248275270736
990 0.26842248275270736
991 0.26842248275270736
992 0.26842248275270736
993 0.26842248275270736
994 0.26842248275270736
995 0.26861369694703346
996 0.26861369694703346
997 0.26861369694703346
998 0.26861369694703346
999 0.26861369694703346
