0 0.35654974314568955
1 0.35654974314568955
2 0.5334518657846803
3 0.6099574428706814
4 0.6099574428706814
5 0.6099574428706814
6 0.6099574428706814
7 0.6099574428706814
8 0.6099574428706814
9 0.6099574428706814
10 0.6153576470420828
11 0.6153576470420828
12 0.659282969392422
13 0.659282969392422
14 0.659282969392422
15 0.659282969392422
16 0.6905724339536558
17 0.6905724339536558
18 0.6905724339536558
19 0.6905724339536558
20 0.6905724339536558
21 0.6905724339536558
22 0.6905724339536558
23 0.6905724339536558
24 0.6905724339536558
25 0.6905724339536558
26 0.6905724339536558
27 0.6905724339536558
28 0.6905724339536558
29 0.6905724339536558
30 0.6905724339536558
31 0.6905724339536558
32 0.6905724339536558
33 0.6905724339536558
34 0.6905724339536558
35 0.6905724339536558
36 0.6905724339536558
37 0.7875646372494817
38 0.7875646372494817
39 0.7875646372494817
40 0.7875646372494817
41 0.7875646372494817
42 0.7875646372494817
43 0.7875646372494817
44 0.7875646372494817
45 0.7875646372494817
46 0.7875646372494817
47 0.7875646372494817
48 0.7875646372494817
49 0.7875646372494817
50 0.7875646372494817
51 0.7875646372494817
52 0.7875646372494817
53 0.7875646372494817
54 0.7875646372494817
55 0.7875646372494817
56 0.7875646372494817
57 0.7875646372494817
58 0.7875646372494817
59 0.7875646372494817
60 0.7875646372494817
61 0.7875646372494817
62 0.7875646372494817
63 0.7875646372494817
64 0.7875646372494817
65 0.7875646372494817
66 0.7875646372494817
67 0.7875646372494817
68 0.7875646372494817
69 0.7875646372494817
70 0.7875646372494817
71 0.7875646372494817
72 0.7875646372494817
73 0.7875646372494817
74 0.7875646372494817
75 0.7875646372494817
76 0.7875646372494817
77 0.7875646372494817
78 0.7875646372494817
79 0.7875646372494817
80 0.7875646372494817
81 0.7875646372494817
82 0.7875646372494817
83 0.7875646372494817
84 0.7875646372494817
85 0.7875646372494817
86 0.7875646372494817
87 0.7875646372494817
88 0.7875646372494817
89 0.7875646372494817
90 0.7875646372494817
91 0.7875646372494817
92 0.7875646372494817
93 0.7875646372494817
94 0.7875646372494817
95 0.7875646372494817
96 0.7875646372494817
97 0.7875646372494817
98 0.7875646372494817
99 0.7875646372494817
100 0.7875646372494817
101 0.7875646372494817
102 0.7875646372494817
103 0.7875646372494817
104 0.7875646372494817
105 0.7875646372494817
106 0.7875646372494817
107 0.7875646372494817
108 0.7875646372494817
109 0.7875646372494817
110 0.7875646372494817
111 0.7875646372494817
112 0.7875646372494817
113 0.7875646372494817
114 0.7875646372494817
115 0.7875646372494817
116 0.7875646372494817
117 0.7875646372494817
118 0.7875646372494817
119 0.7875646372494817
120 0.7875646372494817
121 0.7875646372494817
122 0.7875646372494817
123 0.7875646372494817
124 0.7875646372494817
125 0.7875646372494817
126 0.7875646372494817
127 0.7875646372494817
128 0.7875646372494817
129 0.7875646372494817
130 0.7875646372494817
131 0.7875646372494817
132 0.7875646372494817
133 0.7875646372494817
134 0.7875646372494817
135 0.7875646372494817
136 0.7875646372494817
137 0.7875646372494817
138 0.7875646372494817
139 0.7875646372494817
140 0.7875646372494817
141 0.7875646372494817
142 0.7875646372494817
143 0.7875646372494817
144 0.7875646372494817
145 0.7875646372494817
146 0.7875646372494817
147 0.7875646372494817
148 0.7875646372494817
149 0.7875646372494817
150 0.7875646372494817
151 0.7875646372494817
152 0.7875646372494817
153 0.7875646372494817
154 0.7875646372494817
155 0.7875646372494817
156 0.7875646372494817
157 0.7875646372494817
158 0.7875646372494817
159 0.7875646372494817
160 0.7875646372494817
161 0.7875646372494817
162 0.7875646372494817
163 0.7875646372494817
164 0.7875646372494817
165 0.7875646372494817
166 0.7875646372494817
167 0.7875646372494817
168 0.7875646372494817
169 0.7875646372494817
170 0.7875646372494817
171 0.7875646372494817
172 0.7875646372494817
173 0.7875646372494817
174 0.7875646372494817
175 0.7875646372494817
176 0.7875646372494817
177 0.7875646372494817
178 0.7875646372494817
179 0.7875646372494817
180 0.7875646372494817
181 0.7875646372494817
182 0.7875646372494817
183 0.7875646372494817
184 0.7875646372494817
185 0.7875646372494817
186 0.7875646372494817
187 0.7875646372494817
188 0.7875646372494817
189 0.7875646372494817
190 0.7875646372494817
191 0.7875646372494817
192 0.7875646372494817
193 0.7875646372494817
194 0.7875646372494817
195 0.7875646372494817
196 0.7875646372494817
197 0.7875646372494817
198 0.7875646372494817
199 0.7875646372494817
200 0.7875646372494817
201 0.7875646372494817
202 0.7875646372494817
203 0.7875646372494817
204 0.7875646372494817
205 0.7875646372494817
206 0.7875646372494817
207 0.7875646372494817
208 0.7875646372494817
209 0.7875646372494817
210 0.7875646372494817
211 0.7875646372494817
212 0.7875646372494817
213 0.7875646372494817
214 0.7875646372494817
215 0.7875646372494817
216 0.7875646372494817
217 0.7875646372494817
218 0.7875646372494817
219 0.7875646372494817
220 0.7875646372494817
221 0.7875646372494817
222 0.7875646372494817
223 0.7875646372494817
224 0.7875646372494817
225 0.7875646372494817
226 0.7875646372494817
227 0.7875646372494817
228 0.7875646372494817
229 0.7875646372494817
230 0.7875646372494817
231 0.7875646372494817
232 0.7875646372494817
233 0.7875646372494817
234 0.7875646372494817
235 0.7875646372494817
236 0.7875646372494817
237 0.7875646372494817
238 0.7875646372494817
239 0.7875646372494817
240 0.7875646372494817
241 0.7875646372494817
242 0.7875646372494817
243 0.7875646372494817
244 0.7875646372494817
245 0.7875646372494817
246 0.7875646372494817
247 0.7875646372494817
248 0.7875646372494817
249 0.7875646372494817
250 0.7875646372494817
251 0.7875646372494817
252 0.7875646372494817
253 0.7875646372494817
254 0.7875646372494817
255 0.7875646372494817
256 0.7875646372494817
257 0.7875646372494817
258 0.8176905523219463
259 0.8176905523219463
260 0.8176905523219463
261 0.8176905523219463
262 0.8176905523219463
263 0.8176905523219463
264 0.8176905523219463
265 0.8176905523219463
266 0.8176905523219463
267 0.8176905523219463
268 0.8176905523219463
269 0.8176905523219463
270 0.8176905523219463
271 0.8176905523219463
272 0.8176905523219463
273 0.8176905523219463
274 0.8176905523219463
275 0.8176905523219463
276 0.8176905523219463
277 0.8176905523219463
278 0.8176905523219463
279 0.8176905523219463
280 0.8176905523219463
281 0.8176905523219463
282 0.8176905523219463
283 0.8176905523219463
284 0.8176905523219463
285 0.8176905523219463
286 0.8176905523219463
287 0.8176905523219463
288 0.8176905523219463
289 0.8176905523219463
290 0.8176905523219463
291 0.8176905523219463
292 0.8176905523219463
293 0.8176905523219463
294 0.8176905523219463
295 0.8176905523219463
296 0.8176905523219463
297 0.8176905523219463
298 0.8176905523219463
299 0.8176905523219463
300 0.8176905523219463
301 0.8176905523219463
302 0.8176905523219463
303 0.8176905523219463
304 0.8176905523219463
305 0.8176905523219463
306 0.8176905523219463
307 0.8176905523219463
308 0.8176905523219463
309 0.8176905523219463
310 0.8176905523219463
311 0.8176905523219463
312 0.8176905523219463
313 0.8176905523219463
314 0.8176905523219463
315 0.8176905523219463
316 0.8176905523219463
317 0.8176905523219463
318 0.8342660884538571
319 0.8342660884538571
320 0.8417228579149373
321 0.8417228579149373
322 0.8417228579149373
323 0.8417228579149373
324 0.8417228579149373
325 0.8417228579149373
326 0.8417228579149373
327 0.8417228579149373
328 0.8417228579149373
329 0.8417228579149373
330 0.8417228579149373
331 0.8417228579149373
332 0.8417228579149373
333 0.8417228579149373
334 0.8417228579149373
335 0.8417228579149373
336 0.8417228579149373
337 0.8417228579149373
338 0.8417228579149373
339 0.8417228579149373
340 0.8417228579149373
341 0.8417228579149373
342 0.8417228579149373
343 0.8417228579149373
344 0.8417228579149373
345 0.8417228579149373
346 0.8417228579149373
347 0.8417228579149373
348 0.8417228579149373
349 0.8417228579149373
350 0.8417228579149373
351 0.8417228579149373
352 0.8417228579149373
353 0.8417228579149373
354 0.8417228579149373
355 0.8417228579149373
356 0.8417228579149373
357 0.8417228579149373
358 0.8417228579149373
359 0.8417228579149373
360 0.8417228579149373
361 0.8417228579149373
362 0.8417228579149373
363 0.8417228579149373
364 0.8417228579149373
365 0.8417228579149373
366 0.8417228579149373
367 0.8417228579149373
368 0.8417228579149373
369 0.8417228579149373
370 0.8417228579149373
371 0.8417228579149373
372 0.8417228579149373
373 0.8417228579149373
374 0.8417228579149373
375 0.8417228579149373
376 0.8417228579149373
377 0.8417228579149373
378 0.8417228579149373
379 0.8417228579149373
380 0.8417228579149373
381 0.8417228579149373
382 0.8417228579149373
383 0.8417228579149373
384 0.8417228579149373
385 0.8417228579149373
386 0.8417228579149373
387 0.8417228579149373
388 0.8417228579149373
389 0.8417228579149373
390 0.8417228579149373
391 0.8417228579149373
392 0.8417228579149373
393 0.8417228579149373
394 0.8417228579149373
395 0.8417228579149373
396 0.8417228579149373
397 0.8417228579149373
398 0.8417228579149373
399 0.8417228579149373
400 0.8417228579149373
401 0.8417228579149373
402 0.8417228579149373
403 0.8417228579149373
404 0.8417228579149373
405 0.8417228579149373
406 0.8417228579149373
407 0.8417228579149373
408 0.8417228579149373
409 0.8417228579149373
410 0.8417228579149373
411 0.8417228579149373
412 0.8417228579149373
413 0.8417228579149373
414 0.8417228579149373
415 0.8417228579149373
416 0.8417228579149373
417 0.8417228579149373
418 0.8417228579149373
419 0.8417228579149373
420 0.8417228579149373
421 0.8417228579149373
422 0.8417228579149373
423 0.8417228579149373
424 0.8417228579149373
425 0.8417228579149373
426 0.8417228579149373
427 0.8417228579149373
428 0.8417228579149373
429 0.8417228579149373
430 0.8417228579149373
431 0.8417228579149373
432 0.8417228579149373
433 0.8417228579149373
434 0.8417228579149373
435 0.8417228579149373
436 0.8417228579149373
437 0.8417228579149373
438 0.8417228579149373
439 0.8417228579149373
440 0.8417228579149373
441 0.8417228579149373
442 0.8417228579149373
443 0.8417228579149373
444 0.8417228579149373
445 0.8417228579149373
446 0.8417228579149373
447 0.8417228579149373
448 0.8417228579149373
449 0.8417228579149373
450 0.8417228579149373
451 0.8417228579149373
452 0.8417228579149373
453 0.8417228579149373
454 0.8417228579149373
455 0.8417228579149373
456 0.8417228579149373
457 0.8417228579149373
458 0.8417228579149373
459 0.8417228579149373
460 0.8417228579149373
461 0.8417228579149373
462 0.8417228579149373
463 0.8417228579149373
464 0.8417228579149373
465 0.8417228579149373
466 0.8417228579149373
467 0.8417228579149373
468 0.8417228579149373
469 0.8417228579149373
470 0.8417228579149373
471 0.8417228579149373
472 0.8417228579149373
473 0.8417228579149373
474 0.8417228579149373
475 0.8417228579149373
476 0.8417228579149373
477 0.8417228579149373
478 0.8417228579149373
479 0.8417228579149373
480 0.8417228579149373
481 0.8417228579149373
482 0.8417228579149373
483 0.8417228579149373
484 0.8417228579149373
485 0.8417228579149373
486 0.8417228579149373
487 0.8417228579149373
488 0.8417228579149373
489 0.8417228579149373
490 0.8417228579149373
491 0.8417228579149373
492 0.8417228579149373
493 0.8417228579149373
494 0.8417228579149373
495 0.8417228579149373
496 0.8417228579149373
497 0.8417228579149373
498 0.8417228579149373
499 0.8417228579149373
500 0.8417228579149373
501 0.8417228579149373
502 0.8417228579149373
503 0.8417228579149373
504 0.8417228579149373
505 0.8417228579149373
506 0.8417228579149373
507 0.8417228579149373
508 0.8417228579149373
509 0.8417228579149373
510 0.8417228579149373
511 0.8417228579149373
512 0.8417228579149373
513 0.8417228579149373
514 0.8417228579149373
515 0.8417228579149373
516 0.8417228579149373
517 0.8417228579149373
518 0.8417228579149373
519 0.8417228579149373
520 0.8417228579149373
521 0.8417228579149373
522 0.8417228579149373
523 0.8417228579149373
524 0.8417228579149373
525 0.8417228579149373
526 0.8417228579149373
527 0.8417228579149373
528 0.8417228579149373
529 0.8417228579149373
530 0.8417228579149373
531 0.8417228579149373
532 0.8417228579149373
533 0.8417228579149373
534 0.8417228579149373
535 0.8417228579149373
536 0.8417228579149373
537 0.8417228579149373
538 0.8417228579149373
539 0.8417228579149373
540 0.8417228579149373
541 0.8417228579149373
542 0.8417228579149373
543 0.8417228579149373
544 0.8417228579149373
545 0.8417228579149373
546 0.8417228579149373
547 0.8417228579149373
548 0.8417228579149373
549 0.8417228579149373
550 0.8417228579149373
551 0.8417228579149373
552 0.8417228579149373
553 0.8417228579149373
554 0.8417228579149373
555 0.8417228579149373
556 0.8417228579149373
557 0.8417228579149373
558 0.8417228579149373
559 0.8417228579149373
560 0.8417228579149373
561 0.8417228579149373
562 0.8417228579149373
563 0.8417228579149373
564 0.8417228579149373
565 0.8417228579149373
566 0.8417228579149373
567 0.8417228579149373
568 0.8417228579149373
569 0.8417228579149373
570 0.8417228579149373
571 0.8417228579149373
572 0.8417228579149373
573 0.8417228579149373
574 0.8417228579149373
575 0.8417228579149373
576 0.8417228579149373
577 0.8417228579149373
578 0.8417228579149373
579 0.8417228579149373
580 0.8417228579149373
581 0.8417228579149373
582 0.8417228579149373
583 0.8417228579149373
584 0.8417228579149373
585 0.8417228579149373
586 0.8417228579149373
587 0.8417228579149373
588 0.8417228579149373
589 0.8417228579149373
590 0.8417228579149373
591 0.8417228579149373
592 0.8417228579149373
593 0.8417228579149373
594 0.8417228579149373
595 0.8417228579149373
596 0.8417228579149373
597 0.8417228579149373
598 0.8417228579149373
599 0.8417228579149373
600 0.8417228579149373
601 0.8417228579149373
602 0.8417228579149373
603 0.8417228579149373
604 0.8417228579149373
605 0.8417228579149373
606 0.8417228579149373
607 0.8417228579149373
608 0.8417228579149373
609 0.8417228579149373
610 0.8417228579149373
611 0.8417228579149373
612 0.8417228579149373
613 0.8417228579149373
614 0.8417228579149373
615 0.8417228579149373
616 0.8417228579149373
617 0.8417228579149373
618 0.8417228579149373
619 0.8417228579149373
620 0.8417228579149373
621 0.8417228579149373
622 0.8417228579149373
623 0.8417228579149373
624 0.8417228579149373
625 0.8417228579149373
626 0.8417228579149373
627 0.8417228579149373
628 0.8417228579149373
629 0.8417228579149373
630 0.8417228579149373
631 0.8417228579149373
632 0.8417228579149373
633 0.8417228579149373
634 0.8417228579149373
635 0.8417228579149373
636 0.8417228579149373
637 0.8417228579149373
638 0.8417228579149373
639 0.8417228579149373
640 0.8417228579149373
641 0.8417228579149373
642 0.8417228579149373
643 0.8417228579149373
644 0.8417228579149373
645 0.8417228579149373
646 0.8417228579149373
647 0.8417228579149373
648 0.8417228579149373
649 0.8417228579149373
650 0.8417228579149373
651 0.8417228579149373
652 0.8417228579149373
653 0.8417228579149373
654 0.8417228579149373
655 0.8417228579149373
656 0.8417228579149373
657 0.8417228579149373
658 0.8417228579149373
659 0.8417228579149373
660 0.8417228579149373
661 0.8417228579149373
662 0.8417228579149373
663 0.8417228579149373
664 0.8417228579149373
665 0.8417228579149373
666 0.8417228579149373
667 0.8417228579149373
668 0.8417228579149373
669 0.8417228579149373
670 0.8417228579149373
671 0.8417228579149373
672 0.8417228579149373
673 0.8510746148188528
674 0.8510746148188528
675 0.8510746148188528
676 0.8510746148188528
677 0.8510746148188528
678 0.8510746148188528
679 0.8510746148188528
680 0.8510746148188528
681 0.8510746148188528
682 0.8510746148188528
683 0.8510746148188528
684 0.8510746148188528
685 0.8510746148188528
686 0.8510746148188528
687 0.8510746148188528
688 0.8510746148188528
689 0.8510746148188528
690 0.8510746148188528
691 0.8510746148188528
692 0.8510746148188528
693 0.8510746148188528
694 0.8510746148188528
695 0.8510746148188528
696 0.8510746148188528
697 0.8510746148188528
698 0.8510746148188528
699 0.8510746148188528
700 0.8510746148188528
701 0.8510746148188528
702 0.8510746148188528
703 0.8510746148188528
704 0.8510746148188528
705 0.8510746148188528
706 0.8510746148188528
707 0.8510746148188528
708 0.8510746148188528
709 0.8510746148188528
710 0.8510746148188528
711 0.8510746148188528
712 0.8510746148188528
713 0.8510746148188528
714 0.8510746148188528
715 0.8510746148188528
716 0.8510746148188528
717 0.8510746148188528
718 0.8510746148188528
719 0.8510746148188528
720 0.8510746148188528
721 0.8510746148188528
722 0.8510746148188528
723 0.8510746148188528
724 0.8510746148188528
725 0.8510746148188528
726 0.8510746148188528
727 0.8510746148188528
728 0.8510746148188528
729 0.8510746148188528
730 0.8510746148188528
731 0.8510746148188528
732 0.8510746148188528
733 0.8510746148188528
734 0.8510746148188528
735 0.8510746148188528
736 0.8510746148188528
737 0.8510746148188528
738 0.8510746148188528
739 0.8510746148188528
740 0.8510746148188528
741 0.8510746148188528
742 0.8510746148188528
743 0.8510746148188528
744 0.8510746148188528
745 0.8510746148188528
746 0.8510746148188528
747 0.8510746148188528
748 0.8510746148188528
749 0.8510746148188528
750 0.8510746148188528
751 0.8510746148188528
752 0.8510746148188528
753 0.8510746148188528
754 0.8510746148188528
755 0.8510746148188528
756 0.8510746148188528
757 0.8510746148188528
758 0.8510746148188528
759 0.8510746148188528
760 0.8510746148188528
761 0.8510746148188528
762 0.8510746148188528
763 0.8510746148188528
764 0.8510746148188528
765 0.8510746148188528
766 0.8510746148188528
767 0.8510746148188528
768 0.8510746148188528
769 0.8510746148188528
770 0.8510746148188528
771 0.8510746148188528
772 0.8510746148188528
773 0.8510746148188528
774 0.8510746148188528
775 0.8510746148188528
776 0.8510746148188528
777 0.8510746148188528
778 0.8510746148188528
779 0.8510746148188528
780 0.8510746148188528
781 0.8510746148188528
782 0.8510746148188528
783 0.8510746148188528
784 0.8510746148188528
785 0.8510746148188528
786 0.8510746148188528
787 0.8510746148188528
788 0.8510746148188528
789 0.8510746148188528
790 0.8510746148188528
791 0.8510746148188528
792 0.8510746148188528
793 0.8510746148188528
794 0.8510746148188528
795 0.8510746148188528
796 0.8510746148188528
797 0.8510746148188528
798 0.8510746148188528
799 0.8510746148188528
800 0.8510746148188528
801 0.8510746148188528
802 0.8510746148188528
803 0.8510746148188528
804 0.8510746148188528
805 0.8510746148188528
806 0.8510746148188528
807 0.8510746148188528
808 0.8510746148188528
809 0.8510746148188528
810 0.8510746148188528
811 0.8510746148188528
812 0.8510746148188528
813 0.8510746148188528
814 0.8510746148188528
815 0.8510746148188528
816 0.8510746148188528
817 0.8510746148188528
818 0.8510746148188528
819 0.8510746148188528
820 0.8510746148188528
821 0.8510746148188528
822 0.8510746148188528
823 0.8510746148188528
824 0.8510746148188528
825 0.8510746148188528
826 0.8510746148188528
827 0.8510746148188528
828 0.8510746148188528
829 0.8510746148188528
830 0.8510746148188528
831 0.8510746148188528
832 0.8510746148188528
833 0.8510746148188528
834 0.8510746148188528
835 0.8510746148188528
836 0.8510746148188528
837 0.8510746148188528
838 0.8510746148188528
839 0.8510746148188528
840 0.8510746148188528
841 0.8510746148188528
842 0.8510746148188528
843 0.8510746148188528
844 0.8510746148188528
845 0.8510746148188528
846 0.8510746148188528
847 0.8510746148188528
848 0.8510746148188528
849 0.8510746148188528
850 0.8510746148188528
851 0.8510746148188528
852 0.8510746148188528
853 0.8510746148188528
854 0.8510746148188528
855 0.8510746148188528
856 0.8510746148188528
857 0.8510746148188528
858 0.8510746148188528
859 0.8510746148188528
860 0.8510746148188528
861 0.8510746148188528
862 0.8510746148188528
863 0.8510746148188528
864 0.8510746148188528
865 0.8510746148188528
866 0.8510746148188528
867 0.8510746148188528
868 0.8510746148188528
869 0.8510746148188528
870 0.8510746148188528
871 0.8510746148188528
872 0.8510746148188528
873 0.8510746148188528
874 0.8510746148188528
875 0.8510746148188528
876 0.8510746148188528
877 0.8510746148188528
878 0.8510746148188528
879 0.8510746148188528
880 0.8510746148188528
881 0.8510746148188528
882 0.8510746148188528
883 0.8510746148188528
884 0.8510746148188528
885 0.8510746148188528
886 0.8510746148188528
887 0.8510746148188528
888 0.8510746148188528
889 0.8510746148188528
890 0.8510746148188528
891 0.8510746148188528
892 0.8510746148188528
893 0.8510746148188528
894 0.8510746148188528
895 0.8510746148188528
896 0.8510746148188528
897 0.8510746148188528
898 0.8510746148188528
899 0.8510746148188528
900 0.8510746148188528
901 0.8510746148188528
902 0.8510746148188528
903 0.8510746148188528
904 0.8510746148188528
905 0.8510746148188528
906 0.8510746148188528
907 0.8510746148188528
908 0.8510746148188528
909 0.8510746148188528
910 0.8510746148188528
911 0.8510746148188528
912 0.8510746148188528
913 0.8510746148188528
914 0.8510746148188528
915 0.8510746148188528
916 0.8510746148188528
917 0.8510746148188528
918 0.8510746148188528
919 0.8510746148188528
920 0.8510746148188528
921 0.8510746148188528
922 0.8510746148188528
923 0.8510746148188528
924 0.8510746148188528
925 0.8510746148188528
926 0.8510746148188528
927 0.8510746148188528
928 0.8510746148188528
929 0.8510746148188528
930 0.8510746148188528
931 0.8510746148188528
932 0.8510746148188528
933 0.8510746148188528
934 0.8510746148188528
935 0.8510746148188528
936 0.8510746148188528
937 0.8510746148188528
938 0.8510746148188528
939 0.8510746148188528
940 0.8510746148188528
941 0.8510746148188528
942 0.8510746148188528
943 0.8510746148188528
944 0.8510746148188528
945 0.8510746148188528
946 0.8510746148188528
947 0.8510746148188528
948 0.8510746148188528
949 0.8510746148188528
950 0.8510746148188528
951 0.8510746148188528
952 0.8510746148188528
953 0.8510746148188528
954 0.8510746148188528
955 0.8510746148188528
956 0.8510746148188528
957 0.8510746148188528
958 0.8510746148188528
959 0.8510746148188528
960 0.8510746148188528
961 0.8510746148188528
962 0.8510746148188528
963 0.8510746148188528
964 0.8510746148188528
965 0.8510746148188528
966 0.8510746148188528
967 0.8510746148188528
968 0.8510746148188528
969 0.8510746148188528
970 0.8510746148188528
971 0.8510746148188528
972 0.8510746148188528
973 0.8510746148188528
974 0.8510746148188528
975 0.8510746148188528
976 0.8705396669398391
977 0.8705396669398391
978 0.8705396669398391
979 0.8705396669398391
980 0.8705396669398391
981 0.8705396669398391
982 0.8705396669398391
983 0.8705396669398391
984 0.8705396669398391
985 0.8705396669398391
986 0.8705396669398391
987 0.8705396669398391
988 0.8705396669398391
989 0.8705396669398391
990 0.8705396669398391
991 0.8705396669398391
992 0.8705396669398391
993 0.8705396669398391
994 0.8705396669398391
995 0.8705396669398391
996 0.8705396669398391
997 0.8705396669398391
998 0.8705396669398391
999 0.8705396669398391
